66
58
3
11
6
19
53
39
2
55
2
4
1
49
61
33
52
5
4
14
5
10
97
5
13
6
14
5
7
29
54
39
69
5
32
19
44
23
44
80
58
38
13
17
18
111
5
110
22
8
35
21
14
41
65
33
71
10
47
9
40
5
4
13
8
1
41
13
52
47
1
71
86
5
15
33
12
130
81
39
34
79
13
66
12
54
4
29
31
8
48
28
22
5
5
26
17
22
1
23
54
25
13
6
111
9
18
16
1
45
39
18
72
21
19
1
11
13
6
19
41
1
6
5
65
1
5
82
3
57
15
13
6
44
21
15
30
15
11
7
63
13
1
6
28
94
2
22
8
13
4
11
31
36
5
43
21
7
38
3
2
17
30
16
11
8
39
43
41
27
3
17
29
50
17
40
16
88
47
5
54
53
2
32
5
33
49
4
34
13
2
34
13
35
10
55
40
14
3
10
82
35
70
1
5
43
5
22
20
37
25
14
88
22
9
9
33
107
2
41
11
6
45
3
32
6
20
51
28
5
57
16
24
30
26
1
41
55
46
17
21
30
99
48
58
36
1
32
20
29
41
15
40
27
50
47
2
1
13
34
30
44
5
121
42
14
45
3
97
141
81
80
8
14
6
13
10
18
26
15
26
7
4
13
8
24
28
34
28
88
28
28
58
47
12
24
25
133
49
9
20
54
58
68
5
55
4
4
49
45
11
34
35
35
16
30
31
12
3
25
3
38
3
2
4
3
12
12
3
24
53
55
1
32
47
63
9
4
34
53
15
24
120
11
3
32
1
17
17
32
17
14
13
24
9
16
28
34
7
16
13
17
4
17
37
24
25
24
26
22
2
9
18
18
7
6
2
144
54
40
41
12
24
35
47
1
54
9
8
11
18
48
42
19
6
26
88
41
42
43
21
5
86
24
7
7
37
6
34
37
1
38
17
25
41
8
60
2
13
114
56
63
17
48
64
12
20
103
9
10
43
16
36
20
15
65
47
12
52
13
25
10
17
6
6
2
43
1
9
20
59
14
1
2
13
3
32
31
7
23
23
8
5
55
20
18
96
21
7
14
1
17
15
54
17
14
9
4
56
12
34
41
27
40
19
44
131
14
27
36
18
10
42
18
39
14
38
4
44
3
22
139
5
10
36
2
19
27
34
74
13
32
1
23
7
1
74
55
44
13
90
73
7
1
11
86
3
5
15
26
6
80
10
32
39
7
81
21
49
7
14
23
43
46
25
2
7
29
53
68
9
4
3
32
18
61
3
1
4
1
21
10
55
19
22
4
94
7
20
1
19
20
9
15
72
23
32
13
9
8
66
12
59
36
23
68
48
16
19
8
101
4
14
10
56
10
51
30
59
9
13
7
16
14
79
18
3
24
15
1
1
34
39
13
50
4
2
33
14
17
33
9
14
11
27
2
23
92
47
40
15
43
4
44
23
12
9
69
19
9
29
17
2
1
10
64
5
9
12
6
2
34
47
18
28
17
5
99
33
18
43
53
1
9
8
15
68
16
8
9
8
4
12
11
30
115
71
13
9
8
44
6
21
10
51
24
63
1
11
28
4
6
5
7
107
21
115
43
80
22
4
4
85
218
6
116
3
9
49
97
2
2
67
31
70
16
19
21
29
41
29
4
9
16
68
30
1
69
23
25
11
10
93
75
22
4
29
6
4
45
11
3
35
22
13
12
42
24
61
60
5
31
32
11
28
4
53
68
26
19
19
12
1
6
32
9
73
2
18
15
74
25
8
9
37
29
22
4
76
6
59
24
57
60
39
78
73
10
55
34
25
73
9
40
8
22
18
46
31
26
135
6
24
14
27
11
2
38
21
28
50
36
58
33
29
12
10
54
58
1
21
43
9
43
9
6
39
54
22
2
30
2
1
12
33
14
137
36
44
23
2
22
98
1
23
52
11
40
9
23
6
19
33
3
19
49
20
17
3
38
49
15
34
64
23
20
73
36
5
53
6
5
25
8
23
3
53
1
46
35
34
20
46
53
29
4
1
5
7
10
45
25
44
12
36
35
31
80
4
13
78
8
30
24
14
13
6
17
48
26
19
1
56
57
87
8
28
15
34
9
65
61
25
30
52
34
24
15
13
34
20
33
92
48
47
33
3
25
25
9
32
9
67
34
4
26
39
19
51
116
21
6
87
4
18
11
18
1
15
41
17
30
79
66
76
6
16
29
22
9
9
32
7
11
77
34
13
60
12
7
45
1
25
23
94
23
15
12
1
15
4
13
13
37
51
7
3
64
11
11
