130
90
40
22
5
118
75
43
169
287
317
48
202
292
355
41
120
113
94
139
8
22
240
35
16
443
15
569
355
100
54
201
28
2
26
318
50
105
1
42
141
175
31
26
221
133
32
146
197
3
24
127
12
54
12
5
6
138
563
191
65
11
30
26
112
333
114
32
7
71
125
70
212
42
28
48
16
229
238
118
89
1
97
111
34
132
164
30
75
13
166
46
96
280
23
129
45
459
39
26
368
50
78
259
267
44
12
59
330
10
40
242
119
351
444
534
41
109
517
15
74
3
141
32
27
142
100
119
139
10
362
268
234
159
299
15
6
173
162
86
129
27
121
23
123
69
203
225
164
76
26
53
43
23
2
89
185
34
48
138
772
199
58
113
40
436
83
102
49
300
616
47
205
20
119
56
23
195
149
657
172
753
60
29
363
20
582
136
163
86
218
388
36
50
114
33
109
277
130
20
124
3
29
221
118
29
124
68
161
136
93
25
262
326
135
47
180
108
83
75
267
117
125
45
132
168
350
115
25
25
608
212
231
42
101
17
86
391
123
40
476
813
110
288
46
30
86
44
9
15
815
59
581
379
57
123
348
6
59
125
41
78
44
24
32
301
130
427
46
82
55
127
15
1
144
265
80
362
6
114
67
126
48
220
81
283
145
463
4
131
242
297
104
111
311
241
149
7
126
16
48
38
57
344
371
84
201
40
555
46
471
28
76
52
89
65
6
178
151
7
82
278
389
16
90
359
145
455
73
38
836
195
105
640
147
149
223
51
227
16
120
243
143
1011
11
119
17
56
131
191
318
41
764
144
127
117
67
262
201
510
537
208
415
3
43
36
517
11
4
142
14
209
290
421
104
23
188
378
587
82
306
11
57
302
165
173
223
191
40
28
236
145
89
665
107
69
174
102
59
470
104
150
320
126
431
7
1
130
150
103
401
38
595
255
51
273
481
50
164
29
233
323
181
278
20
58
160
498
15
12
228
76
30
235
90
28
4
356
46
263
10
10
195
35
51
24
74
224
338
108
49
10
56
28
136
173
17
642
293
11
302
95
86
33
66
133
75
3
85
80
84
44
34
24
21
41
58
51
9
50
66
8
192
65
11
116
60
136
380
69
205
188
209
133
447
112
382
280
148
187
100
505
274
21
19
5
201
53
40
128
74
27
309
330
505
24
65
73
87
69
17
152
207
18
69
386
347
240
220
32
269
183
121
160
232
249
102
110
98
384
56
6
214
384
198
85
111
5
4
121
43
89
211
57
236
274
92
190
278
1013
522
207
172
38
89
144
187
17
902
76
25
73
247
224
408
522
84
23
19
401
180
67
164
454
266
176
65
7
163
96
150
19
203
75
189
99
17
26
296
609
2
91
119
23
52
7
84
49
115
108
12
73
152
3
162
163
183
165
45
104
46
384
80
255
7
237
53
14
50
184
88
27
344
222
33
13
6
186
239
161
104
322
47
210
26
173
151
123
314
119
14
40
125
207
158
277
208
60
88
158
216
29
141
9
148
407
105
41
119
263
156
219
134
107
25
32
21
151
151
88
11
41
152
73
306
189
31
27
421
29
96
129
29
33
104
184
42
35
11
104
34
116
39
151
173
39
338
62
304
233
254
106
48
49
16
93
48
130
10
121
302
52
54
220
457
364
161
18
78
187
12
253
8
170
4
47
8
304
113
225
3
94
685
64
50
55
130
44
55
295
3
148
164
9
76
125
549
146
279
129
65
113
78
2
132
20
343
103
74
62
33
42
14
48
141
139
46
74
49
210
53
4
6
50
98
459
54
361
26
449
123
36
291
180
667
140
30
205
16
237
404
175
111
118
252
23
68
29
37
8
44
46
127
83
131
128
33
94
201
185
57
341
67
44
98
149
212
230
25
71
144
261
99
282
104
282
373
143
280
168
268
295
12
15
39
7
72
189
156
18
155
485
469
40
5
25
4
321
169
67
18
399
3
193
338
540
33
197
75
10
103
17
41
22
342
173
179
11
28
7
98
29
150
64
49
9
199
554
50
40
75
5
154
83
27
66
100
108
82
129
125
8
74
40
134
38
317
48
28
88
29
262
280
308
161
171
41
625
188
114
17
448
18
99
52
18
339
120
12
68
178
86
142
190
49
3
12
6
320
16
296
189
33
90
121
11
43
18
668
6
62
257
371
6
48
12
56
28
8
98
53
181
39
41
321
145
160
328
75
88
127
174
11
64
181
11
92
129
1
309
165
65
8
65
48
367
12
194
474
118
659
127
30
152
68
424
9
139
39
135
7
307
7
35
86
38
157
305
246
61
14
137
85
52
171
109
58
58
55
17
87
112
226
302
115
31
132
35
130
91
109
23
201
116
138
56
265
246
890
22
78
269
64
62
55
40
138
14
27
79
254
62
350
18
204
213
47
83
9
60
74
217
511
133
60
223
43
16
135
279
43
112
51
246
110
222
20
134
44
86
8
233
84
55
93
43
77
44
66
8
386
17
540
303
104
42
377
154
256
34
2
159
193
68
38
365
337
37
27
74
44
17
61
353
64
326
218
20
103
53
210
270
30
43
112
202
391
62
97
85
250
226
34
112
211
12
207
64
233
20
160
418
60
532
7
174
168
91
59
151
183
326
26
258
103
165
155
53
14
361
274
83
61
38
601
39
5
1
7
59
96
16
31
272
788
58
53
51
90
174
113
552
537
76
138
45
187
116
203
64
31
57
54
55
489
11
117
334
362
719
88
184
401
229
40
47
22
86
123
107
33
122
36
124
74
33
254
83
140
43
1
31
274
12
295
5
268
724
20
203
347
57
24
64
432
234
219
42
29
249
416
217
45
44
104
97
64
150
282
243
76
57
51
302
68
5
78
166
100
49
48
251
72
107
8
41
252
301
26
99
94
208
105
83
7
30
44
31
143
183
213
14
33
339
295
124
110
82
76
253
176
84
67
126
130
68
161
45
46
2
22
115
89
60
11
162
20
125
175
84
191
195
46
86
47
23
94
124
42
8
90
10
134
546
26
81
720
165
16
179
83
64
88
393
170
63
61
7
49
226
124
85
9
68
100
306
198
33
47
133
100
108
180
13
27
525
21
135
215
72
61
151
465
687
65
290
5
90
40
15
109
14
52
62
562
34
217
425
231
12
179
182
99
252
380
94
168
31
3
359
125
4
459
14
272
248
99
50
151
57
229
43
140
234
39
51
290
52
193
54
196
13
12
352
195
125
81
65
155
225
2
414
45
272
79
6
40
72
56
166
682
124
36
99
76
251
24
55
433
105
35
54
38
14
1
16
220
110
58
427
539
13
100
7
59
27
47
28
209
48
125
58
43
422
78
69
351
161
16
341
39
1
71
117
147
294
184
42
75
118
241
346
293
59
275
34
172
209
36
657
17
5
82
130
16
166
257
315
65
66
125
85
101
33
234
139
4
95
82
411
26
109
582
142
133
84
59
245
42
62
177
141
148
58
157
54
40
226
64
355
64
120
62
518
358
383
425
73
157
140
253
95
119
1180
76
89
244
147
143
242
51
72
422
32
90
223
64
13
54
229
85
272
1
2
126
156
173
83
63
30
391
564
534
13
66
298
26
60
155
10
56
15
5
27
145
67
23
244
174
37
138
38
46
194
45
167
52
163
38
66
17
6
36
72
170
348
53
47
70
346
31
339
92
295
150
339
26
94
4
13
67
272
140
34
120
117
17
97
45
22
27
298
159
47
209
290
459
44
56
202
106
92
268
32
596
8
169
117
428
492
71
232
296
100
26
14
481
38
248
36
51
72
33
193
60
15
67
77
152
226
138
20
140
84
144
958
144
271
20
12
318
48
35
43
235
76
57
209
326
78
195
97
33
10
44
38
469
230
157
165
10
325
14
383
109
54
71
72
50
149
599
204
55
107
295
76
19
204
388
214
213
274
49
182
867
239
79
35
3
384
205
395
43
270
96
101
210
38
201
18
175
27
142
13
261
5
50
50
123
72
9
128
83
190
105
248
26
157
89
64
236
76
373
30
201
177
153
431
183
84
172
32
518
165
23
225
57
33
109
57
238
89
67
216
73
121
81
72
144
138
95
89
113
215
209
138
93
210
61
222
165
20
8
48
27
161
23
191
39
121
4
3
193
57
67
61
122
559
6
124
14
50
60
143
39
221
41
99
127
31
11
108
246
3
462
167
101
362
108
109
146
151
118
62
129
121
398
70
328
178
165
31
544
108
26
181
30
85
427
20
118
56
91
17
90
8
14
103
41
249
113
182
104
26
135
447
120
265
59
139
279
30
44
586
64
116
103
25
18
86
17
278
55
170
65
58
197
10
122
131
83
138
74
134
5
9
36
165
59
162
67
56
69
35
209
433
65
13
36
294
32
93
177
247
505
82
14
86
275
77
83
8
96
25
86
12
126
86
54
48
63
24
165
205
115
366
502
9
16
91
79
44
110
158
67
199
35
133
82
47
85
142
61
278
149
304
114
104
242
294
25
558
141
37
301
235
269
2
434
53
191
214
68
215
318
2
3
45
14
301
3
80
100
216
78
16
42
56
200
55
107
67
235
56
52
526
111
113
245
141
161
40
26
181
224
136
99
87
29
70
323
29
314
424
333
54
218
49
223
29
49
16
115
447
25
154
247
134
20
73
159
41
150
48
87
51
176
40
437
186
276
170
79
387
104
327
52
49
35
29
1
568
108
70
334
104
111
363
212
534
3
127
36
367
38
9
157
78
481
157
4
251
26
175
161
64
165
58
80
178
39
184
224
253
349
16
172
39
307
54
241
12
94
98
195
121
221
86
370
20
175
74
36
16
58
197
66
97
32
54
137
42
76
274
110
48
101
68
126
86
912
229
83
192
609
57
12
35
35
125
43
6
250
56
202
386
169
51
64
50
154
372
92
76
160
44
87
41
319
7
11
161
22
36
409
312
105
25
51
94
138
103
79
140
38
81
65
16
76
114
183
349
425
164
135
330
52
29
30
170
31
145
749
53
126
103
71
98
3
313
80
30
90
72
177
47
127
102
36
3
28
121
204
111
357
445
32
102
98
76
37
78
122
197
37
473
53
30
97
296
29
218
83
89
10
371
288
161
34
203
208
252
40
367
77
12
31
109
57
14
299
33
104
129
310
2
113
109
50
70
116
60
44
115
12
194
281
50
158
456
20
85
242
74
22
72
118
9
379
31
217
68
638
120
100
12
63
84
488
733
184
3
32
126
434
81
94
167
205
169
22
41
284
23
184
13
464
122
88
51
39
187
78
118
153
141
908
91
19
73
135
11
16
191
328
34
32
449
67
130
252
28
307
343
231
84
304
308
57
76
224
7
34
7
66
123
114
29
78
3
370
116
466
247
3
58
40
74
477
453
660
243
8
2
47
241
162
51
232
152
340
135
249
231
32
219
110
281
126
186
38
17
22
4
19
8
278
52
2
50
117
162
95
214
116
39
867
204
146
219
494
17
138
343
240
164
6
34
53
70
70
73
91
7
116
55
10
60
84
16
178
82
257
55
39
248
318
144
14
24
25
96
66
75
291
58
135
44
240
62
39
66
119
33
79
36
257
119
59
2
88
56
182
233
29
200
228
14
77
415
67
151
17
141
149
29
105
71
126
315
24
72
136
302
106
14
637
31
364
62
117
60
211
317
252
96
22
59
4
174
47
40
583
72
215
98
188
27
32
121
106
78
65
293
298
95
30
56
195
69
31
187
99
39
77
84
162
3
67
118
484
62
22
81
44
86
22
75
11
578
88
71
14
108
77
154
21
55
71
58
135
106
210
24
8
340
79
141
73
392
25
201
102
252
48
182
60
73
109
268
68
384
99
31
128
18
83
11
58
621
44
105
8
205
9
312
66
237
34
180
18
4
60
10
56
21
191
68
134
53
117
83
23
261
191
624
14
28
120
832
144
42
8
77
449
142
34
206
11
88
143
40
421
46
102
158
96
142
134
164
355
68
40
27
41
253
205
66
38
459
453
60
89
84
159
286
23
17
293
14
262
263
55
309
66
100
12
9
119
138
264
12
202
529
202
71
114
15
2
210
59
27
93
144
87
79
61
84
31
12
21
169
66
239
12
67
196
113
17
176
37
112
60
91
60
94
47
64
39
62
141
412
84
287
11
336
68
25
142
312
95
107
223
581
61
145
218
120
63
12
300
24
471
273
384
108
7
414
26
43
1
37
250
430
457
165
89
93
132
194
59
3
57
69
153
47
81
34
77
202
343
208
496
11
143
376
125
46
164
22
55
40
198
24
63
27
6
34
23
131
39
46
82
261
167
168
432
16
11
157
254
417
279
47
88
159
675
153
77
106
79
21
20
184
39
329
509
105
118
20
44
45
302
114
301
1066
143
50
66
45
97
468
453
44
61
232
12
36
203
3
271
131
85
40
347
48
192
85
26
275
232
199
142
89
231
21
81
277
54
6
230
116
108
239
101
135
32
240
123
64
237
94
43
42
50
55
495
218
58
191
160
64
55
246
78
153
116
55
123
292
113
61
119
64
48
2
683
126
133
55
276
152
175
125
59
193
36
139
200
128
249
69
79
99
73
183
296
7
476
277
76
1
171
155
206
289
29
22
48
371
134
66
122
45
191
163
300
265
60
114
115
337
56
306
137
346
174
91
205
262
56
207
54
26
216
223
20
89
286
24
2
188
130
97
81
94
390
18
269
482
123
28
66
104
20
285
21
388
43
9
35
5
47
306
59
31
147
247
229
1
275
233
578
253
75
344
8
109
141
153
39
226
20
18
77
168
41
64
237
21
104
223
36
100
29
88
114
290
83
19
420
43
15
21
6
208
161
209
34
318
105
76
452
439
109
69
137
16
88
178
232
194
266
490
142
70
51
414
265
41
287
197
46
135
220
10
47
61
121
102
174
26
397
26
109
87
46
12
104
865
91
225
68
264
263
92
70
265
2
124
366
4
131
262
5
13
125
88
47
136
232
346
697
395
14
83
18
90
45
72
68
202
243
57
140
40
5
167
51
520
156
223
16
44
144
173
80
29
36
20
112
8
8
312
28
155
253
91
26
19
159
33
62
46
164
196
22
54
20
73
62
111
68
160
370
109
41
75
2
35
7
172
4
252
6
272
25
285
3
4
4
310
79
282
561
14
137
26
39
120
44
132
12
26
141
4
140
10
38
431
100
23
145
10
96
70
234
162
38
142
33
393
232
363
56
333
32
57
60
241
385
293
221
35
103
396
753
393
2
326
38
334
85
27
570
17
148
109
66
43
292
60
88
73
204
70
36
31
97
266
106
104
36
375
190
97
138
141
58
99
357
105
14
58
286
16
228
57
74
168
175
301
112
202
8
363
217
18
272
94
129
70
238
207
13
35
42
355
114
195
660
38
75
257
134
309
6
135
44
154
177
146
262
205
241
182
28
38
30
471
8
62
160
74
305
124
38
35
147
321
83
84
309
138
22
168
243
41
205
257
32
226
156
8
84
171
188
37
115
193
33
32
249
498
9
26
85
12
3
190
433
52
254
101
51
70
352
22
176
21
144
24
152
38
61
141
16
194
48
281
203
105
90
139
130
16
100
636
215
353
130
53
89
15
495
63
18
404
19
37
52
65
237
366
17
277
232
24
135
262
170
165
38
78
25
47
53
86
116
197
228
181
70
38
177
45
106
48
359
369
146
43
18
132
93
322
155
228
3
36
27
69
264
210
47
129
77
148
337
12
27
210
93
50
1
497
16
125
142
750
148
37
130
31
26
93
751
9
218
238
153
30
89
109
387
99
103
129
103
87
230
50
138
37
59
49
116
267
204
289
51
11
65
139
135
69
379
22
205
115
65
158
159
148
25
69
11
147
285
518
45
218
239
33
267
68
138
330
78
178
81
152
67
283
46
204
78
6
74
79
117
119
159
2
52
344
34
245
79
61
497
221
3
36
174
189
66
48
17
158
83
41
44
38
91
104
105
22
18
33
24
94
56
77
186
19
156
124
69
63
257
58
14
11
55
471
130
133
698
90
118
98
84
416
200
399
21
14
22
77
111
25
196
273
174
34
20
145
65
15
40
85
105
68
38
126
116
5
49
24
270
7
64
108
82
77
68
39
314
269
406
738
364
63
277
87
147
204
36
32
380
172
9
63
88
338
81
1
188
506
124
85
17
115
61
64
152
55
5
227
139
295
92
167
6
307
74
54
39
9
64
264
21
140
79
8
103
56
17
92
139
5
61
116
111
32
167
249
190
203
8
16
35
118
74
54
140
82
333
86
87
281
309
215
183
122
54
638
35
46
53
101
146
30
171
400
158
89
16
9
128
180
77
143
188
121
305
209
27
79
332
231
249
288
131
63
200
90
109
14
279
277
72
177
210
71
62
118
61
141
116
11
34
125
76
21
175
83
63
206
58
369
6
371
111
119
88
47
583
86
27
138
201
132
348
142
40
257
65
55
48
21
32
176
85
358
162
697
143
22
39
169
57
1
137
151
24
65
205
17
389
103
323
343
11
231
6
20
53
3
240
208
113
73
60
85
308
30
8
1
25
51
205
15
47
31
234
34
21
143
14
18
64
10
223
7
88
42
409
93
111
226
47
278
76
450
85
233
82
29
31
64
31
76
52
182
63
5
63
299
172
106
189
604
392
132
332
3
186
189
12
89
18
425
75
117
158
21
261
143
141
463
97
136
209
75
94
73
216
164
152
231
259
53
48
184
371
132
159
148
53
44
128
91
44
27
150
17
106
199
177
24
44
69
108
94
46
438
65
72
243
135
298
181
142
10
74
37
131
16
563
7
212
61
138
48
77
156
217
109
28
52
399
4
236
62
75
48
258
389
13
107
24
100
16
70
91
304
698
415
25
95
251
167
435
171
227
200
148
25
229
318
316
23
231
253
651
224
24
306
28
74
222
93
11
157
282
45
39
96
85
17
20
640
23
150
241
21
347
197
489
157
102
209
145
69
117
31
146
96
100
77
195
246
72
19
35
18
241
283
271
1
17
44
50
45
186
195
479
232
367
324
92
312
139
32
138
67
117
18
4
378
91
81
321
3
181
164
157
1120
78
3
12
878
78
759
11
271
37
6
74
110
62
5
73
148
49
30
8
68
16
65
16
409
167
5
609
39
89
67
55
272
36
51
360
23
6
68
216
258
32
96
400
81
99
23
70
158
68
397
354
32
185
11
333
42
99
165
162
38
52
104
55
13
23
119
16
104
476
39
80
66
571
88
11
74
338
18
294
72
43
55
106
204
174
69
1
135
35
318
67
103
126
258
98
88
28
340
290
802
249
119
391
239
30
5
99
5
183
283
109
37
347
162
72
196
78
72
291
335
261
342
59
11
281
393
38
10
7
396
9
5
197
151
229
96
103
122
9
236
5
526
164
108
230
622
346
149
108
164
197
288
91
34
67
92
32
175
424
213
37
97
33
187
31
14
181
45
268
33
343
70
102
171
19
146
99
101
224
98
147
5
130
151
348
21
331
144
10
322
139
59
125
121
103
125
6
47
168
603
245
142
12
10
399
113
24
108
70
107
63
379
45
29
341
2
24
200
155
11
18
575
60
13
36
25
52
74
465
100
337
47
27
15
174
206
244
11
65
158
66
138
6
135
226
39
45
70
14
89
51
135
95
464
178
260
11
67
492
25
70
120
111
113
22
264
106
65
117
28
181
3
52
45
234
89
126
43
118
45
344
268
13
55
82
34
6
93
55
413
98
99
313
24
46
246
141
98
107
37
16
173
431
88
102
37
15
250
18
26
222
100
173
75
80
421
9
46
211
199
33
250
124
266
87
86
59
202
168
15
192
365
261
59
247
65
96
332
293
627
275
12
35
151
64
2
77
168
187
79
31
41
34
625
101
17
148
1
8
5
6
1
16
5
243
79
259
155
125
75
139
1
84
500
318
42
352
71
25
374
139
122
227
15
74
246
35
147
112
84
52
29
3
79
68
92
261
76
260
466
530
134
99
367
53
262
101
127
113
48
509
85
22
191
42
10
52
370
5
533
116
405
100
73
379
285
58
46
116
51
237
182
295
5
75
100
90
259
264
276
48
125
106
79
256
23
6
123
84
12
45
387
44
10
142
74
253
85
81
140
6
42
166
66
412
25
8
86
28
70
144
322
46
51
124
41
507
93
260
6
298
303
169
143
25
113
186
294
112
343
156
203
2
68
233
169
304
78
65
491
976
163
78
457
72
112
43
68
296
179
194
259
81
159
105
71
370
54
13
66
297
528
236
2
109
41
81
123
243
30
208
29
25
193
172
24
149
336
123
61
134
88
85
54
261
473
33
175
10
128
240
167
18
183
119
211
506
169
15
184
93
5
132
20
348
428
448
44
270
228
237
19
19
453
81
192
169
55
175
95
270
210
33
65
68
141
75
85
114
228
131
91
55
108
56
66
471
188
38
33
89
27
166
117
100
359
240
60
213
236
185
51
194
43
41
232
205
41
24
50
103
17
253
269
267
202
408
194
413
15
93
308
111
67
166
163
41
15
56
17
193
51
14
51
163
70
86
1
5
115
95
59
151
35
225
149
45
21
13
30
6
52
11
73
25
60
269
24
157
248
142
36
37
156
121
53
42
36
19
366
52
216
249
104
350
59
51
448
23
43
33
695
62
158
2
1
58
65
45
9
40
14
5
28
246
31
35
534
1
296
456
99
75
54
160
22
18
23
124
17
18
237
182
10
17
185
177
534
86
7
175
105
724
176
34
111
27
267
345
391
99
78
232
90
43
102
163
43
325
8
60
16
158
113
310
179
45
51
4
60
109
128
184
72
71
236
172
310
23
157
18
17
231
166
201
11
360
7
56
6
139
98
196
229
282
92
41
156
38
57
417
50
61
57
373
6
452
305
61
81
5
30
49
74
242
102
112
152
15
49
68
374
180
13
96
18
23
50
780
88
259
43
172
497
226
79
147
24
208
341
165
105
321
111
53
223
307
487
4
285
48
60
37
193
13
18
13
327
99
268
15
3
232
952
88
371
228
209
305
8
54
34
321
79
13
18
64
275
61
24
173
4
60
33
402
110
21
30
40
40
235
147
112
94
12
11
24
263
68
174
290
308
90
175
199
25
137
124
78
34
48
21
48
66
124
31
99
20
79
56
55
130
86
219
104
31
84
274
27
113
553
1
514
12
88
90
66
144
26
35
53
38
116
120
248
43
399
121
41
82
5
212
160
77
246
38
66
236
84
123
116
193
5
269
206
11
467
19
437
40
64
56
236
79
263
437
705
46
107
60
262
65
25
38
113
86
100
191
29
218
129
55
533
115
629
56
135
645
312
317
28
292
28
112
7
177
126
105
123
208
102
75
17
145
28
13
11
15
257
108
317
367
30
73
183
126
65
326
25
13
264
12
14
44
89
22
25
147
190
118
4
91
235
96
229
130
136
14
150
72
246
98
328
128
63
31
233
492
79
103
99
37
49
303
51
47
108
196
167
82
86
393
142
23
64
25
51
370
72
2
64
12
30
786
7
91
62
390
479
38
8
4
266
30
16
48
44
33
51
178
603
40
34
417
133
256
63
144
38
62
104
136
29
411
169
129
383
116
9
43
7
7
541
145
130
62
163
90
76
227
75
280
93
503
16
36
219
280
10
206
115
128
104
127
3
210
127
318
174
65
243
43
152
38
39
52
132
13
171
64
29
249
57
25
179
19
103
3
113
249
409
64
11
334
326
66
300
23
29
43
434
104
102
117
16
17
16
249
220
135
1
252
42
166
104
119
130
276
157
14
165
48
193
146
18
52
346
85
47
72
77
93
499
1
248
63
44
8
14
133
67
32
54
136
39
81
29
62
103
232
142
125
191
225
23
96
192
147
219
70
283
178
30
49
128
107
19
188
241
79
22
197
14
111
60
31
18
92
13
1
24
100
67
22
230
56
30
258
3
345
93
180
42
31
80
132
23
176
141
325
50
63
108
33
130
120
192
427
549
226
49
159
37
198
17
43
287
133
8
1004
179
179
120
486
165
29
4
262
11
109
67
126
54
234
1
20
1046
101
83
99
87
384
289
27
224
218
201
108
107
161
86
76
251
343
164
25
190
77
2
132
57
6
53
18
67
532
424
77
57
191
1
412
25
6
91
327
26
247
51
320
103
243
163
178
23
21
137
30
25
22
148
235
30
65
115
134
184
276
300
49
46
168
8
152
72
129
54
181
277
165
180
114
176
571
420
376
223
23
5
116
66
221
134
49
53
123
1
112
9
184
84
63
233
456
114
70
12
59
19
63
97
411
191
220
173
357
53
190
131
392
315
9
16
153
31
83
274
423
10
101
12
539
144
55
112
161
193
44
33
107
83
12
327
1
40
91
315
284
195
49
66
154
150
39
315
80
203
39
66
19
174
254
183
19
22
65
42
172
144
95
67
351
51
60
193
306
71
79
221
249
187
284
126
128
166
31
60
91
130
142
284
104
459
159
13
229
92
172
199
12
264
88
169
16
30
36
218
151
107
55
98
233
359
428
53
22
306
482
158
74
98
25
11
58
175
153
1
297
42
156
218
74
166
68
177
32
49
61
109
89
71
369
12
111
27
263
300
111
257
64
90
362
67
32
210
173
84
54
675
219
281
53
91
174
154
91
38
108
196
219
194
297
23
510
81
118
4
132
99
97
17
368
28
196
37
22
205
224
286
382
130
260
72
260
36
163
44
531
81
139
3
297
194
128
145
304
1
17
129
234
384
86
6
74
180
33
93
21
315
60
127
146
8
106
154
33
33
351
13
274
271
218
171
44
118
259
46
155
160
40
69
89
34
61
32
37
52
161
132
265
182
85
269
283
88
418
133
413
130
158
368
347
141
535
29
25
172
158
248
100
91
20
10
153
78
231
19
181
52
2
165
128
403
342
442
74
121
264
236
49
61
35
99
195
548
74
222
187
79
46
107
5
218
69
5
349
73
8
111
175
90
74
44
125
220
170
45
71
5
318
49
89
368
401
64
48
185
39
90
510
162
58
257
547
22
233
72
126
34
58
291
52
169
150
39
9
6
237
24
62
64
46
28
42
108
50
15
365
155
286
223
421
479
145
590
52
48
63
328
192
45
466
515
183
96
495
95
111
103
49
191
18
199
4
70
53
52
60
167
177
81
43
61
49
169
81
150
23
166
345
10
260
22
29
24
14
97
112
62
12
110
67
134
309
99
291
10
141
461
72
15
21
61
17
125
93
557
70
3
252
285
219
211
16
102
196
45
307
316
23
264
54
48
136
100
69
286
148
106
123
19
295
500
326
146
109
383
90
147
55
51
465
113
100
15
279
70
96
194
143
61
40
116
162
83
379
558
534
88
2
61
121
20
246
281
306
87
80
155
188
23
84
176
8
257
49
495
213
19
220
300
132
265
12
391
131
219
75
68
55
204
4
199
24
37
81
177
53
22
36
44
43
211
73
229
64
107
129
16
141
120
52
124
228
38
283
383
179
17
84
61
471
192
105
188
313
235
210
55
100
322
15
101
1
104
82
96
40
703
168
46
195
98
226
20
80
438
5
113
517
208
72
69
146
104
44
42
198
308
186
189
221
6
270
148
4
111
29
84
22
33
18
49
258
189
43
81
191
58
90
52
32
100
253
225
139
28
261
59
6
118
33
36
127
108
161
48
224
73
73
465
108
476
348
139
220
1
100
9
190
342
243
37
441
232
18
164
12
252
773
289
100
146
217
239
405
50
127
3
122
114
225
60
30
11
269
195
115
115
22
169
175
292
533
110
155
128
41
113
366
56
534
81
121
17
147
67
146
223
65
6
73
58
36
68
17
5
24
181
23
392
83
849
62
184
55
90
245
1
191
110
291
58
182
41
28
307
224
27
485
82
30
103
976
257
123
23
142
159
143
245
706
57
441
44
60
11
156
305
30
295
312
33
124
61
56
112
53
381
90
27
183
91
164
52
865
85
143
154
83
45
132
16
2
19
285
125
390
113
35
80
47
53
115
239
121
77
81
39
169
28
5
193
45
72
86
25
262
189
22
26
4
399
249
37
149
150
65
77
127
42
114
16
346
119
132
281
132
176
395
43
20
130
68
42
146
57
2
169
29
71
227
218
182
175
33
106
79
185
150
306
16
248
47
25
326
1
16
312
34
565
17
67
324
297
93
57
127
320
21
211
218
64
194
51
24
180
37
68
43
21
259
62
60
10
524
442
334
42
84
20
1
407
37
137
141
246
29
72
119
569
305
36
1
17
138
196
188
27
164
183
349
90
227
53
206
41
86
32
35
36
193
236
360
86
38
272
398
18
93
291
249
61
95
95
150
77
192
739
157
144
40
118
107
663
303
29
252
100
56
219
75
144
69
246
16
164
91
246
80
42
401
46
37
44
98
249
83
3
31
130
197
548
696
180
158
36
4
371
232
71
248
76
8
15
26
37
303
196
26
110
78
148
29
64
285
72
27
291
317
94
274
188
102
202
5
58
209
7
100
58
63
40
65
85
34
368
200
85
111
47
51
168
164
1
8
117
122
34
516
81
62
205
357
74
43
35
186
120
16
59
2
108
196
22
45
247
66
92
78
309
109
33
281
423
114
63
240
54
204
6
171
24
137
64
27
267
200
67
31
37
6
19
48
688
74
426
28
111
81
56
80
154
7
137
49
359
15
23
2
27
52
19
660
291
29
51
29
57
171
80
61
129
129
246
493
141
272
78
120
299
83
22
155
20
58
189
726
96
183
76
1
55
53
190
27
237
103
36
6
33
370
147
99
111
23
360
35
46
89
200
2
55
248
9
50
77
73
14
73
1
245
5
49
137
206
27
131
96
88
142
7
86
120
178
86
74
223
183
194
76
51
687
18
129
54
43
303
61
65
59
107
133
36
11
354
118
180
70
16
97
84
763
127
33
37
437
15
209
167
38
239
209
119
76
32
78
178
258
11
2
104
159
373
274
5
16
102
314
519
703
483
48
11
526
195
86
18
138
220
7
118
116
115
362
461
51
91
176
132
366
32
439
331
368
45
109
4
279
186
90
44
28
58
11
402
97
13
55
66
69
126
143
82
63
7
93
25
363
103
12
80
198
23
27
31
5
159
74
25
35
398
65
63
22
571
64
88
257
73
8
280
87
737
8
229
118
457
96
13
41
126
62
9
326
161
21
111
33
54
102
150
185
28
249
667
112
108
247
187
145
133
23
31
87
131
341
17
350
119
324
59
145
196
307
85
66
144
143
454
83
296
219
28
115
24
28
273
29
539
170
146
140
437
225
80
42
67
121
344
90
91
61
88
198
43
41
47
128
86
226
105
321
552
145
153
11
111
117
162
162
45
187
323
357
145
38
192
109
116
60
203
125
51
171
191
70
477
209
101
196
107
70
29
116
55
37
99
222
96
50
263
62
222
142
155
247
155
82
89
193
66
83
61
26
30
45
76
61
169
79
21
97
452
131
203
391
70
53
51
671
135
91
128
68
43
156
188
63
815
250
277
2
97
254
341
152
66
78
69
7
245
187
28
249
80
625
173
139
325
51
23
123
195
81
222
148
12
118
215
50
130
297
169
319
10
13
175
175
70
128
306
45
97
166
109
30
55
384
39
77
276
161
184
130
148
214
831
20
10
84
294
143
255
74
126
68
57
342
95
299
235
158
8
271
31
110
62
112
342
342
69
44
307
7
9
404
42
188
135
137
482
209
112
30
106
96
166
20
63
38
4
10
6
12
107
80
4
22
209
120
103
253
265
230
30
304
23
7
60
205
147
6
327
304
53
98
311
84
3
294
60
126
191
172
9
142
29
87
286
175
36
449
70
84
39
61
102
62
151
19
356
149
213
19
7
73
25
451
4
31
259
116
79
114
7
445
128
109
148
74
25
262
20
214
122
94
169
68
10
84
408
300
82
240
16
22
119
185
69
152
34
150
86
185
221
187
218
122
3
222
62
118
60
261
18
64
268
94
96
49
279
418
187
8
209
133
354
330
252
799
242
84
94
232
8
84
116
128
21
98
54
18
579
484
110
117
35
78
119
162
104
83
550
44
310
98
84
22
93
410
685
79
16
11
108
11
460
52
25
297
9
50
47
74
147
452
135
223
124
11
96
68
29
21
189
55
23
68
142
335
46
166
150
13
323
81
27
123
135
217
11
360
397
7
168
236
39
139
314
59
41
331
265
148
454
106
71
448
21
458
155
272
598
126
183
213
38
32
79
76
101
77
114
353
96
5
55
631
120
29
67
265
182
60
101
264
53
355
66
168
88
102
45
337
99
37
390
101
14
126
348
41
239
25
169
40
97
97
179
181
123
4
195
85
191
54
26
156
255
93
3
57
271
209
140
79
50
101
267
393
43
53
164
90
163
46
340
38
623
236
48
150
129
21
27
86
4
113
19
15
16
83
95
170
234
8
302
92
358
43
30
177
148
294
7
140
218
35
78
79
184
152
120
81
89
10
141
356
591
421
230
91
208
419
476
19
79
363
195
61
40
192
94
244
256
211
146
70
32
189
71
283
86
430
59
20
133
66
171
51
38
139
257
114
96
363
14
8
126
349
35
60
32
107
6
21
66
47
218
9
176
3
32
417
535
248
377
298
60
341
123
50
72
531
95
206
498
243
31
32
104
171
2
156
429
144
44
17
228
120
224
350
45
105
28
109
23
31
328
187
88
22
389
3
56
22
240
187
165
618
173
276
6
13
27
79
4
70
44
101
67
13
74
9
158
50
10
103
23
88
449
451
17
45
273
548
518
143
38
42
7
32
1
98
544
79
248
268
100
30
80
398
55
24
244
81
259
291
387
29
13
88
272
36
49
142
38
361
105
12
117
92
433
393
242
31
64
201
46
76
54
51
291
408
25
93
370
55
1
46
53
14
10
396
123
88
35
18
171
41
97
226
259
171
218
46
20
14
65
79
60
3
174
6
139
17
26
18
60
28
338
13
172
287
132
35
45
297
75
26
131
2
104
80
118
199
122
136
228
140
289
376
12
114
82
122
297
50
88
134
163
569
200
71
85
117
150
241
61
32
67
191
114
50
24
91
298
61
186
14
91
344
6
36
202
75
92
53
62
133
8
472
57
235
29
220
2
199
15
75
77
67
136
474
165
108
417
110
95
211
43
13
433
151
90
110
70
1
158
192
12
16
39
145
184
500
41
273
56
128
204
222
233
264
113
136
966
28
19
72
17
44
120
363
74
54
67
25
1
31
351
2
80
191
48
160
128
214
20
99
114
204
181
91
51
246
382
15
133
141
5
50
126
5
119
276
21
16
135
105
46
50
302
251
121
92
511
33
18
128
148
49
21
92
50
57
2
249
207
278
7
63
175
84
1
9
366
11
11
1
332
360
124
62
251
11
444
344
177
27
9
46
124
72
67
5
95
166
122
533
86
289
411
72
133
7
203
382
19
86
436
832
22
149
98
57
46
274
146
32
424
251
162
485
16
160
249
83
132
21
71
181
90
7
78
101
237
268
92
234
45
44
33
21
140
192
65
183
5
205
15
266
218
67
257
121
67
145
26
165
85
46
45
924
4
4
220
301
221
1
80
393
4
608
361
16
144
172
5
120
3
272
214
353
416
15
305
146
237
217
24
42
107
212
72
116
16
41
21
82
135
182
152
87
376
141
29
217
87
140
203
447
162
302
259
28
48
507
529
4
9
315
9
414
33
108
44
27
205
115
68
328
20
46
27
56
387
98
89
75
77
270
74
13
38
7
252
704
9
151
411
302
25
202
4
248
97
155
3
188
122
11
111
58
19
149
130
51
232
50
14
389
53
373
121
119
99
18
66
74
11
337
69
40
214
102
361
62
181
87
13
64
67
157
61
38
360
65
118
321
81
550
775
31
29
312
191
156
157
66
105
71
112
95
7
34
331
6
30
176
17
448
154
298
39
242
300
219
67
195
79
18
201
122
83
531
46
72
162
58
247
90
105
50
107
45
143
87
106
5
63
283
8
229
281
60
65
30
25
98
50
671
12
302
134
41
335
88
6
7
19
37
44
123
520
178
206
157
64
146
86
100
166
345
191
25
167
80
389
20
28
324
21
6
23
5
116
43
21
47
78
130
132
561
292
22
327
7
57
28
39
10
190
145
126
23
353
157
33
163
160
599
35
76
265
124
54
100
80
111
489
92
58
52
562
92
100
105
97
289
61
136
138
46
331
202
86
103
524
85
131
569
192
148
90
22
36
174
111
45
223
104
81
104
66
438
47
171
131
67
50
9
35
47
14
200
118
77
150
49
283
38
87
259
275
92
3
77
18
40
16
180
246
159
63
3
19
57
42
48
39
198
103
65
74
226
132
72
85
313
419
272
313
202
165
29
486
280
184
36
335
18
212
193
14
204
162
169
14
23
83
76
30
105
305
21
222
220
416
172
149
56
26
137
105
113
302
335
37
133
77
728
124
164
53
12
104
277
2
139
262
18
549
73
48
930
149
9
30
3
264
189
465
104
83
45
111
78
34
49
151
78
345
83
97
42
104
197
41
13
18
31
67
118
259
548
148
475
144
187
283
15
382
145
247
92
119
46
333
22
147
162
11
65
34
148
304
194
367
658
291
275
82
252
342
78
106
58
21
80
172
223
16
183
16
35
39
124
96
354
201
2
3
207
192
52
14
37
184
157
232
138
190
32
54
115
164
149
127
292
38
86
161
153
17
34
97
71
14
593
654
337
86
80
50
26
86
13
132
77
153
168
39
20
104
100
34
1
46
17
81
108
38
126
430
154
242
61
15
27
255
363
118
536
178
458
209
107
99
95
17
178
50
65
297
110
45
315
81
566
5
8
7
247
101
40
247
187
319
142
232
144
150
107
46
116
44
100
24
24
394
131
61
47
131
59
98
23
57
43
137
104
85
224
106
13
29
8
11
213
44
81
35
75
61
32
95
64
33
617
74
24
4
219
388
92
49
37
24
98
46
7
385
218
62
302
9
37
21
273
79
66
459
262
40
214
245
60
92
71
121
181
597
318
92
98
128
46
102
58
9
211
257
1
564
36
223
40
18
62
62
29
286
32
145
206
444
27
167
70
65
114
29
116
178
97
61
490
181
63
59
79
1
295
147
1
143
201
38
86
23
168
269
125
414
442
7
5
59
3
514
782
241
62
74
11
6
50
59
218
20
296
238
183
140
182
56
344
125
152
45
95
22
118
78
222
24
261
47
451
300
88
11
26
2
399
743
66
20
45
25
123
28
499
103
31
30
103
41
323
46
6
103
13
180
115
99
837
59
2
296
62
60
55
320
112
318
11
219
333
354
28
84
190
203
87
127
570
581
231
911
303
384
108
53
208
176
118
125
138
86
10
130
89
25
296
132
547
55
479
33
51
370
37
99
79
131
5
264
1006
33
87
104
166
17
433
254
38
76
36
309
59
151
269
34
112
95
55
368
168
2
86
20
5
63
76
1
16
46
128
303
173
113
108
74
230
343
83
21
47
195
86
77
90
47
76
326
33
351
171
150
252
99
24
136
760
86
278
4
61
375
139
133
76
278
58
404
124
552
246
24
109
58
143
327
204
103
362
118
175
31
36
82
40
53
39
49
16
113
351
79
13
62
544
18
210
304
10
1
14
79
194
183
77
76
57
382
200
319
88
671
319
48
318
16
12
66
96
74
34
258
68
90
56
18
291
271
262
2
27
114
141
104
350
528
138
28
285
314
149
66
162
310
290
219
88
176
29
116
83
25
187
89
87
112
103
5
254
19
7
56
127
254
4
533
239
84
71
105
347
170
39
22
72
85
74
15
142
226
6
64
72
82
95
322
54
27
34
517
111
198
52
436
222
287
177
53
110
6
40
160
109
113
245
12
216
106
62
272
69
490
145
198
39
242
69
116
71
171
417
178
117
187
142
126
175
32
121
457
144
567
705
107
85
409
292
212
30
967
207
27
103
162
536
215
107
26
44
172
48
53
22
11
86
326
51
21
37
300
38
198
78
28
5
155
47
54
9
53
361
344
392
14
174
162
91
53
293
103
22
8
56
455
214
169
90
100
5
60
18
111
45
8
44
20
36
17
40
2
155
430
35
6
1
29
386
29
7
79
189
213
25
44
231
59
36
206
99
123
27
181
266
247
309
140
195
20
58
123
258
168
136
132
473
169
249
167
60
21
247
182
144
174
84
38
1
273
19
14
70
120
46
113
167
27
158
5
341
144
96
31
15
74
187
119
722
99
227
82
63
121
30
75
148
73
60
171
287
52
115
41
92
97
10
287
93
425
75
70
10
141
103
493
111
212
36
61
7
131
361
159
138
129
117
165
1
134
20
29
130
199
82
341
623
135
20
43
286
161
87
35
105
192
373
107
355
104
65
375
83
8
194
41
58
146
170
133
42
70
68
205
26
489
47
37
23
61
104
17
94
172
145
307
8
128
160
46
124
288
208
128
244
25
4
540
80
53
129
68
131
2
133
429
77
99
235
39
161
112
403
94
36
528
51
241
33
501
216
3
64
403
7
360
384
132
159
3
42
148
46
388
32
3
19
76
117
99
85
46
184
64
31
148
46
140
2
144
210
179
28
65
1
24
43
92
203
168
27
171
4
91
179
172
416
2
21
17
54
36
204
187
13
495
5
62
28
1139
41
130
18
100
56
199
7
54
165
36
199
102
184
228
171
129
224
120
139
15
26
227
406
139
141
357
79
484
1
134
377
30
151
6
12
235
20
143
120
27
655
130
36
129
435
248
455
36
177
30
177
29
337
103
9
224
48
405
302
153
115
71
228
58
148
158
29
324
137
60
21
160
9
50
162
24
169
52
204
10
233
99
12
179
278
150
31
95
154
19
101
153
78
187
58
232
20
60
89
19
1
124
158
181
12
82
33
34
168
37
133
327
92
253
16
27
195
100
161
4
21
19
82
270
16
2
252
214
128
245
20
177
279
38
423
13
408
43
252
7
220
20
27
15
245
55
226
30
91
181
55
208
113
263
20
60
99
149
216
708
95
66
40
135
254
94
292
120
239
35
30
321
6
27
108
181
580
249
214
26
355
14
247
29
173
364
67
272
56
218
72
208
25
122
118
9
148
75
52
26
116
195
30
160
314
30
24
235
132
661
66
51
68
75
232
495
5
20
45
79
226
596
316
71
6
371
38
323
13
429
333
174
99
103
212
67
20
133
44
156
20
90
88
111
196
119
308
288
124
151
14
73
59
5
154
96
65
266
60
243
221
111
97
12
9
14
321
382
9
46
180
246
154
15
218
22
10
14
89
71
17
90
77
463
85
17
125
528
5
320
487
10
29
16
6
30
351
34
200
66
7
119
130
206
248
80
5
505
94
1
21
34
132
65
114
113
26
172
80
328
318
533
35
4
90
34
40
115
26
24
6
182
29
143
194
383
369
96
18
94
7
916
111
63
9
76
166
82
61
142
232
98
14
60
74
215
139
5
30
45
268
414
190
38
114
157
41
93
65
71
92
123
285
125
219
19
18
293
25
65
61
209
244
436
41
71
106
181
98
42
96
146
299
166
44
33
270
341
169
64
6
323
23
572
227
89
73
106
229
89
101
3
58
167
9
71
577
158
95
48
14
45
187
99
19
175
180
425
56
498
187
258
65
139
132
159
74
29
133
3
50
215
98
400
47
515
38
265
28
289
3
57
16
17
50
76
37
120
158
78
312
99
31
632
18
89
28
400
28
130
69
95
62
41
253
372
281
137
15
12
84
107
194
50
15
51
297
179
170
738
152
68
68
236
48
164
524
266
23
232
49
515
60
391
279
198
256
141
67
66
473
181
355
74
194
363
193
20
94
251
98
537
9
300
136
289
143
211
45
57
687
44
199
203
62
146
166
71
70
3
517
87
125
35
18
348
21
33
111
48
97
4
151
53
51
106
698
162
306
142
444
194
152
283
96
219
405
68
17
343
268
509
54
41
20
299
4
1
29
104
181
71
181
91
332
230
260
58
211
254
10
5
400
39
89
223
38
161
58
98
118
32
64
33
64
154
189
82
109
218
92
57
15
82
288
337
134
22
102
161
24
3
88
44
162
200
37
74
139
36
52
66
66
264
73
316
5
128
20
89
226
251
433
155
503
368
179
30
231
163
72
306
58
25
14
9
35
77
127
840
313
275
8
16
393
44
320
84
9
501
10
166
161
160
71
157
126
68
378
47
181
29
84
269
96
42
28
94
116
62
221
211
51
159
117
229
99
25
34
51
15
48
9
168
507
115
22
139
238
26
13
387
544
120
193
69
21
99
184
152
144
101
13
48
59
61
135
34
45
367
326
186
335
211
139
48
149
123
520
13
88
21
426
332
87
118
325
327
2
116
450
204
215
370
177
10
404
81
44
30
72
45
46
237
34
4
26
100
312
43
41
85
266
126
95
67
212
191
193
169
268
126
104
307
155
92
29
24
55
51
237
49
11
133
15
112
739
49
179
703
190
117
279
84
90
175
180
88
626
35
422
32
14
160
26
252
105
101
393
165
443
224
268
26
18
28
45
88
312
7
33
180
207
199
43
5
321
214
99
173
24
80
84
98
196
161
87
245
396
87
125
21
64
127
12
61
9
33
47
60
35
110
80
284
273
99
164
228
79
390
123
204
218
209
154
140
511
366
16
34
146
101
10
383
67
129
27
120
97
132
163
236
14
10
107
62
105
78
204
462
76
268
84
63
46
12
147
138
63
338
9
250
27
364
163
544
5
122
33
280
81
135
59
56
25
317
368
63
145
65
19
70
28
22
982
38
153
96
154
27
69
227
