1090
921
1074
1145
1050
1091
864
966
901
827
870
1029
903
897
1228
977
1268
1206
973
927
1212
1124
1335
888
1364
1254
1291
1424
960
1067
839
1070
980
1346
1109
905
946
1015
1042
697
1106
893
911
938
863
777
1093
1147
1154
1436
1019
1162
864
1189
1354
1177
975
908
1284
824
1081
911
946
977
1060
1157
1066
876
1057
893
918
992
1069
1086
1338
1227
1051
895
1038
960
1379
940
1070
1016
1200
812
903
874
1142
1055
985
889
1229
956
1432
855
962
1126
871
1119
977
971
1092
1125
997
1082
1042
1019
1032
1402
1166
927
785
808
919
1010
895
794
1250
1511
943
1854
716
854
1176
1028
983
1279
812
1177
1487
1851
1079
979
1016
1018
790
1014
925
973
1074
836
1362
771
836
1487
857
1391
1097
1022
895
855
1118
1264
859
934
1018
1402
1132
1063
851
882
1111
1175
1242
925
1319
1043
1181
1382
990
1669
1139
844
1015
1469
1070
809
1292
920
943
1127
900
1292
758
1069
1201
1006
1122
781
1027
986
936
951
1010
800
931
917
1136
1476
1455
1226
1039
1436
991
1173
879
1026
762
1167
1109
1162
1065
1089
1212
985
1034
1046
909
1017
1058
1118
1114
1370
789
1136
847
953
947
996
1209
1143
1349
1040
1058
1309
1056
1288
815
828
1263
921
1148
1008
878
1234
1027
1262
981
1146
885
1023
1163
1181
1356
1143
1048
1089
979
1033
1098
952
985
1495
1128
1145
995
944
1020
877
1168
878
996
901
1084
1096
1119
1215
969
922
1005
938
1177
1085
908
1433
1002
1250
961
891
1240
909
1213
1269
1250
788
1106
937
1055
969
1383
1243
869
1269
906
884
1515
904
1103
868
1025
877
1077
1329
902
740
886
912
1171
981
1156
872
907
946
1004
884
912
1161
1115
1152
969
1114
1015
981
1170
1315
1380
1136
987
1226
1432
983
1002
1115
1296
1071
841
971
928
1058
1157
1004
1333
893
765
976
1039
912
2320
959
739
908
882
1030
1291
1210
946
920
929
1275
1135
898
1011
1323
1156
1107
1024
1119
1487
785
1481
1120
1129
1334
892
1079
1173
1307
1129
1277
1080
740
1698
945
877
810
887
1056
1483
1147
1021
1055
960
837
1118
1073
1102
1399
844
832
929
862
1136
1044
1325
852
1124
1120
1448
1338
986
1299
886
1044
1258
1003
1244
1460
1127
998
1208
1763
1031
1027
1343
1274
1188
908
1050
945
1269
1039
1181
1189
992
1595
1024
924
1228
842
862
949
1122
806
1148
1038
864
1080
874
855
861
950
866
808
936
1451
865
1147
1207
965
863
870
979
1030
1010
1173
910
1084
942
877
959
1058
1012
967
946
989
1485
931
1014
1143
1379
913
954
1303
908
807
1111
937
955
1009
966
921
942
965
1045
884
849
971
891
1307
902
1236
1210
864
1082
979
1060
1406
743
1138
1447
1104
1202
1290
1015
1050
1491
973
974
1407
1478
813
1069
1010
1230
892
865
965
974
977
991
1089
969
960
1049
960
1136
848
1099
1058
988
882
951
1337
892
986
1049
1234
899
981
927
1043
1110
894
1195
1085
1233
1058
1236
1120
924
1033
1466
930
1031
1217
936
991
1066
1300
827
873
1031
950
775
1075
1076
950
1020
965
904
788
924
851
1448
978
1089
1295
1005
835
1014
734
1417
886
1205
1166
855
923
879
1063
919
1040
807
770
1195
1087
1300
812
922
1044
1082
1156
950
874
913
924
1491
1038
799
929
1161
1022
1196
1029
1122
939
893
1179
1234
1095
1109
952
1088
1132
983
1047
972
914
807
945
1449
1300
1162
810
1117
1103
980
840
1153
1021
963
986
1164
1051
1056
1199
1085
1018
1054
1103
921
1138
931
1078
1060
934
908
1005
869
1137
1127
1000
846
1173
1185
769
994
1596
1232
1244
957
1186
1192
1171
1000
1269
1249
927
942
1150
912
1571
733
905
1001
1229
931
1213
1121
881
1100
1530
1342
948
1282
1103
1093
1244
1081
1174
993
1078
920
1046
1844
1326
1143
1331
1112
1272
1592
853
1058
856
998
1014
1051
1075
1011
1094
1221
1054
1190
924
965
1110
982
1097
1107
981
870
986
1052
1049
1232
886
1001
971
1002
965
1130
1198
1137
945
851
1296
1022
1060
1130
1178
806
1036
1031
1290
998
936
1083
1130
1184
1175
1168
798
1314
1556
895
1043
1007
1122
1144
995
1109
1138
1219
1252
1279
1054
1116
1131
1025
997
1106
1093
956
1204
1333
846
1209
1126
940
921
1230
1091
1439
1256
1055
1157
1081
915
1293
1107
1193
1015
885
1305
1109
1051
795
1072
1062
956
1000
1048
1225
1207
1042
899
968
832
1228
1034
955
897
1257
1420
1098
1049
862
955
909
971
936
1065
1192
1110
919
1438
1398
891
1027
1005
1084
1061
1104
1502
1107
1372
1225
1098
860
1090
1091
866
1038
1106
877
1227
1033
1089
970
1401
996
1147
858
1218
1007
1101
954
1045
1241
970
1447
1267
960
892
953
1078
927
1789
850
1056
1044
738
961
909
910
1055
1018
1197
1035
887
1203
1213
1049
1282
1089
940
1190
912
961
1359
1214
1006
985
986
824
1102
1437
1157
1079
818
928
1734
1068
1216
1092
1086
1107
904
1118
1265
1628
834
1076
1306
1934
1314
923
914
1154
1048
1137
1241
1060
975
1390
1040
1024
1171
1349
1062
992
890
1103
1199
1167
984
1090
1122
970
974
1032
892
969
850
1480
1011
755
1229
1110
970
1073
1165
915
1159
1623
1032
987
1138
1139
1018
1026
934
1552
827
1099
1294
1312
1108
763
926
954
1119
1034
822
904
1124
971
1494
1502
1043
877
969
1227
966
907
900
1137
1197
1329
1503
955
877
1408
1043
919
980
1773
924
948
937
861
985
1254
1127
1067
950
1204
1305
867
1178
927
980
840
1012
893
838
1085
894
1002
979
1077
1039
1527
966
865
1200
1103
1023
773
1122
1407
1015
922
929
1051
969
869
820
932
1532
842
822
892
976
1082
1121
741
870
978
2172
1144
1042
1155
1209
990
1350
892
1339
1023
887
866
986
981
1182
1150
1080
1018
966
1155
917
898
1103
1023
1299
978
1091
866
805
1035
932
969
829
1039
995
881
1111
1153
1270
951
1392
1260
1364
1183
1012
1033
1174
885
1643
1246
1542
991
979
639
1076
1623
1110
1008
888
1002
1185
1037
876
1000
1105
1100
1203
1051
1353
843
1176
1043
980
1091
1382
848
1165
954
1184
1460
1247
890
861
1077
1030
901
1287
994
976
974
1022
901
1037
875
983
879
1281
1106
1444
1072
820
910
905
1239
1069
919
1002
880
1064
1206
929
1171
903
895
889
1511
1120
1326
1229
1455
1172
797
1954
838
982
1188
948
1094
1064
808
1072
763
894
803
854
833
918
980
1046
1891
1061
1582
1032
1161
972
1080
932
958
892
803
940
1045
900
1167
986
1042
1116
1218
972
870
1181
1464
1191
712
1100
1253
1159
1110
812
1157
1019
1201
897
913
864
1038
833
799
821
948
922
1078
1333
1111
1386
947
1015
775
1130
839
1275
1169
1555
1054
936
1344
904
924
852
964
836
1277
1225
1155
1181
955
1117
1273
1283
965
957
1060
964
1145
974
977
1295
902
923
1351
1093
933
921
1073
1579
1096
1042
1164
1092
1108
935
1226
1011
1030
1423
1593
804
961
1102
1272
1620
1052
1027
1093
1353
1203
1110
1182
1391
1364
1463
1052
849
1373
1029
800
1078
847
1160
1241
1203
1107
1192
816
1031
741
924
1059
1069
1169
824
1019
916
1473
1372
1455
955
1104
1612
1016
942
944
671
1166
1197
1270
1578
809
1027
1058
1234
1266
1187
1148
1291
1141
1072
1197
1281
857
835
854
1048
944
1814
850
872
2814
1029
779
1319
792
1701
1008
742
1065
942
1171
1284
821
1222
1094
1284
1112
1031
945
1024
1176
986
1037
995
1288
1060
892
1197
1096
1028
864
1008
1130
890
1004
906
1105
1489
1515
1024
1221
986
1184
1007
1269
1100
1542
1156
1062
1161
837
798
743
1426
1203
1028
1366
1191
968
1078
927
850
869
1417
900
734
1088
1145
1032
1033
951
1169
1141
860
1039
1361
1234
921
1085
977
796
1539
918
905
797
1038
959
844
951
1037
1496
1263
1147
714
912
1109
1508
1079
1205
1174
924
1193
887
1138
1166
1058
1004
1618
1131
852
1088
870
907
1292
1108
858
1653
910
1524
1001
1207
1442
1370
825
1207
845
1115
1207
893
1170
1060
869
881
1027
867
1248
1100
935
1068
1329
1440
916
820
1328
1654
1233
1207
851
855
942
1290
822
966
1195
950
1006
1008
1069
1122
1023
1539
1152
1044
986
856
1086
1056
843
847
985
1039
964
892
1007
956
877
1831
1453
1090
1049
815
1169
1231
952
966
1107
1038
1120
1104
1375
800
835
1244
1253
1165
906
1193
1048
1191
1025
1222
1075
900
1193
1167
1282
1048
1131
998
1404
1005
958
1240
967
1058
843
973
1254
1554
816
963
996
1185
1151
1131
779
1220
955
986
925
847
1053
1151
988
1273
979
915
972
1042
943
945
1070
932
2164
796
1571
1665
1115
1070
957
911
915
866
926
1073
1015
997
1007
893
804
1051
855
1146
971
1402
852
1142
1309
1010
833
1061
1499
1413
963
971
1116
1063
804
945
1189
1201
962
1157
830
1212
870
1010
1003
936
1111
966
978
843
986
1129
1041
989
963
909
839
984
1260
1405
959
1103
942
1423
1221
1214
1071
799
892
1011
1112
1138
1022
955
1318
916
1022
781
868
953
882
1332
791
815
1264
958
1119
1155
1439
879
981
1149
995
932
1188
979
1271
1217
863
1195
956
915
977
911
1928
770
1023
1424
1420
892
1156
1128
907
1017
930
1064
933
1024
1143
1354
1029
1164
1368
1236
941
1044
1238
952
1042
1082
1045
916
1272
941
1006
1016
1062
1050
918
763
1227
1073
1182
1041
1136
1617
942
1223
1094
1011
947
928
954
897
1305
966
1227
981
1183
1363
1078
802
1092
982
1103
940
743
1065
978
977
1082
947
919
1287
934
1148
868
1262
909
1090
891
953
1136
1113
736
931
1207
1191
1437
1199
1009
920
927
1128
1269
812
1258
1094
1254
992
899
979
905
1137
961
883
884
1170
1060
1107
1029
968
1011
992
1192
1165
1142
1316
1236
1078
783
1125
1238
1496
758
990
889
981
1187
1402
1198
987
1197
1023
1120
1292
1081
1356
959
1273
1122
1200
1087
1066
915
1054
1236
1254
1436
1020
930
810
890
1003
1342
1203
814
1204
1153
926
916
1326
1085
1074
1252
998
1030
1002
1157
1485
924
1043
1249
1080
1299
881
1083
918
1484
958
950
946
884
928
957
862
890
1032
1081
870
1034
1224
725
972
946
932
1107
1300
914
931
1352
929
1141
995
1001
927
1031
1301
1251
1060
1028
880
908
997
728
1026
1385
1363
787
882
1119
951
969
981
1004
1140
939
1082
838
1411
748
949
1346
1094
992
981
867
1143
1004
1178
869
1135
1020
1445
1170
1031
1339
1206
1128
1113
1749
822
789
937
1047
1116
1015
1308
979
1119
896
831
1056
981
1238
1007
1207
1163
1022
967
770
957
1355
938
1277
993
986
1003
1020
730
1131
992
971
1672
1380
894
769
924
929
1250
1310
1189
1462
875
1025
908
823
812
1433
1518
1275
1124
1510
1152
982
1312
1333
1026
1308
1343
819
1097
994
829
1045
1302
885
1133
957
875
945
1479
1052
1062
995
1192
877
1059
1379
1009
1147
904
973
1147
1003
1099
907
1156
980
931
1083
1356
999
1194
2030
867
1368
1080
912
1618
862
926
1030
1194
935
1687
1374
942
1070
893
920
1100
873
929
984
1069
909
1257
1176
1055
854
1410
1325
1016
1070
1212
1220
921
998
911
1027
1059
1056
1251
1315
970
1300
929
828
992
891
966
1137
1032
1630
892
1189
791
1039
965
940
1032
873
975
977
908
997
865
1230
1181
1487
953
964
897
861
1001
1148
1121
1002
1588
877
1000
1164
1023
1614
765
1077
1166
1559
1095
1268
894
983
1195
866
994
1255
947
1067
1251
962
953
964
1189
1269
1324
1370
1363
1060
970
986
958
1350
975
1158
1015
1443
1009
1000
881
1194
1044
1087
1091
999
962
1107
687
1171
1059
975
1067
1250
1124
800
1051
1121
1001
1321
1142
933
1160
930
1247
1265
1337
1084
860
1066
900
869
1181
890
924
989
919
1061
1290
1154
979
1122
902
943
1052
1310
888
953
994
1110
921
1162
1299
907
947
1051
1264
832
959
1006
1325
990
1047
1041
814
1130
1010
995
1162
1093
945
959
976
917
900
907
1281
1023
847
1231
1076
820
1299
1015
1181
748
1002
873
1081
927
944
1149
948
1150
1143
1368
1337
1015
899
1182
841
1066
1221
1102
908
992
1115
1471
1029
893
1151
983
972
1123
1202
1076
1055
1171
929
956
1192
825
935
1227
1060
1377
1011
798
1185
1152
912
1572
1276
910
1107
958
935
894
1217
1013
765
927
964
857
989
1253
1151
832
1040
783
1123
1116
844
980
994
977
945
1070
998
1607
928
836
1036
948
1035
1045
940
1041
858
1036
1070
1140
1111
1316
1165
970
1189
1053
1033
1317
1114
1301
1695
1155
1347
849
1009
1189
802
1056
929
1051
1054
1293
1188
1152
1034
908
927
1068
814
869
1064
1299
1039
1151
1221
1255
1152
818
1132
886
902
884
999
979
1087
1062
796
1022
1308
1065
1037
1004
970
1082
949
1097
886
1073
1117
873
1170
1535
992
949
992
970
1107
897
1348
1175
981
890
1147
1270
1109
1115
1061
1110
1142
1051
1132
811
962
1200
1091
972
936
853
1001
852
1357
1031
974
1039
1161
853
854
955
1145
914
869
814
1329
731
941
899
874
833
1344
1062
1076
1261
982
1141
1327
979
1634
1425
1204
1000
1437
1032
1322
931
1069
1030
871
1106
979
1037
1225
1035
1037
1237
1224
847
1100
930
1013
1027
808
1091
932
893
1369
969
1411
1260
866
1080
1052
1068
1083
1261
1168
1603
1005
1120
1080
1351
1145
1229
1074
972
929
765
919
915
1052
1134
1020
1244
1046
1090
1057
1091
1158
981
1151
1082
1380
810
822
1163
1375
1013
1249
896
890
1017
1219
1695
1136
1023
900
1188
880
778
1427
843
1099
1139
1136
883
1579
967
1630
1210
935
1228
898
1191
959
775
1554
986
1032
1065
905
1050
1216
1069
1223
856
1085
1131
936
1144
1149
876
878
1082
1112
1043
1226
954
996
854
1364
937
1654
1046
794
972
1096
1452
1173
1751
922
911
984
921
1236
1045
913
1030
1022
1262
910
965
719
1393
1418
1007
1024
1036
1156
1045
783
1018
957
965
1135
1422
785
1108
923
992
1109
1108
753
894
940
1143
969
873
970
1323
1048
876
1233
1097
1070
1300
1001
935
2108
1013
1086
1031
916
1045
1042
1033
1202
1171
941
1709
1377
1144
960
1174
1052
779
1004
1225
1538
888
1023
853
1420
936
990
1056
1165
903
997
1014
1376
1390
1237
1079
965
1121
1052
903
1020
1041
1210
985
1194
1033
948
847
816
1372
1142
882
820
993
1284
1503
1374
1059
889
1091
1047
919
1008
1370
847
904
862
998
970
976
953
970
1180
784
1117
733
1038
1023
1138
1019
1147
794
951
1198
1222
1080
1180
1028
1045
828
1510
928
1068
817
1215
1063
1233
888
1006
1097
1422
1010
1378
961
1402
961
743
931
1384
870
1182
1096
846
1147
914
932
874
902
934
1006
1122
919
1067
1173
895
975
812
1547
1143
845
1050
1087
987
901
874
1001
1031
1000
1144
965
1055
1355
945
912
903
1098
1360
1090
974
870
1731
902
1130
953
990
1234
937
839
1102
1100
918
955
1124
954
970
723
1354
805
785
1157
1393
1087
1035
979
1342
1031
1119
740
917
919
963
892
852
1214
1008
1263
1130
788
1146
942
979
939
1128
908
1005
871
890
1254
1322
1461
1059
1160
1209
797
1071
889
920
1073
960
943
1200
1145
1089
869
816
803
1092
1132
1131
1001
1008
1036
1301
1107
777
1038
830
774
1181
870
758
945
1017
1089
1117
1207
1058
931
1053
935
1219
1120
1419
962
760
1306
1209
1078
1222
888
1410
853
1052
1060
964
1107
797
868
1081
952
896
1205
993
907
1042
868
1196
1192
949
1242
890
721
1258
1072
1038
835
1240
743
1097
1253
946
909
1127
1110
969
808
1056
949
956
1067
1046
1438
891
1215
1039
900
840
949
800
1235
808
1154
1092
1018
1129
967
894
1174
1046
1101
800
967
1406
1079
886
1387
871
997
1168
1371
994
918
917
1184
1176
1162
809
1229
1221
832
948
1420
1235
1012
1087
1147
1113
1180
858
866
849
1299
1102
1039
1021
1023
901
1014
986
885
1565
871
929
1073
1105
914
818
980
864
1234
1146
1112
1070
841
928
915
927
923
966
912
966
1203
908
1095
1381
924
886
1065
1283
1012
981
1027
1187
998
1029
1130
1180
1431
991
1262
1173
929
1054
871
1012
1132
1042
1107
926
1029
1438
752
1044
1113
1299
1075
1024
1125
798
977
1341
1369
989
779
1489
1200
961
1205
937
855
871
876
1227
1105
984
827
1067
969
851
1290
1318
995
1344
1071
1278
1019
1163
1010
912
1092
884
953
1023
1009
880
933
1109
986
1214
971
1185
1102
833
1425
782
1502
1001
829
882
990
762
787
1141
1425
918
970
1434
1182
1092
1147
1180
914
946
1184
1251
1117
1513
1204
1056
1099
1101
974
935
1222
873
908
1216
941
1260
1323
1150
1155
1169
1123
1430
1198
1193
999
821
860
1057
1059
1447
974
905
980
1424
910
1018
1133
949
1359
1518
1029
1016
1149
815
1244
1362
1000
811
1106
1003
897
887
994
903
1341
1019
991
1324
1215
952
1012
1130
900
863
972
925
891
820
1269
852
1417
1101
888
1003
1593
1202
755
1571
1666
862
1022
894
751
878
944
1517
1207
1652
1276
1067
910
1033
999
1015
796
1248
1286
1216
1192
951
901
1335
1159
780
1081
1142
1136
1328
967
810
940
1045
1110
1005
1235
1095
1528
1289
1117
861
1280
744
1099
1141
1040
1076
1084
1034
789
1051
994
940
792
890
1133
1207
1420
965
870
897
764
1050
940
1198
1287
1332
1105
1066
1247
916
947
1096
790
929
917
1009
994
1104
850
1304
884
1150
982
953
911
1059
1084
1048
957
1304
1199
891
1350
1033
1047
787
1088
894
1592
1054
1094
1024
809
1263
953
1317
1061
1216
1064
1267
1082
894
1001
1180
1252
1157
1078
959
1233
1568
1294
926
1058
872
890
1177
949
1042
1158
911
987
941
1043
829
1043
1150
975
1161
1414
1003
1216
771
955
993
844
999
1207
1126
1064
1118
1453
955
1249
845
911
859
998
1086
950
1144
1014
932
922
965
1323
892
1033
1287
824
1087
1046
946
1083
1661
863
1051
1002
1004
1110
1099
1237
1208
976
948
1051
943
913
851
947
1174
1067
882
954
1323
997
1247
973
1109
941
910
1343
1075
922
1247
1380
1117
1017
976
904
1056
870
1259
790
1125
958
1105
1374
797
1174
826
922
930
1154
1035
1108
1104
975
1354
1324
875
1056
1132
1092
1171
1173
1261
1120
1336
1179
822
1068
1612
1277
912
1359
896
995
1083
1041
883
1221
1101
1108
1006
980
1054
1071
1158
890
735
1337
978
1093
1321
1359
1270
1296
1089
1369
1055
1057
1207
1039
1420
1232
1013
1090
1262
1161
945
954
968
889
1449
1166
825
893
934
1194
1196
1005
1408
1026
1113
1031
1011
1058
974
923
1106
1108
965
861
945
881
1010
957
813
1391
1146
1314
947
1171
912
1333
1101
924
1107
767
1117
1364
1164
930
1421
1071
1244
1498
1311
1143
940
1009
1199
951
900
834
1387
1116
875
1046
1040
905
825
985
1173
1110
808
1048
1004
1088
840
1077
913
1080
977
897
948
878
1129
856
1034
1431
1960
737
864
1090
896
1154
1335
869
1193
930
907
1248
971
923
1162
1355
1162
1182
791
915
1047
823
1132
1376
1036
1019
1341
972
990
1283
1053
1249
1069
879
956
1180
864
1078
1053
1282
1223
1011
1109
1237
1086
919
906
992
1125
1306
859
958
927
908
1006
904
1450
1048
909
1280
1140
702
1020
1065
1188
903
941
782
1054
1059
994
1488
899
1324
922
1169
743
932
957
952
1211
782
932
1135
1098
880
1140
880
1419
992
1349
1180
1312
880
1282
1030
945
1352
1429
885
864
1215
1032
1177
842
981
1161
1003
891
895
1368
949
1371
978
1040
1229
829
837
971
1330
977
944
1329
904
1467
1163
982
1503
1055
849
1002
1335
1143
1241
1016
1127
1061
867
1113
922
1532
1440
1115
1442
1029
1195
1114
1010
1277
1066
1043
941
1073
929
1046
860
1299
743
943
1138
1100
1405
1053
811
1217
1243
816
806
974
1384
1028
1043
953
948
1045
935
1156
1249
1135
978
833
933
805
1089
975
946
731
850
1103
973
1128
1113
1281
1166
1206
827
925
960
1344
1034
839
1243
982
1208
1015
1326
1351
831
1050
1222
1103
1064
1157
1111
1004
1324
1167
992
1029
1064
1172
1221
702
1118
1028
1226
1039
807
1127
996
1366
1215
873
926
985
905
1109
904
1248
856
1098
1045
1148
1289
1111
945
1075
1228
910
931
1031
1003
1366
1055
949
1252
1023
1444
1349
1055
963
1105
963
1218
1078
1008
1008
1009
918
927
909
964
900
1252
836
1110
804
956
1027
1009
1761
1070
1027
783
1120
1033
1323
897
1148
967
1030
1146
1005
1275
754
1073
894
983
1108
1038
1272
919
880
1249
1010
927
1036
1041
1288
955
1144
1022
910
945
933
1110
1085
1325
1273
1107
1278
976
895
1242
1024
910
931
860
964
955
1542
1258
1336
941
955
975
893
902
1383
1368
863
1303
1139
1165
991
899
1293
915
852
1081
944
955
1384
1079
707
1065
832
1185
942
940
1124
1411
972
1014
861
1049
1028
1237
993
960
1055
888
873
879
848
771
1090
928
1146
765
1070
1518
930
846
886
1110
1042
857
1087
1062
1184
1158
1041
971
1059
943
722
1734
736
1287
877
981
1756
972
877
1035
913
801
1123
1127
1264
1105
941
950
889
966
1080
1038
977
780
854
1055
1157
814
1001
935
1141
925
998
909
1257
1265
909
1117
950
1398
945
790
861
960
1263
1702
1068
1110
1145
1080
1196
876
1300
1039
860
1257
882
1250
999
1379
1022
1250
1097
886
1035
945
1337
1234
856
1384
886
934
927
797
1070
889
1349
1007
1125
1099
1813
1389
1375
967
844
926
1218
1500
1242
1307
989
1093
887
1285
1008
1251
999
1290
978
1071
980
845
968
1052
860
1096
1144
835
1228
993
2285
861
1279
1041
1153
853
1002
1131
1392
1012
1162
1107
1755
1111
1223
971
1170
757
1004
1020
781
1223
1175
1182
1448
988
968
1325
1050
1402
1008
1362
1284
979
1110
978
1214
819
1006
974
927
1176
1243
1041
1462
1135
965
924
1079
919
1341
1230
1045
872
1090
1311
1042
1134
1099
1342
907
1319
918
1360
1070
716
1079
883
1197
1012
1025
978
1152
850
1091
1331
962
1471
973
907
1242
1040
799
1000
1114
1549
1187
1339
1149
1028
978
1053
891
1111
966
941
1412
1011
1194
1329
1146
1144
1012
1281
936
941
1089
991
934
985
1079
1009
1207
1083
819
960
929
816
1033
947
1095
713
990
1068
1145
949
1097
1002
847
1073
1063
1421
949
685
1027
915
1062
1126
1404
1212
1122
1115
1107
853
1365
1066
940
811
859
1169
1008
1344
1462
1128
958
867
1042
1229
1156
1030
873
871
781
1173
1390
1069
1139
970
997
1013
1278
1260
1053
795
999
1565
1178
963
915
855
1098
820
1069
1016
1066
863
840
874
1195
1087
799
1144
1206
990
1357
1101
1115
887
1630
1042
1192
990
1031
911
1012
1173
1004
1382
956
859
927
1078
835
1127
1140
875
970
1061
958
987
855
905
1226
935
1012
1091
960
940
762
911
883
1241
1086
1424
1349
1090
1161
1178
1123
1002
1083
1090
890
1249
1092
1039
1009
1093
878
1196
847
1442
1125
1498
1467
844
987
1197
1160
1531
1187
849
879
973
1218
1045
1050
1248
902
1058
1089
1075
1028
992
1008
1342
1256
901
1036
1469
967
1006
1008
1529
962
1362
1172
1191
1075
1148
1018
1152
1062
1644
876
955
921
1061
1156
1294
1091
1190
1203
994
1379
1204
1177
1012
1240
931
1278
764
747
852
850
1132
994
1090
1168
1104
1077
976
1064
1410
971
1027
845
1645
1097
1198
815
841
877
1242
1059
889
1171
1060
841
870
1175
1222
896
1144
887
1158
1024
1063
1244
903
1329
1205
836
977
770
995
1271
1019
906
1079
1051
1229
1333
962
1019
996
998
812
1085
1067
844
1397
958
1562
933
1077
760
1173
1311
946
1489
1197
783
1013
1143
1102
1720
940
780
1101
1085
1124
1423
1258
1178
1410
1166
1324
897
863
886
948
808
1134
964
1322
1297
931
750
991
1500
988
1205
1210
934
921
840
917
1024
1111
1078
907
1091
1037
1072
873
1498
1025
1110
1104
947
1108
1474
1014
789
840
1110
1311
1105
972
983
906
1024
963
1176
1031
1001
957
993
1655
949
900
1058
945
836
1515
1156
1327
852
845
934
751
1009
968
1037
923
1156
826
1102
1061
1182
973
1322
1046
1116
1060
986
842
894
1139
1032
1180
1252
1259
1214
989
1028
803
812
851
892
1163
1039
973
1190
1138
1126
1062
1054
922
1151
1143
909
1152
874
889
1142
1073
981
1543
921
1071
742
1136
955
1115
1009
1251
1183
898
1134
1062
1292
842
952
888
1448
841
1055
1274
1065
1069
1182
977
970
901
807
1481
1212
1174
939
1060
1232
1009
1105
1367
947
995
924
1188
1017
965
1151
1050
799
959
1521
1274
796
1113
828
957
927
905
1170
960
1133
962
1218
948
987
869
866
1064
922
989
1580
912
1332
937
953
1303
1251
1535
903
1276
1042
1321
839
1015
963
1035
1286
1054
874
911
941
971
853
1115
956
881
1159
1295
1066
1021
965
913
798
956
1109
1091
1069
960
835
883
876
1075
983
1041
902
938
1296
915
1155
890
833
1447
1177
1088
1092
1094
941
895
869
819
1155
1075
1601
1077
838
1160
918
1219
1211
947
848
1264
954
1147
1495
1151
965
1186
1329
1197
967
1016
899
951
1191
923
814
1120
1026
1351
1074
1351
978
1243
942
923
1102
893
1032
856
875
1207
996
775
890
898
1492
1090
1049
696
1653
980
1415
952
1162
1058
1324
1633
1359
1399
887
1405
1282
827
1340
855
1332
1149
1065
1361
1093
1133
1249
1090
1301
1069
1103
1057
917
971
1154
852
955
1115
946
1026
945
980
872
1293
1219
1345
1121
1002
1098
1103
915
1155
1247
1142
943
795
935
1136
951
1029
997
1157
851
1151
832
1004
886
918
1677
897
860
1008
773
1003
909
983
1400
950
1014
1227
1388
1591
960
856
1542
785
1223
1022
1097
1023
1159
1184
960
1027
764
866
1347
848
1077
969
1236
943
1013
1089
1076
875
1197
857
997
1080
1017
843
929
967
1302
756
1095
1133
1032
1013
885
911
920
1275
987
972
1076
1320
1177
972
905
793
908
1257
1115
940
1214
828
1089
980
875
968
879
1060
933
951
804
908
1154
926
1113
947
1104
946
1223
1154
1120
879
1167
996
845
993
954
942
1029
1027
1152
1254
1081
852
961
1124
1176
977
927
866
823
1492
945
894
1108
1315
1698
1404
803
956
873
1284
1585
937
811
1069
1063
987
933
874
1009
1338
1206
1276
1456
1107
865
901
1049
940
1197
1283
852
950
1306
1086
889
1306
1080
1194
882
1130
780
1136
1033
990
1206
1029
924
1495
1157
1226
959
853
1510
946
860
1033
988
810
962
1094
1157
1367
1077
815
899
968
912
1012
1147
1385
892
922
1088
1092
1127
1168
1005
946
1062
1125
1062
935
1044
1087
1017
1251
1223
975
1059
1089
1106
1032
1117
1392
1174
1340
904
839
920
1510
1687
1284
1269
1051
1226
930
985
1454
884
889
1385
1221
1039
931
1432
975
906
1236
1168
945
796
966
921
868
1001
1208
971
934
961
955
1216
852
1060
1129
999
1512
1513
1058
1066
908
1550
1035
1216
1341
1220
1363
1022
883
872
816
1139
1303
867
937
1023
778
975
1087
931
876
906
920
1056
831
939
948
1025
821
956
917
1339
909
993
948
885
976
877
1103
991
978
1376
1082
991
902
926
915
847
976
1355
907
1299
1143
1803
1255
891
1082
1023
1123
1045
1292
1037
1410
832
991
1121
1034
993
953
1142
1149
977
942
788
849
951
1189
901
1054
942
1214
1089
850
965
1209
1342
891
942
1090
1160
818
1337
954
1295
982
852
992
1372
1488
962
1008
846
1066
1388
975
1436
911
1248
1196
934
841
868
771
917
1213
1167
1010
1116
1185
1114
1349
1337
1105
1438
1019
1726
1044
983
1038
1146
927
1095
775
1032
974
1125
1417
1101
923
829
1225
928
1466
1192
1287
897
1090
815
1118
1064
891
890
1454
1289
1203
1168
1151
847
1188
894
1018
1012
1159
929
969
870
1078
1007
1189
998
946
1339
1274
1393
921
1000
790
911
1075
930
1117
1230
833
1022
880
1493
892
915
968
858
1073
1157
1162
1000
1004
1136
1036
855
1047
1229
1281
1163
1034
1029
1180
1027
1278
1316
793
1192
1419
917
1005
830
1153
982
800
1107
1008
977
1680
1033
1114
949
894
1281
973
1169
926
1072
1554
1204
1424
1051
1061
879
1230
1412
1033
982
1349
1453
1045
1232
1665
923
1115
1222
1064
975
1030
1021
773
1469
913
939
955
1528
892
900
1037
810
1243
1065
917
963
1258
1126
935
1471
940
916
1001
1193
941
1149
948
1241
1391
1183
1167
982
976
1034
1061
1145
1408
914
1025
993
1027
1003
1213
1130
1609
985
910
985
777
1084
1202
1156
1060
1137
1187
848
1115
1238
1215
920
1101
1306
993
1020
1080
1457
1155
1160
1008
1457
1056
959
1016
937
902
1057
1003
1200
930
1117
998
1049
978
850
930
979
819
797
1173
872
745
1224
1119
1162
830
1071
1278
803
1069
1031
1007
924
1103
1011
1128
1314
1232
1139
1061
836
1018
1072
934
768
1431
778
1007
839
929
1143
844
1270
915
1159
1418
845
1041
1110
1051
871
1476
1042
1031
1021
866
952
891
973
1004
995
1208
1152
1007
1191
1006
1348
969
888
970
947
1116
1155
1443
938
1039
962
784
1071
1515
1021
947
1114
1334
1188
917
1058
868
1107
914
742
1272
952
1081
883
1049
935
943
965
967
1037
1311
868
1427
1514
1219
1108
932
966
1089
1038
1137
948
1333
902
805
1119
926
1184
944
933
1180
1013
898
900
986
976
881
1109
962
971
1152
988
1317
769
1250
1034
806
908
905
1126
1002
936
1166
884
950
913
1277
886
1196
881
1401
885
1090
1238
910
1681
974
1306
1117
1295
921
1095
1454
892
1193
945
1073
1057
1328
1027
1176
896
901
1124
1044
921
1172
1041
953
1044
906
973
851
1093
970
1521
1008
1046
1106
1396
1579
934
1133
866
1287
932
862
920
970
1207
811
1285
1059
995
1096
1363
1128
986
1234
1195
1271
1095
1222
934
1093
876
912
1281
1150
1095
806
1057
1309
877
961
1355
1179
1070
945
1231
1415
1036
1148
948
1014
1221
992
912
1182
1080
903
1345
1024
1000
922
1222
987
803
1291
1315
1200
1023
1049
795
1057
1078
892
902
1032
950
1016
1089
926
1262
1037
924
1706
1147
1086
1098
1049
767
928
807
877
1227
857
1204
1277
1054
1052
940
1463
856
902
851
1002
970
1191
1468
1241
972
909
1143
1240
883
922
1157
1094
871
933
1037
1326
1035
821
1096
823
940
840
1123
956
1075
1255
1218
990
1155
932
975
1032
1364
1293
820
852
912
991
1231
925
1031
1020
1193
1315
737
831
1151
1244
1014
1504
935
848
1181
1071
916
817
1179
853
1062
1130
905
1244
1220
1166
1189
1119
1138
925
958
954
829
1130
1242
1135
1006
1235
1142
1062
1145
843
1073
1217
1160
1361
1097
926
1171
923
1186
942
831
974
842
941
1036
948
891
1132
1160
940
986
1137
883
759
987
859
883
1077
857
1616
912
1191
986
911
1268
852
1255
1050
1523
846
961
952
882
1080
969
1286
1155
1093
1398
1285
916
1143
1495
791
1035
910
1147
941
1410
864
966
983
1256
1071
1084
982
1105
1136
1228
1343
1199
1203
2195
998
1046
1018
835
1103
928
924
1151
1723
1260
1011
1012
963
1170
966
964
1599
988
848
1299
1050
1032
1392
1310
1074
793
1195
1350
1053
1446
1010
874
799
1111
977
779
1015
942
997
937
2000
978
999
1038
1012
891
1110
984
1278
1215
1152
1359
1305
861
1074
1142
813
719
1429
813
968
928
1299
956
1283
890
961
1226
836
803
1006
1320
1326
1334
994
1149
906
1071
1097
844
1146
1145
892
967
1134
904
1078
1172
1070
1262
1605
1301
1029
967
958
859
993
971
1018
1116
854
1009
1375
1189
984
1314
1218
1167
976
1038
975
1163
991
923
883
1072
917
1232
1243
1606
1148
1020
1174
1077
1095
1118
794
1071
954
1139
1163
1311
1184
778
917
771
1162
1320
965
1012
1120
1139
720
1036
966
903
1328
1099
1318
843
1273
1576
1278
942
1176
921
968
1205
835
869
994
951
1056
895
990
1115
1059
889
917
1014
798
922
1028
1225
1066
1424
938
992
1196
1000
985
1329
1063
940
984
1232
929
993
1038
947
948
987
846
1097
1263
840
1177
1119
822
1173
1021
1174
1498
1018
1060
1425
1023
954
887
1120
1493
703
1331
1140
1141
956
828
1331
1020
1139
1235
965
1048
897
936
1091
1287
1174
1118
1099
1633
1120
958
1001
997
1075
1190
755
1256
962
1225
1169
938
1199
855
909
1034
884
852
1242
1011
1109
1008
739
771
1088
899
1006
958
1527
1004
1273
1048
1359
853
867
863
1149
1293
1062
1500
942
1376
987
902
1285
1116
950
957
844
1105
1196
1112
1074
1249
902
971
1628
1060
807
847
991
1113
1024
1115
1046
890
1060
1074
905
1040
1117
888
1351
1102
1173
844
992
1152
1211
1218
1025
945
1032
1219
1138
1016
1117
992
1164
922
948
861
1054
1116
935
999
981
1236
931
1485
1228
804
1625
965
896
1372
896
1148
971
907
1051
712
1020
1046
869
1312
905
1049
852
809
1309
770
1064
1020
1366
890
1099
1122
1018
1022
783
919
798
915
1027
1035
1081
1212
981
1152
950
1075
1104
907
1024
929
907
866
988
966
1131
956
954
1145
1006
1194
784
855
1002
1368
855
1135
1049
847
956
1128
834
1284
1276
1150
922
842
1201
1020
1027
1157
957
1153
985
1247
1122
1135
807
1189
1345
1132
935
967
1022
1050
1276
894
1069
1013
1388
940
1260
1044
1006
1169
1077
1197
781
961
1543
1394
1387
1274
1083
1450
1243
1393
1093
1107
1233
1005
921
974
860
1207
1091
863
1156
1063
907
933
929
863
1084
776
1027
1276
1312
1154
941
902
947
1364
1218
1026
1374
1142
1023
1267
1425
974
1199
1455
1180
904
1332
1112
918
882
1098
973
1152
906
900
1014
1050
1096
1090
897
949
1232
1104
1008
870
1359
1360
979
1257
1697
989
909
996
929
1018
1210
1134
949
1274
1163
2173
1235
914
1279
1166
937
955
789
833
1303
1086
1054
1099
1006
797
1127
1284
782
1216
1028
1002
942
806
946
1576
1028
983
974
1306
1055
977
888
931
1126
1099
898
1634
897
1027
1470
830
1408
1375
1161
1084
1159
821
1324
885
799
1084
1057
784
1147
1189
825
1118
1115
1435
869
1165
926
917
852
961
884
1239
1040
1570
1220
1160
1147
1243
874
1095
888
1107
952
840
1037
1022
844
980
1035
1222
1112
1057
1065
805
1366
1061
1264
1193
968
1011
893
1187
1149
913
1227
1323
1135
1139
1348
980
1188
1076
910
978
878
1023
1238
1026
969
1050
786
1078
969
871
1147
1123
878
1016
1219
1029
1115
914
1229
928
945
935
988
810
910
1020
850
947
892
1062
1206
875
1115
1077
989
1670
1230
1802
986
852
1233
1210
866
1005
1189
939
1105
1193
955
1163
1137
1442
1099
993
1314
1231
886
1010
983
1209
987
1055
875
1251
1065
925
1041
967
1009
1092
928
1034
1547
1241
1022
1238
955
1763
1057
1180
1220
1536
1006
903
1206
1076
1039
1042
968
964
872
998
820
934
908
997
988
840
1024
919
1201
1032
1052
1149
1248
1030
1006
1188
1220
1098
927
964
1216
946
921
879
803
1002
1061
1298
1119
1293
822
1093
960
929
924
1060
1197
1000
1159
771
970
1381
1064
891
1411
1232
859
866
1135
1134
1374
1170
804
910
863
1303
1002
1064
1075
905
1137
1043
999
746
1381
967
930
1129
808
843
1252
809
991
841
1103
1479
990
1117
1134
1058
876
1172
863
1027
932
1435
942
856
1034
1244
1633
769
1065
1239
1142
1312
1341
849
1085
961
1124
1094
1131
980
1221
924
1224
1382
1034
1060
1335
697
839
854
1048
1218
965
1414
1277
848
1055
1707
944
939
1003
877
1260
1123
1038
1088
1788
1061
1089
1038
783
1098
1073
1353
1390
1169
1104
1127
1128
822
1021
1076
1248
1054
980
985
1002
973
1040
1192
921
948
1143
899
1314
971
1024
1303
1192
962
1586
831
1126
846
1431
731
1116
1400
1150
1242
898
890
983
1112
942
1102
977
1063
1005
2006
1001
1194
1090
1187
900
900
1072
735
914
1329
983
1106
1462
862
1303
999
1017
1021
924
996
1023
1544
957
1185
822
917
881
880
926
990
1036
1442
1258
1168
1067
1047
868
1037
1116
884
1157
958
960
948
1112
871
1017
1024
1429
1128
1088
1089
998
845
1210
973
1045
1044
960
939
1188
1170
1290
1196
1200
998
980
988
778
1061
908
968
797
929
1059
887
862
1036
1211
1016
1478
932
859
963
828
896
1176
1304
1121
1024
1339
849
1024
1468
779
1255
1200
1291
979
1223
885
850
1258
972
1063
1225
1250
845
775
1066
859
1086
1596
1041
880
1124
1016
902
894
1033
983
991
1135
1122
991
948
1056
1077
1008
954
983
917
1087
988
799
1105
1330
1011
1107
1257
901
1060
1232
968
1371
1322
1031
986
861
1150
1198
882
901
1023
1296
1030
1196
1031
1027
781
1098
1402
1167
897
1020
890
1040
839
1137
1146
993
1030
930
1175
896
738
1046
1043
865
1173
1212
1112
982
769
1286
2015
1067
912
1181
896
1407
1089
979
1113
996
1040
1074
1384
1312
1080
1026
956
834
1220
1326
1219
1039
831
1073
985
1513
1097
1075
780
1247
951
1281
1423
824
982
1042
937
819
920
873
1143
826
1040
1466
1049
1024
1092
909
869
1196
1015
1284
1064
1318
963
823
1241
1168
1232
1458
1746
881
984
1132
844
1172
810
1134
979
1263
930
1246
1004
922
1034
1198
1093
1065
1076
904
1024
859
1321
925
993
1381
1403
785
836
1209
1332
1073
765
1238
876
1266
1057
1026
1247
925
966
1061
836
1250
1226
873
1010
1102
1134
833
1142
928
1153
1543
1010
781
945
925
1185
909
1170
865
943
1252
1046
1124
926
967
1338
1075
1204
870
879
920
797
1171
1029
1164
1317
1035
915
944
933
1253
1139
1297
865
915
1037
1123
956
1096
1067
1038
1036
1157
807
1278
981
1176
1156
1069
1187
1030
1402
1221
989
839
1087
1170
962
1189
1033
843
995
970
1011
833
881
1335
1270
972
1170
1156
1014
944
908
1321
1227
1002
958
792
1185
940
1114
1158
876
1077
929
977
931
940
880
816
780
1244
1017
867
942
789
935
857
971
954
1118
1162
1116
1149
902
748
798
1134
1178
992
848
1403
1930
1022
989
1384
1018
1056
1190
1105
1110
1392
1247
1197
1213
1049
913
909
1047
1055
1296
990
1016
907
807
949
992
1463
1009
1075
817
1309
1222
812
1020
1408
1121
1239
1190
824
1087
1456
922
972
1301
905
903
1166
1051
1197
1274
933
1226
946
1083
960
879
1147
1030
1092
1639
1277
1271
1305
1241
1051
958
950
930
921
951
1172
795
953
1094
1346
1433
1205
1010
1017
946
834
1006
1160
889
1030
982
1049
889
914
862
951
1134
931
965
1019
1188
1112
915
1185
1113
1340
960
1578
941
992
1245
1037
862
770
1143
1178
1309
905
962
1498
1370
1332
729
781
1092
1122
1219
1037
1187
1224
890
1076
1150
1078
1161
970
1188
906
844
1134
972
1777
1022
1421
1251
778
969
1467
1317
1317
862
1074
989
1110
962
957
816
1604
1784
1002
1009
975
861
917
1477
959
992
753
1703
745
1234
1027
856
809
859
746
1378
844
882
1113
1025
845
893
909
1167
1216
1244
910
832
967
934
895
731
813
1135
975
1451
982
901
1040
1165
1010
809
1432
863
1253
988
1194
874
1113
1258
1032
889
1021
1137
987
832
1276
1196
974
924
1115
959
1222
826
983
932
872
1086
865
1164
887
833
1070
1400
1109
1083
1403
1015
1158
872
1006
975
1263
1303
841
1148
970
801
894
925
1214
985
822
898
993
992
1730
926
1013
1180
1402
1014
904
1091
1014
1068
893
1015
1071
845
1309
1067
1222
1273
1327
954
780
799
892
896
967
1101
990
1033
1095
1161
1713
1106
947
1249
900
1099
907
1164
864
967
937
1190
938
921
1093
1214
1047
954
1215
1119
936
1017
1082
1089
966
899
1095
708
837
1114
1022
1004
1096
1356
992
1211
934
978
1280
1121
835
1711
1274
1019
818
961
1084
740
1001
1130
756
1101
896
714
1234
819
1231
972
1054
1162
1208
1043
917
1151
938
886
981
1041
975
964
1094
1064
1402
846
882
1199
849
820
962
1306
1545
959
1095
1152
969
1057
1001
1122
865
856
1374
998
1677
1121
995
1045
972
1045
897
1157
1299
844
973
928
1076
965
994
874
925
798
1250
1711
762
1085
928
1062
1109
1265
1036
1206
1036
1053
923
1042
1009
815
1198
961
987
889
1688
1138
1031
949
942
864
1149
1133
762
1121
867
853
1368
1065
1311
990
1102
1042
883
1182
1312
1035
1323
1077
953
1257
853
1149
1108
963
1245
1277
944
1125
1722
1508
1038
1128
797
967
906
844
1002
969
1131
942
1329
852
1178
879
1383
1205
1027
833
1207
1178
1012
1510
1189
978
1148
1133
1091
1065
855
882
1051
901
1058
1074
926
912
892
1055
1185
948
1225
891
1110
921
955
1050
1158
1329
883
991
1033
902
1199
1060
1283
836
981
1160
1009
1269
1370
1500
830
1102
1354
1053
897
1355
1098
1486
1191
1032
1207
1123
873
1003
1004
955
804
916
984
937
1081
1123
860
792
887
911
1890
931
1012
1028
881
871
1012
1410
1078
989
1302
984
739
1003
973
839
1178
812
1194
1209
1178
1193
855
1026
1035
1082
966
1083
849
944
995
1085
1320
985
838
998
916
999
1104
953
919
1011
1164
986
942
1079
1065
1059
1134
1258
936
906
1260
1070
814
1084
1120
944
1136
1197
970
949
1120
1155
1503
1146
1155
941
997
1060
1096
883
979
1018
960
910
1079
1133
967
1072
1092
875
1060
1094
852
823
826
1344
1542
1088
852
1063
1342
1210
1264
1119
1080
1003
873
962
1271
1335
1153
827
910
847
1155
1264
1005
944
1045
1112
1166
984
1005
1033
1029
935
830
1028
865
1454
1045
1102
1086
991
772
893
968
970
874
711
2045
797
1820
969
989
1301
1115
669
954
1093
1234
982
1089
745
825
967
1134
1006
1056
1244
941
1133
1325
1102
1060
937
1276
1259
979
921
1566
1159
1069
1081
1492
998
1022
1163
898
1075
1066
1016
1189
1026
1346
1002
813
1112
829
1003
939
983
996
1136
1104
853
863
1080
1229
1002
812
808
1519
826
1091
952
783
1147
1003
1369
865
1285
1095
1041
937
1067
1110
1113
933
999
1300
1157
1117
1389
1000
1162
1017
981
1347
977
1151
924
1793
781
1046
1010
938
1209
855
1475
1080
1331
1049
881
852
1119
897
2073
911
1105
786
1016
1201
1131
1129
978
1387
901
1101
1313
1019
860
1437
1115
1142
1005
989
858
871
921
1056
1177
1036
998
1188
831
1144
1094
882
1317
1275
1096
1339
1149
1284
1206
1020
1358
1832
880
882
1095
1421
982
907
1601
1198
1057
1029
1483
1072
993
1055
1198
950
1469
932
1063
921
1159
1143
931
1034
890
887
1169
911
912
1012
917
867
1229
1047
933
1385
961
1090
953
1297
903
1378
1116
892
1238
926
1208
990
857
908
857
1029
1013
1133
1049
1061
982
981
906
976
1021
990
1374
1042
797
962
1117
977
1037
956
836
1358
1117
1174
911
993
1209
915
1288
1064
916
797
1039
808
785
990
1147
808
888
868
818
1180
1330
987
1042
1060
915
1031
1101
941
932
976
1112
935
1006
874
963
838
938
1133
1259
756
975
911
1187
943
933
912
852
903
1115
833
1035
966
883
1164
1228
865
1160
974
1020
930
1051
909
1140
1036
862
836
829
1770
1343
1173
974
882
1172
1235
857
1494
1029
1132
1299
1079
1093
1165
844
1385
884
857
1034
1209
763
781
838
848
942
1092
918
1004
1027
1674
1257
1149
842
1635
1090
838
1185
1082
1101
708
1412
1135
1138
915
1015
897
920
1086
1160
896
1461
1141
834
830
1185
1104
867
1571
924
1109
977
948
869
937
1069
1259
1406
973
1010
900
855
1071
1071
1032
978
700
866
1099
996
1247
1002
1151
980
1262
919
903
1080
1328
1024
928
767
1173
1166
1124
1099
890
1171
1704
938
946
1135
1302
1075
942
1227
910
978
1552
1258
1163
1093
1112
769
1213
1720
1516
1109
1013
832
1031
966
842
1205
753
752
939
1104
979
933
1274
954
982
1013
956
1248
806
1272
1205
784
735
983
922
1473
1217
897
1174
984
1324
1071
1403
1289
1268
1069
1142
863
922
983
946
1050
927
1364
1163
1565
1123
1190
889
1138
1024
819
976
1045
1105
1025
1264
945
1065
870
1561
1167
891
909
1058
1395
1028
964
1208
1132
944
948
880
1340
1327
1004
827
955
928
1016
1054
1154
1026
1150
1341
1023
1120
963
1185
765
1055
952
954
1034
916
844
1133
1172
843
1091
1294
871
1050
964
990
912
697
1195
974
791
1016
1402
1144
1214
926
996
1006
837
1391
1059
1011
904
893
1111
1409
928
976
1172
948
1259
960
1072
878
1376
1198
1023
1575
896
1278
1138
828
1004
1075
1291
1043
976
986
956
1170
852
1563
911
1232
1196
919
969
1323
844
909
1074
954
955
1246
1105
882
1150
919
949
929
943
1128
1140
1058
1034
1029
909
738
1027
1264
1119
1605
961
1047
1115
883
903
1078
1095
887
870
1162
960
1257
1031
1353
918
925
1121
1248
891
1017
1040
980
1192
879
1067
978
950
1336
1038
828
718
734
939
906
1061
1325
933
1018
1141
1078
991
1299
1110
1108
1177
1204
961
941
941
1025
865
1217
907
951
993
1201
1026
960
1378
992
1636
936
1199
1070
926
1629
909
952
907
1154
1034
1048
884
1088
1137
894
1029
1032
1364
1177
972
939
1130
900
882
978
830
1046
1116
923
974
849
1351
1515
998
883
1029
1283
807
1082
819
999
1103
1583
1223
900
1164
1014
1010
1496
1049
1333
1178
1029
1030
1017
1072
1124
970
871
953
1111
981
991
1094
830
959
1309
969
1276
1020
874
913
990
995
1151
854
1337
988
993
921
930
802
1120
1316
836
1015
839
1064
1117
978
929
978
858
787
1276
1070
1045
1088
714
1260
1031
892
973
1045
1188
1144
884
927
1413
1231
1002
1135
1151
1079
1092
1565
1001
1088
1324
1317
1296
1446
973
1076
968
1224
973
945
923
1184
944
1283
1199
928
1095
992
922
853
1002
994
1269
1150
944
1017
916
1219
850
1182
1341
731
1070
1173
1170
1191
1059
1034
1287
1207
910
986
1107
1004
1097
1321
1331
930
989
1271
726
867
910
1142
1047
1005
1048
945
910
799
1003
920
1073
820
881
789
1161
1063
1373
908
1164
1109
1584
961
1033
1485
1058
1136
903
986
1312
1154
1047
988
1206
886
969
1301
1005
814
949
820
1098
1096
920
941
1561
1028
1024
1095
824
906
874
1142
1244
1161
919
1255
1296
1274
1271
852
1049
1012
980
1283
852
1237
1059
1130
1064
849
1043
1084
1285
1069
809
1023
946
1081
804
893
920
1113
1002
793
851
1151
875
1144
1043
959
1805
969
897
1240
1800
1174
1020
1002
1193
810
806
1140
894
1005
764
836
1011
1114
933
979
1157
920
1272
829
1430
1085
1000
1120
913
959
1063
830
1131
749
1009
1107
1053
1128
941
894
824
1163
1060
1339
967
893
1061
898
1524
968
1003
907
802
1058
839
1025
910
1176
846
1150
963
1168
866
1041
1191
1002
1124
1221
1117
970
837
1074
898
1014
1480
1191
960
1035
1089
878
937
1061
869
900
1281
1002
1205
1007
1559
1217
1419
1091
803
1192
1368
952
1173
1075
1041
1335
1550
1220
1075
940
1257
1077
1295
1183
1497
868
822
1093
1042
931
949
1136
1125
1030
1012
1144
1265
1117
1046
1144
1057
1023
872
1043
920
1209
1145
1653
1603
1244
1156
867
866
1558
820
1083
951
842
1362
1455
1410
986
1066
901
884
920
1280
1597
873
995
1008
1030
923
1169
1197
1068
948
1393
884
1060
1487
1072
1077
861
994
849
1265
1113
1569
806
1007
1152
866
1774
1045
1026
1092
1120
852
798
836
1177
1038
858
980
1434
1086
1320
1064
842
1568
1145
1157
1223
1263
989
857
995
896
1056
1021
1125
1335
892
1430
1433
1044
958
1037
1235
978
1007
948
1801
1026
1082
1138
831
1167
881
932
870
1090
1328
1331
910
1059
979
1252
1053
987
1009
1233
961
983
1237
841
1143
1031
818
934
1556
713
1214
957
1009
806
989
1105
1091
1738
834
1491
1311
856
876
974
1774
925
951
1094
988
1220
830
893
1218
1187
1051
930
1223
1163
1035
836
1137
795
1442
1504
1464
996
913
1073
1165
770
1814
1011
920
945
925
1554
1278
1027
885
926
1093
1020
845
1396
835
806
1291
1126
2005
1022
969
1178
1088
1246
1322
992
1043
1495
1171
846
1204
1070
1026
915
1064
1322
920
899
1469
951
888
1386
1268
918
1193
1332
1048
1401
1043
1132
1035
949
1176
1168
1228
1164
1051
1014
1398
988
1147
1318
804
982
1207
889
1172
1383
983
948
824
1077
1322
1249
1094
1286
1029
905
1161
1110
952
1077
1189
1149
983
776
865
1208
1329
1288
1075
1155
1150
1076
1017
1260
848
1049
1018
737
1928
1366
870
1220
1003
1376
1095
795
870
797
887
1256
905
1027
1378
869
1268
1152
1112
1002
1017
1124
1011
1070
1134
1027
988
926
891
1003
1237
918
817
1125
928
1125
1008
1029
1092
1107
877
1353
800
952
1315
986
1101
1020
869
802
856
1032
1168
1239
971
1098
1229
1170
1299
929
1034
977
1254
778
1168
1010
1132
1104
1179
1161
995
1024
968
1275
968
1003
1007
1010
1122
1273
1010
988
1454
1083
1347
1015
1208
1520
1101
1128
865
1001
921
1097
1439
970
1376
1188
912
1006
890
934
1261
915
1069
1256
778
1034
917
927
1023
1143
1004
1019
792
953
1090
1009
931
891
1850
1010
1022
1061
1172
979
874
1139
877
832
1011
1168
1338
971
1064
1098
1277
889
1315
1024
1124
1231
941
1431
908
1174
959
1516
1065
773
1106
1154
1029
1558
882
1879
963
798
1286
917
1261
1122
860
939
890
866
917
1348
1569
1573
949
832
1133
916
1084
849
975
831
992
1064
1077
833
1269
868
1101
1112
947
1169
957
872
1211
1278
1033
1087
1208
1145
1183
1779
821
965
886
1089
1086
890
1194
1018
1196
1062
889
1092
1191
1191
1408
949
1357
1228
1292
1392
1010
947
1051
1091
1129
963
1455
830
947
1196
941
987
765
1210
996
1120
829
1009
970
1257
921
1159
1471
1184
1312
1107
1053
949
1300
1157
1091
1450
793
1065
1538
1113
1389
948
851
986
1067
1162
1077
1135
959
1255
1072
848
1692
1314
1107
1074
827
787
1118
1026
922
866
1301
1236
1352
1358
1049
1070
1027
1136
1019
855
975
1164
922
941
1016
1107
1020
923
1231
840
961
1048
1168
1073
1086
1534
943
859
1197
1144
912
745
1012
1058
1090
1396
943
1054
1297
1217
876
899
935
1004
918
1274
1517
1274
1090
905
1062
1031
967
1440
1185
1014
1397
962
1091
1459
1290
1116
1170
1495
1116
854
1396
903
842
887
884
1239
1101
1440
1174
849
941
937
1475
1098
1405
731
1123
1012
1015
1064
1160
1114
847
1114
1034
933
1036
916
1615
818
885
1053
1619
994
1612
1257
834
1746
1012
1040
884
1066
1283
1383
971
1103
1290
901
981
870
1207
916
1123
1217
847
837
1269
1038
839
980
890
1050
852
949
900
1389
1054
917
973
1424
1077
1537
924
852
729
1045
1246
958
769
1460
954
835
919
1153
930
918
920
1220
963
986
1268
976
1317
1005
1062
977
881
1006
1042
1006
981
1191
1478
988
869
1454
941
1102
970
924
1334
1076
1109
1020
898
975
968
921
1289
1021
957
1185
1522
1381
944
1148
808
1548
987
892
1011
1169
1075
860
904
1126
928
1303
884
971
1337
995
913
1046
943
1086
1123
947
1168
1302
1233
1188
995
1548
866
1431
906
1143
883
1038
1136
1129
1135
1232
1042
888
1151
1135
942
1319
842
1119
867
1366
972
1009
798
1029
1032
1291
1037
882
923
958
1474
1074
1225
1059
968
1618
936
952
1145
808
999
1006
1133
913
1131
1053
921
889
1133
865
959
1026
1045
1052
842
1194
2010
995
794
916
1274
1041
813
1287
835
1089
833
950
905
945
1194
1116
1078
953
1148
1304
873
964
1117
983
962
1186
1213
999
1046
1309
1020
806
920
1283
969
879
937
839
1181
1221
1203
1256
945
943
1265
868
1225
1032
1015
1080
1142
1200
834
1008
903
1330
1042
1080
960
1103
1530
1117
1113
971
875
859
934
1168
990
1030
796
934
894
1063
1021
882
1507
1616
908
951
967
1398
1338
925
1172
874
1407
1069
1547
1800
855
1079
1576
841
1102
1113
854
1250
1162
1169
928
998
877
966
1132
906
865
971
881
1153
1032
1325
1051
1231
1157
1265
1080
1008
903
847
1398
1281
946
1217
813
1012
963
1128
869
974
1245
1187
1163
1067
1229
914
1117
1044
1121
906
1191
1043
1013
1132
1039
1066
1217
1262
1055
1049
943
983
1316
1176
934
1204
1035
895
1488
970
1249
1225
939
844
1351
1066
919
971
1202
1004
1011
876
1291
1009
890
976
933
1256
1054
996
1187
987
873
1074
1079
1279
906
904
1241
1178
903
1418
989
1487
724
1105
1541
1272
1239
817
1225
1102
811
939
846
1236
922
1164
913
1182
995
1282
1041
1071
1386
1442
1034
973
926
1000
1094
806
1118
1405
1129
1079
819
913
1355
1074
1310
976
936
1095
1013
1190
887
916
1063
833
960
1196
1387
801
1210
1218
1067
1321
1318
879
938
946
1199
958
1060
810
958
957
1199
1453
1226
956
726
912
861
1026
1003
941
1421
896
964
992
904
946
1259
1015
1343
1113
991
972
1166
804
861
1010
1022
917
894
1097
975
943
1079
1118
1021
1143
963
819
924
1174
1186
1048
1367
1030
1278
1021
1046
1115
1062
1271
948
883
1226
1149
906
1067
1058
960
1018
1227
1202
899
1015
1034
946
1064
1095
1001
991
1117
1077
1625
