5575400
4567100
939400
937000
934000
933700
935300
1197400
1260700
1232000
1148300
1247500
1182600
1161400
1244000
1123800
1197300
1227300
741400
526400
535600
528600
528700
528600
529000
524100
528100
529700
529700
523900
522800
523200
527100
523600
534100
602900
547300
571800
523700
524600
578200
526300
525900
523900
524700
525800
524600
522500
523000
522600
525200
525000
528000
526400
525900
527200
559800
528300
529400
526000
534200
572800
634300
622000
620700
621600
623800
622600
629300
629100
624200
620400
622900
621800
622400
638100
627300
622400
619500
623600
524600
523800
523700
524300
523900
524000
526200
527400
583800
522000
525700
524400
526500
527200
522600
524300
524200
524600
523800
524100
526600
526400
533800
539200
537700
553600
524800
524200
526200
524400
526400
526200
528800
527300
526200
529200
526800
524600
524600
525300
543600
528200
563800
534400
567200
545600
530900
580600
525000
524300
564400
528100
531400
527000
698300
525100
523100
527500
525200
529100
524900
524700
525700
529100
525200
525600
525100
524300
526000
524600
533300
531600
527800
527800
526800
526100
523900
524900
526600
526600
526800
527800
555200
525500
525400
544200
531000
527200
528000
526200
524600
526400
525800
524700
527400
525200
526600
524400
524400
524100
520300
532500
528000
529700
528900
532900
529000
528000
528200
525800
528200
527400
528300
531300
528800
529300
536500
529400
528200
530200
528000
525800
525700
524500
526900
524800
527300
560200
526500
527000
525800
527400
534100
528400
527200
535600
532900
592500
526400
548700
543300
529200
527100
527400
527300
525300
528200
533000
526100
529000
528400
540500
533200
530000
528200
528600
553800
527800
526400
528200
527200
527700
541200
527500
528800
527700
528200
529400
529200
527500
528000
552000
526100
527800
526500
527600
526900
527400
527900
527700
527700
528200
525900
528100
528200
527000
552200
532800
526800
528400
527700
531600
526900
575100
527700
526500
524400
526000
527300
528200
526500
528500
524700
523200
526500
527100
525600
527400
538200
525300
525400
526100
525100
528100
529900
526200
556500
527300
529100
529100
525100
528300
526500
546300
528400
528000
527200
527500
529200
528300
530200
528700
527200
526200
524400
527900
529700
528200
529800
528700
527800
527000
525400
527300
528900
530100
531100
525100
528800
527800
527900
530200
528400
539700
528100
527700
526800
529400
528800
530400
527700
527600
526900
528600
527900
527700
526100
527700
527900
535300
528500
528500
527300
527000
527400
527100
527500
527800
528300
526300
528500
528200
525000
525400
524600
542800
529500
528600
527600
527000
529600
530400
525400
526100
527700
525200
529400
527700
528300
528000
528900
526700
530500
528600
527500
529600
529200
526900
532800
529900
528600
527000
527800
530500
525000
523900
527300
526000
528100
530800
535600
538900
534900
533700
534700
533000
533600
537700
529600
531800
531300
529000
527600
528700
527600
527000
553000
528300
541200
528500
529700
529500
528900
528400
528600
527000
528400
529400
527800
528100
531000
532800
528600
525700
527900
528000
527900
527600
528700
526400
528300
534000
526700
528000
526300
527700
527200
525900
527000
527200
525500
530500
527100
530900
528900
527100
525900
527100
525800
531200
526400
525400
550400
527000
525300
527600
527300
527000
526200
525600
526000
525700
549900
524600
526100
526800
526500
543800
524500
524300
524200
528100
529300
528200
529300
525100
529500
540900
528300
529200
527900
527000
567200
530400
528400
527100
529700
527400
527300
529400
529700
526500
527700
537000
527900
533200
527000
528000
527600
529400
528900
528200
527500
553200
527500
528200
527200
528300
527500
529000
528200
527900
527100
526900
527100
527300
528100
527400
525700
523600
527300
525400
528000
532700
526900
526700
527900
527900
526700
528500
527300
527200
527700
528100
532500
529300
526800
529800
594400
559400
539100
587300
527000
529100
527100
528600
527000
526800
526900
525400
527000
528900
546200
570200
527000
588100
571500
531300
527500
560500
564700
719400
533500
544100
591100
529100
551900
631500
554000
572800
529100
528300
535200
527800
523500
527700
527000
525100
525500
523900
523700
526600
525300
523800
525200
593500
525800
525100
526600
524000
528100
530300
530800
527300
527300
528400
529400
525700
535400
533300
529300
527500
525900
526500
527200
528100
529100
527400
526400
528900
527100
527600
530600
526300
528800
525000
528700
550800
528400
524100
529400
528500
527600
529000
528300
527500
529400
528700
527400
528800
527700
526900
527700
527600
526700
530500
529700
529000
528900
528600
528300
527300
526900
527000
879400
1043700
554500
528000
536100
543500
514700
530200
510500
515300
506900
537800
510100
523000
518900
509700
510600
541300
537800
510500
556300
513300
510600
542000
507000
510600
598100
546900
531300
525000
555500
559900
509400
515200
517300
508800
512300
510600
508800
536600
508600
515700
511300
529700
540900
529300
512600
510700
508300
506700
507200
506400
507400
506600
507000
508700
508600
508600
536800
528400
508300
508100
508200
508200
509300
509700
508500
511700
507500
508600
509500
508300
508000
531500
509000
552300
508000
507600
506100
508800
508100
508000
508700
508200
509200
510200
508600
509300
527100
507600
509400
510000
508600
543700
509300
518700
514000
508300
537100
508800
506500
508300
530000
518100
512200
524400
514500
513300
529800
507200
511800
524100
506300
506500
533900
554800
527800
513000
519200
506800
510600
538400
508000
544000
565300
522200
511000
509000
510700
510700
509700
510300
540300
509900
510100
510000
509200
510700
510200
508600
509000
511700
509200
614400
508100
509600
509600
510400
509100
509300
509700
508700
508100
508100
509700
507400
505900
507600
506000
509400
509500
506000
506100
511400
508700
508300
513000
510200
509100
510300
509800
512500
510900
509100
509600
510800
510000
510200
509200
509100
510200
509400
509700
512200
510500
509600
509100
509600
510900
509200
509900
508600
512600
624100
543700
563800
567500
577200
634100
618900
618900
623000
615100
598100
624300
576400
506300
590500
596900
556500
601300
613700
590700
592600
618300
558900
508500
539800
513700
511400
508900
509800
510500
510000
508500
511000
508500
511500
510300
567600
509300
511300
507200
537000
508700
508400
509700
510800
509800
509500
509800
510300
510000
509100
508900
508300
509700
508900
511900
510700
509300
508500
510300
508400
511400
510200
507600
510000
509800
510600
510700
510500
509100
509000
509600
507300
514300
518100
507800
508300
513100
509300
509400
525100
508900
508100
509400
508900
509300
507100
506000
505500
507200
506100
506400
503300
506200
508300
510300
509600
507700
509900
509900
509000
509400
510200
509200
513000
508500
507700
513900
510100
509100
508100
509200
511800
509800
507200
509700
514400
509000
508100
508100
507300
508900
516200
508800
509300
511500
510700
509800
508800
511300
516400
509600
510800
509700
516500
516000
509400
508200
535600
508100
508500
510400
510000
510700
741400
509600
510000
510000
509900
510500
510500
509600
508300
508700
509800
509600
509500
509500
509900
509200
510800
507600
511300
510600
510100
509500
508800
508600
510000
510000
510100
508200
506900
511100
508900
507800
508100
505400
508300
506800
507100
506600
505300
506600
524300
514500
514200
509900
511900
510500
509900
510500
533400
509900
509300
508600
508200
509400
508400
507200
520400
508400
514200
508100
509400
507400
507400
512300
509000
510000
508800
506000
510900
505500
505500
506700
542800
537500
525300
536900
538700
551000
569900
552900
538500
555400
543900
551900
539300
560900
534400
537600
538900
551700
539900
539100
532100
552800
535500
545700
537800
560600
541100
542200
540900
557500
552900
547000
547000
551900
549300
553800
553700
552000
541400
553600
554600
537100
547100
544500
509600
509200
507400
510400
508900
513800
509200
510400
508400
508400
509200
508500
509400
509300
540300
520100
512600
510100
510900
510600
511900
510500
509900
511000
510100
508700
511400
509100
519800
514500
509600
508500
508300
509500
507100
508700
507500
508100
505100
506300
505500
506800
507800
508000
507900
506100
505700
505900
506200
506000
505200
505300
506600
508800
507100
509800
511300
510100
525100
508800
510600
510500
509600
509100
508600
508600
512600
508000
507000
507500
508900
508600
508000
512800
507600
512300
508900
509900
509500
513900
509300
509000
509800
509500
513600
509800
507900
510000
522700
820500
821800
814100
849400
818900
818000
887100
815200
813700
818600
816400
662200
508700
507600
507200
508000
507000
506600
506600
506100
508000
507400
507300
517200
507500
509600
540600
507500
508500
516800
533900
515200
509000
511500
508000
508100
508800
509200
509100
505700
510100
520300
507900
508700
509900
536900
509000
510200
507500
510200
512500
509200
510300
511200
509500
510700
510700
508700
508000
636100
508300
509300
509200
508800
508400
508700
506700
508600
509800
509300
509100
508800
508700
588800
509200
513600
539900
508400
520000
514000
508000
508500
541400
514100
530300
513400
507800
515000
508200
541800
521300
518700
514000
546500
517800
514900
511400
518300
504200
507700
507900
516200
553600
557100
543400
506900
507600
505900
509200
508200
508900
510600
511000
505700
507800
507700
511400
510000
521400
508200
510400
509500
510100
508800
510300
510200
508900
512100
508700
509800
510800
506200
510100
511000
510300
510000
537400
508100
506800
506200
507000
506100
508500
506300
507600
509800
511000
510000
511900
511500
510400
509000
511900
509700
510400
510500
508800
507100
508300
508500
509300
509000
509100
509200
509800
513700
509400
508600
509900
511100
509400
505500
510300
509400
509800
508500
508700
508700
507100
508200
508900
509200
507200
510500
505400
506600
507400
512000
508300
510500
510200
508900
510600
511900
510400
515300
510900
509700
509400
537800
508400
508900
509800
511100
510700
510900
509100
509800
509700
509900
512000
511000
509300
509600
511300
569900
510400
505100
507600
505900
506800
507100
506800
507400
507400
509500
508800
506000
509800
510900
509200
523800
509100
513300
508500
560100
507900
508600
516100
510200
539800
507100
506400
539000
508200
510100
510800
557600
509700
509400
520100
508500
509000
507300
506000
507000
504800
521800
533100
507900
546900
521400
521900
522400
516100
508200
507600
508800
511700
510600
510900
509900
509700
510800
510400
511700
508900
509000
541300
575800
553600
510900
513100
508300
508200
510600
508600
508300
505800
509700
505600
506500
506900
506100
504800
522800
506700
508400
507900
507500
507800
506700
509000
506500
509800
510200
508600
508000
508000
508200
507300
514300
510300
507000
509000
511700
526200
509100
509300
537000
509000
510000
522700
508500
508100
510300
508700
509500
509100
507700
510300
510600
508200
510500
508000
512900
509000
528000
522400
520700
520700
572200
527000
526100
519800
509800
544200
522200
525500
523700
516800
513600
569700
509200
509000
521100
510000
517200
508700
510600
2155000
514200
510100
510500
509800
518100
510500
508600
508700
507200
511100
509700
507600
508000
509000
508400
536600
510300
510200
509400
508000
549600
507800
508700
506200
510200
509500
509800
508100
509500
510700
509200
510400
509500
511600
510000
509000
510200
510600
514000
510100
510800
509700
509100
509500
509200
511500
532900
508900
505000
509600
509300
510500
807000
600400
604900
626000
601000
604000
597700
600000
601900
650800
601600
599900
603900
598100
593000
594000
599600
622100
606400
601100
601300
601100
601000
605700
614000
608800
599000
605000
606200
626200
607900
610700
602000
605000
606600
600200
603600
610900
602500
636000
601800
604300
619300
621300
598100
602400
610000
609700
598000
599400
509900
509200
508800
509600
508400
518200
518600
508300
508900
511100
511500
510800
509900
509900
516100
511500
514600
508500
509800
509300
506900
509300
509100
508000
508800
508000
505300
506600
506700
508400
506000
510100
544900
509200
509400
510500
507500
509200
508100
511000
535300
514100
509700
511200
508600
510000
509100
540100
508700
508800
509700
508500
508100
513000
509000
509600
528200
510600
510700
509300
510200
511600
510400
536100
510000
510000
510200
509100
511200
510900
508800
509000
513300
507900
508000
506700
509800
510100
509500
510200
510900
510100
510100
511900
511900
509600
508600
510700
509300
510100
511200
509100
516400
510300
510700
509200
509700
509200
507600
510300
508700
509600
509200
510700
511800
509400
509600
512600
509000
509000
541200
509300
509200
508000
509800
508400
510800
508900
511900
510800
509600
509300
510700
509600
510100
507200
512300
508800
511000
506300
506000
518600
508300
509500
510500
509300
509900
508300
510200
510400
507800
510100
509200
510000
510600
510900
509400
508800
511400
510200
510300
510800
509800
510700
513000
510100
509400
534000
507700
512300
509500
509000
508200
511600
510900
511500
509900
512200
596100
601400
641000
590600
566400
596800
558300
549500
591100
570900
581200
589900
531000
556900
552800
648800
631200
621100
574400
582300
705600
677600
637300
609100
680900
604200
583300
707300
574100
681700
728900
704500
661400
718600
739000
630300
625700
554300
516600
515400
516500
528000
515300
514700
513400
513400
510100
509600
510500
517900
575000
598500
537900
560300
515000
585700
512100
528200
515000
512900
514700
514400
514000
527000
513200
518100
516800
513800
510400
510600
540800
508600
509900
509100
514500
509800
618200
570500
597700
612100
591400
638900
605600
621800
618600
538000
537200
536600
549400
548600
551700
547000
555900
550600
550800
510500
566900
518600
532500
518200
509700
515600
546400
512400
521400
509200
557900
513800
513700
558500
510400
507500
547300
560700
514700
514100
516200
555600
513700
531000
519800
517400
511000
512800
509900
519500
510800
512200
507000
509800
509000
510000
509400
508900
509900
510000
510500
512400
509000
508000
509200
509900
507700
506900
511000
509900
509200
507400
508500
506100
510500
508100
508100
509100
509800
537600
511200
509200
515400
510100
510700
507800
513300
508800
510000
509700
510700
507300
512400
509500
510400
508100
527400
509100
507600
508100
509400
507600
509000
508400
508600
510200
506600
508200
509800
506000
510100
514000
508900
510700
510400
511100
503600
507400
508000
507100
506900
510800
508100
509500
510900
509700
536600
516900
628300
512300
508500
515500
525300
509900
513800
510300
514300
526600
525600
508700
548300
507900
514500
511100
509500
511000
561200
508400
551800
519400
509500
561500
511100
520600
534400
516000
506200
560400
524600
510500
550200
509000
555100
556000
508000
511600
514600
509000
508200
508300
535900
516500
508700
511400
508600
508400
510500
510600
509500
509700
510700
509300
510700
510300
511200
548200
510900
510900
509200
507000
506000
509200
508500
517400
509300
509500
509800
507600
511100
511300
507000
509800
519800
509100
509900
510000
507600
507200
510300
510500
510400
509600
509500
758300
510400
510400
508900
822800
544500
511700
528800
513800
526000
517400
516200
517500
510700
553300
516300
531500
510000
510900
512200
508400
510100
511700
505800
543800
515000
547600
514800
515700
520400
507300
515200
513500
506500
544600
509500
507800
507200
513700
529900
508500
507400
507300
506300
508600
509100
531300
508200
507900
505900
506400
507100
509000
503400
507000
508100
511700
509600
507500
509600
510600
508500
508900
509400
566700
508900
510700
508300
509300
511400
508800
509400
510000
509400
509800
510500
507900
511400
510400
509400
508600
508500
508400
505100
508800
510000
511700
509800
509500
508600
507700
508500
537900
511300
509800
528700
516100
513300
521400
516100
520600
512000
538500
513500
546300
519400
523100
540500
511000
542400
535600
524700
511000
510300
510300
509800
511600
510300
511700
512100
518900
514900
509800
510100
530900
539800
510400
553300
510800
546900
518400
518000
579100
515200
544400
513000
507400
507900
509900
509400
511100
508100
511500
508500
509100
507500
510800
510200
511200
510600
509900
533600
512400
509400
508400
508900
524300
505900
508100
508500
507400
507700
507500
508700
508400
505400
506700
508700
509200
505600
509000
514800
508700
511300
509700
597600
623800
546900
605600
599500
570900
588200
592800
530800
586400
610000
510400
591600
616600
627000
509000
508500
508600
521300
536200
510400
507400
509400
509000
508700
527300
519700
506600
555300
518800
510300
513200
553400
509100
572300
521500
543700
507500
514600
518800
547700
510000
509600
506600
553000
513600
510800
506500
506300
507100
507900
505900
509500
510300
509500
527400
691000
509000
509200
510000
510100
508600
510600
513100
509200
509900
510300
510800
509600
509400
510500
512500
510600
510000
511100
511300
508100
510100
510300
507600
505700
509000
507700
509400
510000
509900
524000
509200
508200
508000
509200
509600
509600
510000
509400
508000
509500
509900
510900
509000
509900
510500
515700
510400
508900
510300
509700
510600
510100
511000
508600
508400
509300
508500
507900
509100
507400
507900
509400
508300
508200
508700
508800
508200
525900
507500
509200
511000
508700
511600
509900
510700
511500
510500
510000
509000
510400
511700
509200
515800
509000
508800
507300
507500
506500
506200
506900
506600
510300
518500
508700
509300
509600
509700
511500
536700
507200
508100
511000
510500
509600
507500
509300
510100
509600
519900
548800
511700
507800
510700
513600
509200
510400
510100
508000
508000
510000
511200
509400
507500
529100
508300
506600
506200
508800
508800
506600
506600
507700
508500
509200
505300
507200
507700
509400
509300
504700
506300
508200
507100
511000
507600
508800
509300
509000
511000
508100
509900
508800
509300
508800
509500
527400
509500
510000
509700
513400
510600
516100
512500
509900
511300
510800
510300
510400
510400
510000
510000
511200
510100
510800
504000
507900
506400
507700
505700
507700
509800
510900
509800
509700
509900
509900
510400
511700
510100
508700
508500
512600
509500
508900
809900
510700
508600
509400
509800
508700
508300
508400
510800
510100
510000
507900
509400
509900
513100
509100
511000
511800
508600
509900
508600
509300
509900
509700
511000
509900
510500
510000
508500
511700
508000
509600
510100
510200
510200
510500
509700
511900
509200
524100
511100
534400
509000
510000
511200
508600
511000
511900
509700
509400
507000
509500
509600
510400
510100
536700
509600
534900
509400
508700
510300
510200
509200
509400
508900
509400
509700
513400
510600
510800
510300
511600
530700
510600
513000
509600
510500
510900
510900
509200
510000
510000
508900
507800
509200
509600
510600
512800
529100
512100
512600
509900
509400
509900
511600
511900
509000
509200
510400
507700
511100
520400
508100
506800
513100
508500
508400
507800
509600
507700
509900
512200
508900
511300
510300
509500
509700
508000
509000
507800
514700
508800
510200
508100
509700
509600
510000
510000
506800
509700
511100
509100
516800
510900
508700
1201800
992300
1037000
798100
570800
516100
508700
511200
509900
508300
505700
507400
512000
510600
511000
509200
509000
509700
509500
508500
509700
509200
506900
507800
508900
507500
508800
506400
505900
506500
507900
506900
511100
508500
507000
509700
508300
507800
509400
507100
508000
507500
506900
507100
530800
509100
508300
509200
509600
509600
508100
510900
510800
509700
510300
509300
510700
511700
511200
511900
532500
534200
560800
559600
569600
554700
562500
510000
528100
520100
521500
528600
517100
511000
608000
580300
506200
536400
516300
522100
510900
516800
513200
534800
513700
641200
617400
507200
509700
512000
516300
509800
508200
535500
510400
530900
514000
509900
509100
509200
510200
510700
511400
537900
508800
527500
509800
508500
512200
509400
508500
509200
509100
508800
508500
507400
508900
509600
512700
535800
509900
514100
507900
507700
508200
509000
507100
507500
508700
508800
506900
508400
506700
504600
528500
509600
509000
509100
509800
508300
509800
510900
508600
510500
506600
510000
508500
511000
508800
532800
510700
510100
511500
512400
568300
571300
530200
573300
510700
615000
634100
629900
628600
675300
667000
633000
625900
601600
519700
568000
566900
609500
591100
516800
607400
579600
618300
577400
540100
518800
530900
510600
519600
518900
520200
511100
554600
517900
510500
509200
513800
510800
518100
517600
526600
513200
509300
550700
507500
528300
514700
507700
567400
507000
508000
507200
506700
508000
506100
507200
515900
508900
510000
511200
510700
510000
511100
509800
509000
511000
509000
511100
509800
510300
506200
508300
509300
508900
509500
506800
509900
508200
510200
509700
510300
508500
509300
508700
509700
509200
529200
510800
510900
510000
509800
507700
510300
506300
510500
537000
512400
508500
509800
511000
510300
630000
507700
510200
516100
511100
510000
510100
507000
507400
508300
515000
513000
507600
508700
510100
511300
507300
511000
526300
519700
518900
509400
507900
512200
559200
566700
507600
548900
518400
525800
563600
522700
508700
518000
513500
504700
508400
508100
557700
551300
509700
512000
504700
521400
555400
519300
531800
516300
508800
511500
510900
510800
537300
516000
508800
510300
510200
508700
509600
507500
514900
508800
515700
509300
509400
510000
509000
532300
508500
509800
507700
510300
510900
510500
509600
508800
511100
506900
509100
508700
506800
508800
508500
544400
507900
508200
508200
511200
509500
512500
510200
510700
509800
510400
509700
508900
508700
532500
511300
511000
509900
510900
506700
510100
509200
507800
511500
549100
510800
518100
509800
517500
524300
570900
506100
564900
544100
508500
571700
521300
520600
508900
527900
516300
532400
518200
519900
524800
519000
509900
529800
555700
517100
548100
519100
514700
521800
519000
510200
547200
592000
510300
507200
509500
506100
508700
509300
511900
510200
518400
509800
509600
511400
509400
508200
541200
511400
509400
509000
508900
510900
511800
508300
510100
517700
524400
509300
527600
508800
509000
529000
510800
510400
508800
520100
522900
1575000
778000
1904700
510800
510700
509200
509400
510700
555700
552900
511000
510500
546000
511800
511900
511700
545900
511200
517900
517600
517000
511200
508600
537400
517800
557900
552400
549500
510200
652700
555500
540600
607400
577700
545900
570600
564800
565500
552000
547500
546100
548200
576700
549700
551200
535000
539000
555500
550200
547300
568500
545500
542300
549700
561400
533300
530000
535300
531300
548900
542200
592000
546000
546800
558400
559500
545400
530200
533400
573500
656000
658800
639400
656100
671300
639800
641600
646500
647800
651100
637300
641200
799700
634400
506400
507100
505100
506100
509100
508300
509000
507800
509200
509500
508500
509300
508600
530000
550800
553800
510800
571900
593800
577300
537500
510300
511700
510500
509900
508600
510500
511400
509400
509300
512900
510100
513300
510700
510500
510800
510300
510200
506800
509600
509200
509000
510000
508800
507000
509600
510500
538600
509300
509300
509400
509500
513300
510800
507600
509600
508300
508900
515400
508300
509200
508100
528900
507800
508000
509100
506700
508700
508300
536100
507700
506800
507200
526600
507700
518200
505600
507200
507100
507900
506800
506900
506400
508100
507500
506800
507100
506100
505300
506600
508600
506700
506800
507200
508300
507600
506400
508100
507700
507500
508000
508300
516100
509100
509600
509300
529700
509000
508800
509900
509600
508500
507900
509900
508900
508800
508700
512500
509400
513800
510400
511000
509700
514100
509500
510800
509200
510500
509200
511600
512300
510200
521800
508200
509100
779300
508600
510700
507200
511100
509500
511600
509200
508800
508500
511700
509100
518800
511000
508700
505200
508300
505400
506400
506100
507500
506100
506400
507200
508200
509400
511100
513300
507300
508400
536700
506100
508900
508600
507100
506200
508500
508800
506900
507900
508000
509000
518200
509200
510400
510700
510600
509400
511900
510000
509600
509200
510700
507700
511200
510000
509300
530000
505400
505200
510000
506700
506200
506500
510100
510400
509600
510500
509100
509000
510300
508200
531000
509600
535300
507800
507000
510800
513600
509800
509900
510300
510100
510600
510500
510100
509400
514700
519600
507100
505800
514100
506800
511700
558100
567400
511600
548400
514700
545500
760900
545800
516700
513900
508800
550600
559500
511100
566000
591100
510000
572800
577100
510300
542300
583200
509900
514800
509900
509600
510800
510800
507000
507600
508800
507100
509500
508100
512000
509800
509800
510800
538700
510600
510700
509900
510400
509200
511500
510900
510300
511300
511000
510300
507700
510600
518400
509900
508600
509200
509200
509900
510600
509100
509100
508000
508200
508900
508500
509800
508600
510400
515400
507700
510900
511800
509100
508800
510900
510900
511200
508200
511100
509200
510500
510300
508800
2365900
509000
509700
505700
509100
510300
507500
509900
507300
506100
506800
506900
508300
506000
506100
507100
506900
506900
508100
507100
506500
535400
531900
505600
510400
557400
538700
506500
505600
506100
507800
522100
558500
508800
550700
555500
509500
764600
513500
525700
549200
509700
551300
518800
522500
521100
532600
509100
510800
509900
533700
510200
508600
510400
509400
510700
510900
510700
508300
509700
536800
510600
509700
508700
511500
510600
508400
509600
510400
510800
507800
507900
506100
506200
506600
506700
507000
507500
513500
506900
506300
507100
504900
507400
508400
508500
505600
508600
507700
507900
508200
527300
508700
508300
509400
508300
508900
507400
510100
509300
509100
510200
509200
509600
509200
509900
513300
507600
506900
509700
552800
562800
546800
556100
554200
609100
513400
605100
571300
568600
552500
534000
526800
836600
522600
511400
508900
509900
515500
517200
509400
507200
519900
528600
522000
510800
516700
509200
521000
529600
508500
509000
509000
508400
507100
509000
506300
506100
507700
507700
506800
507900
506100
509100
507400
513900
524600
509600
508900
507800
510700
510600
513500
513700
509200
510600
509700
508400
510000
509800
522700
508800
506200
507500
508600
509900
537100
510000
510800
509000
538200
510700
510400
509800
509900
510400
523100
552200
509700
509400
509900
509500
510700
536100
601000
516300
507700
509400
508700
517500
534000
509200
508200
512300
510900
510300
508400
509700
509700
509500
535200
525300
510400
510500
509400
511100
509500
526400
553100
556200
532500
508800
517100
510700
509300
532200
507500
508700
509400
508900
507800
510400
519600
510400
515100
508700
511700
510000
507800
509500
513500
509300
510800
511100
511600
509900
507500
509100
509800
510400
510900
507100
510000
508800
509400
510200
506800
508800
512100
511400
510600
511200
509200
1285900
507000
506600
507000
508700
506500
507200
535900
510500
508400
515100
510400
510400
511400
525300
508000
507700
505400
509700
506900
510100
511400
514500
509300
514200
509800
510300
510700
509800
511700
509600
510300
509200
510100
507000
513200
551700
570700
553700
536200
519300
517300
622800
633100
612700
593500
592000
648200
609900
571900
508300
600400
621500
601800
628100
516900
567100
576700
509800
511200
510800
508200
510000
509300
510300
537300
511100
509300
508200
508400
507200
509200
508700
518400
508600
507400
507300
511000
510100
508500
510400
509500
508900
510800
511400
511600
510400
510100
522800
506500
507900
506800
505400
508100
510100
508800
530600
507300
507700
510400
507800
509900
511200
509900
510400
508400
510000
509700
509100
508500
511000
510100
509300
509900
511200
513100
509900
509600
509000
511200
511300
509800
509500
508500
508800
512000
508100
511700
510900
511000
510800
522100
508900
510600
509500
511500
509500
510400
510900
508600
507700
510900
532100
510700
506100
509400
509900
509300
508000
508800
512300
517300
511400
509800
511100
507200
509500
513800
506700
507300
509500
510000
512300
510700
513700
509100
515300
510100
527100
510100
509400
504600
506800
506200
533800
509900
511600
509900
515300
509200
510000
512300
521200
510900
509600
508100
508600
510600
549900
510400
510500
510600
508600
509300
506900
508000
507000
507900
830800
998000
1029500
965600
727900
728100
867300
543400
509600
509400
509200
510200
523800
508200
510600
511700
510900
507700
509600
508900
509600
509000
509400
508800
510400
509900
510300
510300
511900
506600
507600
506800
508700
508400
529500
512100
510600
515800
508200
509800
514700
510800
525600
520900
554700
562600
569000
560500
537000
519400
511900
510900
520400
536900
561000
511600
562700
559300
556000
555100
566700
578900
565200
570000
542300
518600
530900
524000
526400
523700
544300
530300
518100
537600
510400
545600
508900
510200
522100
508100
510400
511400
510600
510400
510200
515800
509700
514900
509000
511500
508700
509900
509500
509900
510100
509500
509100
508500
510500
508900
510200
508900
507800
509500
509600
509500
511100
510100
510400
510900
508700
511500
510200
510200
510400
510300
507100
510300
509000
510400
508400
534500
510000
510800
515100
508800
713600
509600
509700
509500
509000
510600
509400
514600
525000
521600
511200
510500
510500
510100
511300
509600
510300
509600
511700
509200
508800
534700
546600
508600
510800
509900
554600
511500
510700
509300
512400
511200
511400
509500
510600
577500
546200
517200
510700
509500
510700
566600
590200
584200
519300
510600
511000
509800
511100
507900
510200
510300
509900
512200
511200
509800
521300
518200
524300
510800
513500
516500
514300
516000
514200
516000
514600
516400
512700
520100
534800
512900
516300
515400
514600
516300
520800
513500
518900
511100
509900
511200
525900
520900
539800
507200
505300
518700
620300
579400
620800
513800
508300
506500
511200
507700
503500
506300
527900
508400
504900
511100
509600
576800
596900
524500
542000
508300
513600
508500
610900
619400
700100
581100
509500
511200
508500
510500
511100
511200
510300
508200
510100
508500
510600
510500
510000
547400
514800
510000
510000
507600
510300
509700
510800
509400
511000
509100
509200
510500
510300
510700
523900
510900
514300
509800
509200
509500
727500
557100
573400
569100
526100
518100
513100
509000
557100
510400
504800
522000
556700
531900
527900
547700
815700
796500
514600
509300
508600
530300
688200
514200
532900
510800
545100
518900
510600
510700
511100
509500
510300
509200
510600
509100
509800
519200
508700
507900
512200
507700
509000
507100
510100
510100
510100
508200
510600
510000
509500
506200
505800
506100
506100
507800
507700
511500
507100
506900
505800
506900
508600
508100
505600
507100
505500
506500
506000
507600
539500
580700
609200
583800
629100
561900
595900
580400
564800
618600
591300
605700
605200
633200
547500
601400
511300
510400
515700
511300
509600
510800
508300
509400
510300
512200
510400
509200
543400
507400
509700
509300
510600
510100
509100
511600
507800
508100
510600
510000
512700
507700
508700
520700
509200
515100
535500
510100
517700
509200
551000
555600
507000
537800
520800
509200
509200
526000
521200
519000
509900
541700
661600
511600
544100
508600
541700
509400
543900
571300
508700
509700
509200
509300
509000
510500
510400
511500
511300
509400
510500
508900
511300
508400
509900
509100
509800
511700
510900
518100
516200
516400
514600
514700
514300
545500
509800
508600
530100
514600
510200
515100
510600
640200
514900
526500
512900
763900
509700
508900
507900
510100
509800
507400
511100
509200
507600
522700
509500
510300
510800
516100
510500
508000
509600
508100
508500
505800
534200
509500
510000
509400
509900
510000
507700
509700
511500
510200
508500
510000
508300
509500
509000
510100
510300
512600
509600
509400
508000
509400
509500
513300
508600
509500
510600
513100
510800
509400
509000
509800
507200
507900
507000
507500
506400
505900
507500
504300
507000
510200
508800
509800
509400
514500
511900
508000
508000
509500
509100
509800
508300
511100
511300
509700
507400
508700
509100
509600
535400
509000
507800
508500
508300
509800
510400
510700
508300
508600
508000
508600
510900
510400
513500
512600
508900
510300
510800
511000
508100
510800
510700
510200
506000
510500
509500
508600
507500
509800
509800
509000
509000
508800
509500
506100
508100
514500
509900
507600
505600
506800
506500
506600
509100
505000
507000
506000
505600
507100
507100
505300
505900
503900
505000
508800
509000
510400
509700
509700
511400
513200
510500
509900
510500
507700
505800
509900
509400
515300
510100
506900
509300
507100
512200
508700
511600
624300
533200
608600
643100
546400
597300
578100
615300
643500
739400
654400
545100
593400
508400
509400
510900
510000
510000
508600
509100
510100
544200
507900
508400
509800
510100
509700
542100
520900
509800
510900
508800
510900
509400
509400
509600
509700
508400
538300
640200
573000
635500
620100
569500
578200
572000
569800
635700
626000
575000
591600
525600
637900
511300
507900
512600
509300
509600
509000
508000
511700
536200
525200
510700
512100
513800
510400
509600
510700
510200
509200
510500
512000
508000
509100
511300
511400
510400
510400
509900
532000
513800
511400
550800
510500
553000
534400
510100
511300
537600
542800
508700
523000
509200
546100
508800
509000
507300
534200
508700
530800
508900
512300
520100
520200
516600
544100
512800
517400
506000
521200
516000
510100
506600
508300
542500
522400
508800
509900
508600
511400
510300
506600
508600
510600
510400
511700
507700
512800
510100
509800
507400
505800
506700
510500
508700
511600
509200
509500
504900
506400
507800
510500
505300
506400
505100
507000
506400
505200
508000
507600
507500
506100
509500
508300
510900
510300
514800
511000
507700
736200
511300
509400
510400
510900
509700
506600
509100
510300
511400
509000
511100
510400
506800
510700
509900
509900
510300
511100
510100
509300
510100
510500
511100
511600
510600
509000
511000
525800
511000
513800
547800
511000
553000
519200
519400
513400
508700
516900
526900
509600
517100
510200
509800
512600
527900
516100
509600
506300
507100
508300
563600
577500
508100
589600
546700
539500
602900
535100
595000
622500
566500
646200
632700
659300
624100
629200
510000
596600
579200
629000
609400
584200
603700
640700
603300
625500
527600
571900
509800
510500
511200
508900
507700
510200
506400
508100
506500
506900
505500
506300
508100
504000
506800
506800
505600
508500
507600
508600
526700
539400
508600
509200
510100
508900
508400
506700
508700
510100
512600
509700
509900
511600
510300
512900
510200
508000
737800
511700
508900
508200
511200
511200
511000
511200
509800
509400
509300
510400
529100
513700
516600
539300
509300
514000
506900
591300
577300
521400
506500
525400
503600
535000
563700
507000
518800
515200
510900
510700
548500
568100
606900
637100
616300
507100
541500
511100
519200
553100
547600
512800
508200
555200
517900
518200
518600
507100
509600
508900
513300
510300
510300
538900
510300
512700
512600
512900
510200
512800
516400
509200
510900
508800
510000
510700
507800
517300
509300
693600
529900
509500
509800
509700
507900
506500
509900
505800
506000
505800
506800
508600
510600
510700
513400
510900
508000
510100
512100
510400
508300
509700
509400
510200
511000
510000
508300
510800
511500
509500
511000
510600
512100
508900
507200
509200
514300
509600
509400
510200
505000
507900
507400
506400
506700
548600
521000
543100
522800
511300
512800
566000
584700
510900
531100
510400
754300
555800
536400
511100
511700
536300
514000
537100
516300
562600
564300
509300
505900
508900
509600
512000
549600
511800
514200
510400
509000
512100
510200
510700
511300
510000
510600
509800
510700
508500
508600
638400
511400
508400
508800
508900
508800
508800
509300
509200
509700
509300
508700
529100
510300
508600
599200
511500
510800
510100
510100
509700
512900
510300
511400
508700
510300
510100
510700
508000
508400
508900
510000
511900
508100
508500
510100
509400
509500
511900
506900
509900
510300
509400
508400
510100
509400
509000
509400
509300
509000
511200
506900
511900
509800
510800
509400
517500
511900
508000
509000
552100
515700
507000
507400
505400
506800
506500
559300
509100
509100
507200
536700
509000
508000
510300
507200
519300
509900
511700
546700
548700
510900
508900
510000
510400
508800
514800
509900
507900
507700
509400
510300
510100
509100
509100
511200
517600
507100
507500
507200
504400
504500
505300
506600
506800
508900
507900
506200
506900
507300
507900
506800
506700
506300
505900
539100
508900
508100
509800
510000
509600
508300
531100
607500
537100
545600
549000
548400
555200
544300
539200
538200
541000
556400
555300
540800
537400
550400
559200
555500
553000
539900
550000
568900
559900
554800
554400
549300
542700
550400
554700
552300
572700
557000
552500
553600
544300
566500
536200
550500
551200
550000
540600
550700
540100
549400
541700
545100
535800
552400
540300
536700
538600
537900
553000
552900
543900
537600
538800
509100
509700
509500
509200
507500
510400
510500
537800
508500
509200
508500
510400
509300
509600
510200
509500
521100
509100
511100
510400
508100
509800
535900
511800
509600
508100
506900
509300
509400
510500
511200
508900
526300
507800
508500
508100
509100
534500
509200
508500
508800
509500
507400
507400
505700
506200
507200
507100
506600
507200
505500
509800
511800
508500
509000
507600
505200
507800
508000
508800
507800
507000
509400
516400
508700
509800
511800
509800
508900
507800
510200
509200
509500
510000
508900
508400
509200
761000
549600
509000
510900
509300
510900
540000
509100
526400
510400
508800
529000
534300
510000
509900
508500
507000
506200
506500
507700
506300
505200
509100
509100
509400
508300
510000
509800
509800
508400
509000
510700
508800
511100
510300
512900
508500
510600
507800
510900
510500
508700
511100
509800
510000
511300
509700
511500
512000
511300
510000
509300
510400
510000
509800
508200
508900
509600
508100
511400
508800
509100
508900
508600
509200
511200
511700
510400
510300
510900
607900
604800
603100
594400
592600
603700
596500
594800
600600
605200
652700
606900
615400
604900
601700
597300
606500
606400
606500
596500
603500
605400
598700
601500
605100
602700
612100
608800
606600
603100
628200
599100
601100
616000
604700
598500
614000
600800
602000
594000
595000
600500
606600
608800
598700
606800
527600
506400
505400
506700
507000
507000
527500
527600
558600
554400
561900
545900
528300
516200
528400
541700
519500
549500
536200
535200
570600
556700
517900
509500
575100
629000
608000
538800
536800
523300
524600
545200
559000
861700
536400
531000
542300
521300
521100
518200
510400
509500
513900
510300
517500
509700
520400
559900
516600
520800
509900
511800
509900
556500
516200
515500
571300
509900
511000
509200
507200
507900
506600
508300
507000
508400
508100
508700
507600
506600
2314800
506000
510600
510400
516300
508600
509800
510900
511700
509200
509700
509100
510500
511200
507800
508300
508800
506900
507500
545300
508000
509100
510400
508400
509800
508700
508800
508500
506800
508600
508300
507400
506700
505800
506900
509600
535400
514100
527000
520400
524400
511000
800300
525200
533900
543700
508600
552200
590400
620900
514400
539900
519600
518000
512500
522400
518200
511000
514600
510200
516900
511700
518500
607100
682900
602400
663300
620900
580100
595700
595400
602300
627400
560000
627800
678900
565000
816300
512600
509200
510600
511000
509200
509000
508800
509300
510000
508300
510400
509700
512900
510700
510200
510200
511700
510000
509400
510700
508600
507400
511200
508700
511600
534500
509800
509500
510200
509100
509900
510700
511100
508800
509000
520400
508200
513700
521900
513300
513700
510800
520800
509600
580300
636900
642400
508400
510400
508900
509000
509400
510200
510900
510700
508500
508800
521600
507800
509500
520700
544100
509700
508100
509200
506400
510700
506800
506800
550300
505000
507800
512100
542100
507700
507200
527500
569700
513200
556200
518500
522300
514100
504100
517900
510200
512200
725400
772300
544500
509400
516800
555700
510000
510200
509800
507900
509800
508900
511600
511300
522200
510000
508100
509000
510100
509800
509700
514300
511700
509200
817400
509800
536000
515500
509900
515100
513800
510700
508500
509100
510400
509700
507300
510400
507400
510200
509900
510100
509900
509600
509500
522400
508300
509300
510900
509300
508300
504500
508200
506600
506700
508200
507100
508400
506000
507300
509100
549600
509700
508800
511400
510600
508700
508400
509500
513500
508500
537600
508800
508100
507300
508900
511900
514100
507900
540100
512800
510000
552300
516700
527500
517200
511300
598600
509900
510600
509700
514800
514600
515600
536900
516500
518800
513100
553800
568600
513100
518000
520500
519700
508100
552100
520200
726000
520100
520500
513900
508800
509400
507400
507400
537000
526800
507000
540000
512100
539500
515300
507400
504300
504600
504800
507100
508900
508200
505000
507700
507000
509900
513100
549700
577600
509800
561500
542100
567300
628800
627500
642400
633600
647600
645800
637800
640800
545000
512200
510200
589800
594200
594100
602100
549400
608600
598100
574000
506300
511900
537900
506500
506100
507400
506700
507500
507000
505900
506700
507200
506300
507200
506400
506200
507200
507400
506600
517900
527900
510900
511200
512300
530300
516300
521500
516500
517600
509400
515400
507300
539100
521200
536800
532000
560900
513100
535800
551700
521900
527800
511200
518600
549100
518000
542200
560100
531700
509200
508900
509100
509500
508900
509000
507700
533400
507500
507500
508400
509500
509400
508500
521900
510700
511300
514800
511300
508900
511100
511500
509600
509500
510900
509700
512000
507500
510300
521200
508700
508500
507200
508800
750400
506600
510500
509900
509900
509200
508700
508900
511600
510200
507800
514900
509400
508400
507900
510900
510200
510500
509800
510100
510300
512100
513800
511500
510300
518500
508600
508700
509000
510800
507400
509500
513000
509200
513800
506000
506400
507600
508000
510100
510400
514000
511000
509800
510800
510200
510500
536500
509700
511500
509800
510100
508700
507600
627300
634500
613500
602200
604100
598600
627400
600000
611300
597200
606200
599000
604900
601500
602700
614300
599800
614600
603900
601700
632200
605300
621000
597600
602000
604600
603900
601800
615600
622700
709400
593700
602400
601500
670200
593300
596500
602600
600300
597700
507300
506100
508000
510600
509500
509600
513600
510500
535400
508700
510300
508100
511300
510300
510200
510200
509700
509200
511500
511900
510100
508800
515400
508000
508900
509400
510000
518000
509800
507700
509700
507000
507900
508900
516600
509700
509400
507500
537700
506200
508600
510000
510000
508200
507900
511700
509700
509500
509200
509300
508100
517300
508000
537800
536500
509900
509200
506500
509200
506300
511100
509900
507800
508600
510900
536100
507900
506800
505500
507400
506900
506200
505700
507400
508200
507700
507300
507900
507700
507500
507700
651800
530300
541600
513000
520600
512900
528200
517800
543100
513100
520000
520500
519000
514000
564000
563600
508800
565400
571600
509500
540600
558200
508400
521500
529700
507500
522500
511600
520900
506800
514100
511600
579400
508200
530200
511300
507300
506400
508400
507600
508500
507200
511500
504900
506900
507400
506000
505200
507100
507000
505200
505700
507400
507000
506100
505000
507100
506600
507000
507400
504900
504000
507000
506600
508900
506800
507400
508200
505700
507600
509200
508200
506700
512700
507000
523800
510700
508100
507100
506600
508900
512400
504900
509100
508300
509100
509200
506900
508500
509500
532600
509100
511100
507400
530900
512500
506900
506800
524900
543400
507200
507100
506600
507400
513100
521300
508800
506500
506800
574200
555700
508500
531800
568100
507900
554200
546600
508700
563000
519400
530400
526900
549000
578500
508500
506700
507000
509100
508200
506300
507100
507200
508900
506800
525500
507600
508300
516700
507900
508400
508700
509700
508800
510000
505500
508900
507800
508300
508000
525400
509000
508100
514600
510700
509900
513600
510400
508400
509200
513200
510300
509900
508900
510600
510200
509000
510600
508800
508700
508800
508900
509400
508700
510100
507800
509600
507000
510200
510500
526900
508600
506900
525900
507700
508100
509700
509700
509300
507800
509600
506700
509600
508300
508000
523500
508600
507300
509100
513300
519800
509800
531900
512900
506800
509500
550200
580300
505200
539200
569300
507400
553000
509300
538100
513400
508800
525500
511300
508400
511800
509100
505800
509300
541500
508600
509500
508000
509000
508700
513700
509800
508800
507500
508900
507500
507100
506900
512500
527000
508400
507900
508800
508900
508400
508800
511900
508700
507800
507700
516800
508200
510000
569000
701900
700800
530400
508000
509700
508100
509600
509900
509200
515100
511000
512100
511900
508900
509100
510100
510400
510400
510500
509500
510900
507700
523400
511700
506400
507800
506000
508900
525300
507500
508100
507400
510800
508600
508700
508500
508500
508500
518400
507800
509200
507000
508900
526700
510000
506600
507000
506800
508100
508000
507300
508900
508500
507400
514200
508400
508700
509400
527000
507300
508000
510000
510000
508500
508600
506800
507200
507000
507900
507600
508700
506200
506300
506700
507400
506600
509000
509600
505100
508300
507100
507400
507500
506400
506500
507100
600600
655400
526900
507500
509700
508600
505500
508800
509100
506300
507900
508200
508900
508900
507000
512700
509900
511500
509100
509800
509500
508600
510000
510100
509500
506800
509400
504500
508300
508500
517000
507100
525900
509400
507700
507800
509400
507100
507400
507200
505700
508500
507900
508900
509200
508600
512000
539200
508900
508300
506100
510400
507000
505900
508300
506600
507200
507200
506900
510200
507100
506900
505600
506600
507600
507200
509200
508600
506800
510500
507100
507900
510000
509400
509000
508900
509300
508800
526500
513000
509700
508200
505500
506200
508000
506200
507200
506400
507100
507500
505100
505900
505600
508500
523700
509300
506400
507600
506400
507500
505100
507200
507900
506000
507500
508000
506200
510200
507400
507700
508300
508300
506800
510300
507700
508600
506900
509000
508900
509600
509300
507900
509300
507200
525800
507900
507600
508700
508800
509500
505500
507900
510200
509700
506400
506600
506300
507900
507500
506900
507100
507100
509000
507900
514900
509500
507500
508100
509700
508900
509000
508700
509000
508700
508200
525400
509400
509300
507800
506800
507000
507400
507800
507700
507100
506100
506700
507200
507500
507900
507400
512600
512900
507800
508400
508500
508700
588300
607300
608200
600300
603900
592500
620500
598800
607300
602800
597000
598100
603000
601300
614100
598300
603000
590400
604100
597800
614700
610500
626000
605200
614500
603000
605300
600300
609100
621200
609400
506100
506600
516000
506700
506700
506000
505900
509000
506300
507600
504200
507400
511800
508500
507100
533100
509100
507100
507200
506800
508100
527900
509300
510000
508100
507800
508700
508000
508800
510300
509600
508200
509700
509200
507200
507900
509000
528600
508400
505700
507900
512500
517700
506600
508100
507400
508200
515400
508800
548400
513300
516900
522700
507900
512500
527200
515700
509200
510600
509000
508200
507900
521800
511600
566600
507500
520700
520000
512300
507600
561400
562400
507300
554400
519600
539100
546000
508100
567700
507800
512500
512800
524800
566200
506100
507900
503900
511800
520200
579600
507800
518300
510600
506900
508200
506500
506900
506900
506800
508100
508100
510300
508700
506700
505600
506300
508600
506400
506900
506500
508000
506600
506500
507700
507400
506300
507800
508800
506700
510800
504400
507400
506600
506500
506300
507900
507500
506900
507100
511700
509700
510300
509000
508800
509700
509700
509700
509500
507800
524400
522600
508600
509000
510100
506500
508200
507800
508500
506600
509500
510500
510100
510400
509700
508900
517800
573700
544000
607400
563800
509300
508200
599000
615500
626700
570400
538400
539100
510500
558200
598600
576700
558800
561500
607800
522700
513700
532100
509500
519600
509300
517000
539400
537000
522100
506400
513600
510400
510800
537000
509200
507800
507800
520700
544600
509800
539500
586600
513200
525400
516700
516000
533000
523800
508400
512000
510600
509300
508200
509200
510600
509400
509700
537300
517800
509100
508400
511400
509800
510700
510900
509100
510400
508300
510100
509600
510300
509300
511000
510100
516700
511700
510400
509100
507900
509300
514700
509500
509300
509500
510500
509500
503400
509000
507200
529200
529400
508700
505800
509400
507900
509600
509100
510400
506800
506900
506700
507800
507500
507900
507500
507400
507100
506700
506300
508200
507200
508800
507500
509300
507600
508600
505600
506300
506400
504800
505900
507100
507600
506300
508000
535800
510600
508000
506200
543800
510500
517200
514800
507400
514200
512000
510700
508500
511200
509600
518300
512300
513200
508300
536500
508200
516900
514300
508800
507400
530200
511600
543500
508900
570500
507700
515700
508000
521300
506200
508900
508200
507500
507300
511500
508900
529300
508100
509300
509000
510500
507300
520300
508600
508800
508600
508500
507600
510300
507000
508400
508000
507200
507600
507600
505900
505100
505200
507700
506500
506300
507400
507600
505600
507000
505600
506000
506600
507200
506700
508500
507500
507100
508100
509200
513800
507400
507800
508500
509100
507700
507500
526500
509100
508100
509200
509400
508200
507700
508800
508500
506700
505900
505900
506200
507200
507500
507000
507700
506800
507000
507100
506400
508400
508500
507000
507300
506800
516900
516100
510600
509900
508100
510400
509300
508400
533400
506000
508700
507800
508600
505600
507800
507000
507500
506200
507600
506800
508400
506600
506900
506600
505600
506500
506000
508700
508800
509400
508900
509100
506700
508400
508800
507600
514400
507300
509100
527500
509400
510000
510700
511100
508800
510000
510100
509700
507900
508700
510700
509900
508700
509100
510300
510400
509500
509300
513000
510100
511100
511200
512500
509300
509800
509100
507700
531500
508200
506800
506700
505500
506100
507800
504400
507400
508900
508600
508900
510200
508000
510600
511100
510000
510100
513300
509600
511300
511000
509200
510600
510200
510300
514900
509700
510100
510400
507100
551400
506500
506300
507000
508800
506300
508200
507900
508200
508500
507900
509200
509500
508400
509000
512000
511800
532900
510300
509200
508800
510900
510400
509700
509500
506500
505600
508100
505300
511900
509900
509300
510500
527300
508300
507900
509000
509300
508600
508400
509600
508300
504400
507400
505600
504600
505900
507800
508600
505300
508500
504600
505900
508100
506100
506300
508200
506100
506500
508700
508700
506500
509600
524800
509300
509800
508700
508200
509100
508500
507600
508300
509400
508200
506300
506600
508400
547900
512600
510600
509800
511700
511000
509400
510700
511000
509300
509700
510400
507000
503000
510400
535200
506100
505600
507700
507700
505500
505900
507800
507200
507200
506400
505400
507500
540100
507600
503000
507300
506600
507600
506300
507500
507000
508300
506100
503900
507500
507700
505100
511200
509900
551300
507900
513900
529900
512400
508500
508500
510100
510300
508600
511300
510500
509400
509500
510500
506600
545400
507800
506200
506300
505900
508300
506300
506000
508200
506700
508000
507200
505500
507000
508500
503900
505600
505700
518800
506800
504800
507500
507700
506900
507700
505400
506500
509100
504800
507200
507600
509700
510900
546700
525000
512600
508600
512100
509400
508000
512500
510300
511500
516000
511400
508100
508700
511600
511800
511600
540400
510200
510400
511600
510300
509100
512600
511800
517900
511800
511500
509900
509400
512000
512000
510900
539100
512100
510400
509900
511800
511300
505900
504900
506200
508700
506300
506200
506400
504800
507100
506300
507600
505100
505700
507400
507600
508300
504800
514900
509900
510800
511100
512300
508100
511400
511200
510800
514000
524200
509900
510900
512500
511500
530400
509900
512100
510600
511300
505400
506400
507300
521300
506500
506500
506400
506900
506900
506000
506200
508200
507000
506800
506400
505600
506900
510600
511700
507700
510200
508500
509000
541800
513200
512600
532900
510700
511500
513900
511900
510300
510600
516200
524100
512700
544700
510600
511700
528900
507200
555000
511700
514600
504700
508100
509800
526100
531100
507900
545700
557300
505700
549000
506300
519100
516500
514100
520200
509800
530700
509300
551000
508700
529000
547400
521300
520900
507400
509900
586600
508400
507500
508400
508500
507600
506900
505900
508900
506800
507300
506300
2106500
509600
533400
507800
509000
508300
507900
510800
508000
510600
507600
509200
505100
508100
506100
507500
506700
506400
506300
506300
513600
507400
508100
508800
509000
508300
509000
510500
510200
508500
507900
507400
505900
507900
506800
506400
505700
507100
504800
511100
509200
509100
510000
506200
509500
508700
508700
509000
509900
526700
509400
506700
506300
509200
507300
508600
509300
508500
505100
507000
506700
504700
506500
506900
506300
504700
508000
511000
505800
508300
508600
508500
509000
508200
508700
509400
508500
510900
510400
508300
507500
528000
509000
508700
508500
515300
508100
507200
506600
506900
507100
506900
507200
507600
507300
508500
507400
507600
507400
507900
510800
508900
516700
509400
508400
509200
508300
508500
507200
504600
508300
508600
507100
508700
506200
507200
505300
508200
504700
507300
509900
505000
509400
509100
508500
508100
508700
505800
507900
514200
506300
529800
509400
507200
506000
506800
512300
508400
508100
504500
507000
509000
509000
509400
529500
509800
507500
516000
506000
508200
507700
507900
507600
508300
507700
506900
518800
506600
505700
508000
508400
506800
506700
507700
505100
507400
506700
506700
507600
512300
508500
508800
508500
509100
507500
526700
507800
507700
507100
505100
507700
505900
507000
507300
507900
507700
546200
505800
508200
510200
507700
527700
508300
508500
508400
511200
509000
508100
507300
507800
507100
507400
507000
513000
508100
515900
507300
506300
506900
506300
514500
519900
505700
507600
509200
527100
505900
544900
509000
536800
516200
511800
541200
510700
529200
524000
513600
512400
519100
509400
520000
506600
507500
510900
511600
515100
508800
521400
505300
505600
506000
528500
510800
545000
540600
508900
513400
507000
506200
506500
547300
527400
551000
506000
546300
507600
510700
507600
530500
527800
506400
508300
515600
516000
507700
507500
506400
505800
516000
509700
508300
513000
505300
512700
509900
508300
508100
510300
507800
507500
506800
508200
508400
507000
505800
506000
507500
505500
506600
509400
508700
508600
508700
506800
507000
507500
508100
505700
506900
508100
505700
506300
505600
507700
507200
508100
508800
508700
506300
511300
508100
509800
510700
508000
505900
507500
507100
508300
506400
507200
511200
508500
517900
538900
558000
511000
572100
546500
601800
610000
571400
523900
574600
611700
668300
685100
664100
658700
701500
699500
659500
616600
633600
575800
631700
597500
683300
660200
603200
676300
637600
587400
629000
542100
533600
592200
601400
574300
594900
561500
599700
555100
522300
510200
518800
530000
542100
505100
581200
518100
511400
512900
560600
548100
530700
569400
510000
518100
510100
536100
510600
510800
510700
509100
511000
510600
533000
507200
507400
506700
512100
506900
505600
508400
507700
508400
508500
508700
508100
509300
507700
509300
510800
508600
509700
509300
509200
508600
511200
508500
507700
508100
506000
516000
510800
526400
533500
514000
510300
510000
539600
521800
512100
510800
510300
511100
511300
510500
510100
519200
507600
506100
532300
508800
508200
509100
506300
508400
509100
527500
505600
507800
505200
507300
507900
507200
508900
506800
507300
506600
508700
507100
507400
507200
508500
507200
510500
508500
508700
510300
509600
508500
527800
508100
508500
507300
508200
509800
510900
508600
516700
507800
509800
507500
509700
507700
504800
506300
507800
508000
508500
507300
507800
507400
505500
507000
507400
507900
509400
508400
508500
507000
506900
506300
506600
509500
508300
509900
509600
506400
508700
508700
508700
508900
507600
508700
507300
513600
526200
510700
510100
508200
508600
509400
510200
508100
507000
507700
507200
506600
507700
507400
506700
506600
507300
506000
507400
505000
507800
506300
509300
508400
507100
511700
507500
508900
515400
509500
507500
525800
510600
507000
509100
508200
509700
510100
511700
507400
508600
508900
508500
507200
508500
510600
516900
505000
507500
505700
504700
506900
505400
506800
506400
505600
509400
508100
507100
507300
507400
506100
507100
506300
506000
506100
507500
506600
509500
509500
505900
508700
509600
508200
510900
507800
507700
515600
508600
508200
508500
512000
508400
508800
506400
508800
506400
509200
507300
511200
510700
511700
527000
508100
508400
507000
509300
508400
508000
510600
506900
506400
505900
509900
509000
506400
508200
508100
505500
508600
507000
507100
509400
507600
506600
509400
510400
509200
508500
508400
508100
508000
508300
509000
507500
508000
506400
506800
507400
506000
505900
505200
506600
507200
506700
508500
507300
507100
506800
505100
506900
507100
507200
507700
506100
506500
507800
510000
509000
509000
508200
508300
508200
506700
526400
511800
509100
506900
514900
504400
508500
507500
509000
508600
508200
508700
509200
508800
507000
525800
509100
508100
508200
509200
519800
508000
508600
507800
506800
508700
507900
507900
507700
508600
525700
508000
506900
509600
505600
508300
510700
508000
508400
508900
514500
508700
507100
507600
508000
508900
503700
506500
506700
506900
507300
507300
508000
505200
507800
507500
504900
506900
507500
506200
507200
507500
505700
505200
508100
506300
507500
507300
505100
506900
505900
505600
508200
507700
505500
509200
526800
508300
505800
509600
507600
508400
506200
508800
507900
510800
508000
509200
508700
510600
508500
513500
514500
513200
508700
508000
507400
506600
509100
509500
507900
508100
509100
508200
508000
508900
548900
507800
506600
508100
509600
504200
507600
506100
505600
507600
506600
505900
510700
505600
507200
506800
506800
505000
506900
505900
507300
506500
506400
506900
506300
507800
507100
507900
508400
507200
507300
526900
506800
506000
507300
508600
507200
508900
508100
508300
510100
508300
512800
509500
506500
508000
525200
508500
508200
509500
509500
509900
507800
508600
507400
508800
508300
509600
531900
508500
508400
525400
507500
507900
508200
506600
508400
508400
509000
509300
508500
508500
509900
508100
508900
509300
523000
517300
508400
508200
508600
509100
508200
508200
509000
507800
508100
509100
507200
509600
512000
525800
507900
509900
507600
509400
509100
508700
506800
508800
509700
509200
508100
507700
505000
508900
508700
508400
508500
506900
506700
506500
508900
507000
507200
507800
507200
507300
507800
507300
506100
507500
507200
506000
506000
507300
507700
507100
506400
510300
507700
508400
506900
506300
507200
506100
504100
506500
504800
506800
507600
506700
506200
507900
506900
506500
509100
509300
508600
505800
507800
508700
526400
513700
508200
508100
509000
505400
509400
507100
508400
510000
507500
508200
507900
508100
508900
540300
511600
511400
509300
509400
509100
507300
509100
508300
507400
509400
508900
509000
506500
509100
528500
508100
508200
513500
507700
507800
507500
509200
507300
506100
506000
506600
507200
507200
506900
506300
507300
507200
507600
515400
505100
507100
507600
506600
507900
512900
506700
507700
508000
507900
510100
525000
509800
509000
508500
515900
508700
507500
509700
508200
508600
511500
508300
509600
508300
510400
523600
508200
508600
511800
508400
515800
507500
508100
507800
508300
505400
509000
508500
507600
509800
526000
507800
507800
511500
508600
509600
524500
512200
511700
509000
507800
509000
508500
507600
508500
507100
505700
509100
506800
507700
506400
509200
506400
507000
507200
506900
507300
506800
507200
506600
507300
506800
506800
506600
505800
508100
507200
507300
505600
505500
505200
508800
509500
506300
505900
507500
508000
507700
505800
506900
505200
506200
508100
509600
506400
509900
506000
507200
507500
507100
507900
507900
508700
506600
507300
506400
503900
507500
506700
506600
507500
507400
508500
506000
506700
505700
507200
505000
506200
504400
507800
510500
506600
507000
507000
507900
506900
506800
506900
507800
507400
505200
504200
507300
508800
506200
504800
509700
510300
508200
506600
508500
507100
519100
508000
508400
513000
510400
511200
510700
557500
516500
510500
515300
514000
514400
559800
555100
513900
507100
517000
519000
553600
509100
509000
508300
508400
554900
506900
560400
548500
517900
508000
550500
533600
520100
508800
523600
510000
507500
508600
508500
506900
506200
508900
510600
508800
506300
510800
509200
517600
507800
507200
509700
509100
507900
507600
506200
506300
509700
508100
507100
505900
506600
546300
528600
504900
507500
505600
504600
508000
508200
507200
506000
506400
505700
507400
506700
506600
508700
506800
506700
508100
513700
508300
506600
508800
509800
506100
508400
508100
508800
508800
509800
508900
508100
524100
509700
514000
506600
506800
507600
507100
507100
507800
507800
506400
507400
507200
507100
506800
507200
506700
507800
507100
509700
515800
528900
508100
508200
506600
564100
559200
506300
525400
574800
507100
508500
537400
508300
526100
506300
513800
505900
546200
507800
507700
522300
506600
519300
506200
505500
559700
548200
508500
521600
567300
508000
546900
539700
547100
550900
534600
526200
508400
508200
536400
507500
509200
508400
506400
507400
509900
506500
507100
505000
505000
507300
506600
505300
506800
507900
505700
506500
509600
505900
510300
506700
508000
508300
508500
507600
508000
508700
505200
508500
510100
526100
507800
509600
508700
508100
508500
509600
512500
508800
508300
504100
505100
507600
507200
506800
506900
507300
507400
507300
504800
507100
506400
506400
508100
512300
506900
506600
507500
509400
508700
506500
525500
507100
508400
508500
526700
553800
532100
568900
519600
515100
571200
589500
619800
617100
617500
619900
610100
599900
536900
558500
592900
580200
582100
587200
651200
632000
589800
626900
506800
556000
520700
522900
510900
510600
566300
510500
533100
513600
547300
512300
506400
513200
523800
509500
543200
513900
508100
509100
508600
517300
509800
507700
611100
510200
508200
508300
509300
530800
508600
508900
509200
507800
509900
508400
510900
510100
508700
508300
508300
508700
506500
508800
539600
508700
509200
509900
508100
506500
508600
508600
505900
507400
509000
505900
513300
509500
528300
506600
513300
508600
509600
509000
510400
509200
511100
509400
506900
510000
506900
508500
507600
527200
510500
509100
506700
508800
507500
509500
510000
509300
510700
508200
508000
508500
513700
512200
526700
536100
507900
504700
554900
550100
507100
506300
546600
565300
506000
577700
562600
509300
521300
559500
509200
509100
515900
512600
517200
516000
508900
516800
546000
508800
508700
512200
508800
519600
524800
509000
516400
506400
509100
507800
507200
510700
507700
506200
508100
507300
507100
506100
506700
508600
508400
506700
507500
506900
505900
505400
507000
508700
507500
506600
582600
515000
506600
530800
510500
509100
509200
508300
509700
509300
511200
509600
509700
530600
511100
509500
509000
508000
509700
507700
520000
517500
509600
508600
507700
506100
507100
509200
505900
506900
507500
507200
506500
507500
506700
506500
506800
508000
510200
506600
505600
507200
510000
508500
507800
508700
508100
508800
507100
508500
540000
508300
507900
508100
515500
518700
526700
509500
513100
559500
565700
510600
533800
519300
523500
506300
507700
506700
516100
507800
532200
515000
507800
506900
524700
524500
515500
507500
514500
512800
534100
516200
508100
517500
507300
514500
508900
510600
515400
507200
507500
505200
510100
506600
526400
507300
508400
509000
511100
507100
507300
505800
503800
508900
507200
504900
505600
506600
504800
508100
506200
505700
510100
507800
509000
509400
507700
507800
506700
508500
508700
508700
509100
506800
507900
526000
509000
507800
506700
508700
509200
506400
506800
507100
508200
507900
505100
509800
507300
505900
508700
506800
508100
507600
506900
508200
506000
507900
507100
508100
508300
514800
507000
508000
507200
508600
525500
507000
507700
508700
506700
506400
507400
507500
506700
506000
507800
506500
508500
550800
506900
505700
509500
514400
512000
519200
516400
514100
506400
504700
507900
514500
506200
550300
608700
506800
554900
512200
529700
515400
526500
509200
514400
509200
552100
508600
520700
508800
509100
512500
550800
511800
511500
510000
531400
511200
509200
509700
508300
508200
510700
508700
508400
508000
509100
510900
528000
509500
510300
507900
508600
506300
505700
506600
506800
505800
507100
506700
507200
505500
506000
508100
509300
506600
506700
508600
507200
507300
507300
508000
507900
508200
506900
509000
509400
505000
508200
528100
505100
509200
507500
508600
506600
507700
508400
506800
505600
507400
507200
505600
503200
510400
508000
505500
504300
1015000
942400
508800
506500
505700
506500
510800
508500
505300
506600
507100
507300
506500
506700
506600
507200
529900
507000
518200
505900
536900
542400
513000
545600
507300
522500
517600
518600
532500
551900
509300
545300
518600
509900
515800
508400
512100
578700
561200
507400
560700
577900
504800
520400
557100
505400
504800
522200
559500
521500
510000
508800
507000
509000
528500
508000
507900
509000
509000
509000
508700
517700
511000
507000
508700
506700
507900
509700
506300
503900
507900
507300
506500
507200
508300
507300
504800
507100
507400
507500
507300
506500
506000
507700
509100
526500
508800
508000
509300
508000
506100
507700
508400
507900
508800
507400
508400
507000
511400
509200
538200
506800
510800
506700
506900
506300
510100
507300
506000
507300
506300
507800
559000
569600
507600
514800
507400
542100
510900
549400
516000
513400
507000
508400
506200
507000
507000
507500
525100
506400
509300
522500
569100
554700
511300
520100
564400
509800
508600
508100
552500
508300
514900
541500
509500
553900
515500
516300
515600
519800
508900
527200
508200
535400
548300
506900
508500
509600
515900
507300
533200
509400
505800
510200
507300
507800
508900
508200
508900
507000
507400
510100
507800
506500
506700
508000
507400
506400
507600
505400
507100
506800
507000
506500
509900
505500
506700
508900
509100
506100
506900
507900
509400
503000
507300
506200
509700
503500
508100
507100
506000
505800
507200
507300
504300
503400
519100
504500
507500
505300
507200
506500
506700
507300
507500
506500
506600
506700
506100
506000
507400
506500
513200
540500
518600
516200
507100
539100
544700
505700
511500
523700
524800
504600
509200
564800
508500
538900
515000
508400
513400
507100
509200
532700
508800
519700
508300
509300
508900
535400
511800
547400
512200
534700
515800
525100
507900
528400
508900
508900
506400
507900
505700
504500
507400
508100
506500
506900
505900
506600
507900
507800
507700
506400
507500
506300
505500
505700
506400
506700
508800
526900
508500
508500
508000
508000
517800
506900
508000
509600
508200
508200
507800
509400
508600
508900
527800
507300
507900
506700
505400
507700
506900
506300
509500
509400
507800
508200
509800
509000
508200
525200
509100
508500
507400
507300
506600
507000
508100
507100
504900
504700
505300
506000
507700
506600
507300
507000
506800
507100
509400
508500
508500
506400
507800
512600
519900
506700
558000
561200
513700
521200
565000
507300
510800
505700
516500
543400
552400
506800
511300
506700
531500
555200
508500
512600
547900
557900
513500
508700
524500
530900
563700
508900
507000
509100
507200
508100
510500
509600
509200
527300
508700
509200
509200
507600
517400
508700
512400
541700
504300
505200
505600
506800
507600
506300
508900
509700
508100
508000
507100
506400
506400
509500
507700
506700
509700
508000
509300
513200
508600
505200
525000
507800
509400
508200
508600
511200
511400
508700
507200
507100
508900
507600
507500
505800
509500
507200
506800
506400
507600
506800
506500
505000
506800
507200
508300
508000
507900
508300
506100
508200
512900
525500
508000
508300
506500
507300
508100
509600
509100
508700
509300
506500
508800
508700
507800
507800
506700
506500
508100
507200
507000
507200
506600
506300
512500
507400
505300
505900
505100
507200
505700
507100
509400
508100
506200
507700
508500
508400
509000
509800
508200
507600
507300
509400
509100
510000
507700
525200
509000
514800
507300
507400
506800
507300
507100
506900
507800
508700
509500
519700
509200
508300
532200
508000
509000
506700
509900
506900
506400
508100
507100
505300
505200
506400
506200
507300
506700
506400
515300
507800
506900
507200
506100
513900
506500
505400
506700
506100
507500
510500
507900
508200
508900
513400
506900
507400
508800
535600
507400
508000
508100
508100
508900
507600
507900
513100
507700
508300
505500
505300
506200
507700
504400
505500
508600
508600
507100
509100
508700
509300
506600
507800
508600
508300
505700
504700
508400
505500
508000
508300
507400
506100
506700
506700
507100
508400
507300
508000
509100
508600
511500
532900
507500
542400
511700
551700
576800
603100
550100
595500
599800
563500
506800
555900
608400
644700
566900
593200
583600
550600
504100
510300
509800
508500
506100
507400
507600
508300
506100
506800
506400
507500
506800
507500
506200
508000
505400
507300
509600
509100
509100
506900
508300
512700
508000
528700
508400
517600
509200
505400
505000
507800
506200
507900
507600
507100
506500
507000
507800
506900
506500
526900
507300
510100
508300
508000
509900
508800
508100
508800
508000
505100
513200
508600
508800
507800
507700
504700
507100
507000
508100
508000
511100
509200
508400
509500
509000
531100
506700
507300
506600
506900
506500
508600
507300
506400
505400
506000
508800
508500
509700
507500
508500
508900
506100
507400
510000
507100
527500
506400
506200
506400
507500
507500
506700
503700
506000
506900
508400
506600
509800
510200
508900
508300
527000
508400
506700
505600
507900
507900
507600
506800
507300
505900
507300
506200
506700
507000
517100
509500
525800
513600
507200
507600
507300
508700
537900
513900
509500
509900
509000
509600
510500
511300
507400
510500
533400
510700
509000
509300
514200
510500
510500
507400
510300
511700
510500
509900
510500
524700
508300
509300
509700
510100
510400
510100
511200
508500
512300
509700
509700
510100
507800
507900
508900
509200
508900
539400
508500
508600
508400
505800
506200
506200
507500
508400
506500
507900
509400
512200
507300
505700
510200
523900
508500
509000
508600
507200
509300
506200
505600
508800
506000
508600
509500
509400
506800
507700
512300
526300
509500
508000
505400
505500
506400
507100
509200
506100
505900
505300
509200
509300
510400
505800
508000
518900
510800
509000
513100
510600
510100
509100
508700
508900
509200
510500
510200
508900
508300
506800
526200
513800
508300
508300
506900
507400
509600
507300
508900
506800
