10747700
10574500
10553200
10563200
10609500
10671700
10561500
10636100
11066500
10585800
10624900
10567400
10562000
10587700
10593200
11152500
10892800
10638400
11246600
11289100
12761100
10573100
10634900
10648400
10626600
10618000
10604900
10614000
10582100
10532500
10495100
10537500
10578400
10537900
10547500
10579400
10511200
10592700
10576800
10632200
10507100
10613100
10561100
10517300
10471500
10420600
10432000
10455100
10559000
10463400
10378100
10462400
10454800
10512800
10436100
10524400
10440400
10429200
10448600
10449600
10412500
10506200
10578000
10390900
10496100
10912100
12636600
12192400
10615200
10811900
10726400
10600700
10597500
10577600
10646100
10619000
11620800
10614100
10597700
10622500
10626100
10572400
10586700
10609100
10489100
10415400
10415000
10437500
10420500
10338900
10337200
10326800
10277300
10342800
10667000
10299400
10339900
10377400
10308200
10216600
10365900
10388900
10273700
10372200
10454900
10390500
10366300
10402400
10422000
10413800
10363400
10341000
10299500
10386500
10321200
10493800
10426700
10392100
10253100
10273500
10556300
10530300
10385000
10638900
10437900
10510800
10594100
10592700
10536700
10584200
10620500
10688400
10529800
10660900
10736300
10816000
10656400
10987300
10738200
10579800
10528900
10608100
10591100
10667800
10526900
10545400
10606100
11169800
11859800
11737700
10667200
10641700
10617600
10685300
10627000
11136000
11950000
10621600
10582900
10522500
10587900
10540900
10651800
10596400
10550000
10573900
10692800
10683000
10615800
10618800
10605000
10666900
10711300
10668900
10660700
10639200
10752900
10711500
10665300
10667200
10638700
10592800
10632000
10582300
10549100
10583400
10564600
10544600
10578600
10605200
10648800
10577100
10535200
10639700
10578600
10565500
10536300
10585200
10554000
10550600
10484900
10582700
11840500
10798200
10583700
10566200
10580700
10529700
10544100
10594400
10550400
10524600
10491400
10480700
10566500
10483100
10543400
10437300
10477500
10575300
10602400
10530200
10546900
10489200
10465500
10482200
10446800
10483600
10505500
10401900
10419700
10439100
10472400
10391200
10450400
10496300
10449700
10461700
10548000
10570600
10961900
10531300
10796000
10706100
11253400
11576000
12306400
11330000
10912800
10730900
11116900
11085100
11877800
11823200
13285200
12892300
12150000
11838600
11157700
11931200
12101300
11777900
12053200
11296300
11909900
11696800
11258600
12289100
11016700
10549500
10599100
10567600
10526400
10780600
10630700
10668700
10586700
10631100
10650500
10648800
10599800
10631200
10539500
10597200
10556000
10554900
10620900
10549200
10553900
10565500
10635600
10589900
10645800
10649100
10632300
10614800
10624000
10656100
10629200
10512400
10464900
10497900
10938800
10995300
10692200
10600000
10544900
10505700
10606400
10631500
10693500
10640200
10590200
10641100
10608400
10804300
10899100
10539700
10721000
10551200
10732200
10555000
10617400
10538100
10558500
10632900
10687300
10611300
10653300
10638100
10606100
10607000
11103000
13080000
12630500
10595600
10545000
10572700
10529500
10512300
10540900
10538900
10572000
10533300
10613700
10585900
10615500
10708900
10681500
10603200
10671900
10592900
10575700
10596600
10581000
10542100
10536500
10579600
10761600
10946200
10658700
10720200
10713500
10712400
10616400
10629500
10903800
11398100
10866900
10605500
10746200
10639000
10538900
10579000
10593400
10550300
10557700
10579600
10550100
10577500
10628600
10643000
10640200
10614600
10668300
10626600
10625100
10618400
10662000
10565800
10579400
10541100
10573400
10572000
10565300
10601800
10556800
10609800
10614200
10610600
10683700
10646100
10607100
10707100
10657800
10667500
10592100
10579700
10558000
10557300
10534300
10553100
10600100
10557300
10535800
10647400
10651100
10627100
10624100
10644100
10626400
11139300
12870700
12741300
10656700
10599100
10658200
10598000
10639400
10637700
10642500
10598500
10695400
10583700
10595000
10542200
10547400
10605900
10551400
10528200
10577000
10598700
10636400
10609800
10663500
10628900
10620700
10659400
10647100
10619800
10696800
10554800
10516100
10542300
10523100
10496700
10743200
10506200
10530200
10554400
10565700
10593700
10549500
10607300
10619300
10631000
10610700
10586900
10615100
10574000
10558500
10580900
10543800
10459500
10630300
10573500
10550400
10493500
10645300
10626400
10610600
10597900
10599200
10628500
10604500
10613200
10698500
10560400
10522800
10474800
10544200
10508400
10528500
10585800
10540300
10542400
10700600
10552700
10765700
11680700
10752200
10595000
10676600
10680200
10755800
10544900
10551600
10580800
10572200
11413400
13076800
13868900
13035800
10897300
10988600
10671800
10642900
10877400
10619700
10625900
10601100
10582300
11351500
10679800
10576100
10651800
10612700
10717300
10604300
10617300
10683000
10533000
10543100
10532300
10613100
10546200
10588700
10548800
10560100
10539300
10514400
10559900
10537300
10499800
10526300
10491100
10457800
10424300
10484000
10568900
10505800
10508800
10497800
10478800
10510100
10502700
10456700
11510400
12417700
11055200
10608400
10593200
10573000
10530400
10601300
10592800
10618400
10578200
10658000
10662600
12839700
12687600
10612900
10645600
10652900
10658300
10651100
10648200
10654600
10626200
10728800
10711800
11280900
10610100
10640900
10895200
10637600
10653100
10665600
10651500
10623300
10606800
10689100
10681400
11027400
10565800
10590600
10661500
10998000
12667600
12348300
10625900
10655200
10591300
10583800
10598000
10570700
10598400
10732900
10657800
10594300
10653200
10582400
10667600
10602800
10581900
10606100
10601800
10647400
10616700
10571200
10553400
10638600
10686200
10599100
13532700
10612200
10644100
10612400
10662900
10622700
10617100
10545700
10569200
10609200
10617600
10605400
10634900
10658000
10541300
10513800
10553800
10555000
10530400
10548800
10554400
10529500
10601600
10585700
10600500
10634100
10557500
10577500
10538500
10565600
10558600
10586700
10580000
10605300
10604300
10629200
10660000
10636700
10622300
10651900
10648300
10674100
10672900
10648700
10691700
10658800
10734200
10996500
10837600
10614300
10652200
10625900
10646300
10622100
10610000
10641400
10620500
10679700
10594100
10643800
10627800
10586700
10629000
12399800
12997900
10755700
10765100
10617100
10651200
10627300
10660000
10631000
10637600
10648600
10608400
10647700
10628600
10710600
11532000
10561200
10621900
10683100
10671800
10590200
10644000
10668400
10638900
10636600
10652600
10638800
10663100
10614400
10592100
10616500
10692600
10548400
10594700
10584600
10598400
10578200
10688300
10628500
10592900
10602200
10664900
10636900
13010400
10648800
10662600
10632000
10583100
10659200
10633200
10613800
10644800
10656300
10651400
10641100
10653500
10603800
10623900
10604900
10586400
10571200
10607900
10609300
10540100
10564700
10622300
10508800
10468200
10452300
10424100
10518300
10533000
10599900
10518100
10528300
10452000
12588000
10551000
10460200
11066600
10578600
10544800
10433000
10534500
10455000
10371700
10435300
10723900
10733900
12258400
11951100
10715200
10545800
10545800
10526200
10534800
10585400
10580800
10559100
10517700
10549000
10562500
10532200
10516100
10594900
10582400
10501900
10540300
10592200
10596300
10631200
10636900
10544500
10714000
10540900
10588200
10565800
10568200
10538700
10544200
10518500
10513700
10457800
10465300
10483200
10388200
10492200
10389500
10450000
10503400
10442400
10549300
10444100
10488100
10407500
10584900
10567800
10557900
10675700
10501400
10532900
10578300
10574900
10591800
10538300
10512000
10615200
10565400
10512400
10545100
10607500
10505900
10417400
10580800
10553400
10588300
10526800
10568700
10664800
10584900
10513600
10610600
10580000
10632900
10846200
10616800
10710400
10682800
10641300
10639800
10635200
10595900
10623200
10555700
10567500
10505400
10482300
10465700
11387500
12484300
11815100
10529600
10520900
10529800
10517500
10545000
10558400
10573300
10568100
10516300
10522600
10533400
10491400
10546000
10521400
10519600
10486200
10465700
10671500
10609200
10582300
10561300
11251800
12504500
10560300
10539000
10567000
10554200
10586000
10572200
10603600
10568200
10543100
10596300
10574400
10612900
10568200
10622300
10614100
10602200
10578000
10581900
10568000
10559900
10561900
10666700
10725900
10644200
10550600
10585800
10556700
10584100
10585000
10627400
10602900
10566400
10542500
10600100
10574000
10577200
10688400
12608300
12709100
12663300
12702300
10554600
10554400
10561800
10608800
10565400
10599900
10595000
10508200
10543600
10511600
11028700
10560500
10493100
10532400
10499700
10526200
10466700
10564300
10583100
10561400
10502000
10548000
12311700
12983000
11143600
10614100
11049200
10560500
10529100
10560900
10534900
10527300
10535400
10639300
10562900
11301500
10690700
10581400
10637200
10670800
10683100
10662400
10611300
10635800
10594300
10586900
10530700
10590300
10657300
10526400
10520100
10544100
10628000
10573100
10499900
10583700
10519000
10585300
10540400
10544900
10587300
12790400
11239600
10538500
10527300
10567000
10515100
10595900
10585600
10700300
10908600
10612200
10575600
10539600
10531900
10551100
10507800
10566600
10525400
10547600
10521000
10534700
10508900
10537500
10472200
10440000
11160700
10546600
10497100
10500500
10470400
10408400
10584000
10620100
10522100
10494100
10723600
12286200
11786600
10599100
10553500
10557300
10518600
10567000
10522200
10648400
10568000
10589800
10594000
10485800
10806700
12497700
12388500
10613800
10534100
10619000
10554200
10571300
10499400
10645500
10537300
10548800
10563000
10556500
10592700
10519400
10977500
10597800
10538600
10590100
10549500
10534400
10518500
10567700
10620000
10606500
10582800
10546800
10609100
10575100
10595500
10565700
10622400
10567000
13980900
10716000
10579500
10638300
10569700
10578800
10576200
10627900
10677000
11330500
10662700
10610900
10638500
10600700
10682400
10601300
10694000
10637900
10644000
10639300
10583500
10661000
10648900
10578800
10626500
10634900
10673300
10624600
10632700
10603700
10633100
10536800
10590900
10593000
10591100
10588400
10564000
11252900
10738700
10569100
10583800
10652100
10603000
10561500
10567900
10677300
10630400
10863400
10598800
10690400
10648400
10706300
10646000
10609200
10624700
12036400
14289000
11989200
11979600
10882500
10748400
10677900
10703500
10735500
10654800
10629900
11129100
11693000
10683600
10678700
11450300
11500900
12294500
12815000
12931500
11630400
10660000
10654100
10648300
10627800
10825200
10589400
10611300
10589100
10660700
14281300
10639000
10692400
10727800
10563500
10639400
10598300
10586300
10602700
10611400
10682100
10634100
10566700
10593500
10607000
10565300
10611800
10600400
10590100
10614100
10559600
10512000
10503100
10556400
10538800
10517300
10504100
10500100
10526000
10629400
10516900
10462000
10421400
10496600
10352600
10378300
10480200
10498700
10325100
10499000
10691100
10425000
10445600
10664200
10441700
10526000
10563300
10591200
10540200
10588800
10554700
10496400
10427900
10398100
10519700
10411200
10486100
10419000
17476000
12243800
10612200
10635000
10676900
10605400
10621200
10642900
10731300
12771500
12760300
10654200
10628400
10626000
10626700
10616500
10642200
10606100
10609100
10678700
10648000
10623900
10639800
10626100
10591300
10601400
10588300
10589000
10634500
10619300
10578200
10596300
10640400
10636500
10640300
10643400
10652100
10656500
10673700
10760800
12523000
11297000
10590700
10562400
10633300
10739200
10660900
10603700
10666300
10600100
10607300
10635500
10633600
10589300
10621500
10630100
10643900
10649800
10610000
10697400
10674900
10685900
10593800
10636400
10610000
10617200
10608500
11371800
10620000
10616600
10723100
10616200
10724000
10606300
10618900
10591700
10654300
10670300
11133300
10579600
10572500
10562100
10532600
10599900
10574800
10545100
10544400
10779200
12864200
13003900
10578300
10547400
10554500
10585600
10557800
10544500
10549400
10598900
10606200
10578800
10574900
10588500
10695900
10519100
10674800
10665200
10531600
10562000
10623600
10628700
10552100
10580600
10535900
10559500
10587400
10533600
10580000
12627200
12582600
12528900
12475000
10516000
10447600
10462300
14230200
10468500
10492300
10598300
10417100
10461400
10521000
10533700
10576100
10567400
10682400
10548900
10571900
10581000
10567300
10538800
10436600
10469400
10531200
10683400
10686300
10726700
10594900
10645900
10562500
10621100
11368500
10719200
10709300
10610000
12793700
10608200
10591100
10542200
10615400
10589400
10539100
10700500
10597400
10562400
10574900
10535600
10549700
10602200
10568800
10563100
10539900
11868000
10622400
10575800
10593600
11021900
12904000
12561500
10646100
10575900
10595500
10548600
10632900
10601000
10532000
10584400
10539700
10593700
10577400
10610400
10568400
10588400
10568300
10527300
10594100
10594500
10593800
10552000
10571000
10634000
10543400
10536400
10544800
10528800
10534600
10502100
10477900
10462200
10441600
10494700
10572400
10576500
10554400
10543700
10631300
10582800
10547800
10591800
10618100
10546700
10455300
10504100
10453300
10432200
10506400
10608600
11743300
10559300
10493100
10580000
10636700
10634900
10682100
10773700
10697500
10702400
10700000
10663100
10626000
10649200
10609200
10629300
10672900
10628700
10600900
10637700
10611700
10668400
10714400
10645300
10601800
10593700
10605200
10588200
10605100
10610000
10647800
10538600
10581600
10525300
10522900
10521900
10527900
10585300
10640500
12476900
12905300
11047200
10555100
10561500
10609500
10565000
10568800
10535000
10622100
10588400
10571100
10654400
10633500
10633600
10657200
10638100
10618800
10577800
10547900
10588600
10581100
10555300
10710200
10588100
10564700
10587400
10634800
10635500
10640900
10670900
10633400
10646000
10658300
10643500
10637200
10706100
10619900
10573400
10621500
10596300
10735600
10655300
10607800
10628700
10546700
10526800
10572400
10617400
10560300
10823600
10562100
10559500
10597600
10530400
10547400
10561700
10554200
10492600
10517100
10549200
10427100
10536000
10488700
10487400
10495800
10478800
10452300
10514500
10516800
10415600
10604600
10669100
10615300
10686100
10822700
10615100
10635900
10631000
10578800
10581500
10532000
10619300
10605800
10558800
10554700
14468600
10545100
10469000
12130200
12462300
11163400
10613400
10633400
10609300
10594600
10581400
10626400
10612600
10497700
10563600
10559800
10504900
10506200
10583000
10531100
10468100
10763600
10472200
10451400
10459700
10503100
10422100
10411300
10430500
10618700
10497200
10541500
10566000
10510900
10552800
10564100
10492400
10508500
10534700
10508200
10527200
10483200
10465700
10484700
10481700
10556900
10448200
10458300
10463900
10441700
10480500
10479000
10437800
10424400
10455100
10485900
10453600
10397600
10520200
10487000
10459200
10511500
10482800
10477400
10443600
10442800
10511500
10456300
10461000
10377300
10476900
10440600
10433900
10451900
10427500
10508800
10524400
10449500
10415700
12348400
10985500
10876000
10555000
10528200
10521200
10560700
10766900
10521000
10545800
10540400
11714900
10586300
10709700
11769400
12548700
11699500
10639100
10588900
10626700
10614300
10578800
10580300
11148300
10627000
10533500
10593100
10608800
10549900
10545400
10665800
10688800
10672200
10612000
10665300
10584600
10532000
10543200
10700200
10705600
10508700
10800500
10628600
10636200
10723100
10785900
10721700
10766000
10783000
10652100
10672300
10620700
10598100
10614900
10555600
10626600
10721000
10598800
11633400
12320100
10594800
10577900
10544500
10526500
10616600
10554300
10509000
10543400
10529500
10514900
10500500
10498800
10551900
11431300
12202200
10599300
10523300
10534500
10522600
10616300
10522100
10525700
10522900
10516700
10518100
10573500
10536000
10532700
10628700
10454400
10490000
10455600
10594700
10441500
10513700
10664100
10586600
10454500
10642600
10581800
10537500
10475800
10603500
12198300
12732400
11263000
10581800
10594800
10592600
10626700
10562500
10664000
10610000
10585300
11375800
10817900
10642400
10641300
10603600
12767700
12830500
12727800
12791500
10595000
10500200
10490700
10471900
10452100
10404800
10406400
10400900
10384800
10383100
10405700
10356000
11311200
10570300
10386900
10438000
10390000
10355000
10391400
10407400
10384000
10399300
10496800
10390400
10413400
10390000
10440100
10363700
10570800
10380000
10327900
10376400
10449500
10315400
10449300
10633300
10428100
10480900
10516300
10585000
10488700
10493500
10583900
10494100
10484600
10432800
10408700
10450200
10552400
10425500
10346100
10441000
10446300
10262900
10335300
10312700
10290300
10358300
10346200
10310800
10474800
10415600
10384200
10332800
10517500
10345800
10418300
10482300
10419500
10261600
12414900
12513800
10804800
10532200
10542900
10514000
10511400
10523000
10524100
10641300
10521400
10536400
10587000
10530100
10565800
10468100
11147800
10376500
10475600
10489700
10397700
10403300
10520300
10423400
10333300
10326600
10380500
10306400
10347100
10416100
10445900
10359200
10263700
10329500
10546900
10521100
10315900
10439200
10561200
11893800
12506200
10493600
10603600
10579400
10513500
10595800
10621100
10596700
10533300
10553700
10588100
10591400
10599400
10493600
10587900
10534800
10505900
10532500
10548900
10477700
10565200
10446900
10565300
10553400
10604700
10513800
10473000
10613300
10580700
10469400
10537100
10589800
10691500
10482900
10478800
10666400
10470000
10607000
10573400
10587500
10433500
10505700
10520200
10477500
10538500
10515400
10531000
10529200
10589300
10669900
12528400
12744800
10688000
10586300
10599100
10588400
10569400
10564700
10527200
10569400
10551900
10570000
12965000
10600700
10547600
10518100
10701700
10676200
10593900
10649000
10602000
10566300
10544300
10607500
10599000
10603100
10581700
10550600
10589700
10533100
10495300
10554100
10524700
10495600
10535300
10560200
10513200
10431600
10525600
10541800
10357500
10507500
10573500
10406900
10344900
10434900
10356000
10508000
10488100
10424000
10385300
10461800
10445200
10390700
10426800
10434100
10351300
10470200
10416100
10415000
10521100
10513600
10488600
10910700
10573600
11143800
12600900
12605400
10474600
10489300
10500000
10559400
10551600
10480400
10441500
10438200
10492000
10547100
10360400
10408300
10372000
10402100
10411800
10454900
10445400
10398900
10384700
10544100
10441100
11403300
12510700
11804900
10623200
10583100
10624700
10541500
10657800
10563600
10547500
10523900
10527500
10567800
10587200
10539100
10527900
10587000
10557400
10532000
10745200
10607600
10529700
10595300
10667700
10590300
10554700
10614100
10429700
10508900
10519200
10442300
10386800
10493500
10482800
10349600
10458900
10414500
10326000
10432600
10379700
10382500
10423800
10405600
10464200
10519100
10521700
10440200
10336500
10399200
10531900
10481500
10515000
10434900
10416800
10419600
10490700
10510700
10465300
10523300
10470600
10475100
10377800
10471800
10314300
10410100
10357800
10387700
10299900
10329400
10248200
10349000
10477100
10393700
10490900
10314900
10349400
10488200
10494600
10388600
10403700
10416200
10346700
10402100
10480100
10473900
10475200
10536800
10573400
10540300
10579400
10729200
12841900
13068200
10646800
10662100
10570000
10667500
10592900
10598300
10549900
10521400
10562900
10538100
10498600
10439400
10440200
18185900
10406200
10464200
10444000
10344500
10334000
10361800
10303400
10328600
10510300
10426700
10335600
10375300
10423400
10344200
10471200
10354300
10330000
10415500
10350700
10253100
10335900
10361600
10354600
10318700
10368900
10334900
10316200
10287000
10390200
10331800
10397400
10292100
10228300
10373300
10414200
10287400
10352200
10426900
10284400
10305700
10376500
10319500
10336000
10383600
10244600
10277400
10425900
10284900
10242500
10380000
10365800
10364900
10420200
10465100
10438600
10508900
11888000
12468800
12449700
12474200
12512600
10382500
10380100
10357100
10296800
10430900
10339400
10337500
10433000
10373600
10465100
10517700
10796700
12438100
12300500
10645400
10635400
10570300
10561400
10571900
10589500
10442100
10480700
10480200
10391800
10475500
10414900
10422500
12303100
12773500
11596700
10452100
10414200
10540500
10438000
10373800
10451300
10389600
10310600
10328000
10372000
10271900
10307500
10372100
10300300
10257600
10424100
10472500
10358700
10317000
10418600
10371100
10475300
10421600
10381200
10447400
10476300
10298500
10406300
10448500
10319200
10348700
10427700
10356600
10394200
10345100
10304400
10447900
10441900
10365900
10367900
10362000
10424000
10451800
10457000
10477000
10379100
10275200
10294800
10372100
10295100
10411300
10304900
10349200
10379300
10414500
10389600
10364500
10256400
10480300
10351800
10306400
10319200
10345800
10327300
10299200
10338900
10349700
10332800
10194000
10353400
10337300
10262200
10530700
12436500
12427900
10582300
10510900
10505500
10540900
10502900
10574900
10471100
10460500
10504900
10399500
11188200
10616500
10636900
10621900
10519300
10596700
10637500
10494700
10579300
10285800
10517000
10277000
10208800
10411300
10310500
10203300
10365100
10300100
10218000
10426400
10323700
10227800
10324000
10321300
10212900
10329800
10331200
10369100
10452500
10377400
10253100
10366900
10524700
10462200
10296700
10436000
10436900
10205900
10291400
10331100
10123800
10259400
10382400
10203200
10340100
10393800
10258000
10301700
10331100
10300900
10284400
10496900
10216000
10338400
10437900
10512700
10407700
10416400
10470200
10387900
10444200
10624300
10274100
10284400
10376500
10355500
10334800
10373700
10411700
10292900
10322500
10460400
10357700
10352400
10406800
10341000
10417700
10324700
10955400
12915200
12275700
10806700
10576800
10608500
10592400
10587900
10574900
10596800
10506400
10525800
10480300
10606300
10646900
10612400
10564200
10537000
10497800
10475200
10476100
10535800
10502800
10515000
10525900
10446900
10418200
10385800
10458900
10483900
10312500
10278100
10494100
10353200
10206700
10375200
10295800
10266100
10316800
10371500
10370800
10462600
10293200
10306600
10244800
10363000
10238500
10299100
10408700
10305200
10491400
10493600
10374100
10477500
10473900
13098800
11231400
10554000
10636000
10560700
10619700
10578300
10610300
10601900
10533000
10441100
10509400
10342400
10278500
10412500
10306800
10256500
10553800
10412600
10377700
10323500
10743400
10308300
10415900
10313400
10264000
10431600
10242800
10330600
10484200
10374300
10314200
10406000
10511000
10401300
10384800
11465100
12942000
12041200
10681600
10648100
10620000
10585900
10622900
10594300
10635100
10603400
10611000
10598300
10577200
10664900
10449200
10455300
10497400
10532000
10161400
10625100
10388200
10341900
10317000
10273300
10386300
10471200
10322800
10364400
10427500
10382500
10408200
10372700
10458000
10372100
10350800
10402900
10374200
10290600
10586600
12479600
10926900
10531100
10544300
10490200
10481000
10554800
10588500
10609500
10526100
10594600
10525800
10491600
10418200
10364500
10593900
10846100
10421200
10430900
10452900
10368100
10389600
10339300
10334700
10353800
10436700
10420100
10442600
10332100
10375800
10421700
10477400
10280600
10489000
10382200
10282300
10376900
10499500
10364600
10405800
10441300
10415900
10329300
10488400
10391600
10314600
10395000
10341300
10309200
10390400
10833800
12955900
12844000
10749900
10644100
10658400
10611100
10729500
10721900
10650900
10691800
10705700
14692800
10633700
10484100
10746300
10940900
10622800
10644900
10478600
10530300
10474600
10334800
10509900
10426800
10407900
10401000
10464000
10327000
10516300
10393500
10313400
10338400
10360300
10255000
10351600
10417200
10343300
10365900
10416200
10426700
10344100
10281900
10385000
10354000
10404000
10433500
10435300
10261300
10511400
10421900
10294000
10509100
10369400
10352900
10365600
10286800
10273400
10379600
10453600
10293700
10291300
10406300
10377100
10330100
10258500
10345400
10253800
10337700
10395300
10285400
10313100
10444200
11604500
10360300
10426300
10564300
10363000
10547200
10394300
10359400
10295800
11054500
10345900
10297900
10394100
10409200
10345300
10421100
10464900
10320000
12651500
13060400
10656700
10554400
10546000
10529200
10554700
10567300
10647900
10744100
10627500
10630600
10606400
10571400
10456300
10535500
10466700
10458700
10451300
10431200
10434800
10410900
10486800
10478800
10387800
10418800
10521100
10426000
10371600
10384200
10425500
10378900
10393900
10377000
10383300
10358300
10296300
10279100
10429400
10326900
10339900
10316100
10341000
10534200
10442500
10358900
10419800
10371800
10373200
10270900
10354500
10409100
10340800
10383400
10427300
10338300
10347800
10274600
10325000
10334800
10384500
10382700
10360200
10464700
10328000
10353100
10557500
10316700
10314300
10367500
10287000
10307200
10383800
10331100
10306500
10250900
10273600
10199500
10703400
10360600
10297400
10333900
10363400
10345800
10332100
10438900
10319900
10345900
10367400
10406800
10220100
12019600
12742100
11488800
10541400
10541400
14590200
10607200
10759900
10585100
10803100
10558300
10590700
10532600
10476600
11042300
12053800
10498300
10592700
10541000
10503600
10649600
10684800
10618700
10665800
10591700
10506300
10541400
10552100
10589100
10409000
10422900
10465000
10411300
10574300
10530200
10384100
10398100
10508300
10475600
10403500
10472300
10518700
10579900
10487300
10556900
10414300
10454000
10463800
10410600
10452900
10458000
10352400
10342100
10314800
10315500
10213200
10293000
10313200
10190700
10341100
10384500
10278700
10336100
10512700
10402500
10409000
10438100
10292000
10351600
10311400
10375700
10451200
10548700
10619400
10411800
10465400
10716200
10364600
10363800
10456100
10279700
10311000
10498900
10424700
10353400
10325300
10352600
10253400
10340400
10242900
10620600
12358400
12082400
10551000
10502700
10554500
10579700
10505400
10538800
10457600
10487400
10494100
10555300
10490100
10349000
10379200
10385200
10372300
10534400
10579500
10506100
10486100
10473500
10518700
10675300
10608700
10540100
10529900
10607100
10471100
10480300
10476700
10467300
10404000
10425500
10461000
10367100
10360300
10365600
10339000
10414400
10453400
10414800
10392700
10517300
10401600
10386000
10426300
10377700
10384500
10364600
10320100
10395700
10398800
10384400
10278900
10385800
10507700
10503900
10201900
10257200
10362200
10242500
11435300
10988600
10530900
10490600
10540300
10379000
10292900
10376900
10314100
10253400
10512200
10619400
10283600
10375200
10380800
10354100
10325600
10362600
10383600
10335300
10393000
10398100
10372300
10425400
10418700
10280400
10342100
10403700
10311500
11741600
11816000
10516700
10530600
10486200
10442700
10427800
10457600
10480700
10404600
10355600
10392500
10642100
10541300
10492000
10513700
10259400
10381800
10494600
10461000
10317300
10567700
10265400
10361100
11546900
12316000
12312400
12308400
10381100
10341400
10210000
10067400
10295400
10093300
9886700
10183900
10036900
10070700
10141700
9952200
9962100
10147700
9805100
9917300
10218500
10179300
10089100
9965300
10252100
10258200
10133100
10222000
10480700
10416000
10321200
10324300
10235300
10376200
10290700
10274900
10298100
10366400
10266200
10303200
10488700
10425000
10270200
10349200
10482400
10265300
10395200
10442600
10272100
10463000
10377500
10315700
10292800
10473000
10313800
10286000
10296300
10280000
10336000
10354200
10433700
10300800
10261600
10398400
10275500
10404900
10306900
10292300
12550500
12528200
11091500
10597900
10612900
10580000
10583800
10563000
10528500
10448300
10416300
10319800
10592800
10582000
10439800
10509600
10458300
10461400
10432600
10409900
10423800
10337500
10404700
10441300
10385300
10431100
10306500
10285400
10382900
10364900
10236700
10369800
10379000
10281400
10310400
10479700
10390200
10315600
10344200
10332100
10457200
10434500
10366700
10376700
10375300
10470000
10373500
10329300
10389700
10367300
10350400
10332200
10378100
10273600
10352500
10197000
10306400
10385500
10268800
10322000
10418000
10279200
10331700
10438500
10429700
10343200
10537600
10314500
10367400
10461000
10440000
10333700
10457500
10597900
10393900
10340800
10468700
10422200
10327600
10435900
10312300
10272400
10349500
10318000
10458800
10384900
10364600
12840600
11405800
10569400
11065600
12804500
12219200
11111600
10606500
10592100
10566900
10575700
10712700
10606900
10608100
10602000
10635300
10740900
14911000
10622100
10675100
10519800
10552400
10419900
10405500
10996700
10586400
10526000
10530400
10442200
10392700
10471400
10475300
10390200
10302500
10262500
10262400
10381800
10450100
10250500
10378100
10449400
10413000
10316100
10464200
10520400
10339500
10410900
10404700
10440400
10388100
10430500
10433600
10262100
10427400
10453700
10351300
10401500
10358200
10362900
10379600
10443900
10303700
10447600
10540300
10373400
10395500
10481100
10313600
10245900
10437300
10417700
10303600
10365000
10478600
10337100
10459100
10568500
10350400
10390100
10456000
10466200
10345800
10289100
10339400
10278800
10406700
10259900
10243000
10338500
10306400
10957800
10383700
10411900
11517100
12506300
11575100
10602400
10601500
10830800
10610100
10581600
10565900
10649900
10768600
10595800
10569800
10613900
10550200
10571600
10403300
10473900
10550500
10524200
10451800
10428700
10533600
10447100
10433200
10509600
10540800
10402400
10437900
10523500
10455200
10434700
10480500
10471400
10362600
10469800
10485500
10373000
10503400
10455000
10372500
10420700
10396800
10349600
10346200
10407000
10466700
10365900
10408900
10478500
10242500
10369900
10447700
10281000
10347900
10417700
10339300
10298400
10473000
10327400
10332600
10482100
10365100
10259400
10456400
10394000
10421800
10393600
10390000
10320900
10334200
10310300
10297500
10305300
10451300
10314400
10312100
10362900
10470800
10344400
10425800
10431400
10334300
10390600
10329300
10323300
10390500
10391600
10265100
10408000
10449900
10717600
12526200
12457800
10647000
10572400
10587900
10574900
10645100
10653100
10645800
10578400
10458300
10586300
10569600
10479200
10364100
10450100
10494400
10494800
10540800
10505000
10476700
10452100
10471300
10460000
10525400
10594300
10546700
10454800
10434300
10456300
10438700
10329800
10437100
10332000
10353800
10313400
10331000
10505100
10454400
10424000
10369500
10459300
10358400
10369800
10466600
10400700
10343700
10368600
10454400
10374400
10410100
10409900
10334300
10363400
10395900
10388900
10350700
10506000
10394100
10329400
10394900
10446800
10384900
10448800
10318000
10293100
10417600
10437500
10254800
10393400
10496000
10356700
10319000
10583400
10393900
10349600
10581800
10536100
10353900
10347600
10321700
10306100
10357200
10405600
10356100
10538200
10462500
10297000
10384800
10443200
10637400
12983700
12793200
10546500
10518900
10516500
10503500
10691100
10663300
10519000
10527600
10548300
10501300
10504700
10566800
10546600
10353000
10423200
10439400
10335700
10330400
10439800
10551600
10417000
10446700
10484200
10369200
10509200
10526100
10329600
10318700
10375500
10311100
10310100
10229000
10387300
10333200
10293800
10267800
10239500
10383000
10331600
10233900
10278100
10410000
10272000
10318700
10476900
10306700
10319700
10245100
10292600
10418300
10366300
10304800
10404800
10373100
10320900
10314600
10337200
10230900
10289600
10366700
10297600
10307900
10422500
10389900
10396800
10333700
10374100
10329100
10355900
10343400
10380300
10619500
10286700
10319600
10303100
10324600
10253700
10328300
10363100
10274900
10334500
10372600
10252200
10315300
10493900
10378300
10332700
10367000
10462100
12835800
13022700
10704200
10595300
10544700
10607300
10593100
10751800
10519400
10524300
10517000
10410200
10438800
10367300
10332200
10439500
10513500
10407000
10398900
10298900
10371100
10321000
10377100
10471100
10286800
10357800
10514400
10410500
10352700
10469900
10420700
10387700
10412000
10381000
10378300
10432400
10354300
10380200
10382100
10401500
10300800
10381400
10444100
10466600
10351500
10458100
10420800
10347400
10431200
10399800
10689000
12989500
10879300
10466800
10505300
11954600
12254200
10632100
10617800
10591000
10592700
10591800
10651500
10494300
10554700
10395400
10426600
10416800
10367200
10378900
10415700
10437900
10384100
10491400
10420100
10381300
10398400
10633600
10224600
10294500
10402500
10215200
10271200
10383800
10305500
10284800
10350700
10280300
10276200
10366500
11230300
12299000
11594800
10520100
10516200
10595000
10531700
10502500
10544500
10568900
10496900
10379500
10453800
10577400
10416400
10451300
10403400
10440900
10391500
10358800
10433900
10455900
10375500
10450100
10543800
10416500
10511100
10413200
10396700
10449100
10416300
10319500
10456200
10381800
10451600
10409700
10352800
10333200
10310400
10381400
10328200
10368300
10443900
10501000
10709900
10370700
10347400
10319500
10258200
10359800
10356100
10345800
10366900
10337700
10304400
10422800
10336000
10259700
10357800
10823000
10236500
10330200
10376000
10329100
10452800
10331000
10301900
10283500
10361700
10198900
10334900
10370100
10293600
10345000
10503300
10207700
10109700
10246600
10347500
10922500
10398900
10458000
10275600
10345700
10398600
10274300
10402500
10432500
10321300
10358100
10527100
10767700
12391700
12419200
10563500
10611500
10557800
10625700
10600600
10602800
10572400
10565200
10502600
10400400
10662600
10999500
10625300
10764600
10684300
10655100
10518400
10566000
10680300
10505100
10420300
10511100
10361600
10360600
10402000
10354100
10345500
10422500
10400000
10345700
10457700
10448300
10454600
10328900
10477900
10549400
10390700
10504900
10548200
10372200
10326900
10437500
10295000
10365700
10346300
10411900
10356600
10441500
10232900
10268100
10511600
10407900
10716400
12798600
10838900
10562600
10480200
10497300
10567600
10488700
10545900
10605000
10515500
10430100
10396200
10503000
10399400
10369400
10481200
10425800
10481400
10581300
10326000
10283700
10557300
10518700
10379000
10339000
10591800
10410600
11203500
10487700
10431100
10394700
10373200
10487500
10461500
10472000
11810700
12774400
11621200
10593800
10608900
10585400
10564900
10596500
10601600
10619700
10688000
10571900
10676300
10712300
10554500
10641100
10543500
10456200
10593600
10513800
10561500
10504500
10561400
10470300
10366200
10551100
10576600
10447400
10533600
10532700
10414300
10412400
10453500
10320900
10384700
10476900
10476500
10302100
10458000
10487800
10454100
10359800
10422600
10343300
10315300
10342000
10372700
10372600
10428300
10444100
10336100
10410200
10439400
10351000
10501800
10359000
10251100
10312500
10470200
10298700
10400000
10385400
10278200
10416100
10441200
10590700
10455200
10507200
11745200
12299100
10608300
10580700
10622300
10609800
10670700
10551500
10483900
10390900
10482300
10396300
10452800
10387500
10454800
10323500
10421400
10402000
10500400
10441400
10353700
10363900
10632700
12373000
12357400
10684700
10541500
10591900
10560400
10503300
10515600
10527400
10818800
10681300
11243900
10561800
10551700
10584300
10519700
10521700
10503100
10410700
10476900
10468400
10415500
10568900
10420000
10345100
10328000
10440700
10386700
10384000
10457600
10322900
10326100
10340300
10213700
10318700
10451700
10374300
10341900
10332200
10301300
10329500
10334900
10282300
10322100
10391200
10334500
10508000
10416100
10369600
10381100
10359300
10408800
10315700
10345100
10437000
10383100
10302800
10455100
10386100
10325200
10333800
10397300
10366800
10347900
10338200
10353500
10449100
10459400
10322200
10428900
10403200
10370900
10296000
10490500
10319300
10294700
10549400
10382300
10337300
10307600
10492100
10348500
10352100
10529900
10388700
10346800
10346800
10392000
10523000
10355000
12081900
12747400
10947000
10496500
10498500
10504400
10482400
10542900
10546300
10556200
10380700
10555600
10456900
10276000
10281100
10428100
10334800
10408300
10440300
10470200
10399700
10464800
10409100
10361600
10370000
10314400
10355300
10426400
10425500
10384800
10377100
10370800
10310300
10241700
10299200
10342400
10272800
10376100
10387900
10298100
10416400
10371200
10249100
10347400
10353700
10337100
10345400
10412900
10364900
10424600
10368000
10382200
10406800
10457500
10252800
10507600
10409200
10382500
10486700
10401600
10295700
10498300
10440000
10384900
10439600
10428600
10387100
10455700
10455700
10392800
10313500
10404400
10394200
10341000
10615900
10411700
10305700
10338800
10450600
10266000
10284200
10329500
10410200
11102100
10480400
10314100
10350100
10450700
10465300
10276400
10384600
11688700
13986300
13321200
12752600
12737800
10612400
10823200
10838000
10650600
10757800
10787100
10506600
10526300
10624200
10511500
10533100
10532500
10512600
10384800
10416000
10458000
10371700
10375900
10383400
10284700
10260200
10330300
10297700
10372400
10411000
10294300
10247700
10379100
10378300
10266600
10418500
10379200
10327400
10290700
10351000
10287800
10311800
10324300
10361300
10356000
10379800
10447700
12360400
11222300
10576300
10517100
10532600
10513800
10489200
10412700
10496800
10453800
10530400
10347700
10369100
10385900
10442600
10737700
10501500
10370200
10272400
10450800
11782700
12308900
10280700
10391800
10851200
10324200
10461300
10396300
10409200
10396100
10253500
10313300
10406000
10431200
10409100
10358200
10480900
10441100
10440000
10313600
10402200
10309600
10398300
11994900
12409700
10927500
10505900
10542900
10482500
10494400
10535600
10521300
10698300
10537200
10362900
10498800
10505000
10519100
10541900
10480100
10600600
10490400
10491600
10540900
10514600
10370300
10492500
10418000
10461100
10366900
10296100
10314000
10300900
10433200
10161700
10388100
10387800
10300900
10465500
10450800
10479300
10375700
10475600
10505700
10368500
10376300
10567200
10350500
10278700
10320200
10355100
10267800
10344400
10263400
10315300
10331100
10353300
10209800
10363200
10366000
10329500
10364500
10325100
10271100
10421100
10415000
10326900
10335900
10464400
10391000
10272300
10389300
10316800
10277500
10277700
10392300
10304800
10417600
10356900
10303400
10394600
10382000
10230100
10422600
10473100
10326900
10450400
10467800
10374800
10352400
10383300
10364900
10345600
10377300
11108300
12408900
12150900
10638500
10593800
10621400
10622400
10597300
10636500
10646100
10604200
10509100
10521400
10596300
10606300
10590900
10425700
10403700
10354400
10338500
10275900
10357800
10273100
10426900
10298300
10277600
10394500
10444200
10303000
10422900
10356700
10247400
10491300
10506700
10508700
10518200
10637900
10654100
10485200
10568300
10877700
10651600
10498900
10538200
10811700
10516400
10577800
10546700
10551500
10556400
10476000
10629400
10602000
10649000
10726800
10761700
10613000
10589000
10629300
10671400
10586200
10665700
10637100
10581600
10582100
10604700
10769100
10741700
10730100
10630800
10590600
10551900
10551900
10635700
10559300
10570200
10707700
10686300
10701400
10663400
10667900
10660300
10713800
10594000
10620100
10571200
10558200
10534000
10465100
10382900
12432300
12931800
10763100
10521600
10528900
10597000
10578300
10600000
10615200
10572500
10635300
10550300
10602600
10811000
10557300
10541400
10492900
10430300
10450800
10466100
10529600
10422800
10474000
10700800
10482000
10780100
11606700
12782500
12574900
10433200
10440300
10479000
10525700
10378400
10449800
10355400
10409700
10543100
10377900
10262500
10495200
10308600
10231900
10367600
10327700
10336900
11843600
11651600
10541900
10522900
10589000
10682200
10593300
10564100
10653200
10579000
10472400
10436900
10411200
10313800
10382300
10469600
10287600
10365700
10426500
10353300
10393000
10383900
10689500
10496300
10575900
10520000
10438500
10310800
10743000
10956200
10307100
10539200
10427700
10373500
10366000
10343000
10488600
10306100
10352600
10365900
10196400
10318500
10397500
10437000
12168600
12614500
10794400
10619000
10545000
10529500
10556200
10569900
10570800
10596800
10617100
10569100
12169900
11455100
10392500
10406300
10347700
10452700
10395200
10372100
10289100
10319500
10323900
10382000
10208000
10346300
10432300
10315700
10254000
10434100
10322900
10275500
10398200
10397000
10355400
10425700
10329700
10323300
10360100
10441300
10485000
10374900
10482300
10412400
10355800
10350100
10482700
10348400
10534500
10550900
10343000
10342400
10373000
10180400
10272500
10374100
10282700
10235900
11579700
12409800
12437000
12303500
12436200
10324200
10582000
10331900
10323500
10405300
10503800
10381500
10512400
10402600
10410900
10450200
10394500
10388700
10594700
10546400
10346600
10396100
10468400
10352400
10367100
10437000
10298400
10362700
10443800
10429800
10458200
10451900
11408600
12531200
12503800
11651300
10706600
10630700
10609200
10601000
10692000
10769100
12848100
12959100
12911000
12416800
10582200
10587800
10574000
10529200
10476400
10417000
10449000
10350900
10504200
10404600
10483500
10401500
10424400
10337800
11417500
10476200
10445400
10355200
10466000
10497200
10484400
10557400
10360400
10462300
10291700
10379000
10367500
10326400
10284900
10342100
10338600
10392200
10287000
10308600
11628600
12507700
12567900
12539300
12234600
10458000
10442700
10670600
10458800
10411600
10369700
10425700
10329100
10377600
10714900
10434500
10443300
10433600
10759900
10412100
10267800
10231600
10381900
10470900
10299500
10349000
10229200
10114800
10429500
10402800
10308400
10442600
10309000
10243500
10347500
10388900
10187800
10251600
10335700
10293300
10329500
11265300
12493800
11780300
10565500
10607500
10688500
10578800
10794900
10765200
10665500
10760400
10673500
10669800
10499400
10402500
10425500
10464100
10379600
10361000
10419800
10343600
10375700
10496600
10476400
10334400
10401300
10506900
10339100
10452900
10418400
10332900
10363700
10477400
10311100
10338600
10453400
10363900
10339200
10476400
10382400
10358500
10358200
10307100
10280700
10447600
10354500
10496600
10388400
10447800
10417700
10389900
10451000
10429800
10420300
10479300
10500400
10418500
10384700
10479000
10399300
10388200
10358900
10326800
10341200
10367400
10276800
10423500
10453200
10364300
10330100
10380800
10476500
10376200
10490200
10504000
10367800
10361900
10309400
10368800
10418400
10306100
10286500
10361600
10330000
10316900
10456800
10400800
10424300
10390900
10469500
10345900
11008600
12704400
12312700
10564600
10553200
10574200
10588600
10642800
10583900
10567100
10491800
10597600
10607700
10498600
10458500
10477000
10470200
10429700
10345900
10351200
10302400
10367200
10341200
10321400
10345200
10437100
10394800
10334600
10375700
10654800
10363300
10457600
10422600
10386200
10447500
10584200
10321300
10373500
10448200
10329600
10310900
10494700
10334800
10364500
10441700
10315900
10333600
10367900
10222200
10299300
10371700
10399500
10354400
10386700
10403300
10422700
10378400
10433400
10444900
10379400
10406400
10305500
10424300
10441900
10384800
10266200
10388300
10405000
10361000
10268500
10406500
10344500
10315800
10334900
10543200
10404800
10372200
10380900
10465600
10439500
10473000
10433400
10424800
10458700
10410900
10265100
10405100
10420800
10289400
10354000
10297100
10557000
12421800
12176000
10661200
10719300
10572500
10596200
10474200
10700000
10528800
10337700
10373200
10432900
10417600
10396000
10439300
10403300
10367700
10368900
10465500
10441700
10441200
10365800
10322800
10498300
10634900
10352800
10400800
10328200
10303600
10275600
10235000
10406700
10363700
10370000
10285900
10384400
10458900
10430500
10307100
10445300
10385000
10333800
10379300
10390800
11875500
10403700
10399700
10410300
10379900
10443800
10390800
10364200
10355400
10487500
10258900
10313500
10397800
10341800
10301500
10391800
10393200
10282600
10403500
10407400
10283900
10351400
10337900
10277200
10313000
10404100
10311600
10343700
10413800
10446600
10301800
10478700
10470900
10328100
10379500
10340700
10392200
10511500
10374000
10430400
10398300
10342100
10389300
10433900
10409600
10301500
10586500
11987400
12396800
10891100
10535100
10549300
10530700
10576300
10618300
10573900
10591400
10578000
10467600
10608400
10517200
10449500
10375900
10302200
10399100
10305700
10321400
10344000
10297800
10324800
10353200
10319100
10353900
10422800
10387700
10352600
10384100
10332700
10307100
10487200
10460000
10261300
10310600
10246200
10297100
10289700
10266900
10200300
10359900
10321600
10341300
10362100
10397700
10402100
10352600
10399100
10398300
10338100
10420900
10276100
10288600
10333300
10391400
10173000
10326800
10389100
10306300
10311600
10542500
10372400
10341200
10445000
10402700
10366900
10451600
10378900
10292700
10359400
10370800
10291700
10323500
10460900
10331400
10286500
10320200
10365100
10328500
10406900
10342500
10319700
10453500
10435500
10324900
10378300
10314500
10301900
10276900
10268100
10538900
11786400
11895100
10545100
10540100
10589300
10488300
10547000
10475100
10472500
10439300
10427000
10363500
10452700
10424900
10550200
10374800
10338300
10377700
10335100
10274300
10487800
10425000
10341800
10429300
10426900
10406300
10420300
10337400
10495600
10425500
10392300
10233000
10455900
10328400
10194800
10313300
10499600
10362200
10281800
10374000
10395500
10382300
10367200
10444300
10296800
10398100
10358000
10344100
10376700
10369600
10232800
10345400
10426700
10349700
10233100
10299400
10338900
10869800
10378200
10266100
10273800
10309300
10343100
10229200
10280900
10379000
10293800
10237600
10337100
10335900
10278400
10291500
10414500
10287800
10410400
10328200
10208000
10378300
10424800
10289500
10324700
10358800
10194600
10349300
10480400
10450600
10328700
10472500
10312100
10385700
10400400
10524000
12319500
12240900
10671000
10607200
10558300
10595000
10568100
10577900
10412400
10649600
10449200
10380100
10463000
10476600
10360100
10354900
10397600
10396100
10400500
10418000
10381600
10508300
10469000
10414800
10431800
10527600
10487700
10348300
10373300
12086000
12564700
12601800
10775100
10508800
10467700
10471000
10503500
10479100
10437900
10496600
10454100
10506200
10431200
10400500
10436700
10514700
10510900
10364500
10561100
10407500
10352900
10448300
10433100
10333500
10451300
10356700
10360000
10401700
10458600
10386800
10423100
10364800
10397100
10350500
10420700
10322400
10349600
10409600
10453500
10309100
10370200
10424000
10471100
10346200
10314300
10229200
10247200
10312700
10254400
10280000
10449800
10348700
10274200
10468300
10419800
10319100
10360400
10438300
10423200
10408600
10905400
12812300
12471600
10615300
10608300
10597700
10581600
10576400
10629400
10459600
10501100
10518900
10415400
10441000
10403700
10400000
10221500
10233300
10594600
10320700
10263400
10395000
10312800
10293100
10381600
10222600
10287300
10424500
10304300
10367600
10431400
10287000
10400000
10386700
10389000
10303700
10352700
10434500
10492400
10338600
10413900
10394800
10371700
10303400
10427800
10342600
10430000
10405400
10352700
10374600
10453300
10400900
10564700
10398100
10350000
10354500
10380300
10419600
10479500
10423300
10351800
10414400
10432500
10361400
10301500
10406500
10428000
10447200
10361100
10451400
10409400
10464300
10376300
10351900
10514700
10492600
10303400
10650900
10527400
10325100
10329400
10441000
10406900
10352800
10407300
10393700
10356400
10348600
10420000
10433500
10400200
10546100
12319600
12441600
10504100
10494300
10545000
10492800
10577400
10602300
10511100
10582400
10544100
10412400
10448900
10462200
10382500
10489700
10532300
10511000
10443100
10452400
10478700
10427900
10434500
10421400
10299800
10572200
10461200
10333500
10205100
10381400
10343500
10211600
10393000
10575800
10398900
10443100
10436900
11755800
11955800
10605100
10568600
10594800
10628100
10597100
10556000
10377700
10474700
10563100
10455600
10627300
10488100
10383900
10312500
10367400
10408600
10303400
10436800
10580200
10364000
10430700
10547600
10351700
10329000
10430100
10390200
10440500
10445100
10423900
10395700
10417300
10462400
10325200
10366900
10604400
10316100
10377800
10421100
10458900
10472200
10389800
10440300
10390100
10415500
10412800
10361200
10410400
10567200
10293800
10355500
10467300
10765800
12605800
12539000
10692300
10576000
10636500
10554900
10774300
10633200
10617800
10616000
10590200
10597200
10441000
10575700
10454100
10392600
10348100
10386000
10287200
10286800
10312600
10315400
10361200
10403200
10249600
10310800
11124200
10380000
10325600
10368800
10347700
10384100
10452400
10418700
10462700
10373400
10402800
10375200
10359600
10484100
10405800
10366600
10365300
12134500
12011100
10606700
10603700
10628600
10610600
12090800
11539100
10541200
10524800
10537000
10519100
10501500
10585300
10550100
10607900
10464900
10571100
10506100
10401800
10385300
10385000
10451900
10270500
10346100
10287500
10371300
10437800
10447200
10570200
10354800
10424400
10475300
10506400
10453700
10370200
10413900
11097400
10350400
10450400
10348800
10434100
10545000
10424900
10390900
10408800
10719300
12788300
13072000
10640900
10686500
10562700
10610100
10588300
10658400
10614300
10608700
10585600
10694900
10589600
10518700
10522900
10526000
10562200
10455600
10533300
10537300
10485800
10351300
10386300
10412900
10402900
10341800
10364600
10510200
10363500
10304300
10404600
10464700
10388900
10408400
10532000
10356400
10388500
10415100
11234800
10436600
10450900
10382200
10193800
10417800
10303100
10148800
10263200
10361900
10792800
10257500
10388800
10333100
10324900
10279500
10366900
10275100
10302200
10299100
10279300
10421600
10424100
10273600
10340300
10422600
10328100
10321700
10421700
10315700
10310200
10369000
10286900
10336000
10344200
10417700
10302700
10405500
10321000
10235100
10257200
10371000
10324700
10410400
10275600
10370500
10347600
10311300
10242400
10298900
10373000
10308100
10601700
12862000
12870900
10526200
10537100
10518500
10504500
10554500
10467000
10556300
10390300
10417200
10404500
10430300
10425600
10498000
10474500
10351100
10353800
10355800
10243200
10316400
10440900
10283600
10344100
10383300
10320400
10351500
10293700
10447100
10352900
10310500
10315100
10407100
10322800
10344700
10281400
10393000
10398700
10304900
10292800
10380500
10288200
10332500
10465100
10406400
10334900
10397900
10376600
10312000
10603600
10321200
10296100
10421100
10354700
10273600
10317000
10393200
10295600
10462000
10383300
10347800
10488200
10617100
10364400
10417400
10284900
10332600
10228600
10363300
10445800
10282300
10271500
10469400
10372900
10572600
10500800
10361200
10372300
10481100
10416600
10382800
10466600
10447600
10496400
10464300
10462000
10354600
10334000
10352700
10329300
10523000
11510200
12709700
11443500
10585400
10606100
10601900
10575100
10599000
10597800
10632100
10644000
10581800
10603200
10552200
10671900
10633900
10555600
10543600
10410100
10395400
10489700
10518500
10299400
10359300
10348600
10342700
10370500
10312500
10270200
10423600
10276400
10309900
10403700
10330400
10195900
10339800
10402400
10286600
10355600
10379900
10350100
10292000
10340900
10263400
10371000
10363100
10224400
10246200
10290700
10376300
10241400
10292600
10476900
10272000
10351000
10387100
10330000
10367200
10468100
10280300
10316300
10480500
10331600
10391100
10358500
10342800
10406900
10393400
10383400
10427800
10438100
10408800
10449100
10394100
10531800
10310500
10322000
10406500
10399100
10377800
10431000
10422800
10385700
10427300
10373000
10332900
10356300
10380600
10367100
10393700
10319400
11030500
12421600
11668300
10632300
10645700
10569000
10592500
10529600
10485800
10560900
10629900
10586700
10605200
10723000
10540200
10638000
10567000
10520600
10619300
10486800
10553700
10547800
10348900
10280600
10284300
10338600
10387100
11115300
10366200
10793500
10606600
12023800
11951400
10724100
12076300
11878300
10983500
10886200
11567000
11481700
11663100
11943800
12491000
12516800
12832100
11977800
12435400
12037100
12930200
13569000
12365900
11299700
12330000
11041400
11831400
11865000
10654300
10738100
10590200
10574800
10585000
10624500
10685500
10609900
10598800
10628000
10610400
10612000
10645100
10695700
10582000
10574700
10636800
10621700
10588100
10597600
10570800
10558400
10611200
10564500
10570000
10454900
10507100
10462200
10391800
10482500
10584400
12715600
12377200
10613000
10585600
10596800
10551500
10588800
10625000
10582000
10716800
10734600
10622100
10687000
10612700
10633200
10570700
10501600
10520900
10453700
10491900
10558500
10486900
10547400
10520400
10545200
10506800
10715400
10583200
10596900
10603300
10510900
10528100
10420600
10516100
10576700
10532300
10445900
10493000
10479800
10434500
10351300
10430200
10538300
10461100
10445000
10477000
10393500
10478300
10558400
10537000
10484300
10502200
10554600
10528100
10455200
10413400
10411500
10522200
10435200
10558700
10481500
10446700
10550500
10507600
10398700
10543300
10531500
10447800
10489900
10555000
10513900
10550500
10590700
10508000
10509200
10464700
10510100
10532900
10472600
10496400
10539900
10438800
10493500
10490400
10515000
10442200
10500400
10553600
10505300
10488600
11967600
12684500
11178900
10549000
10537000
10569200
10551400
10613800
10598400
10666400
10647100
10557700
10547100
10593600
10624700
10560900
10578900
10587100
10574300
10529900
10559400
10528200
10528300
10570800
10579500
10555900
10520800
10508400
10593000
10436600
10505200
10567500
10437400
10467900
10499600
10382400
10448200
10498200
10402500
10479800
10504400
13359800
10488400
10551400
10986300
10651500
10576400
10618500
10556200
10538900
10530200
10534200
10476400
10461800
10454700
10375200
10357100
10646000
10826800
10471600
10424600
10461400
10523700
10615800
10602800
10504000
10580300
10528400
10539300
10485700
10523800
10580500
10576200
10342900
10404900
10394100
10305500
10420500
10385200
10295600
10402500
10529000
10571600
10533700
10544800
10546400
10590200
10506900
10619600
10524700
12347400
12731400
10848400
10800300
10604400
10613200
10624200
10634000
10641000
10649100
10636800
10616700
10642300
10613100
10639500
10621600
10909700
10559200
10550300
10597600
10620300
10654400
10703600
10603300
10762700
10779700
10745400
10670600
10688300
10730800
10588500
10629500
10609900
10581800
10707500
10810900
10668300
10595000
10616300
10635100
10664300
10499800
10596200
10626800
10620700
10592600
10553800
10505300
10505400
10484300
10353100
10516700
10526100
10602900
10565700
10598300
10577300
10532600
10597600
10547300
10583100
10539000
10662800
10661800
10691800
10676300
10745800
10599400
10453000
10519200
10663100
10380700
10566200
10487400
10442700
10401200
10514500
10581300
10437800
10416200
10401700
10364200
10465600
10446900
10308700
10383400
10369300
10305600
10546700
10927200
12438100
12471500
10668800
10647200
10646000
10638300
10616900
10623400
10936700
10653300
10844700
10620400
10598500
10652500
10623500
10657200
10602600
10684700
10628600
10639900
10566500
10629800
10631500
10595300
10637200
10516200
10508200
10505900
10391300
10462500
10388100
10331800
10280700
10425300
10462800
10360300
10407600
10483900
10425600
10610200
10475700
10498000
10504300
10374300
10353400
10493700
10437100
10542000
10513900
10456900
10549500
10558500
10525400
10591900
10551500
10607800
10628800
10524800
10536900
10550900
10483600
10701300
10580100
10633600
10963100
12873900
12813900
12828300
12495500
10675300
17442600
10555700
10543700
10690400
10542000
10535300
10524400
10567400
10454800
10476600
10490800
10362300
11101400
10516600
10425400
10389800
10436100
10832000
12183800
12269800
10530600
10542000
10501700
10566700
10512200
10557100
10658500
10615100
10645700
10625300
10613200
10655300
10657600
10664500
10642300
10648200
10634200
10623100
10621300
10767200
10649600
10634400
10640300
10648800
10690200
10638400
10592300
10648700
10690600
10630300
10627200
10614900
10613000
10556800
10576300
10560400
10577300
10561600
10579400
10586800
10619500
10609700
14428400
10727800
10647200
10732500
10655700
10630900
10622600
10663100
10649200
10656200
10608000
10628900
10596900
10548700
10647500
10487900
10532900
10575900
10485700
10613100
10560600
10583600
10547100
10473400
10468900
10501100
10525800
10612700
10554000
10549000
10543500
10581900
10549000
10519500
10507200
10610800
10400700
10542400
10531300
10523900
10520000
10506900
10538900
10451000
11687900
12322700
11230400
10608300
10497200
10549300
10522700
10573900
11000900
10563600
10585100
10556200
10595600
10630000
10558900
10554300
10552900
10521300
10608900
10849500
10617500
10596600
10593700
10670600
10593000
10634500
10643700
10619800
10562700
10530900
10538700
10628100
10574000
10699500
10644700
10664600
10659400
10680700
10634500
10564200
10513100
10585800
10529300
10544800
10540400
10581100
10567800
10568200
10504800
10561300
10525200
10539500
10516100
10515300
10579300
10528200
10578300
10575000
11882700
12447500
10712300
10661400
10678500
10579900
10635500
11688100
12276100
10639900
10561800
10606700
10586400
10628200
10672200
10636700
10574500
10794500
10662300
10722700
10598100
10671400
10642900
10511700
10623900
10645800
10501200
10439800
10508800
10695700
10661600
12131900
12692900
10977600
10729900
10554700
10575000
10588600
10595200
10719400
10585000
10570700
10579100
10538200
10592100
10559900
10557900
10512100
11243800
10545200
10582500
10587300
10612900
10612200
10580600
10531700
10565200
10567700
10671000
10484300
10502600
10390300
10383600
10284700
10448300
10581500
10343300
10422200
10479400
10416900
10339100
10514000
10399200
10288400
10431600
10370800
10961600
10399800
10331600
10287300
10293600
10326200
11297500
10489600
10450500
10432100
10380000
10311200
10563800
10344500
10290100
10447300
10320800
10305300
10274300
10360400
10290000
10347500
10303100
10248300
10397200
10337400
10200400
10261500
10488900
10242700
10247900
10355900
10356100
10304500
10297300
10354300
10301100
10319200
10243900
10231700
10332100
10337100
10185000
10288300
10447100
10275700
11961500
12458700
11048700
10590400
10555400
10549800
10540400
10545800
10494400
10660500
10489200
10448000
10613700
10505200
10431400
10434000
10476800
10356700
10500000
10381100
10323400
10413400
10342100
10279600
10398100
10409400
10358100
10314800
10346800
10409500
10329600
10244400
10313700
10250000
10364900
10325900
10328900
10389200
10360500
10222400
10339100
10414700
10313600
10323400
10386200
10350200
10588700
10416500
10365600
10419300
10329500
10308500
10327000
10472500
10271900
10404100
10461300
10302100
10399800
10371900
10337500
10396400
10342200
10265300
10347400
10346700
10456000
10341500
10452200
10309900
10266600
10357800
10393600
10189100
10387100
10302600
10324600
10332800
10485400
10257800
10236900
10936600
10794300
10553200
11056400
12094000
11635400
11649500
11643000
11583400
11689200
13571900
13709000
11730800
11696300
11633500
10573100
10656300
10656400
10637600
10646700
10596600
10600400
10608700
10574400
10590500
10545000
10528800
10510900
10539600
10584300
10516200
10560200
10530900
10560500
10530400
10502700
10434500
10452200
10439100
10302200
10417500
10406900
10360800
10264400
10313400
10294400
10347600
10286400
10336500
10336200
10294500
10280300
10351200
10332200
10329500
10339200
10416400
10402900
10305500
10215300
10308700
10187400
10212200
10370600
10383600
10381000
10477500
10382600
10239500
10361400
10406400
10290700
10385800
10417600
10422400
10567200
10368900
10355600
10344700
10465500
10326500
10342000
10510900
10409300
10294100
10405500
10548300
10369200
10330100
10451400
10348200
10420500
10415800
10419300
10380800
10502200
10545500
10389000
10526900
10916600
12568400
12328000
10689300
10724400
10774100
10643700
10749200
10682900
10586800
10639700
10585700
10596300
10481200
10540100
10539900
10411300
10457600
10509700
10301700
10319200
10372500
10438500
10341000
10421400
10275700
10287400
10361500
10328600
10265200
10353800
10347000
10306200
10324500
10267400
10402800
10329700
10333500
10213700
10350800
10384300
10289400
10345800
10338100
10336000
10313600
10316200
10387500
10325800
10406400
10337400
10519400
10377200
10296200
10300000
10335100
10471000
10359000
10416700
10340100
10341300
10510200
10334300
10377500
10470200
10371500
10289300
10558700
10389000
10332400
10417500
10400400
10338600
10461800
10452400
10302600
10442200
10668700
10375900
10338700
10345600
10385900
10379800
10382900
10371300
10374400
10476100
10597200
10230700
10325100
10345800
10390400
12111000
12478000
10783400
10549100
10518500
10509100
10583300
10519500
10510900
10531500
10395700
10449100
10501900
10405600
10386200
10526700
10390000
10442200
10505600
10507100
10391100
10357100
10398500
10374700
10346300
10377700
10327400
10289900
10376000
10236300
10367200
10419600
10424400
10364500
10429400
10452400
10359800
10369000
10474000
10407800
10400900
10413800
10361300
10466200
10487700
10297900
10447800
10438900
10435900
10378400
10461100
10378100
10480700
10442800
10399200
10474800
10462400
10410500
10342100
10466700
10434900
10444900
10372700
10458700
10388200
10346700
10353300
10435100
10372900
11376900
12282300
10644900
10557600
10652300
10594600
10593400
10643600
10591600
10464300
10458100
10444900
10343200
10771200
10450600
10307000
10325100
10383200
10376800
10229700
10427600
10722300
12527200
12454200
10809700
10643700
10617100
10630600
10574300
10580000
10574200
10606200
10631600
10463600
10491500
10509700
10491900
10456400
10489600
10515800
10438600
10509800
10463600
10498300
10384400
10490600
10382700
10257800
10444000
10328400
10236700
10364500
10411100
10333100
10387000
10313500
10310300
10356500
10340300
10906700
10346400
10477700
10418900
10384500
10449500
10500000
10360600
10368700
10286900
10250000
10323700
10506300
10281200
10306900
10360600
10273500
10449900
10488500
10451300
10507300
10532000
10489000
10475800
10449600
10399000
10439400
10342300
10285300
10414700
10398200
10373600
10319800
10434600
10437000
10410100
10461200
10423900
10375100
10514200
10436100
10353200
10385300
10543700
10355800
10378300
10454100
10401600
10333900
10798600
10347900
10349500
10418600
10581000
12509600
12552300
10600000
10562200
10571000
10569200
10576100
10597200
10572300
10566400
10567800
10503000
10907600
10597500
10503100
10471700
10585700
10416900
10510300
10490500
10526500
10417500
10357600
10415300
10336500
10372100
10527200
12234900
11628800
10551800
10540900
10548000
10507200
10592300
10569000
10595800
10457500
10473900
10362600
10230400
10453500
10401400
10301200
10252100
10335300
11147600
10345000
10477600
10407500
10233000
10244600
10403300
11099500
10521500
10477200
10410800
10372000
10397800
10469400
10453100
10366500
10422500
10439600
10362100
10495300
10368400
10308400
10340100
10425800
10373400
10293000
10503400
10468500
10344700
10401000
10435300
10356800
10402900
10388700
10379100
10303400
10362200
10248000
10307200
10302100
10291100
10230900
10326900
10331600
10376200
11815600
12441000
11357600
10611300
10593500
10615000
10587300
10595000
10581300
10655400
10770500
10580900
10652000
10628000
10503600
10560000
10463000
10388300
10470000
10472000
10320200
10505400
10423500
10316000
10321700
10411900
10392000
10375200
10348800
10440500
10380100
10415400
10498500
10377500
10443900
10490400
10309200
10376200
10549600
10422800
10340900
10465000
10376400
10426800
10329800
10253700
10304800
10370200
10257200
10331900
10352700
10316500
10215800
10359100
10358600
10287500
10245900
10318100
10422000
10283500
10253600
10492000
10347700
10352100
10419700
10318200
10430000
10429700
10268000
10596500
10371700
10305000
10360900
10372500
10437200
10309700
10250800
10471200
10373100
10410000
10346700
10355600
10391400
10358100
10274900
10297500
10343100
10369200
10317700
10295200
10390500
10675000
12443400
12377100
10592500
10522300
10524000
10603600
10560700
10548100
10550500
10617100
10549000
10618400
10540800
10538000
10626900
10559500
10494600
10584400
10593500
10519400
10586400
10330700
10404400
10329900
10364800
10352400
10401300
10393900
10455300
10305200
10381000
10544200
10336000
10424900
10395600
10369600
10309000
10340600
10262800
10275200
10459500
10208000
10233800
10428900
10310900
10266000
10402100
10384100
10327400
10407500
10475400
10338500
10383700
10384000
10273800
10414700
10443100
10434300
10281100
10395200
10411300
10303900
10524700
10495300
10460500
10507900
10536500
10480900
10430000
10544400
10315600
10480100
10474400
10562600
10451900
10583800
10523400
10873400
10549400
10528700
10507700
10515600
10535200
10518100
10516200
10425900
10406600
10417500
10519900
10380800
11888200
12886900
12558900
10560900
10677600
10572200
10621100
10646400
10605400
10642600
10629200
10566400
10585500
10500700
10515500
10497900
10502200
10551900
10483300
10533400
10361700
10357100
11845800
12807700
10556200
10540700
10522000
10544600
10500800
10554700
10556600
10562500
10677500
10718300
10753300
10652600
10580100
10522700
10552900
10388300
10727300
10307400
10297000
10420600
10378400
10317300
10388600
10284600
10339700
10277700
10376000
10243100
10285800
10331100
10352700
10270700
10452400
10427700
10312000
10298900
10347000
10296200
10447200
10477900
10300900
10281300
10504400
10224200
10276600
10343500
10379300
10270000
10359700
10477600
10328400
10352600
10522000
10339600
10322500
10391900
10355000
10329900
10423300
10427100
10347200
10390600
10426500
10367900
10437400
10420400
10285400
12667100
13159900
10840300
10625400
10596300
10579300
10608900
10619300
10718700
10686800
11299200
10633900
10623800
10614400
10612600
10553000
10629300
10541400
10517600
10418200
10441500
10333900
10386500
10398000
10295300
10352400
10426400
10332400
10305000
11146400
10463700
10424100
10478500
10440700
10487400
10424200
10396000
10409700
10332200
10379800
10363700
10305700
10362800
10453300
10296000
10350700
10571600
10355800
10371900
10387200
10389400
10490400
10359800
10374300
10555700
10361400
10270700
13989700
10442700
10352800
10349200
10419000
10461000
10409900
10410700
10335100
10353000
10406800
10571400
10350100
10344200
10423100
10423700
10454800
10491700
10500700
10327400
10446500
10360400
10327000
10368400
10407300
10290600
10510800
10489900
10389300
10385600
10408400
10345000
10311700
11715900
12542800
11334700
10590900
10596600
10560700
10576700
10613200
10640300
10622300
10487600
10526400
10500600
10350600
10401200
10564800
10432900
10292600
10533800
10545700
10393200
10546000
10414700
10552200
10522000
10454000
10334800
10379700
10459200
10374600
10370700
10410300
10459800
10378300
10356000
10487700
10373600
10418600
10378100
10384200
10420900
10514000
10377100
10375200
10461800
10383000
10364500
10402700
10379600
10485800
10446200
10415600
10421100
10459000
10399400
10456200
10359500
10349100
10335500
10429700
10356400
10338200
10329600
10285600
10310400
10418300
10326200
10310000
10288000
10358800
10242700
10317000
10422900
10313400
10376900
10365500
10217400
10480100
10346400
10319900
10296600
10428200
10321600
10294600
10467600
10262900
10292500
10389100
10363700
10195800
10308700
10865500
12425300
12215300
10580300
10535400
10528100
10577800
10500800
10610900
10530000
10526100
10444900
10455700
10533900
10528100
10530400
10312600
10581800
10527800
10356000
10441500
10612500
10397200
10407800
10618800
10347400
10414100
10508500
10544800
10399200
10508400
10412800
10500000
10445600
10448000
10340200
10288400
10281800
10300000
10233800
10316000
10260800
10216600
10423100
10460600
10412000
10416900
10443100
10372200
10355900
10479100
10343500
10209700
11026300
10290800
10317700
10305000
10274600
10358100
10327400
10419900
10321600
10430900
10397200
10416600
10356200
10538400
10462300
10408600
10353200
10388800
10312400
10357900
10316600
10388800
10284900
10238200
10237600
10292100
10321600
10301900
10401000
10322000
10256800
10419500
10342900
10235800
10364700
10341100
10329500
10332700
10539600
12372200
12472900
10729200
10528100
10505900
10521800
10530600
10503000
10498800
10496000
10370200
10359600
10546200
10532200
10357500
10455500
10565800
10354500
10333900
10390000
10466500
10459800
10365900
10424600
10396600
10327800
10484700
10387300
10359600
10423300
10388700
10371300
10529700
10476700
10387500
10370500
10477900
10280500
10325200
10322400
10307700
10376700
10423700
10382400
10357900
10490300
10392300
10334400
10504200
10658300
10464000
10394800
10885200
10542900
11754600
10472500
10421000
10574700
10491400
10580600
10817500
10441900
10531900
10512600
10426100
10434300
10419800
10455800
10454900
10536800
10458300
10497000
10464500
10512700
10453900
10428900
10505300
10558500
10502500
10643000
10725700
10444200
10453100
10417500
10419800
10445500
10393100
10400000
10381200
10366900
11645100
12344300
11126000
10551500
10537500
10572900
10585800
10536400
10583700
10562300
10556800
10561500
10828700
10722100
10580800
10633100
10593200
10459200
10412700
10462600
10542300
10854100
10622800
12117700
10536900
10496700
10549700
10573100
10493200
10535100
11051700
10533600
10529100
10571500
10539100
10545700
10538800
10538800
10601500
10584500
10581500
10534400
10559100
10560700
10526700
10539300
10490500
12947600
12725800
12605200
12455100
10530300
10505600
10545900
10503900
10544000
10548600
10554600
10559400
10953100
10561400
10545000
10497500
10546600
10588300
10529600
10523800
28278600
10571700
10517800
10529700
10562100
10516100
10499300
10514900
10501900
10512600
10523000
10510200
10527200
10512100
10501500
10529800
10848500
10781500
10594500
10854900
12934900
12814700
10567700
10533000
10543100
10521500
10531100
10547100
10514000
10556200
10557100
10566200
10562700
10521800
10602000
10588500
10571100
10565900
10538200
10515300
10525900
10652700
10516700
10527000
10470700
10364600
10420500
10432100
10213800
10373000
10385000
10656500
10786400
10390700
10515300
10350000
10275900
10520200
10460000
10314800
10506000
10482900
10336000
10297300
10377900
10304400
10509700
12684900
11039500
10535000
10514900
10666600
10653500
10555100
10495500
10509300
10500000
10505700
10582000
10364200
10348700
10501900
10363100
10442100
10469700
10489700
10328900
10383900
10565300
10405000
11060100
10508700
10462400
10244000
10293000
10405800
10324600
11237100
10351500
10499900
10331900
10542800
10387900
10307500
10449300
10460800
10389600
10389900
10491800
10851700
12413500
12710900
10797000
11453200
11527600
10826300
10686300
10570500
10597400
10571400
10585900
10551600
10497600
10533000
10511500
10533100
10528100
10539900
10572900
10416800
10583700
10619300
10637600
10549900
10608800
10577800
10597200
10590700
10556700
10608400
10534900
10521500
10524700
12872000
11894600
10560600
10530000
10593700
10599400
10568600
10580700
10724600
10665000
11129400
10985000
10631400
10643100
10732100
10650500
10653000
10679500
10664200
10645300
10645100
10670500
10648400
10594500
10621200
10619200
10583700
10532300
10527300
10566500
10452100
10498800
10491900
10552400
10463500
10592100
11624400
10656100
10622400
10611300
10647400
10568500
10582200
10621900
10660600
10611800
10731300
10642800
10675200
10612200
10592700
10658400
10670800
10620800
10520000
11086900
12632900
12854200
10536800
10536600
10561500
10510900
10789200
10674700
10662000
10649000
10713300
10623100
10598100
10625100
10671100
10651300
10624600
10633800
13409400
10570800
10605500
10606400
10620200
10604400
10608300
12633000
11449800
10612800
10504000
10507000
10533400
10553600
10581200
10579000
10554200
10513100
10511500
10461300
10553900
10472400
10472700
10495400
10503500
10388100
10347000
10391600
10323900
10351400
10398000
10332700
10913900
10414000
10341900
10498900
10398700
10376600
10386400
10386800
10425200
10357600
10248600
10438600
10384100
10257800
10672200
10354500
10289900
10280900
10390400
10373200
10496100
10387800
10454500
10439000
10336600
10452600
10346800
10267000
10313700
10405500
10448200
10280400
10439500
10507000
10340600
10489700
10423300
10272800
10416000
10760500
12821400
12640400
10553700
11360400
10536500
10515000
10528100
10549200
10516800
10552400
10508500
10589000
10584700
10529200
10611700
10617200
10620600
10631100
10633700
10629700
10592100
10603400
10606000
10725400
10656500
10568800
10701000
10589300
10567200
10552900
10605700
10538100
10642200
10482000
10500200
10510200
10537300
10509300
10448000
10564900
10510900
10470100
10551200
10525400
10467900
10496900
10501600
10470400
10526800
10478200
10477200
10432500
10541700
10445000
10402900
10357400
10516800
10391800
10403200
10368000
10401900
10292100
10348000
10328600
10424300
10312200
10280900
10199600
10496100
10510800
10443100
10350100
10324000
10442000
10424300
10376000
10361300
10422000
10556800
10509400
10778700
10522700
10578600
10970200
10454200
10577700
10601600
10767600
10603000
10833000
12267200
11967800
10673900
10608200
10609500
10527900
10538500
10513400
10558000
10498100
10507400
10457000
10513400
10548800
10644800
10555800
10537300
10472000
10454900
10479500
10474300
10430300
10347500
10424000
10316500
10335800
10828400
11051000
10559100
10561000
10511100
10537700
10556100
10505000
10933000
11007600
10622400
10723600
10500200
10573000
10671600
10562500
10670300
10870600
10582500
12826800
11993300
10698100
10642200
10728500
10589800
10663200
10538100
10556200
10507900
10509000
10512100
10444600
10450500
10525600
10528200
10410300
10387000
10846800
10725900
10468700
10453500
10457700
10604300
10553300
10519500
10499300
10794300
10583900
10677000
10681200
10658800
10526000
10503600
10494600
11227500
10492800
10545500
10549700
10486800
10465900
10452700
10460900
10346300
10953200
12631500
12240500
10900700
10575000
10621000
10599500
10637100
10576600
10608500
10578300
10614500
10605500
10651200
10583700
10621800
10321600
10397100
10430100
10364700
10321700
10639700
11286400
10532400
10629200
10585300
10687500
10605000
10516500
10611300
10539700
10469100
10579900
10514400
10550400
10477700
10416100
10442500
10479600
10506100
10408300
10577400
10479000
10383700
10312300
10418800
10399500
10351400
10292000
10392400
10403200
10329700
10647800
10400600
10326800
10961700
11829800
11561600
11534900
11616000
11574500
11687900
11700900
11749700
11578600
11400000
10582900
10632900
10586600
10608400
10582700
10631600
10643100
10557700
14744000
11365200
10676300
10622700
10652300
10676800
10570300
10558800
10702600
10763600
10631700
10793700
10562700
10574400
10558300
12179000
12351700
10907200
10841300
10676200
10832400
10620800
10593100
10579600
10817700
10624000
10578400
10694700
10669900
10609500
10837400
10565600
10632200
10606500
10474000
10539600
10637000
11473700
10833900
10653400
10674600
10606200
10593800
10568500
12374500
10672100
10576700
10627400
10589200
10573400
10569600
10517400
10547400
10513100
10470500
10503900
10450700
10434800
10520500
10486800
13003500
11431800
11027800
11554700
10695500
10712000
10785300
10837900
10685300
10876700
10612700
10597000
10663500
10574700
10564900
10680600
10563700
10660300
10630700
10590800
10797000
10692800
10627100
12407800
10601500
10570000
10675500
10684900
10729400
10839000
10678000
10654400
10580600
10619200
10569900
10581100
10589000
10642900
10626400
10623900
10592600
10597200
10600400
11616200
12787300
12208300
10651300
10596300
10686700
10602900
10595200
11100800
12432400
10834900
10650000
10651000
10640500
10621700
10617000
10651000
10588000
10713400
10735900
10610000
10611600
10595600
10597200
10616700
10502300
10554200
10521600
10529600
10531700
10562100
10898100
11171700
10519800
10546800
10537100
10529900
10623600
10524000
10520300
10543900
10558900
10622500
10817400
10871200
10633000
10932900
10581500
10653400
10622500
10564700
10522400
10508700
10459000
10454500
10397700
10465300
10466900
10381800
10423500
10408700
10419000
10434900
10447100
10533500
10487600
10351300
10481800
10937600
10461300
10452700
10443800
10523500
10465900
10510600
10459400
10475000
10632600
11041700
10622200
10585400
10760200
10576500
10590200
10617300
10676400
10618600
10607200
10613500
11043400
12728300
12300500
10644900
10598700
10656100
10685700
10691100
10613300
10603800
10647400
11749000
10603000
10630800
10642200
10632000
10611000
10637500
10624400
10623300
10610200
10626600
10646400
10626300
10586400
10591100
10948800
11280200
12832900
12952900
10722500
10661000
10659500
10664900
10663300
10601900
10599500
13059600
10658200
10639400
10612200
10605500
10598500
10583300
10611300
10632200
10593300
10599400
10667400
10605700
10565600
10504700
10741200
10547100
10518300
10635200
10759400
10752100
10739800
10757300
10657400
10645800
10562300
10786600
10737800
10667000
10845200
10744600
10720500
11027700
11121000
10626200
10678100
10621400
10986600
10939100
10789000
10776000
10657300
12223700
12604000
12050700
10603700
10606100
10613700
10615000
10639700
10662600
12555900
12787100
11169800
10644600
10619500
10610000
10626300
10634400
10767100
10834300
10793300
10807300
10915200
10638100
10736400
10933800
10639200
10663400
10651100
11070200
10690600
10605500
10670300
10638300
10643200
10623500
10630800
10613000
10641700
10583100
10656900
10612700
10604100
10578900
10727600
10641700
10615800
10679100
10670500
10625200
10613400
10626800
10584900
10626600
10624700
10625700
10631700
10619400
10598600
10572500
10604200
10666700
10611800
10740300
10689700
10650800
10596600
10641300
10604200
10593100
10617000
10683400
10546400
10601500
10600500
10557000
10503900
10544100
10543500
10784600
10933100
10677800
10669600
14941000
11408400
10660100
11740200
10546500
10605800
10609500
10820600
10780800
10749100
10954800
11578800
10551700
12169800
11185400
12074900
11554100
10699700
10519200
10659300
10510700
10535400
10588600
10516900
10788900
10661600
10713600
10597200
10590400
11158600
10679900
10659200
10569700
10601800
10584100
10547600
10809600
10681300
10648800
10686500
10650600
11456400
10623200
10685700
10678700
10566300
10578400
10585500
25224900
15020100
12908200
13006000
12807200
12904300
12869000
12329000
10668000
11033200
10653800
10642800
10571800
10550700
10567800
10566200
10707800
10591600
10552100
10569100
10584900
10644100
10676900
10617500
10704100
10695300
10635400
10594900
10637700
10614600
10652800
10602600
10671900
10648800
10649100
11147800
10615100
10705100
10777600
10679700
10641100
10615300
10704000
10782900
14157300
10803100
10602500
10639200
12174700
10702000
10598000
10787900
12601900
12377300
10693700
10578900
10574800
10498000
10541900
10505800
10508300
10505700
10568400
10760600
10598000
10563100
10536200
10799500
10718200
10596000
10517600
10528200
10546900
10767600
10569100
10644300
10632300
10739900
10568000
10573600
10674000
11139000
10735500
10555500
10719200
12766800
10698400
10571900
10565300
10588300
10601300
10557600
10570200
10552500
10664200
10537800
10605200
11044400
10719700
10557600
10516900
10604700
10535700
10567700
10554900
10564600
10594400
10567400
10575000
10588900
10525100
10616000
10552600
10522000
10553100
10557900
10510400
10593800
10587500
10636000
10637000
10466000
10601000
10525600
10513700
11129500
10578300
10631800
10571800
10627600
10771000
10604700
10561600
10809500
10578500
10670100
10745900
10530200
10563400
10521600
10557700
12350000
12281600
10761100
10522100
10579600
10576700
10571700
10527900
10592300
10605300
10555900
10561500
10658800
10569500
10564000
10536700
10575700
10566500
10553100
10505300
10571000
10608800
10871800
11099000
10536400
10519000
10579000
10787800
10719600
10646600
10582000
10660000
10754500
10711200
10760200
10686400
10616700
10669000
10652200
10686900
10620300
10672600
10631100
10636500
10632400
13957300
10585800
10589700
10625600
10614100
10619100
10565200
10586100
10588900
10568500
10599800
10622900
10557800
10555300
10542400
10551400
10517600
10514600
10532300
10519600
10547000
10550400
10524800
10525800
10525300
10529600
10477400
10715000
11049700
11696100
11712800
12017200
11892000
12021300
11712100
11812900
11314200
10744100
10634400
10604400
10750700
10626100
10810500
12658900
13095800
10787100
10734400
10633400
10597900
10613600
10553500
10544800
10562100
10552100
10563600
10540700
10745600
10940500
10557100
10515600
10525900
10513900
10529600
10607500
10524100
10493800
10518700
10505300
10539800
10501400
10504900
10497900
10452900
10568300
10498600
10715200
10692500
10549800
10544100
10490000
10522200
10468500
10524900
10580600
10657500
10480700
10410100
10365300
10423000
10383900
10409800
10443600
10385800
10492900
10538000
10531900
10750600
10623400
10534100
10546600
10699100
10618200
12568600
12358500
10603400
10697600
10643300
10799200
12799600
12775100
10700400
10636600
10652600
10627900
10709200
10634100
10657600
10653600
10690100
10639500
10641900
10650300
10589300
10643600
10603700
10638300
10680100
10651000
10653900
10696400
10589000
11598800
14119300
13155500
10571200
10553300
10506100
10583900
10605300
10548300
10632400
10935100
10618100
10815300
10592300
10498000
10754800
10593400
10542700
10677700
10605500
10621000
10537600
10590600
10553800
10636900
10655300
10597900
10537800
10477400
10453500
10540200
10549700
10538500
10671200
10591200
10445700
10514900
10800000
10492300
10522100
10511600
10441900
10365200
10437700
10390700
10364100
10363100
10366200
10390800
10438900
10434500
10417400
10346200
10357600
10434300
10291800
11209500
10744400
10423800
10443100
10575400
10513200
10376600
10427100
10427200
10329500
10304200
10310600
10304900
10361500
10816600
11237600
10541900
10545900
10530300
10647100
11663500
12318900
10615900
11177400
10600400
10544100
10562100
10517900
10542600
10587300
10669300
10630800
10596600
11648400
12118900
11783300
10617000
10576700
10572200
10677500
10693200
10617800
10636600
10618700
10593000
10592700
10588300
10584200
10641400
10439900
10434700
10494500
10408800
10432600
10388800
10378000
10277000
10286400
10352900
10478100
10192300
10350800
10409800
10289100
10298300
10382700
11424800
12349300
12427900
12488300
11349100
10495500
10289100
10517200
10467900
10429100
10504600
10507400
10674800
10525100
10489600
10378800
10383200
10351000
10427800
10363600
10331600
10439500
10342000
10380100
10503700
10363700
10378700
10442500
10512500
10404700
10449600
10472500
10392300
10393500
10429300
10467200
10424500
10375300
10346800
10375100
10413200
10366000
10224300
10340100
10496200
10324700
10379300
10361600
10322200
10408300
10360300
10275100
10349400
10416100
10306800
10378100
10379100
11077800
12420900
11688300
10600900
10547300
10506600
10582300
10700400
10708800
10670200
10635700
10647800
10602200
10590000
10562400
10504100
10521500
10465900
10297600
10241100
10370400
10328300
10308100
10355400
10533400
10355600
10491200
10463100
10381600
10377400
10419600
10392000
10489500
10404600
10384200
10533700
10503800
10382900
10504100
10452200
10438300
10537900
10554000
10705700
10637300
10538100
10479000
10632500
10468800
10401500
10488000
10430700
10321100
10430100
10418200
10454000
10517900
10467100
10369400
10374400
10394000
10419300
10422900
10484200
10420100
10359700
10536600
10391000
10372100
10403000
10412500
10290100
10428400
10530700
10583400
10442200
10644900
10522000
10309900
10583700
10500200
10336400
10546400
10586100
10403800
10758400
10985300
10598000
10529400
10616800
11232000
13326600
12923900
10665100
10629600
10702400
10623200
10567200
10566000
10576300
10543700
10558600
10585600
10553600
10555600
10585100
10552900
10592800
10533900
10595900
10555700
10565300
10570600
10641200
10579800
10571000
10713200
10734400
10554900
10572600
10663900
10662200
11036900
10685100
10781700
10749500
10710900
10769400
10663400
10595000
10645200
10648800
10634800
10626900
10586900
10593600
10588300
10554100
10585100
10612100
10613200
10486100
10410400
10395700
10616600
10422200
10470600
10494700
10426300
10422100
10493100
10507000
10472400
10490000
10573300
10552700
10450700
10539100
10639900
10786300
10644300
11333000
10688400
10605000
10697300
10751700
10730400
10720700
10770300
10626800
10594300
10592200
10623600
10588100
10694600
10623200
10614000
10681300
10552500
12204800
13256400
12192800
10595600
10682200
10617400
10580600
10585000
10565300
10601000
10593800
10586600
10738800
10630200
10712000
10610700
10597500
10587600
10598100
10632100
10890600
11540800
10703800
10670100
10551900
10585100
10591200
10527700
10463000
10383000
10478800
10673200
11068400
10550200
10767100
12576200
12731800
10978000
10587200
10549900
10584300
10650900
10637800
10680700
10685900
10639200
10701900
10638900
10632800
10621600
10548600
10565600
10561000
10782800
10561000
10540900
10525900
10518400
10515100
10528800
10498400
10506700
10559600
10566400
10493000
10521900
10538700
10557600
10537800
10610100
10610000
10543200
10561700
10574200
10597900
10663700
10547000
10607900
10674400
10648200
10617100
10584700
10615100
10629000
10588000
10654000
10604500
11338300
12919600
13025300
12791000
10813500
10644700
10630100
10645300
10616100
10628600
10614300
10633200
10807600
10645100
10592700
10652900
10592200
10620800
10601500
10656500
10590600
10628000
10758200
10767000
10815500
10665700
10540700
10567400
10586100
10568400
10511000
10615600
10551100
10620200
10548500
11348400
10536000
10560200
10536600
10558500
10546500
10560100
10547000
10562700
10794700
10611400
10576300
10584700
10599100
10725400
10569800
10587900
10584500
10574000
10590700
10533500
10484300
10481700
10566100
10536700
10510900
10505500
10475700
10484200
10433800
10543300
10609000
10649900
10541800
10808800
10536100
10420100
10536400
10508100
10471200
10483600
10570600
10514900
10573700
10686300
10738300
10735900
10924500
10583400
10600300
10589300
10650800
10649000
10561000
10587100
10923500
12583500
12245300
10532000
10571400
10583500
10608900
10550500
10529500
10550500
10557000
10575300
10625200
10561400
10557200
10507600
10511300
10520600
10557900
10526800
10565400
10536300
10549300
10510900
10528700
10456300
10463900
10531900
10424700
10458700
10476300
10430100
10441200
10897900
10364300
10438100
10370200
10366500
10366500
10403800
10422300
10499300
10541200
10501800
10451000
10553300
10820300
10707100
10554200
10616500
10678200
10600700
10499800
10476300
10569900
10548200
10449200
10465900
10533900
10490300
10465700
10643100
10497400
10516300
10528900
10743300
10686200
10594000
10562900
10632400
10432400
10426800
10290000
10349200
10491900
10420300
10533700
10433400
10581100
10543900
10501800
10585600
10712200
10562400
10631300
10636200
10615400
12594200
12829600
12708200
13252000
13956600
12985500
10518200
10687600
10546700
10507200
10591800
10614500
10642000
10591200
10663200
10661100
10622100
10610800
10679900
10571700
10565200
10561100
10605200
10570500
10643200
10546100
10624300
10573100
10635300
10622800
10666400
10612100
10627500
10687500
10628700
10631300
10682600
10844800
12646700
12765000
10678600
10561500
10574000
10584200
10555900
10616600
10652700
10624200
10634900
10673800
10634100
10605800
10642500
10561800
10536800
10412600
10508200
10442800
10541100
10568600
10512600
10681100
10555600
10607800
10643200
10612600
10660000
10672900
10625500
10669600
10597200
10648100
10635200
10590800
10600300
10448700
10459100
10472500
11554700
13221500
12934400
10889500
10505700
10568300
10598300
10539000
10541800
10607900
10681900
10677400
10881100
12764300
13079300
11440100
10679400
10569100
10677200
10634500
10636600
10605700
10555200
10568100
10511300
10934700
10556900
10559400
10516000
10553200
10719600
10558100
10652400
10642100
10643700
10588200
10676900
10621000
10613200
10678800
10609100
10603300
10590500
10620200
10621300
10590400
10577300
10598300
10509000
10389300
10530300
10533900
10402400
10383300
10478400
10415200
10276300
10434500
10366300
10260900
10454700
10506600
10403300
10357600
10567200
10415000
10468700
11124500
11003600
10616400
10595300
11036100
11025700
10661400
10618500
10733700
10668500
10609600
10602200
10613500
10634800
10612300
10580100
10601800
10592600
10640800
10582400
10562200
10694800
10569800
10551900
10521100
10605300
10660800
10662300
10616100
10583300
10578900
10638400
10607400
10565300
10665100
12003900
13087600
11804600
10530900
10546800
10516700
10685400
10597900
10575600
10659600
10608400
10634700
10661700
10617800
10619200
10620300
10641800
10548900
10487300
10415500
10333200
10502500
10474300
10447700
10340800
10468200
10458900
10489900
10424600
10446600
10467400
10495000
10556600
10510500
10529800
10574300
10384700
10434500
10408600
10427400
10569000
10460500
10494000
10563500
10422400
10536200
10517400
10468500
10590800
10507300
10535300
10490400
10516600
10595200
10715800
10486100
10451200
10595300
10389200
10431700
10429900
10445300
10381100
10477000
10499700
10452700
10523500
10547600
10562000
10649400
10541800
10574800
10544300
10571300
10581600
10571400
10540900
10589100
10649400
10579600
10591300
10608000
10784800
10684700
10622300
10627600
10680500
10646900
10612300
10640800
12274400
13277400
11867800
10602900
10632400
10618200
10630400
10818500
10659600
10586400
10585500
10556900
10609600
10580200
10620000
10581500
10521700
10554300
10640400
10646800
10619800
10589200
10671500
10743700
11066100
10608100
10649800
10579500
10515200
10504600
10528300
10539900
10444000
10409400
10434900
10497100
10524900
10444600
11699300
12370600
10626100
10627200
10597300
10849800
10771800
10555100
10600500
10576100
10635500
10537800
10670800
11018300
10565600
10589000
10605100
10612100
10618200
10546100
10541400
10597500
10553700
10584200
10682100
10430000
10381000
10335300
10306800
10286200
10331100
10310700
10314000
10367100
10529000
10472300
10401400
10666900
10376300
10403600
10689500
10547400
10516700
10373900
10536100
10318700
10377200
10407600
10327300
10370400
10389900
10969300
12413900
12613600
10629500
10600100
10585900
10580900
10595400
10624000
10640400
10547700
10533000
10572400
12105200
12572800
12564600
12661700
10549100
10564500
10593500
10657700
10488600
10605400
10613600
10519400
10509800
10548200
10316100
10345800
10398400
10237500
10400200
10328000
10268400
10833900
12605900
11357000
10627300
10552300
10577500
10575800
10637500
10607100
10610900
10627600
10642600
10813000
10646000
10693200
10639600
10644800
10668600
10664800
10590500
10912700
10707200
10648800
10631900
11745900
12536700
10618800
10626100
10630300
10554600
10625500
10559200
12074800
12100600
10594800
10635300
10699800
10599500
10561300
11351200
10562800
10542100
10560000
10561900
10575300
11340700
10656200
10607700
10570000
11173600
10569300
10589200
10527000
10876900
12585000
12597900
10924300
10601800
10632100
10664000
10640300
10558400
10603800
10706000
10728100
12762100
12745300
12785300
10594900
10581000
10671400
10610900
10741100
10639300
10553600
10540300
10567700
10514500
10572700
10516000
10526700
10485900
10492500
10464300
10523900
10476600
10877800
10560900
10557800
10551900
10536500
10467100
10484200
10596200
10533000
10544900
11004500
10632900
10567500
10565100
10584100
10646000
10618300
10629000
10657000
10638200
10609300
10626800
10634800
10644800
10671900
10637000
10620900
