57
55
104
52
92
119
124
127
17
33
5
29
40
100
77
277
24
5
58
182
387
58
86
405
27
170
20
129
210
31
8
63
56
187
65
136
376
467
7
145
106
42
86
30
246
242
260
209
36
121
19
116
205
297
71
161
57
188
244
387
191
264
147
17
76
239
67
132
86
339
144
16
86
11
7
65
200
271
76
419
18
127
3
39
83
344
2
24
163
24
197
247
22
600
105
25
290
123
307
120
28
104
78
505
158
356
32
614
312
358
18
165
362
889
86
137
148
36
66
110
17
319
201
228
551
15
8
46
47
71
72
122
4
329
308
54
94
132
347
331
131
347
118
370
441
120
10
158
81
110
211
466
252
271
1
41
62
154
271
67
12
73
35
16
181
322
59
13
136
179
126
183
637
732
54
558
283
19
93
36
257
41
22
70
457
66
119
23
101
223
404
46
201
312
218
1000
19
390
277
6
239
164
352
203
209
124
276
147
86
23
799
281
157
60
41
215
55
110
192
34
224
56
199
152
119
220
48
168
113
12
137
424
132
112
112
36
187
108
28
30
454
32
95
88
81
126
32
16
145
182
63
30
41
1259
5
304
10
26
54
52
185
54
32
227
24
42
291
425
276
90
57
44
98
21
34
739
44
125
230
136
113
87
489
302
73
18
335
88
115
430
73
292
67
75
63
102
96
151
40
320
284
703
141
316
206
272
58
33
191
64
213
231
434
79
115
1055
198
259
8
115
186
3
136
44
119
247
100
229
101
17
8
27
231
329
109
80
296
61
197
138
87
24
109
508
163
102
149
216
3
35
466
58
513
852
28
281
51
100
11
276
99
550
149
118
22
6
301
47
217
193
29
49
103
14
261
20
68
399
120
16
108
239
7
169
311
330
100
91
152
419
37
5
217
28
29
47
39
21
28
66
9
50
45
79
34
116
23
178
392
23
15
94
113
264
113
100
5
158
68
4
13
22
4
63
323
162
200
208
31
88
347
109
343
381
173
556
287
106
114
457
234
975
18
218
169
21
429
50
286
117
1
6
9
2
156
6
127
69
164
35
22
283
144
147
9
91
69
285
50
181
770
50
8
127
69
76
228
9
33
41
16
123
36
18
43
1
506
201
252
88
322
183
7
166
4
126
278
4
101
129
15
194
39
347
94
22
56
106
67
17
435
93
363
39
256
339
274
58
68
29
70
50
10
262
296
35
321
95
243
45
30
127
213
39
202
376
161
24
82
13
154
69
115
82
247
384
3
134
16
106
63
262
202
4
184
64
126
211
25
33
119
44
59
266
96
19
179
174
50
155
166
323
253
685
218
4
64
116
237
67
265
304
6
25
273
47
48
129
268
220
325
35
163
70
6
423
147
183
255
281
83
53
18
253
129
32
390
75
88
36
77
126
19
25
33
67
138
297
326
618
412
166
472
39
114
170
88
72
10
169
359
75
2
30
259
104
93
13
762
104
44
79
252
45
117
173
242
1
570
120
66
314
50
204
31
53
34
24
99
13
121
32
204
25
325
31
46
161
95
19
67
132
111
306
663
369
80
7
189
77
5
2
37
115
14
499
130
35
78
124
351
94
8
23
131
68
40
140
96
36
26
13
357
29
211
334
3
909
42
91
27
48
116
40
96
241
58
42
111
365
220
112
140
154
323
288
153
11
190
61
94
296
38
93
43
140
105
84
90
238
41
545
273
30
279
22
132
142
257
508
93
256
46
81
263
68
100
22
81
302
123
46
150
226
360
118
48
87
72
142
29
557
81
26
144
42
333
196
10
93
56
57
294
79
79
19
373
209
336
150
170
49
10
276
499
133
46
78
233
137
498
394
130
23
29
303
518
287
855
214
106
127
22
187
12
303
43
108
14
29
233
309
11
745
222
195
283
25
305
38
443
118
248
49
254
11
107
62
417
72
130
203
206
251
21
7
38
75
71
8
154
333
41
10
206
152
18
133
43
128
121
156
85
21
65
60
18
95
118
38
157
861
27
349
172
63
139
177
9
124
333
15
267
172
106
359
47
181
365
86
21
92
121
79
494
34
108
20
136
343
258
168
121
88
145
49
532
217
303
79
556
5
135
73
129
38
348
281
123
3
120
117
52
74
46
177
460
11
166
22
16
185
142
206
223
167
96
184
71
292
89
473
150
90
50
136
121
38
122
118
35
899
155
31
228
27
52
266
17
232
117
19
98
229
9
3
196
200
95
51
152
92
125
18
119
38
119
112
170
163
10
54
35
63
2
469
35
285
42
272
96
448
4
190
83
97
149
223
294
29
73
308
458
10
77
97
231
20
2
124
73
177
262
80
168
152
173
2
60
103
13
133
174
103
233
97
77
138
337
108
54
67
16
290
153
154
158
193
73
299
338
592
159
37
439
195
73
1
106
357
335
212
131
181
131
440
6
88
9
194
67
42
213
16
12
150
76
62
56
162
77
84
46
324
205
157
48
15
396
72
129
234
228
37
563
692
293
73
152
74
122
75
28
264
38
111
164
144
229
102
21
88
6
6
94
22
105
121
207
15
76
379
270
748
33
285
509
350
272
166
28
291
272
268
251
187
358
140
178
115
275
11
25
183
128
49
145
304
50
342
89
46
237
1
49
2
135
38
39
168
37
70
328
50
466
29
52
15
73
41
13
44
255
52
401
25
94
138
210
10
115
41
122
68
132
5
71
126
85
49
186
174
225
284
34
43
741
171
94
52
18
153
152
20
369
116
304
220
328
274
179
70
115
130
588
95
181
61
117
168
14
103
339
136
192
91
98
116
248
262
298
427
68
487
57
20
24
133
287
7
114
73
79
110
66
14
343
129
52
445
116
270
97
355
230
23
374
266
6
55
104
59
5
61
17
45
5
78
58
94
67
35
8
12
102
500
138
48
10
360
53
167
160
432
344
331
260
146
106
49
100
19
3
30
231
55
24
130
85
161
220
206
232
202
101
119
2
42
32
3
5
337
104
50
748
181
202
100
256
403
72
233
186
64
13
117
27
230
111
24
186
80
2
362
56
27
36
226
159
92
125
123
52
70
62
320
14
35
554
84
76
422
156
11
315
125
320
26
38
43
250
20
358
54
382
114
52
117
52
30
472
144
188
62
121
258
60
97
484
151
88
275
230
119
189
27
5
25
63
27
169
405
157
497
409
146
23
143
17
26
68
155
58
191
11
25
239
82
62
87
19
105
449
8
36
160
354
17
345
139
191
65
473
253
335
94
215
5
23
122
27
8
79
39
529
30
4
29
136
300
207
178
9
247
55
338
155
395
13
224
100
74
324
114
77
87
396
15
966
67
40
432
16
188
50
238
343
11
188
39
73
31
122
117
112
70
353
412
96
128
42
211
135
35
174
203
10
129
14
53
96
157
248
134
514
154
76
213
251
127
175
360
212
72
7
163
147
65
173
80
16
19
90
19
307
62
21
72
7
290
394
192
641
223
22
47
73
297
142
6
146
135
375
175
8
18
26
170
236
65
315
117
89
13
695
181
108
139
170
79
53
667
58
276
639
361
27
12
16
84
147
29
570
104
208
94
373
52
142
184
179
95
32
195
135
163
435
70
498
99
160
34
108
24
11
132
21
250
65
70
6
18
30
94
124
8
239
36
40
178
7
83
67
7
209
168
219
98
54
230
24
105
175
23
97
50
26
138
209
174
133
15
42
23
83
64
411
56
85
355
58
99
102
37
273
53
279
287
55
167
146
163
60
7
11
164
335
9
61
497
46
263
162
79
335
329
44
98
589
70
45
358
267
207
175
75
76
143
57
68
119
195
234
99
77
33
190
93
71
2
202
152
330
237
75
31
164
548
456
44
57
38
5
83
141
39
125
276
52
156
427
182
71
92
194
28
93
32
224
93
280
112
293
95
117
8
562
284
80
186
194
85
44
380
3
47
119
452
73
237
326
294
36
20
7
240
24
140
122
93
67
757
11
69
481
123
189
74
18
1
795
183
29
104
54
360
29
149
80
213
117
14
452
154
144
183
85
130
151
224
152
274
39
78
19
4
130
623
272
12
219
34
712
54
227
432
168
113
96
64
11
405
104
54
108
402
243
8
39
68
69
135
166
27
540
81
170
196
271
265
355
7
84
255
236
121
114
24
65
173
21
28
753
118
118
41
127
23
126
14
278
5
138
76
31
240
168
127
46
37
40
118
75
332
64
91
124
93
14
137
18
25
114
245
21
120
204
253
56
18
5
263
91
73
90
191
115
168
6
26
19
12
96
477
192
149
63
67
2
223
112
77
75
328
33
273
278
179
163
437
84
205
3
275
77
15
234
29
119
153
9
1
202
133
77
301
534
221
128
107
31
2
253
172
45
122
38
241
209
59
128
26
286
40
66
50
47
36
512
515
163
263
79
17
340
1
80
57
89
230
22
159
300
27
123
588
23
23
27
41
23
213
99
65
47
69
293
52
21
47
104
29
451
399
47
84
39
111
73
133
348
112
96
272
32
96
153
342
36
83
244
10
30
49
144
220
380
29
175
239
164
311
147
228
811
15
110
44
517
17
312
123
54
18
219
197
192
35
40
130
335
317
271
57
216
145
49
547
30
161
12
26
241
178
157
18
17
162
146
49
282
73
49
383
39
47
10
443
173
113
225
120
175
388
57
71
62
13
596
72
40
348
112
94
133
69
245
265
30
433
36
12
125
293
92
222
405
91
42
30
130
130
62
25
233
142
8
58
10
64
72
5
264
128
165
123
24
36
347
27
209
376
183
23
180
257
198
172
571
28
568
365
133
70
22
559
62
73
70
171
6
18
296
9
123
30
167
42
93
68
99
177
273
47
31
204
261
14
48
380
25
100
86
19
76
45
194
129
65
263
609
105
16
59
86
131
35
171
140
259
351
1130
301
191
39
32
390
271
38
116
48
436
100
354
28
11
105
111
280
163
92
103
45
68
80
233
20
119
41
177
199
64
19
36
34
67
115
12
130
82
40
41
166
5
430
172
270
453
28
246
448
874
222
308
42
315
80
212
86
57
245
15
56
393
176
38
204
315
75
153
50
73
304
114
86
21
51
205
154
55
43
190
23
61
42
214
5
53
260
51
167
365
22
79
5
62
230
28
44
12
38
240
173
8
4
8
11
245
123
276
310
106
281
26
25
242
149
445
128
180
86
25
16
109
73
363
291
232
90
79
679
59
77
32
104
162
11
13
33
40
40
44
130
7
209
34
295
42
26
523
224
90
251
283
53
6
11
236
46
9
35
218
89
157
191
196
353
191
85
472
356
98
103
52
239
467
279
116
311
52
29
49
12
356
66
47
4
579
262
96
82
127
40
21
26
20
105
105
40
478
508
120
64
269
231
13
210
1
21
28
552
144
815
197
25
5
62
73
332
81
63
93
63
152
260
192
155
61
73
18
92
107
3
97
103
220
339
192
154
51
291
117
135
294
391
81
280
141
204
129
21
86
56
89
107
106
239
131
9
15
314
163
72
103
448
6
32
72
118
342
190
592
58
32
9
144
261
373
129
183
34
162
151
86
568
196
92
67
234
399
65
68
39
224
227
1
160
14
11
53
72
40
224
104
307
192
509
97
223
19
23
573
73
263
56
45
135
366
184
105
161
19
88
17
7
219
186
185
97
16
11
180
100
422
645
189
110
120
73
62
238
146
177
537
330
330
57
207
284
8
153
387
42
117
141
43
753
83
264
15
344
276
702
95
229
205
830
73
273
209
56
9
140
2
68
337
66
63
17
85
118
30
54
110
17
332
175
24
51
13
135
166
205
42
54
72
401
168
305
76
16
30
371
89
102
80
342
21
163
43
470
70
562
60
491
235
13
89
218
131
415
68
119
234
122
57
344
222
15
159
98
35
117
180
163
5
298
33
89
240
52
127
325
114
61
177
178
269
170
21
404
320
69
249
194
94
29
49
424
97
1
55
40
118
193
358
62
240
191
30
531
50
52
175
56
58
6
59
156
338
45
250
7
95
208
58
58
169
7
29
227
22
209
134
141
569
294
122
83
448
68
9
112
143
106
439
16
295
40
152
165
116
421
37
22
165
162
146
256
194
127
17
189
14
27
432
50
237
320
150
5
117
272
60
94
201
212
113
664
177
66
270
610
5
48
325
23
53
366
457
32
212
62
80
169
152
103
258
107
25
3
19
1
89
375
21
296
165
47
110
17
45
88
9
140
142
176
110
123
22
70
40
269
118
37
102
92
82
15
21
6
222
136
408
42
256
88
252
95
93
245
21
824
244
167
4
82
22
19
141
336
44
51
37
260
110
318
181
452
131
24
67
144
172
53
91
109
80
505
222
50
444
73
46
166
51
12
4
80
36
540
34
204
10
44
386
272
5
71
30
15
65
148
383
64
52
79
10
147
87
80
1
21
44
68
7
244
79
112
260
47
224
4
81
546
15
158
72
16
25
120
54
82
93
44
17
19
573
20
213
270
232
334
143
145
63
1
6
108
257
83
3
99
623
35
16
53
86
108
36
8
112
141
22
82
146
229
76
211
363
36
315
343
192
214
45
333
42
160
406
161
138
14
132
361
169
126
78
96
133
251
118
208
684
595
476
187
137
204
287
142
202
165
98
66
81
46
30
318
38
22
317
68
335
4
118
57
143
523
144
55
199
38
9
138
29
135
22
248
31
105
184
73
14
129
3
65
221
204
11
103
275
54
311
38
319
21
212
210
34
11
203
38
265
426
269
310
175
318
596
244
366
3
168
170
65
80
544
145
109
273
202
68
87
69
62
75
4
27
624
189
309
334
348
86
8
449
53
38
122
90
96
91
54
365
3
282
59
166
13
202
648
38
36
202
14
78
55
52
165
26
57
188
96
67
24
124
99
95
202
7
589
135
164
64
68
22
293
4
204
279
149
380
88
168
369
37
806
258
83
116
255
6
1
197
340
110
228
81
262
121
11
89
394
118
3
27
119
276
140
6
59
59
74
87
40
581
169
436
237
148
148
34
20
179
198
173
185
51
159
43
215
108
340
57
354
135
225
521
1
2
298
5
135
127
167
185
37
86
268
5
157
7
34
214
67
88
20
65
6
117
459
556
56
1
127
73
266
67
219
70
146
39
32
195
67
136
3
43
45
64
67
25
43
204
239
241
22
180
126
262
31
150
39
160
162
93
193
25
56
76
254
129
495
214
201
396
146
351
50
310
165
15
126
4
24
29
36
216
11
84
156
188
75
868
248
35
237
79
45
99
37
211
3
276
109
63
75
475
137
185
444
895
14
460
3
189
493
102
159
12
101
45
799
844
184
51
118
589
313
32
33
358
21
41
120
141
300
181
20
523
295
139
7
1
104
182
511
436
341
116
203
128
98
123
18
119
85
277
54
104
325
174
53
172
88
204
121
49
191
32
399
217
614
76
251
4
28
99
33
44
391
7
42
91
45
442
62
30
24
29
60
517
10
244
38
57
106
54
40
244
138
310
126
13
171
31
183
29
2
404
85
180
116
16
226
14
105
270
149
177
87
27
23
289
271
107
764
23
1
183
22
71
19
249
40
130
139
70
392
161
15
131
129
69
70
34
88
49
265
469
35
52
173
310
105
74
268
38
186
27
1
86
95
59
7
94
74
198
33
177
587
12
26
20
703
297
171
37
103
72
139
68
612
49
49
58
168
374
207
167
135
24
95
21
415
497
44
7
120
321
286
166
172
305
8
81
101
59
98
87
57
16
83
199
334
4
91
119
373
111
109
409
64
322
200
207
293
37
232
42
391
11
22
76
286
120
274
324
176
298
532
249
9
231
16
8
27
658
464
141
128
3
246
410
23
12
73
12
94
67
99
268
22
28
172
311
149
47
62
87
466
45
148
48
412
14
233
70
153
23
114
74
45
136
285
20
46
5
664
438
38
187
107
63
84
84
325
5
87
203
124
63
15
256
6
16
20
146
197
53
14
286
18
46
53
138
13
97
17
42
497
327
110
195
67
64
57
187
66
110
382
36
43
23
141
2
347
25
213
52
138
285
413
35
92
33
56
136
241
147
100
109
54
185
56
43
197
1047
139
15
62
158
44
255
122
353
282
185
65
247
27
225
105
129
24
2
318
18
28
93
440
98
41
1
121
288
207
13
190
74
159
176
104
86
21
65
45
36
46
59
174
110
131
38
238
37
12
52
56
170
164
57
495
47
59
112
56
201
101
196
29
69
43
98
169
295
27
585
45
9
58
8
106
102
116
132
185
24
123
163
245
108
406
54
43
229
172
40
4
290
120
151
125
181
305
189
504
41
7
919
64
222
644
3
76
213
115
1
37
49
854
190
57
101
167
321
222
71
47
510
93
14
233
87
43
82
13
120
56
240
17
104
19
39
29
25
428
275
48
224
252
50
52
73
93
65
69
141
181
384
200
105
107
58
180
88
18
103
63
56
464
196
10
126
41
28
59
82
76
136
47
87
40
275
145
55
118
121
73
220
50
26
185
176
122
114
27
231
107
52
79
171
19
344
207
191
277
80
25
301
489
265
86
59
8
151
315
41
113
405
85
45
26
285
115
76
35
182
197
18
193
48
31
40
23
274
109
163
169
84
3
210
152
126
92
32
29
35
350
23
128
328
518
11
219
899
12
1
418
40
675
138
11
338
374
140
301
248
85
52
3
300
444
80
9
180
104
165
175
99
211
36
82
327
103
191
281
7
392
144
7
56
72
4
86
118
215
124
8
93
188
187
212
159
176
41
86
129
27
302
31
230
119
216
17
292
43
35
11
601
410
13
40
195
56
299
125
89
111
759
65
11
105
29
146
51
6
199
39
322
138
299
131
118
201
37
476
381
42
392
135
79
7
100
34
144
91
137
98
162
172
589
204
12
196
74
28
141
47
277
290
6
94
28
23
437
12
36
458
46
101
40
66
1
734
55
54
47
99
5
115
359
71
15
416
98
231
126
52
456
7
32
57
93
29
149
26
221
118
114
178
111
40
171
610
9
161
335
315
157
12
91
35
101
67
228
65
511
140
42
243
8
188
171
192
11
46
483
41
159
73
91
84
16
85
50
103
168
119
65
57
84
65
55
357
17
101
23
103
84
262
42
98
2
204
29
4
118
119
170
578
162
261
133
134
16
338
197
43
72
14
42
286
93
160
229
329
99
564
24
175
671
146
49
314
36
74
1
131
699
99
160
74
364
29
128
192
8
30
300
38
71
44
44
123
153
160
124
17
92
199
16
23
305
249
342
221
267
297
184
314
48
5
135
227
12
77
4
25
186
20
79
59
195
382
42
430
105
122
180
107
48
80
265
68
134
4
128
108
595
286
92
106
38
68
262
7
150
61
178
53
194
465
31
124
122
64
66
280
341
520
58
352
184
21
67
165
233
68
4
18
255
28
60
595
100
168
147
29
69
29
21
7
13
12
77
47
122
399
283
2
104
92
554
269
107
1
66
72
28
2
165
585
2
18
393
36
30
5
104
71
187
58
59
5
173
211
269
63
261
247
87
310
28
74
2
169
25
101
473
321
73
165
395
140
141
311
128
56
163
166
257
166
76
1
120
218
34
224
57
2
189
49
43
354
157
12
206
240
85
197
228
158
81
193
184
194
15
156
65
123
270
207
267
62
111
166
9
103
49
161
175
59
107
130
298
81
135
205
65
156
85
191
89
127
56
321
4
32
39
197
14
149
139
56
130
182
58
131
34
325
669
10
9
132
132
11
2
255
50
105
31
59
7
243
27
138
40
308
32
166
51
208
45
636
138
431
4
175
56
159
25
258
22
65
14
10
373
21
4
65
29
90
300
279
27
47
184
111
56
167
156
38
317
69
328
71
497
10
264
403
1
68
311
474
236
129
108
6
63
21
43
38
172
14
348
13
42
20
81
306
37
110
326
13
17
21
161
299
117
15
111
222
37
9
367
256
361
206
223
124
497
267
43
387
257
122
6
50
106
61
11
27
475
10
117
85
100
3
222
31
170
52
252
174
42
60
335
220
103
161
206
160
92
140
162
28
480
50
182
327
105
90
13
221
18
18
15
79
123
48
13
62
72
70
155
288
53
302
244
71
357
13
54
173
31
154
138
235
208
42
13
37
20
7
244
119
118
163
467
58
110
374
52
159
258
429
88
243
54
2
106
48
17
93
310
126
463
27
12
114
46
132
78
56
40
445
11
100
44
93
2
56
72
138
201
315
64
135
113
211
46
48
196
98
371
204
151
529
18
94
89
11
98
599
276
151
76
74
38
195
204
131
19
385
9
12
345
3
18
178
139
558
30
237
296
95
300
212
127
77
198
317
208
58
10
31
362
498
266
110
86
79
191
8
299
139
116
184
499
206
31
249
24
17
1
15
12
78
208
125
133
461
56
303
73
180
65
317
190
331
120
46
91
287
226
360
71
337
19
18
353
111
160
320
247
126
163
36
316
138
96
60
62
161
7
120
189
418
8
285
410
102
65
253
108
3
69
43
28
308
30
291
167
36
676
168
90
414
596
28
59
160
86
238
76
92
19
230
25
53
134
302
40
257
445
82
147
175
32
307
30
325
5
69
370
72
350
14
145
12
31
65
117
281
49
278
11
236
180
78
167
63
207
381
35
4
236
187
27
349
34
4
68
163
195
3
18
46
168
166
28
217
195
36
287
173
322
296
247
362
74
222
88
204
441
18
165
192
157
82
158
251
148
29
5
174
84
80
195
512
80
19
95
112
18
32
6
303
294
104
279
165
80
2
62
28
297
557
40
638
640
90
777
15
67
64
213
43
40
13
191
9
153
24
469
116
590
353
70
518
659
403
66
107
645
39
174
12
203
311
19
68
329
380
53
157
3
134
135
182
48
14
65
53
141
209
250
114
142
237
81
24
14
58
452
132
278
98
89
510
76
61
34
272
59
616
95
105
67
16
160
75
259
95
145
321
8
151
39
74
152
99
529
264
211
133
236
315
24
6
147
140
99
90
29
664
625
21
4
244
201
21
143
591
430
234
399
69
93
98
84
40
222
349
45
175
92
56
66
584
209
34
45
192
377
71
38
457
58
64
168
3
75
362
333
266
106
83
48
220
35
115
693
8
19
647
26
117
770
238
63
18
94
9
76
173
259
47
255
82
340
153
122
32
14
5
115
837
208
193
123
27
363
19
52
164
26
103
83
152
99
164
34
243
329
156
27
46
47
101
75
49
504
18
226
156
254
214
192
233
22
89
118
104
93
106
110
196
80
16
232
800
149
171
77
136
266
98
95
138
40
54
492
199
361
140
20
8
548
24
38
210
161
208
62
385
164
224
464
108
346
93
279
771
599
19
432
158
11
55
27
237
135
12
111
47
9
786
41
33
239
139
93
126
25
210
347
390
36
9
105
79
57
110
90
24
35
103
88
27
199
245
103
387
251
18
66
174
558
92
181
128
17
119
21
3
254
246
292
22
145
123
477
207
88
121
133
81
117
167
187
64
93
287
88
70
5
75
109
127
188
335
90
102
50
652
112
33
20
72
970
93
367
528
13
359
61
21
113
140
20
402
9
49
664
312
74
43
82
7
283
11
284
488
15
315
142
246
67
95
323
149
33
313
46
102
9
167
316
75
176
78
48
17
43
811
4
48
62
16
115
7
76
187
375
623
317
187
264
176
142
40
343
31
23
42
23
141
119
240
198
141
96
77
486
54
113
73
60
299
43
148
58
94
6
234
83
62
20
16
73
478
196
87
4
44
68
5
220
106
203
16
319
1
14
8
122
22
342
183
357
536
11
77
164
9
164
63
110
90
72
241
27
74
214
303
689
47
19
84
63
1294
28
115
126
203
57
58
180
42
32
55
23
11
180
459
198
9
180
479
128
95
198
47
49
283
698
86
39
18
61
16
154
461
36
226
707
341
152
71
76
187
591
293
214
740
444
48
253
482
553
198
247
300
13
28
30
36
13
284
306
42
210
206
141
156
93
391
11
25
95
7
128
104
167
67
59
14
919
226
118
430
307
110
7
351
340
226
69
172
175
33
69
174
73
304
41
64
54
75
317
304
30
36
296
321
161
170
30
102
18
44
38
78
164
214
258
11
95
501
5
69
16
346
29
16
376
206
25
114
328
165
179
22
119
241
151
264
44
11
10
165
242
76
111
120
343
109
677
90
120
20
68
48
168
18
60
122
77
42
36
229
24
208
111
142
122
145
66
12
402
116
131
62
202
1
55
46
36
53
94
25
23
100
150
9
547
46
280
37
389
35
300
15
149
27
263
104
88
44
83
677
22
4
9
374
65
44
67
3
71
522
172
44
34
333
254
252
13
71
224
176
159
42
287
60
26
104
119
171
41
78
43
176
94
41
247
76
111
660
109
175
601
165
290
152
183
50
330
439
103
186
530
13
23
171
100
68
140
46
146
90
100
56
9
48
34
288
102
40
137
151
358
51
504
173
10
375
40
61
212
10
21
24
58
112
50
2
97
4
205
167
134
221
170
198
222
98
153
190
214
93
114
38
3
50
126
44
300
38
23
177
96
28
197
52
21
179
16
208
168
208
249
136
34
256
95
7
54
16
62
230
71
194
5
473
336
59
175
85
317
133
325
497
158
344
82
7
136
100
38
143
151
20
48
74
522
8
151
36
11
77
11
134
241
318
17
219
70
146
33
85
1031
248
390
580
81
59
20
73
34
461
32
146
120
313
68
159
115
162
31
2
210
61
232
193
122
181
75
323
246
6
103
410
50
349
354
78
102
35
398
189
42
56
325
109
109
545
75
360
220
20
89
197
82
84
77
3
83
404
195
46
35
18
211
98
211
217
7
208
88
32
51
584
256
8
32
497
20
238
76
1
372
22
372
278
10
165
103
79
74
228
111
363
362
31
50
235
50
131
72
413
187
25
129
105
50
27
382
70
53
235
977
563
218
51
97
37
388
72
558
138
34
345
289
38
56
4
25
18
22
370
9
213
68
222
43
365
46
32
339
13
202
172
190
50
28
213
311
129
216
289
101
696
77
144
173
17
170
244
23
42
401
259
114
1
114
36
24
75
17
23
192
240
177
96
114
28
129
28
406
75
76
33
76
32
109
235
170
133
143
82
347
516
435
294
486
99
74
160
100
15
151
94
155
11
265
624
67
134
46
58
155
107
103
123
1
121
1021
126
349
313
20
298
226
189
21
35
70
263
116
128
211
49
49
266
169
132
28
56
106
778
132
200
83
6
164
136
29
162
84
225
29
179
356
211
13
87
332
113
424
43
52
175
12
87
14
78
119
284
234
509
8
51
44
304
147
194
38
35
111
35
14
92
94
41
105
167
13
137
254
122
30
198
25
75
45
186
150
305
364
335
399
250
212
494
7
612
96
69
110
74
49
140
2
48
308
26
25
8
54
384
604
110
109
251
5
335
45
64
145
32
160
181
181
101
67
54
284
234
32
145
401
90
65
239
221
35
338
63
152
298
23
382
136
101
25
303
184
45
29
85
163
4
67
218
251
216
92
6
135
54
26
27
246
76
81
22
605
10
164
44
331
194
63
382
106
35
72
8
18
68
678
91
191
111
8
10
352
94
296
32
53
37
305
101
89
77
198
332
356
182
70
188
118
134
47
66
260
123
5
36
99
209
90
237
87
322
40
182
5
86
281
21
475
43
91
148
22
161
78
47
138
21
354
68
108
108
55
32
243
236
39
272
124
459
122
68
78
13
146
313
263
109
4
103
180
202
397
478
73
62
69
104
232
66
80
219
278
167
23
275
68
227
23
76
127
21
327
45
54
39
39
64
20
168
78
79
24
172
16
148
39
12
344
19
231
417
86
278
174
565
161
67
50
391
297
284
61
106
83
17
257
465
32
54
685
68
132
4
55
96
20
24
719
24
264
264
73
69
102
153
394
32
21
307
145
24
142
33
12
277
36
37
63
23
91
205
49
9
249
3
102
71
190
20
105
49
23
141
64
4
122
172
15
64
188
242
9
167
67
1
413
19
56
313
186
141
255
102
518
163
695
105
107
658
402
40
42
72
222
33
39
10
246
164
264
25
45
23
109
87
113
73
186
236
17
7
81
344
313
176
54
7
397
110
39
531
22
253
17
28
163
160
74
108
72
134
78
127
147
19
344
530
283
51
588
465
4
23
222
80
87
160
76
401
168
76
140
170
333
242
89
235
169
365
150
110
183
97
163
23
81
46
13
12
35
30
95
85
406
36
18
716
8
55
417
20
97
35
134
43
283
340
381
49
84
246
314
384
31
463
86
130
120
43
14
53
9
78
9
275
132
104
84
58
8
409
226
172
220
100
52
145
151
10
117
49
99
9
228
313
85
123
255
180
262
35
12
49
128
140
170
18
43
12
69
525
19
147
267
325
5
431
139
661
53
702
152
128
76
136
33
87
350
2
691
175
111
567
96
13
63
85
62
11
192
113
261
35
232
51
200
158
84
106
121
82
6
36
1
479
84
55
104
68
58
318
32
561
72
23
159
197
24
106
146
44
306
128
70
65
59
61
236
134
105
50
111
41
2
60
21
38
9
710
116
45
183
202
112
80
41
114
51
361
24
42
32
182
58
148
53
3
339
216
46
131
302
96
108
261
192
18
146
20
813
58
92
187
403
173
200
127
112
262
171
67
84
258
367
288
252
4
45
50
60
218
30
305
187
16
140
50
569
75
11
102
212
51
105
280
165
488
515
132
217
163
7
78
122
543
122
309
267
193
44
4
501
97
224
1
85
82
195
40
34
21
14
69
272
243
107
174
429
24
174
38
33
46
1
162
17
26
17
393
187
362
107
28
144
15
123
113
130
31
91
14
16
349
15
149
154
55
106
84
191
75
59
223
21
340
2
54
281
32
82
27
270
158
88
64
260
135
37
284
193
153
134
274
44
221
109
6
554
633
200
47
216
447
62
86
332
223
27
26
119
626
162
275
34
174
83
311
134
181
137
310
53
101
90
22
139
216
288
68
131
295
62
204
42
347
128
10
141
154
33
29
276
181
56
86
6
119
87
119
28
104
39
85
357
4
411
325
214
70
42
184
156
93
313
34
46
163
209
68
516
392
387
62
158
36
180
144
65
39
86
333
43
216
43
57
277
132
176
10
163
150
6
19
425
24
42
610
155
95
374
93
194
224
104
19
44
207
66
27
32
103
19
510
23
434
49
197
80
23
38
506
73
659
185
354
68
400
31
148
120
29
394
28
450
252
76
22
35
356
94
442
88
15
330
89
73
258
276
52
4
62
43
525
239
42
13
7
120
129
55
125
48
55
283
235
571
469
399
154
132
39
72
128
233
93
25
140
5
18
182
184
865
47
60
439
81
146
5
49
117
243
328
32
65
3
22
67
93
154
53
12
31
29
317
168
359
40
164
97
63
12
142
58
78
4
168
136
26
158
74
12
42
83
27
293
107
22
143
61
12
328
12
42
20
16
111
459
79
257
270
41
3
181
12
392
166
219
9
59
96
70
107
401
97
136
760
111
120
40
25
550
114
8
86
356
90
127
119
21
59
107
171
110
57
406
154
280
28
81
67
76
325
226
104
542
539
185
50
898
11
34
24
71
324
141
231
5
63
55
44
280
22
8
261
373
91
36
86
9
114
115
13
52
2
137
14
80
21
54
165
327
33
26
312
169
28
134
5
10
32
292
129
229
79
63
243
44
249
99
440
480
86
26
350
230
333
45
35
24
356
72
135
7
222
13
77
70
31
550
53
48
147
155
191
34
204
20
289
29
136
143
83
20
21
819
213
432
60
16
290
48
314
56
75
262
12
156
51
28
33
48
352
547
80
128
17
120
145
157
63
113
91
64
204
56
32
54
78
12
103
79
25
60
65
25
185
62
65
4
39
145
48
133
152
20
227
130
53
13
125
2
109
30
70
83
44
371
7
92
97
208
29
264
348
303
364
152
335
65
414
54
140
349
140
97
348
1459
3
168
48
104
53
125
66
225
37
183
178
1
270
94
82
34
110
173
126
7
15
479
163
599
76
91
17
5
242
104
149
72
29
727
145
115
22
64
333
142
24
107
275
144
37
250
142
67
159
99
36
284
6
184
94
68
503
76
291
276
11
3
74
53
79
23
218
136
58
39
20
146
107
196
28
216
145
38
5
361
106
31
22
201
475
95
41
64
526
58
68
37
179
31
92
177
53
105
105
168
10
210
42
292
198
111
376
80
129
186
44
24
166
322
424
322
73
123
830
108
93
81
5
150
36
271
160
301
27
550
470
39
76
162
235
821
111
158
224
56
16
521
234
38
330
7
136
7
10
26
109
51
177
82
344
22
108
27
7
43
102
252
607
130
3
444
698
10
271
242
272
91
53
64
501
14
412
38
60
18
144
113
586
13
164
431
66
46
103
4
72
385
37
115
10
5
110
49
32
352
25
312
164
178
19
205
107
125
156
211
59
138
75
208
17
48
200
477
597
218
13
42
207
104
200
17
178
87
7
86
335
186
224
54
96
84
176
258
6
236
106
93
18
52
472
122
366
174
15
23
380
70
93
67
766
322
146
39
398
120
11
428
38
165
181
167
67
223
450
103
39
31
756
88
152
38
76
34
822
24
23
18
285
295
96
46
65
419
237
105
119
442
92
318
207
228
231
130
73
28
105
381
34
105
280
93
213
78
81
189
178
13
137
33
261
599
7
191
488
279
429
344
18
704
84
288
39
92
188
55
61
17
68
122
212
10
64
367
34
4
22
244
215
320
34
483
53
352
13
215
110
38
338
54
31
32
244
198
137
348
13
25
224
169
79
83
14
315
7
193
221
11
49
131
190
8
41
191
260
29
89
189
69
185
9
16
445
39
131
258
202
26
22
252
144
27
341
380
151
14
12
137
88
104
393
133
167
100
20
42
79
92
41
63
109
198
288
139
78
174
9
40
128
39
391
154
92
50
571
345
124
50
116
17
167
28
115
115
13
219
50
168
156
509
144
360
160
24
430
89
32
24
64
180
76
227
42
100
580
21
121
64
125
95
142
357
21
257
44
14
147
259
176
10
103
137
270
22
132
153
406
54
114
231
30
19
57
184
7
128
254
40
179
108
15
81
392
53
48
495
1
60
29
124
202
197
146
737
243
24
5
30
565
531
167
31
49
456
98
253
8
220
83
112
14
2
12
686
350
8
215
572
87
806
56
157
7
456
91
22
96
87
244
177
23
238
26
95
215
337
1
196
315
42
77
142
11
156
4
329
37
34
4
23
1
70
108
93
120
69
179
42
61
98
14
56
190
586
205
186
143
74
38
12
77
93
100
6
45
104
120
11
35
30
84
153
90
157
85
260
149
109
80
574
40
147
127
13
14
148
97
99
19
72
62
142
24
81
620
49
86
2
79
51
190
177
11
129
301
344
182
60
13
231
27
57
270
120
233
91
75
6
54
72
125
26
260
216
367
287
175
200
839
31
170
572
105
115
382
48
16
3
1
7
35
67
66
200
88
8
173
46
244
65
210
145
165
306
344
48
7
222
58
90
234
112
212
185
126
514
119
127
200
83
42
47
423
107
307
247
165
13
22
20
20
318
548
210
122
239
220
84
127
150
219
107
25
62
19
52
118
271
159
18
43
7
60
391
180
551
21
87
8
14
51
3
16
5
486
56
74
406
95
27
100
5
546
583
77
7
150
298
121
90
41
208
123
63
243
69
120
384
19
538
272
44
65
7
373
93
489
38
38
50
150
306
189
238
325
95
484
26
240
12
293
177
77
114
272
13
302
49
121
168
50
31
29
24
69
36
135
12
689
182
289
92
15
201
352
18
222
75
35
282
328
239
104
47
163
97
328
154
122
29
158
196
147
21
513
5
60
275
111
103
340
245
411
8
109
154
20
308
298
112
271
68
74
193
137
140
15
169
5
64
46
132
281
421
12
146
195
269
276
442
144
34
249
360
262
57
278
47
11
609
148
19
251
33
35
10
23
71
205
125
26
95
23
45
165
341
87
85
106
172
131
3
75
217
220
67
8
7
493
117
162
168
13
447
190
18
37
23
117
341
262
144
27
371
13
312
326
116
28
72
64
34
362
294
142
72
20
154
28
244
79
50
6
15
130
34
118
308
320
334
340
86
223
516
147
181
133
120
49
236
419
65
77
657
58
43
361
130
25
14
16
87
47
102
36
258
85
45
70
40
691
549
96
309
44
396
124
7
253
119
35
236
307
6
11
60
138
26
370
1081
71
491
158
148
69
85
18
231
103
261
176
171
54
115
71
52
189
77
212
242
36
32
223
113
32
381
203
83
265
79
27
62
83
1
12
799
44
231
31
210
218
268
230
182
384
15
10
41
217
223
294
262
152
132
32
204
66
127
105
137
141
463
191
49
199
140
479
194
141
251
19
139
354
179
206
727
94
5
58
75
39
68
690
54
194
6
18
360
307
190
463
106
245
471
91
175
82
167
233
90
115
227
120
50
36
1
85
10
32
109
60
76
4
62
27
109
30
143
183
420
14
738
132
16
290
237
32
59
26
30
11
257
5
87
369
47
52
115
632
56
119
27
83
66
147
111
203
307
67
21
131
109
7
28
57
26
242
110
248
62
51
391
280
76
79
4
225
41
73
106
87
55
342
18
475
17
356
4
92
32
181
381
233
11
71
51
67
46
147
162
319
130
210
589
156
108
47
182
14
114
64
47
61
23
77
66
147
17
188
166
194
181
518
76
21
124
13
184
196
22
330
294
194
142
261
293
108
38
218
43
9
2
125
36
32
54
192
422
493
87
366
340
103
81
190
76
133
126
40
220
326
79
109
189
25
384
120
52
9
2
254
168
147
155
53
81
312
476
73
67
59
81
43
14
10
631
81
44
61
44
8
5
71
88
406
249
543
82
27
326
150
195
110
236
62
40
109
86
8
66
324
1
172
28
90
1
146
91
7
127
34
131
132
78
189
12
24
75
330
50
354
89
35
36
137
53
88
402
615
17
19
212
190
142
10
98
126
73
46
63
375
492
200
8
518
33
1
243
214
177
174
119
100
185
43
284
618
100
189
60
181
199
92
340
296
107
132
222
34
203
246
171
256
144
20
137
199
322
204
26
8
43
8
280
67
414
204
74
179
290
5
190
158
488
101
31
799
212
88
95
227
142
190
6
70
369
16
644
348
255
73
197
161
88
8
111
13
50
113
150
18
276
111
158
341
16
209
55
90
61
223
118
944
14
15
65
4
109
50
90
112
65
27
48
202
96
44
41
208
132
77
9
14
86
77
9
39
59
26
217
5
95
98
16
155
150
322
32
208
335
33
722
737
8
97
414
41
30
51
213
28
305
150
55
225
180
14
70
122
77
49
521
48
139
22
43
127
68
261
80
435
80
17
191
531
58
56
45
80
97
205
267
110
272
238
19
234
50
31
70
47
175
63
48
122
214
26
131
54
73
51
113
424
16
95
157
67
105
240
162
294
373
232
690
74
62
78
23
14
57
118
233
105
98
46
6
311
82
52
155
19
1
44
203
176
51
293
3
460
161
80
4
158
396
42
148
43
241
88
11
503
22
41
3
3
34
65
601
106
185
76
251
69
120
166
22
228
83
151
302
228
19
55
30
139
251
85
3
92
75
10
51
393
379
136
43
237
221
50
220
120
130
225
90
182
117
30
13
367
181
516
35
22
272
121
118
27
57
269
92
42
67
16
276
150
74
102
118
21
103
37
33
436
223
51
48
1
1112
78
382
69
283
406
30
32
805
233
1
245
97
220
26
186
13
5
198
1
99
66
19
559
523
43
120
47
154
245
373
64
391
99
76
342
10
70
3
446
117
419
15
527
33
38
19
177
81
399
6
55
357
100
45
296
93
302
311
90
44
296
105
19
86
44
137
244
203
188
17
35
95
94
292
32
44
88
276
14
18
298
534
7
180
131
70
282
200
299
345
64
151
21
40
209
55
81
57
437
200
146
75
27
89
43
1
166
118
174
62
175
98
215
22
529
317
291
82
475
325
7
310
75
69
415
44
168
92
15
11
5
232
103
262
137
33
160
36
110
320
122
79
152
113
164
68
485
100
223
45
81
119
109
227
5
53
94
34
434
631
45
324
144
415
27
6
65
99
71
24
185
96
85
43
109
40
43
65
294
34
357
7
209
151
262
20
127
914
6
26
110
170
98
116
56
323
65
98
153
526
108
139
252
651
84
292
268
19
36
6
309
305
145
350
22
62
220
13
207
15
20
671
58
496
276
74
243
230
156
1
185
329
65
8
133
163
174
199
66
135
134
72
209
19
50
112
153
50
2
432
46
57
136
66
116
210
13
237
581
129
46
91
17
8
217
27
142
299
121
110
144
85
202
67
147
70
156
410
83
136
69
179
187
55
32
59
79
48
238
79
226
26
61
29
126
26
6
162
33
104
182
95
109
78
46
52
107
402
184
14
44
423
278
124
254
31
128
738
69
74
154
586
14
208
66
192
41
15
63
201
29
286
23
199
23
82
270
80
543
122
26
30
40
312
180
136
216
107
30
86
162
120
118
50
212
423
70
269
96
48
568
15
216
151
71
54
89
236
45
24
49
150
181
78
11
2
72
216
65
11
19
44
5
78
95
116
616
13
13
594
994
88
242
195
486
72
350
8
308
91
366
174
106
300
10
72
306
89
123
118
75
799
153
111
148
28
53
15
80
19
207
51
54
13
171
134
198
18
212
385
361
2
184
265
71
601
26
417
16
97
557
60
2
197
351
220
39
54
114
127
124
47
179
103
236
47
183
226
77
200
9
96
152
182
58
147
153
74
50
585
90
421
39
453
14
32
224
222
2
73
323
192
504
191
278
12
43
573
81
235
109
19
7
166
64
244
227
140
4
275
52
76
72
3
11
41
444
283
360
95
321
96
17
35
51
19
23
8
219
347
17
577
164
140
23
12
148
43
672
105
278
853
333
26
40
475
15
102
207
87
159
102
260
17
95
131
81
460
206
89
151
3
251
14
58
14
455
142
314
44
135
38
179
361
129
351
63
167
9
49
105
34
54
138
454
24
603
124
202
372
736
290
325
197
47
333
342
22
4
108
114
1256
33
39
39
329
59
69
219
208
221
76
124
359
74
192
9
135
418
210
49
158
198
212
8
124
205
67
71
164
359
153
70
172
172
117
174
6
53
58
246
726
124
86
455
85
509
18
13
174
9
78
186
1
4
122
66
16
401
5
6
287
75
257
191
326
147
265
389
84
481
42
697
323
64
17
21
20
39
260
34
22
185
75
88
11
206
636
142
33
27
85
111
515
375
20
211
81
141
364
31
53
37
95
92
47
238
149
144
218
47
26
27
140
168
19
24
63
289
283
39
246
258
364
162
140
149
203
55
37
127
104
84
100
31
49
24
122
27
115
73
12
28
3
86
190
43
515
91
154
166
56
396
189
64
257
96
82
69
217
134
128
76
27
286
13
60
19
422
60
129
94
87
229
38
50
91
95
42
109
220
49
80
93
10
12
8
119
20
186
11
148
257
37
17
178
84
62
25
58
23
233
57
250
293
80
314
34
110
205
13
36
108
149
339
182
32
57
177
560
25
97
402
279
994
115
469
81
59
46
22
107
36
216
294
301
74
282
116
52
290
275
239
48
2
91
30
154
51
17
62
38
61
143
3
41
43
236
48
5
30
32
23
298
650
102
222
142
45
103
311
72
15
428
78
26
51
103
26
461
466
60
105
85
3
194
103
207
667
69
71
42
193
43
308
211
161
256
27
72
300
180
140
103
111
132
564
50
537
1
25
495
245
24
237
27
181
187
193
811
32
191
136
80
41
108
163
41
63
179
212
38
66
27
87
205
377
29
495
48
112
50
251
437
326
365
296
102
24
17
348
138
133
96
573
93
87
34
141
5
14
114
74
69
446
60
14
204
428
66
17
61
5
274
154
30
303
355
245
262
233
11
4
74
192
32
252
183
164
336
110
193
260
222
364
97
94
5
135
86
367
10
76
32
20
259
29
99
86
156
92
68
306
12
358
434
475
10
127
214
11
35
35
55
283
387
108
523
80
111
102
464
310
119
393
224
17
170
596
146
5
23
49
32
338
92
32
124
31
16
83
419
33
241
60
23
109
54
26
68
101
15
459
101
183
71
73
57
250
160
69
71
225
73
58
555
327
58
92
296
178
35
681
206
140
83
97
93
241
146
249
64
88
55
22
109
2
54
95
13
74
6
243
38
36
29
145
227
212
68
284
162
474
384
162
114
18
36
58
512
6
62
76
78
289
530
71
48
55
48
17
12
28
174
114
39
92
83
122
108
90
297
37
12
57
171
65
44
225
207
45
332
13
18
5
73
241
30
164
111
76
83
50
346
211
64
18
51
161
20
227
139
92
244
123
230
38
121
291
929
58
26
695
282
42
206
33
275
123
49
60
286
12
280
417
64
198
1
227
176
36
23
57
128
139
255
143
545
15
69
39
376
221
114
29
76
70
62
106
356
243
266
205
612
485
190
12
83
246
182
12
384
34
225
152
36
184
835
30
45
346
51
316
1
455
68
55
338
100
1
213
73
37
207
43
318
123
82
93
198
226
31
44
249
72
169
31
197
301
377
711
384
252
115
47
26
63
63
197
85
152
205
111
268
46
24
176
13
70
341
31
379
252
71
21
387
201
295
153
5
595
2
56
225
194
20
121
123
136
716
11
156
27
6
362
255
41
27
311
272
244
254
119
75
499
82
44
318
33
109
210
149
769
7
340
131
679
214
11
75
132
37
306
66
67
89
267
61
32
111
257
298
140
37
145
39
137
442
39
280
28
410
189
44
37
63
309
410
68
79
77
45
