24475600
24420000
24381900
24541600
24641700
24248900
24574100
24507100
24155600
24280500
24542200
24482500
24202300
25238800
27425400
27307700
26243800
27568700
27567400
25068000
24679600
26534500
26358200
24764300
24529900
24617900
24507100
24595200
24651200
24433600
24514800
24444000
24631200
24295900
24317400
24198400
24343300
24508300
24143000
24921400
26730000
24871700
24665800
24624300
24559100
24201900
24502500
24420800
24451400
25848500
25480400
24386400
24741600
24967300
24934800
24422500
24316200
24669800
24607500
24651600
24564100
28498700
24606700
25228100
24648800
24433500
24670700
24554100
24452900
24409900
24451300
24464400
24408100
25309800
24641100
25088900
24499200
25810900
24842300
24440500
24690700
24725800
24406600
24684500
24614100
24531400
24504300
24650900
24897700
24514000
24338200
24134700
24478000
24304600
24241900
24183800
24056700
24333700
24271800
24217300
25888000
28708000
24565600
27823700
24479300
25708900
24476600
24376900
24651000
24647300
24294900
24308200
24317900
23987200
24042400
24206600
24169400
24179900
24357900
24162100
24535500
24487900
24118100
24036100
30989200
24362000
24484300
24198500
24237300
24158000
24772400
24351700
24573500
24515100
24514500
25292500
24201000
24576000
24365000
24249200
32328000
25959200
24466700
24558500
24723200
24749500
24424100
24772200
24597100
24527300
24585700
24629700
24436200
25032800
24361400
24583200
24762700
24629600
24282300
24333100
24323800
24180100
24513700
24235600
24423800
24350900
24261600
24431000
24368300
24424000
24289300
24378000
24323700
24216200
24160500
24166900
24374200
24274800
24225000
25221900
30633900
24625700
24546200
24515800
24710900
24587100
24461400
24637200
24418300
24327800
24513000
24388100
24153400
24321300
24431800
24323300
24239500
24394800
24338900
24219600
24409200
24181100
24197100
24462300
24636900
24522700
24588900
24418300
24204600
24096500
24320300
24173300
24168600
24086900
24327800
24025200
24261400
24318400
24262500
24932200
30783600
24650100
24611400
24437100
24443800
24695900
24763400
23997500
24173900
24406500
24129800
24231000
24497200
24292600
24205200
24303900
23835500
23733800
24077500
24001300
23981400
23717700
23862300
23946500
24383000
23877600
23902200
23849900
23995100
24156800
24130100
24105200
23873400
24050700
24071000
23833900
23974600
23864400
24047000
24765500
29382800
24429800
24659300
24624400
24753800
24350400
24451500
24246900
24330900
23989000
24351500
23770800
23759300
23993000
24306600
23860000
23885100
23982000
24040600
24114200
24096400
24076600
23921600
23956200
24156900
24113300
23894100
23888700
24000100
24027200
24068800
24021900
24212600
24003500
24122300
24164100
24063700
24048700
24418100
24117800
28632500
26235700
24616000
24477700
24836300
24639900
24420600
24083600
23967900
24159600
24135600
23977200
23899200
23775000
24403200
24137900
23878900
23949900
23819600
23920900
24051900
24057700
23858500
23945800
23769800
24055200
24319400
24099000
24021200
24362800
24109200
23731800
24210800
23844500
23857900
23830300
23956400
23713500
26400600
30852700
30554800
25127100
24558900
24595400
24444600
24385800
24117500
24221100
24148700
23975900
24113900
24439000
24285500
24014000
24869500
23955500
24100400
23989000
24271300
24227500
24131100
24228400
24137400
24256800
24174100
24176600
24287100
24256500
24280300
24054200
23757500
24405700
24142900
24130200
23939800
24225000
24084100
23988100
24179400
24062000
28827700
27220100
24801900
24782300
24417100
24346000
24748100
24412600
24285100
24224400
24138000
24398600
24053000
23850600
24185500
24304800
23924600
24286500
24233400
24106800
24203000
24179400
23887100
24050700
24154900
23976700
24395900
24391800
24232100
24086800
24485700
24112300
23904800
24078500
23777000
23998700
23738500
24024700
24030900
25989100
34081900
31892400
24636400
24455500
24563200
24434200
24218100
24201700
24348700
23999100
24197500
24217500
24213400
23894800
25347000
24373700
24197900
24164800
24307000
24236300
24412600
24101800
24148000
23834800
24325500
24308700
24317700
24358400
24531800
24256800
24365300
24231200
24260300
24244300
24336000
24063800
24448400
24323500
24200700
26137100
29866400
24652900
24492200
24728100
24613900
24534400
24414900
24326900
24330000
24274100
24413100
24319100
24371700
24303100
24790900
24340900
24520700
25338600
24232500
24191900
24425500
24502300
24416900
24338900
24423300
24348800
24475200
24278400
24472500
24280500
24090400
24010400
24372200
24276100
23795300
24138400
23941600
23926300
23927200
32677800
29572100
24783500
24767400
24473100
24543700
24596800
24488700
24813500
25272700
27617400
27556300
27428800
27539200
27466300
25484400
24588400
24741600
24592500
24767100
24943100
24482600
24463800
24781900
24496400
24398300
24304200
24346600
24347200
24485400
24312900
24371400
24327500
24327800
24340900
24579600
24092300
24083200
24154500
28659900
25555800
24753200
24629200
24611800
24233500
24322200
24137100
24344500
24372800
24355600
24272300
24055000
24101500
24106300
24315500
23962100
24167600
24114000
24088800
24139300
24241100
24067400
24080600
24102500
24281900
24019600
23804200
23784300
24088300
23782100
23793700
23798500
24063600
25652400
26060800
24358300
24640400
24465100
24295800
28643000
26658300
24544800
24612700
24482200
24698100
25722200
24487700
24407000
24663000
24528400
24397900
24448800
24341900
24626600
24407400
24376900
24091600
24385400
24388200
24205600
24074500
24226500
24071400
23976900
24088000
24045400
23954400
24306400
24681400
24326800
24244700
24551600
24273400
24354600
24417700
24107400
24195000
24234000
24270200
29988500
25959600
24764800
24705800
24602500
24569600
24453900
24591100
24378400
24446700
24470400
24457900
24536400
24592900
24611900
24726300
24550000
24412200
24496800
24250200
24268000
24131700
24111900
24396500
24276600
24148300
24204200
24192000
24113600
23987600
24453400
24290900
24264000
24087700
23619200
24337900
24152100
24236100
24114000
24287400
30708900
24779000
24783700
24527400
24664400
24568500
24427000
24365100
24461900
24354800
24544200
24664100
24281600
24218500
24887400
24415500
24126000
24036500
24308500
23979800
24241700
24049900
24166000
24190100
24071100
24161700
24249700
25367100
25912700
24422300
24615000
24474200
24441400
24550100
24294300
24413000
24326400
24211000
24148500
25954700
29625500
24700200
24682600
24506400
24417100
24775900
24543100
24362500
24381800
24441600
24229300
24541200
24390000
24490500
24579600
24333800
24565700
24436200
24343800
24332300
24079500
24006400
24000700
24161100
24070800
24050200
24073600
24043600
24475900
24220700
24998900
24534500
24219700
24441900
24588300
24618700
24248300
24239700
24402600
27808900
31365500
24543100
24673900
24574000
24480900
24623000
24476100
24411700
24322400
24313800
24352900
24273400
27262200
24796700
24620600
24506200
24406000
24620200
24394300
24380600
24634600
24630000
24202500
24381700
24299600
24340100
24592100
23848000
23788700
25686600
24572000
24589000
24365400
24409500
24257400
24369800
24345200
24355000
24602900
29181000
24811100
24721400
24682300
24454000
24535700
24368800
24182100
24238000
24374900
24315100
24497400
24417300
24195400
24350100
24701300
24304300
24290000
24252500
24233200
24142400
24188400
24104600
24250100
24206900
24152800
24014900
24280700
24098500
24140200
23937000
24399300
24244200
24062400
24193800
24026500
24221200
23984500
24273800
24118300
29446800
24556900
24832300
24595900
24480200
24584300
24581000
24410900
24565200
24272000
24315200
24645900
24555900
24515200
24775700
24568000
24572500
24610800
24365500
24246200
24417800
24083500
24335900
24214800
23988900
24411800
24330000
24192700
24033900
24171400
24204300
24172800
24463000
24263200
24367400
24511000
24206400
24205100
24408900
24529500
29382900
24762100
24480500
24466600
24698800
24625200
24501200
24413200
24500000
24486000
24444400
24257800
24241500
24308400
24219900
24246500
24419100
24326200
24151500
24365000
24036700
24035400
23841500
24344000
24014300
24045900
24253400
24211600
24003500
24093800
24156900
23929300
24288000
24112500
24094400
23943500
24184100
24066300
24062500
24008600
27570600
26520100
24652700
24604600
24453500
24680100
24573800
24535700
24581400
24512400
24259500
24488100
24365000
24336200
24433100
24260300
24145800
24511100
24469500
24380400
24472600
24539100
24358800
24144600
24346100
24417900
24353300
24658600
24275200
24292800
24281700
24581900
24381600
24650600
24542800
24612500
24499300
24519600
24404300
24532900
28182900
24643600
24459500
24514800
24743100
24767400
24496300
24514800
24596400
24360000
24549300
24459000
24522600
26896700
24723000
24693200
24530400
24500400
24402900
24596800
24212400
24335500
24250700
26523700
24477200
24347100
24311000
24566600
24464400
24386000
24318100
24538100
24607600
24281200
24562500
24585900
24462200
24234700
24622800
25561900
27641900
27368300
24528700
26615000
31329300
29127900
24461900
24474300
24377900
24418600
24529800
28802800
24454900
24355400
24669000
24256200
24447100
24342900
24533500
24846300
24524300
24224800
24179900
24152100
24377100
24261100
24213100
24237000
24099900
24168800
24094100
24244300
24365600
24490000
24312100
24558400
24525500
24313600
24721400
28537700
24562400
24675100
24532200
24569000
24385900
24892600
24358900
24350200
24152600
24186100
23964100
24225500
24149800
24269000
24173500
23897200
24254800
24051900
23940700
24252000
24117100
24101000
23919300
24020400
24441500
24266300
24269800
24123200
24284200
24075300
24228000
24094500
24321300
24144500
24204300
24344100
24182800
24384100
24391800
29029100
24476600
24586900
24531000
24630900
24911400
24547000
24380900
24216400
24246100
24443300
24468500
24411900
24380200
24637200
24293500
24599900
25098000
24491900
24263400
24122300
24159200
24125100
24265300
24016300
24050400
23890900
23954800
23893100
24100400
23945500
23996000
23737700
23944200
24315100
24295200
24133100
24273200
24124900
24092800
29925700
24697800
24584500
24645500
24547400
24199100
24064700
24431100
24258300
24167300
24101600
24053200
24005400
24412900
24598900
24683200
24300700
24221200
24323000
24387700
24042200
24382400
24123000
24085900
24310000
24282600
24206300
24059600
25316500
24505700
23985900
24334000
24249800
24046000
24542200
24252800
24268400
24098600
24208100
24182800
29738600
24805900
24617000
24591700
24708200
24380000
24352700
24175600
24132300
24008200
23977000
24157600
24202400
24363400
24371600
24152800
24151800
24039000
23973200
24183200
24073600
24081400
24246100
24005100
24543800
24334400
24401000
24155000
24346100
24086000
24068100
24416200
27602300
24557900
24704800
24557000
24325100
24487200
24509800
24803900
28405500
24613500
24780000
24758800
24602400
24623800
24586800
24179300
24366800
24291100
24311300
24232700
24176400
24552600
24507500
24425600
24258200
24333000
24202200
24476400
24336700
24385600
24558300
24304200
24187100
24464600
24237100
24408300
24303900
24288600
24134400
24141900
24251700
23999500
24250100
24046000
24332400
24346900
24215900
24400500
28932300
24467500
24687700
24661500
24503300
24185800
24498000
24269600
24377600
24306800
24348200
24189400
24308200
24429500
24426200
24361200
24458500
24628000
24637000
24667000
24430200
24454800
24244700
24445600
24413000
24328000
24461800
24119800
24365700
24190200
24149400
24280400
24156200
24204700
24008400
24378000
24193400
24477000
24187400
24291400
29594700
24686100
24657200
24574600
24657400
24286100
24333100
24081900
24475900
24341000
24214500
24068700
24418800
24253000
24554400
24508200
24451400
24074900
24406000
24131300
24402800
24373900
24250500
23958800
24099200
24316000
24105800
23928000
23658300
23856700
23618500
23850200
23366200
23581400
23376200
23932000
27478000
30065100
27625900
25889900
26863400
24514400
24839700
24471400
24938400
24462700
24237700
24297700
24603300
24517300
24237800
24388300
24313400
24524900
24601900
24342200
24380200
24494800
24414500
24433700
24620000
24369400
24430000
24279600
24019800
23865300
24012000
23758400
23682500
23544300
24397300
29583600
24052400
24371400
24234700
24453200
24129200
24512700
24467600
26931200
26396500
24450000
24726900
24639100
24701700
24653200
24725300
24244800
24427100
24352500
24146100
24188600
24003100
24098400
24120000
24305700
23962900
24348800
24266800
24131400
24004300
24283400
24146800
23854900
24102400
24031100
24072700
23196800
24097400
24047300
24058300
23998600
24089700
24206900
23899400
24245300
24205900
24046200
23964100
26403300
26536900
24642800
24554700
24629900
24464400
24240700
24388700
24542000
24413000
24222600
24060200
24185800
24147600
24101500
24500000
24262500
24116800
24213300
24211200
23975300
24279500
24394500
24313600
24170500
24449300
24211000
24212100
24076800
24041000
23814800
23735100
23867800
23809700
23797400
23936500
23855500
24069100
23796900
24131400
24469400
28188400
24691300
24658400
24644300
24192600
24347200
24447500
24422200
24241900
24434700
24264300
24303600
24443000
24201400
24461400
24240800
24307600
24171600
24255000
24485100
24383800
24277000
24162300
24620300
24350600
24404200
24359500
24204600
24224500
24268600
24481400
24265500
27452800
24555100
24602200
24630500
24622900
24613000
24754600
25830800
27022400
24637000
24478400
24682500
24600300
24492100
24256600
24359800
24456100
24265200
24382500
24321000
24443700
24436600
24545900
24333700
24257200
24287700
24765000
24050300
24086100
24009800
23748300
23933500
23950000
24008900
23881100
23859800
23923200
23855700
23798400
24175800
23876100
23897600
24102600
24261000
23860700
28735800
24086800
24289700
27924100
24734900
24703000
24725900
24643500
24377400
24205100
24399100
24574500
24413600
24315000
24465400
24369800
24135800
24369800
24472700
24405600
24198000
24406200
24474900
24378600
24336700
24273500
24374600
25196600
24479100
24307100
24447800
24499500
24543800
24418800
24367400
24289600
24233800
24473900
24471300
24185500
24276500
24133000
25269500
29048600
24558200
24640600
24476000
24488200
24241600
24086700
24356700
24542200
24083500
24221400
24432800
24706800
24597300
24420200
24464200
24353200
24538100
24942900
24452600
24649500
24485800
24542200
24697700
24540100
24761000
24460100
24664500
24521000
24243400
24315000
24209800
24245800
24224000
24112200
24041900
23951100
24065900
24163300
26360000
27538000
24432000
24537400
24666700
24578000
24212200
24444100
24202500
24309900
24328400
24445700
24322300
24378400
24607100
24746000
24426800
24480300
24284100
24409200
24232400
24393000
24222300
24277000
24352100
24197700
24097700
23953300
24277800
24088100
23861700
23974700
23748600
24029300
23970600
24070500
23704000
23840200
23744100
23971200
25389700
27629200
24603000
24554900
24479500
24659200
24245400
24291000
24289600
24281000
24398000
24313400
24299900
24100500
24251600
24671200
23941600
24112900
24310100
24147100
24200500
24231500
23992800
24286500
24205200
24024600
24324500
24162200
24033600
23920300
24354700
23744500
24036500
23714700
24009000
23891900
24064700
23925700
30194900
31071100
26594300
26218600
24740600
24587200
24766100
24560200
24561400
24485600
27098700
24946900
24764500
24508400
24524600
24714600
24821400
24683800
24522000
25054800
24468400
24274500
24401000
24471400
24453000
24395800
24500700
24334500
24171200
24451000
24426800
24621100
23969000
24311800
23924500
24335300
24102800
24097300
24187300
24277800
24317100
24315900
30539600
29505400
24663900
24521400
24730100
24428100
24439300
24661500
24644000
24368100
24444500
24309500
24282000
24339600
24237700
24156900
24168100
24347700
24279000
24066500
24304100
24186800
24346700
24283900
24498500
24224600
24332100
24345900
24234900
24085500
24334500
24373200
24512000
24329900
24452600
24277400
24227100
24318800
24160400
24829900
28330600
24528000
24636400
24483000
24420800
24791200
24424000
24440700
24664000
24437400
24124200
24002600
24162200
24036300
24214600
24190200
24213900
24122700
23944800
24103000
24204900
24674400
24271100
24229500
24198700
24524700
24538700
24226300
24172400
24183000
24423400
24267100
24227600
24215100
24206000
24383900
24285400
24013500
23979300
24168900
28494700
24497600
24677200
24758300
24431300
24357000
24237600
24272100
24633800
24625300
24564500
24275600
24340600
24479500
24672300
24277700
24279900
24653800
24325200
24494500
24220100
24189800
24040700
24392200
24303200
24106700
24296100
24032400
24168900
23596600
23640700
23879100
23698100
23857500
23489100
23840700
23727200
23831400
23737900
23823600
28342000
25475300
24556200
24548200
24674100
24343300
24476400
24361800
24417700
24765400
26521500
25741900
24596200
24361200
24366600
24655300
24508400
24305700
24286400
24369800
24399800
24124800
24337400
24175900
24271200
24148100
24199400
24379500
24281200
24007800
24153200
23926900
23913300
24277300
24303800
24061800
24187700
24171400
24041100
24378200
29460600
25025400
24464400
24686800
24653600
24381800
24483000
24625900
24455600
24505600
24482900
24433900
24268300
24144900
24461600
23751200
23803900
23385200
24087700
23619700
23386200
23378300
23826000
24037400
23976900
23914500
23525000
23547700
23766400
23645400
23351400
23518700
23617900
23325800
23799100
23820300
23296500
23559300
23594400
23576100
24892300
28561500
24481500
24541200
24540800
24280200
24476100
24369200
24378800
24839600
24184400
24365900
24303600
23848400
23918300
24253400
24354400
24083700
24142100
24049600
24156300
24329600
24125100
24041900
24530700
24236800
24061700
24993600
30785600
28182200
24223100
24329400
23948500
25441500
24562200
27539100
26287000
26336600
26615000
27582800
29263900
27413200
28696600
27568700
27569000
27463000
27180000
25154400
24546700
24729500
24709900
24443400
24729500
24720900
24611000
24597600
24652000
24398900
24724000
24602300
27296200
31043400
28366700
24395400
24757600
24561000
24352700
24239400
24327800
24275300
24157800
24219900
24120200
24130100
24100200
24042000
24331100
24296800
29070800
25381800
24641600
24434700
24441700
24893700
24649700
24220800
24280600
24332200
24256300
24418700
24353100
24328400
24438200
24160400
24043800
24243100
24278200
24103800
24223000
24267100
24087200
24061600
24342600
24277400
24330500
24184500
23980400
24034000
24199500
23906900
24252100
24429700
24120900
23974700
24395200
24085800
24237500
24313000
28263700
25399500
24684900
24675100
24644500
24285600
24179700
24505000
24329500
24203300
24197500
24498400
24333700
24266300
24287300
24834400
24203400
25670700
25880400
24640500
24496200
24443500
24684500
24686200
24566500
24393700
24694100
24991500
24756200
26362500
25089700
24519400
24518500
24397200
24665300
24528600
24903200
24465900
24462800
25050500
27921500
24862300
24608000
24466800
24418900
24427200
24751900
24516300
24432100
24354900
24504400
24342500
24711800
24642400
24985100
24572700
24332700
24407100
24199000
24314200
24523600
24217900
24499600
24195400
24141800
24496000
24533900
24267500
24280900
24375100
24152800
24226700
24160200
23852600
24018000
23818400
23896100
23768300
24442600
24090900
28286700
24665900
24586300
24599100
24443100
24550200
24516200
24524700
24637000
24610500
24493600
24411000
24279700
24314200
24633400
24107500
23832500
24153400
23917900
24160900
24081400
24456100
24038300
24111600
24259700
24012600
24413700
24310700
24291600
24400700
24198400
23967300
23833600
24071000
23905900
24212700
23923500
24103400
23888200
24037400
28241100
24543700
24691800
24624400
24663000
24568600
24520600
24348700
24250400
24458700
24486900
24302900
24372500
24215800
24619400
24354900
24136600
24199800
30649500
28989600
24305900
24476400
24372400
26731500
24219600
24476300
24543700
24325200
24287800
24341600
24304300
24065600
24181200
24059500
24181500
24000300
24072300
24475000
24256500
24829200
28129200
24649400
24559000
24589100
24560000
24780800
24604000
24533700
24679000
24706300
24571100
24504400
24658600
24679500
26073900
24460700
24505300
24846600
24875100
24440100
24413900
24084100
24025400
24343000
24448200
24983700
24856300
24453700
24171700
24155800
24080400
24236800
24151300
24255100
24235000
24237100
24174700
24087300
24207600
26655100
26509500
24590800
24522300
24715800
24397500
24291100
24539700
24341200
24123800
24399400
24306800
24263600
24310700
24227400
24202600
23964200
24078800
24015600
24198800
24013300
24287800
24111900
24123500
24143400
24240500
24356200
24251000
24225400
24127300
24251400
24343300
24109400
24309700
24270800
24066500
23878000
24123400
24145900
24175500
26685300
26558200
24627900
24622300
24483900
24743000
24681200
24637700
24524600
24565900
24796000
24595700
24560600
24531300
24288200
24574100
24574800
24370200
24793300
24328900
24571200
24154100
24173500
24166700
24010800
24298700
24136300
24041400
24228100
24091500
24373800
24333100
24089100
24111000
24227900
24323200
24080800
23997300
24062600
24142900
26100400
27221200
24436100
24487100
24592600
24480400
24398400
24415200
24273600
24407900
24259300
24480400
24418500
24321300
24094200
24335200
24332100
24207300
24420800
23976500
24187700
24283000
24146400
24015800
24142000
24178500
23849800
23881000
24276500
24537100
24252600
24216600
24050300
23844200
24151700
24040800
25747700
25736500
24356200
24608200
26672900
26785600
24433600
24442900
24915900
24638300
24454100
24442900
24272500
24453400
24395800
24349900
24041400
24188500
24073700
24253700
24320500
24181900
24076500
24221100
24281200
24031500
24240500
24206300
24172100
24266900
24328400
24239000
24616200
24100600
23986900
24188900
23962600
23934100
24188400
24177400
23961100
24167100
23996700
24117200
25006900
28554200
24537000
24477000
24459400
25332200
24609900
24452100
24532900
24427300
24685400
24452200
24144600
24661500
24592000
24500400
24571200
24487600
24184000
24136400
24090500
24466300
24385300
24332500
24148500
24478100
24446000
24282700
25361900
25128700
24545700
24424500
24412700
24482400
24453400
24345900
24312800
24417000
24180200
24230900
25757000
27243500
24581200
24705800
24509700
24554500
24373300
24329000
24207400
24235100
24391900
24253200
24505400
24570400
24233100
24639200
24348700
24664200
24527100
24259000
24316300
24565900
24462300
24267100
24502200
24229800
24235400
24458100
24104700
23991900
27699300
24506100
24304500
24252900
24551600
24335900
24024800
24027000
24371700
24193200
26549700
26553800
25130500
25903700
24645800
24848100
24838600
24855400
24536900
24538500
24486600
24280600
24459400
24332300
24221300
24679000
24532900
24645700
24336100
24507200
24575200
24723900
24546700
24302500
24050500
24465600
24476000
24068600
24301200
24254300
24315900
24164200
24251300
24222700
24360900
24307900
24288300
24107900
24165500
24661700
26982900
26353500
24450500
24655900
24693400
24242500
24284600
25337000
24190100
24022800
24414000
24439900
24365900
24110200
24045300
24558700
24325700
24251000
24292600
24035000
24432700
24376000
24142200
24101100
24254100
24473400
24049000
24281600
24131400
24225700
24177900
23996700
24228000
24346900
24186000
24280300
24170300
24101400
24277000
24109600
26670400
26436600
24460400
24454700
25512100
24714600
24597100
24096700
23962000
24116300
24300700
24052000
23897700
24052500
24398100
24428700
24274900
24277600
24450700
24301800
24407900
24438400
24339400
24300000
24200200
24148600
24429000
24367400
24230600
24194300
24598000
24421900
24426200
24318400
28456300
24315300
24199400
24227600
24435600
24265700
27548900
25686300
24651800
24472600
24680300
24383000
24355600
24176500
24351800
24026300
24335000
24532200
24259200
24072100
24158400
24402700
24260300
24260500
28794400
30931500
24436100
24266700
24072700
24001900
24372000
24256600
24126700
24236700
24192100
24049700
23995300
24558300
24589200
24467800
24266000
24291800
24539300
24327100
24113300
24423900
28783000
24738500
24474500
24717200
24607300
24397400
24429800
24068600
24380100
24187500
24212400
27324500
24120300
24534500
24437900
24317700
24168100
24221200
24436600
24441000
24368400
24298300
24148000
24196700
24016700
24157200
24025700
24251500
23997800
23959000
24517900
24395300
24142100
24294200
24442400
24171600
24097900
24238300
24309900
25016900
28799600
24495500
24688800
24722700
24419800
24365700
24236200
24163600
24243300
24224100
23988100
24140900
24328700
24115800
24307400
24189800
24129500
24128400
24099000
24238400
24121200
23960000
24375400
24251000
24144400
24425300
24275700
24284900
24003400
24408700
24204000
24156900
24327700
24488300
24283000
24187200
24579900
24367500
24061800
24366300
29200700
25690500
26345000
24703100
24658400
24496000
24483300
24387000
24572000
24610000
24149300
24203100
24099200
24209300
24396700
24183400
24034400
24452700
24426400
24528800
24397500
24256500
24347800
24277100
24236200
24440100
24284100
24116200
24181700
24280800
24222800
24384500
24239500
24138600
24210900
24353400
24229600
24272000
24057100
25370000
27923200
24863600
24711400
24627000
24544300
24624400
24510600
24396200
24230200
24050600
24250700
24034100
23945000
24301600
24361100
23978400
24170300
24337200
24431300
24468300
24024800
23995300
24159000
24092800
23985900
24169300
23877200
24080400
23713700
24027300
23706200
23925900
23701000
23940200
24232200
23988600
23948100
23859100
24535900
24153000
29636700
24630200
24712500
24781200
24493100
24424600
24562700
24258400
24249800
24088200
23990500
24082700
24667300
24664600
24079700
24524200
24128800
23964900
24003900
24154900
24469200
24057900
24182900
24255500
24194800
24266100
24027700
24018400
24303700
24208800
24062100
24021600
24120100
23929300
24227900
25096300
24216600
23996500
24024500
24262800
31807500
31498800
27644500
24610400
24318000
24442600
24405200
24048200
24058900
24385100
24338700
24157300
24134600
24214300
24601800
24542200
24542500
24288600
24213600
24564400
24872900
24110400
23976300
23705200
24049600
24521500
24362300
23920000
23971900
23936500
23845600
23720900
23858800
24001800
24119000
23936100
24053300
24363500
24312100
24153600
28951300
24667400
24459200
24406200
24766900
24286200
24488800
24173100
24047000
23840700
23960200
23986800
24066300
24136100
32591300
24160100
24274800
24689200
24165400
24396300
24228200
24363500
24026200
24098600
24117100
24141100
23994600
24070000
24185000
24027600
23931000
24140700
24153800
23968200
24021300
24076200
24300800
24279200
24132800
24667000
29411200
24481300
24650500
24519700
24630400
24435600
24417500
24043800
24352300
24354200
24128400
24146300
24173800
24205400
24397300
24177600
24000700
24225400
23973200
23873600
24599800
24411700
24469500
24535300
24505100
24380400
24345800
24441800
24394300
24427300
24400000
24382800
24367100
24438800
24262100
24344200
24139200
24056300
24304800
25502400
28889500
24579700
24655800
24539000
24783800
24450500
24486800
24379200
24444600
24114600
24192000
24233300
24239100
24523700
24724000
24340800
24239300
24440100
24553900
24188900
24562500
24252400
24131900
23984600
24305100
24020300
24461000
24411500
24126500
24118300
24332000
24029800
24386900
24375400
24163800
24032200
24622400
24436700
24306100
26510200
26870000
24452200
24551300
24656200
24470300
24551400
24515600
24627700
24324200
24438600
24551700
24659700
24131800
24185500
24067000
24400000
24279600
24088000
24410700
24489400
24117300
24186000
23969500
24037100
24017200
24482700
24271300
24186500
24245900
24249700
24280200
24304700
24322700
24326200
23935400
23992700
24063500
24049000
24156200
25927000
27503000
24526100
24640800
24815700
24621500
24435800
24399300
24437500
24459800
24109700
24301500
24173100
24127000
24100300
26197500
25677000
24642200
24260900
24367500
24440500
24395100
24248700
24455100
24312700
24247200
24205800
24510800
24117600
24503200
24170600
24043800
23872100
24324000
23939200
24201300
24013000
24233100
24038100
24160700
26031000
27132300
24522400
24571100
25414500
24539200
24290500
24298800
24186100
24080500
24274300
24398800
24303300
24040600
24171400
24472200
24292400
24345900
24220600
24152200
24240700
23971100
24048200
24397600
24178100
24160500
24323000
24405500
24745700
24174800
24147500
24461000
24353400
24254500
24323000
24142100
24385300
24235900
24991000
24319300
26303600
26469600
24555200
24452500
24624700
27391900
24486500
24789700
24569600
24530500
24479800
24715000
24436800
24392900
24415100
24658600
25127800
24540300
24799400
24612100
24368200
24387000
24693200
24628400
24607200
24574500
24488000
24287600
24498700
24432400
24380400
24352900
24264600
23931900
27257500
24606800
24493200
24690200
24642100
24466800
28488100
24531300
24680500
24501800
24608600
24593400
24651900
24553700
24517400
24363800
24904900
26203400
24579600
24515600
24668900
24372700
24330700
24711100
24930300
24484900
24483700
24522700
24382900
24530500
24274500
24412600
24238600
24287600
24466600
24383300
24261300
24411100
24334600
24340700
24346200
24377800
24309600
24298400
24360600
25750000
27972700
24625100
24589400
24594400
24474800
24635800
24219800
24337900
24232600
24258000
24175200
24184900
24366000
24354600
24459100
24454900
24298100
24406500
24355000
24532600
24267500
24406100
24499200
24418800
24316400
24329400
24641500
24081900
24172000
24522800
24381800
24157000
24381800
24178000
24067500
24289600
24138900
24281700
24233300
25313900
27779900
24490300
24664900
24468300
24440900
24577500
24245300
24305800
24241700
24439100
24395100
24036200
24421200
24353200
24563100
24337700
24257800
24375000
24343400
24404400
24346000
24330100
25037800
31116900
30232900
24668000
24252000
24430900
24437000
24472100
24399800
24140500
24221500
24253100
24349100
24234100
24006800
24443500
24367200
28274900
24769400
24699300
24699000
24562700
24509600
24538400
24326100
24446400
24723400
24248400
24211900
24410500
24401000
24159500
24516500
24220400
23990200
24225600
24306400
24346000
24542400
24355000
24588300
24330200
24257200
24193800
24100300
24134400
24257300
24042900
24255200
24108700
24180100
24131300
23953000
24252200
24139900
24225400
24154600
29062600
24681800
24468300
24595600
24624500
24510600
24175000
24203200
24363000
24131100
24298300
24454900
24460400
24397500
24602900
24215700
24416800
24392300
24316900
24385200
24172000
24356100
24337100
24243900
24330000
24121800
24308800
24520800
24306200
24153500
24133000
24267700
24266600
24213000
24004200
23850800
24196400
23932900
24015200
24060300
28420700
25335300
24485900
24448000
24719100
24827000
24430100
24378100
24803200
24192800
24201400
24104200
23969500
23777800
24060200
24347900
24176400
24187600
23886100
24043000
24148800
24230800
24111800
24105900
24248800
23969200
24283400
27358100
27878900
27855000
27691700
25021100
24469700
24774800
24656500
24466700
24514200
24467400
24337100
25427800
28812900
24383100
24789300
25190800
24675100
24442700
24407000
24696100
24705800
24706900
24607900
24444200
24132700
24274400
24391800
24458500
24234400
24200700
23864900
23832700
24090500
24372800
24324600
24235900
24063700
24281600
24255100
24201500
24162600
24171100
24134700
24094000
24006800
24088000
23970800
24019300
23816200
23977700
24053900
25577800
26787700
24682100
24575500
24574800
24477900
24368600
24272400
24232700
24278000
24266500
24527600
24183600
24151500
24189700
24479800
24356900
24159900
24354300
24082100
24040500
24198300
24364600
24246800
24426800
24300200
24045100
23997600
24332100
24151800
24052900
24327200
24260900
24054800
24022400
24307200
24298300
24235700
24081400
24008000
25199800
28362400
24461600
24433800
24722300
24670400
24456200
24339000
24233000
24238400
24081600
24703600
24627800
24418400
24359700
24194200
24179600
24383200
25023200
24378600
24271000
24220000
24399400
24378100
24374600
24256000
24254400
24425300
24195300
24861300
24062500
24082300
23932400
24222700
25449100
26317100
24505600
24620900
24318400
24042400
26197200
27827600
24716900
24554100
24561300
24629500
24427300
24496600
24461900
24424000
24596500
24485800
24337500
24329800
24143700
24312400
24539500
24502000
23997500
23886100
24146200
24217400
24159100
24358100
24213000
24261800
24327700
24235100
23917800
24538200
24292900
24169900
24305600
24211600
24014400
24147000
24141800
24069200
24289300
24076800
25954100
28691900
24728500
24644200
24636000
24389300
24504600
24482000
24408200
24297200
24166700
24218400
24331000
24138400
24154100
24342400
24233600
24059500
24439500
24123900
24236400
24155000
24069400
25947100
25383600
23532300
23871000
23538600
23989300
23937600
23992400
24266300
23924600
23912400
24091400
23974700
23877000
24035800
23943300
24123300
25700900
28812700
24713900
24734900
24588300
24636300
24447900
24431300
24575000
24487600
24368800
24392700
23899400
23982200
24240100
24484500
24217300
24368400
24298400
24062100
24312100
24341300
24185800
24078400
24309000
24340400
24259700
24184600
24288100
24071800
23907300
24088600
24047600
23984600
23853900
23983900
24119700
23947200
23789400
24000700
23915100
29729600
24701700
24565400
24590900
24622800
24522900
24621300
24462300
24268600
24189700
24368900
24168900
24370400
24335400
24258100
24271100
24559600
24314400
24587900
24570200
24078500
24120400
24330200
24036100
24327700
24693800
24515100
24346600
24203100
24191500
24193400
24019800
24000400
24413300
24236900
24021200
24433400
24390200
24072100
24048700
30557300
24532600
24723000
24633900
24540300
24531500
24320500
24457900
24395900
24413700
24092500
23972700
24192100
24101600
24594800
24313600
24294700
24859800
24194500
24462800
24349900
24117000
24187000
24436200
24138900
24388800
24327400
24080300
24106900
24535600
24132400
24073900
24323900
24090500
24163400
23992900
23926300
23971500
24287600
24265400
29526500
24572500
24519300
24662200
24666500
24525100
24517000
24470000
24438500
24422300
24343000
23937400
23894400
24025400
25248300
24354400
24226800
24079300
24330700
24362100
24226300
24089100
24157700
24432500
24605000
24420800
24295200
24480000
24225800
24234600
24322400
24006800
24278400
24273300
24373000
24145300
24184700
24339400
24208600
24297100
34801000
24749600
24533400
24726400
24726400
24290600
24471200
24448500
24336900
24539300
24278600
24252900
24189800
24433400
24555100
24387800
24137500
24073200
24430700
24268400
24439700
24179500
24267300
24425000
24624400
24334900
24171900
24412100
24332300
24505600
24257500
24221200
24333100
24208700
24358000
24298700
23909500
23929200
23880600
25194200
33388900
31295600
24435100
24826300
24292400
24173500
24397900
24409000
24153200
24217100
24223500
24189000
24534800
24478900
24460000
24335300
24112200
24213200
24433100
24492100
24312400
24489700
24338500
23993000
24048000
24245200
24355700
24303700
24191800
24018700
24099700
24027600
24137100
24312200
24207400
24155600
23938000
24277100
24259900
27380500
26387300
24649000
24786300
24789100
24526300
24438400
24483300
24318000
24449700
24255200
24206700
24427200
24251500
24045100
24291200
24601500
24131800
24233800
23997700
24153200
24087400
24387400
24154400
24339600
24336600
24402800
23991200
24376700
24095000
23986500
23958000
24067300
23947200
23967300
23868400
23965700
23993700
23815400
22887300
25999100
26994300
24767400
24594800
24790800
24537700
24382600
24537500
24280200
24112100
23986600
24281300
27129600
24972100
25143200
24784900
26172200
24570200
24752100
29387100
24519000
24532800
24939900
24694800
24467900
24754400
25140700
27504900
25163400
24786300
25063000
24656100
24726000
24583200
24440300
24582900
24201800
24083000
24313900
24804500
29337700
24564000
24508500
24577900
24423100
24484400
24343800
24332600
24290000
24290900
24150700
24230000
24047400
24225100
24314500
24188900
24089300
24332600
24599400
24037600
24135800
24003500
24006800
24055100
23953300
23936700
23934700
24360100
27855700
24590200
24609600
24296700
24552400
24277200
24365600
24485000
24199600
24129100
24175900
25462400
28164400
24744400
24641200
24723900
24416000
24327100
24766500
24540300
28164200
24720600
24097100
24162200
24267500
23979700
24153400
24020400
24184900
24216900
24306600
24116900
24382600
24238200
24401300
24051100
24156200
24486500
24239200
24364800
24332800
24108300
23967500
23992100
24653300
24139900
23994600
24136300
24069400
24095300
24397400
26458400
26829700
24656600
24549100
24647800
24539200
24523200
24213800
24301000
24065000
24379700
24232800
24396600
24109300
24144500
24073300
24217700
24157700
24268500
25108900
25518800
25179100
25521900
24413200
24246600
24448600
27136200
25113400
24140900
24155700
24112000
24199100
24061800
24163400
24123200
24046600
24635400
24251900
24062100
24197300
27443300
27549300
24580100
24467200
25972500
27714800
28200200
26854300
28473900
27087600
26883600
27544100
27099700
26962900
27223600
27057900
26923200
25319000
24625000
24519600
24688700
24613900
24641800
24396900
24701000
24575800
24271000
24689500
24192900
26662000
24528300
24593500
24332100
25504200
24582200
26390100
26917700
27530500
30527100
27731900
27070400
26868400
26950200
24830100
24668300
24499200
24468500
24740400
24585900
24581400
24407200
24434400
24268500
24627400
24329300
24771200
24505400
24396600
24428500
24177700
24091200
24006600
24430300
24230800
24012300
24168400
24048600
23974400
24213800
24504400
24145700
24192200
23999700
24383400
24252500
24147000
24262900
25680100
28187400
24632600
24535400
24499800
24564400
24417400
24284100
24239500
24103000
24361000
24374700
24161300
24056100
24423400
24270700
24171800
24205900
24158400
24418100
24260500
24215700
24185600
24478400
24002600
24163400
24139400
24031200
23954200
24292500
24701400
24293500
24221800
24022700
24368800
24085900
24221600
24298000
24145600
24105800
25161500
29539100
24663100
24561300
24461200
24652700
24437800
24311900
24388900
24136600
24357300
24350000
23957200
24034500
24319000
24263000
24193600
24079300
23918100
23909500
24252400
24068800
24138600
24002100
24318300
24158300
24199800
24190900
24351000
24187300
24155500
24499200
24190400
23936300
23971400
24216100
24260200
23931600
24166200
24152700
23878400
29937900
24751200
24481000
24645300
24652500
24323600
24007800
24277500
24101800
24419600
24309200
24106800
24180200
24288500
24096300
24189300
24377100
24223700
24102600
24052900
24214900
24086500
24316600
24330400
24241300
24293300
24036600
24301400
24242800
24068200
24025400
24168600
23886500
23964500
23830300
23947600
23828100
24050600
23945200
23924100
28294400
25828400
24652700
24637900
24515900
24330500
24047900
24369000
24076200
24461000
24164300
24236700
28765600
24274500
24340200
24561600
24304900
24275000
24222600
24360900
24186500
24225000
23970200
24331800
24280800
24389400
24303100
24226300
24162500
24060000
24417100
24346100
24504700
24326200
24497200
24454000
24477400
24308300
24302100
24252400
28301700
25969800
24740000
24676500
24443100
24702000
24666900
24395200
24425200
25134600
24839600
24623400
24263300
24413000
24649800
24527000
24503800
24450500
24469900
24715600
24616200
24176900
24366700
23978300
23982300
23967800
23933100
23949800
24077600
24079300
24039000
24317200
24249300
24037300
24355100
24523300
24036500
24062900
24423000
23909800
27582500
25337600
24612300
24404800
24459600
24363500
24439100
24485800
24501800
24149600
24345000
24104900
24467600
24494700
24495700
24657400
24961200
24402600
24552400
24583700
24306900
24145900
24461400
24206400
24368600
24169100
24201100
24072200
24343200
24099100
23957400
24390000
24067700
24056300
24157800
24162700
23989900
23874300
24155600
24175700
27510800
25607200
24453000
24612200
24718200
25578900
26367000
25585100
24810900
26130600
26392800
26162600
26092100
26655800
27953600
27606600
28120300
27469000
27491500
33346800
26349400
24627600
24546000
24469500
24824100
24931500
24707400
24554000
24748600
24792400
24838800
24833500
26297300
24284100
24927900
24478500
24570200
24532800
27673100
25295100
24636600
24586900
24425600
24561000
24501300
24404800
24321600
24702300
24559200
24411200
24444700
24643200
24813100
24565900
24631600
24493400
24516900
24382900
24498200
24416400
28422700
31215100
24040100
24126500
24238800
23981300
23614800
23941700
23720200
23501100
24309900
24224100
24139800
24134300
24164300
24063200
24306300
24558700
28042200
24678800
24669700
24446100
24444800
24251000
24101300
24431000
24415400
24736700
24351900
24315100
24212700
24586400
24249100
24474800
24188000
24199500
24318900
24353100
24202300
24145600
23962400
23913900
24045600
23943400
24196500
23801700
23942600
24075300
23925400
24063600
23835500
23930100
23717300
24005400
23786800
24099700
23837000
23831700
27626600
25297100
24429200
24717500
24687300
24460300
24595000
24544500
24434900
24657000
24288500
23996600
24217600
24299000
24204000
24393900
24436100
24129300
24153400
24345800
24280300
24200500
24094500
24133100
24014900
24430100
24284000
23986200
24207100
24471200
24101700
24228000
25098100
26194000
24410100
24513900
24620900
24624800
24556000
24737200
28315500
24802800
24535800
24617800
25164000
24624700
24660300
24610000
24721500
24441300
24238300
24434700
24352800
24506700
24334200
24536600
24285200
24315300
24132700
24414700
24499000
24177300
24218700
24435000
24466800
24217700
24525200
24407000
24343000
24111800
24247500
23968500
23820500
24439900
24296800
24109600
24299700
24133300
23894200
24219400
32583700
31421400
25123100
24204700
24156600
24417100
24158900
23950200
24161600
24222900
23853200
24371200
24126600
24680600
24022900
24474600
24405400
24203500
24109700
24213200
24035200
23935900
24257100
24100400
23979600
24518800
24090200
24305500
24105900
23981800
23887300
24362500
24003200
23995400
24812800
24458600
24354200
24225700
24219400
24294000
27646700
24630300
24493300
24605800
24610600
24427900
24616800
24436000
24353500
24579200
24389600
24405500
24227000
24274100
24721900
24410500
24708500
24580700
24401100
24223500
24505300
24330500
24417400
24381000
24105400
24067100
24248800
24229400
24199100
24159300
24103800
24392100
24225300
23990300
24063300
24369900
24045600
24401700
24271900
24306900
27130900
25383700
24759000
24599000
24525200
24346600
24371900
24141900
24292500
24307100
24096200
24071400
24159000
24275000
24089700
24245700
24097400
24341600
24279500
24165200
24527700
24336700
24280000
24314900
24330800
24140900
24355100
24343000
24096700
24031600
24177200
24068300
24289600
24058200
24085700
23937700
24361500
24283000
24172000
24170500
25790900
26351400
24589600
24486900
24227800
24465400
24110200
24398200
26897600
24769900
24630500
24437500
24549300
24543500
24490400
24483100
24270300
24270400
24858500
24675100
24569500
24614400
24275900
24383500
24469900
24449900
24202400
24337700
24505200
24477200
24047400
24093400
24167700
26776800
24346100
24590000
24376700
24492700
24210400
24221000
27204800
25347200
24732500
24535800
24647200
24526500
24456700
24478900
24459300
24317000
24360900
24155000
24432700
24289600
24233300
24765600
24418400
24611800
24324300
24461600
24265000
24213200
23945600
24438700
24201200
24195500
24196500
24214100
24181100
24429100
24651200
24411500
24218600
24123900
24066500
24340300
24313300
24401000
24198300
24356700
26655900
25809100
24543900
24546800
24632100
24392000
24675900
24524200
24291900
24377500
24247800
24204300
24227500
24355300
24163100
24526300
24198100
24157800
24451600
24697100
24845600
24703800
24285900
24249000
24117000
24358300
24340500
24200600
24538000
24149000
24393300
24374100
24221600
24403200
24345000
24252700
23928500
24131200
24238000
25135900
27256200
25247300
24648900
24781500
24824100
24754700
24866200
24357700
24101000
24377900
24275600
24277600
24187800
24043500
23921600
24386700
24072700
24112900
24108800
24157800
24166900
24228000
24126500
24348600
24234600
24190600
24132300
24322700
24535500
24366800
24736200
30945300
27231400
24102300
24280500
24051800
23994500
24256300
24246800
24366100
29731300
24546300
24559300
24487100
24650700
24540700
24361400
24275200
24245000
24363300
24447000
24189400
24115900
24031900
24284200
24623200
24144900
24309800
24100900
24694400
24425000
24333400
24340200
24460600
24298500
24485300
24715200
24320600
23866300
24212100
23901300
24195700
24016500
24225000
23989900
24265200
24077300
24217500
24213700
24333200
27838200
24927100
24676200
24650100
24294500
24223900
24548200
24165200
24234400
24632600
24366800
24215200
23986400
24200600
24092000
24427400
26504800
24544700
24712500
24956700
24966200
24589300
24688400
24545800
24548100
24385600
24263700
24413000
24713400
24590200
24223000
24429500
24221300
23881900
24028200
23859100
23944000
23927400
28290600
24457300
27273000
24590800
24560100
24429700
24450800
24446200
24456400
24378700
24329700
24243800
24097700
24386900
24372400
24155400
24323600
24099200
24797100
24429300
24411100
24395400
24562400
24576700
24401700
24534700
24472400
24336900
24338300
24202200
24364200
24470900
24373300
24347300
24463700
24155800
23893500
24325900
23927300
23895600
23853700
24426400
28359800
24727500
24589900
24612500
24481900
24637700
24212800
24440900
24391000
24367300
24201500
24172700
24296300
24262000
24080800
24191600
24508500
24179100
24324900
24525100
24277100
24233500
24243300
24552100
24131600
24093300
24371000
24394900
24370700
23978100
24016000
23723300
24079300
24163200
23838200
24076200
24008800
24105400
23852600
24161600
28499300
24666200
24466200
24410400
24674500
24715100
24606100
24487200
24191700
24113900
24304100
24160000
24017400
23999500
24116200
24224300
23965900
23936600
24040800
23815100
23943400
23942000
24218200
24103000
24196700
24313000
24049400
24114100
24304100
24282700
24143600
23827700
24752400
30381700
23938400
24136500
24020700
23839300
23821900
24119300
27673200
24622800
24621000
24523900
24525300
24690500
24604200
24327300
24187000
24062000
23967200
23833000
24050300
24066200
24317500
24084800
23793700
23770300
23904500
23811000
24059400
24020000
24058600
24219600
23782500
24021600
24139200
23308400
23854200
23670000
23272000
23295100
23559800
23683000
23313200
23409100
23381900
31789800
23896500
24042800
25847200
26352700
24813200
24446400
24223200
24500800
24324400
24331300
24199100
24065000
24161300
24123000
24165900
24020000
24045100
23936100
24355600
24049400
24124700
24075700
24388200
24161100
24099000
24688100
30996000
30508000
24200400
24084000
24031400
24384700
24610500
24389900
24487100
24162600
24028900
23844900
24313600
23991500
23929900
23969400
27322100
25237700
24493800
24796500
24361600
24697900
24590900
24347100
24157500
24404400
24055100
23882800
24193200
24289800
23877100
23986500
26799000
24614800
24416000
24561400
24455100
24407900
24584400
24517100
24184100
24434700
24477800
24260800
24280400
24249700
24509900
24036600
24171200
23929900
24251500
23921200
24108900
23964000
24152300
24173400
26138700
26158700
24529800
24583300
24505600
24548000
24452900
24392800
24289600
24305700
24272400
24352700
24157300
24092200
24211800
24553400
24626300
24276500
24023800
24037000
24461800
24146200
24013800
24521600
24298200
24125400
23927700
29304000
30887200
24265700
24050000
24058800
24357500
24319900
23990200
24608700
24246500
24105800
24086100
24584000
28176400
24616300
29192800
24326300
26085500
24570100
24800800
24448700
24473800
24561100
24308900
24240900
24384200
24136600
24357200
24548500
24342900
24296200
24389600
24311100
24460100
24295400
24123200
24159200
24438700
24259700
24392700
24254100
24236800
24213000
24087700
24104700
24319900
24372500
24122700
24152300
24244200
24701900
24125000
24444100
27642200
24619500
24389300
24349500
24185500
24420800
24252500
24604000
24399800
24361200
24541100
24321800
24169200
24326800
24291100
24366500
24215900
24048100
24131600
24197300
24302000
24233700
23992200
24109900
24161100
24214600
24687500
24217600
24283400
24024000
24394400
24193800
24088000
24176800
24142400
24286200
23976600
24268500
23793300
24261500
27799400
24756100
24546600
24449900
24459700
24596900
24526800
24651200
24404600
24820700
24657200
24581200
24458000
24449700
24279000
24375300
24183500
24310100
24829600
24438800
24178500
24100900
24338300
24439600
24406900
24162000
24417100
24224300
24132000
24192200
24175600
24178500
23998600
24171300
23985500
24168900
24185800
24206200
24209300
24077400
27174200
25533600
24468900
24416800
24665300
24020200
24096000
24067100
24126000
23903400
24196200
24190000
24142300
23897800
24184900
24281900
23909100
23888900
24133400
24144100
24192400
24303100
24317100
24246600
24213300
24293000
24122900
24259700
24113100
24148100
24407500
23968200
26778200
24447400
24358100
24325100
24462800
24331700
24230900
24406200
26270500
26272000
24619900
24552900
24290300
24894600
24552300
24923100
24673700
24491800
24314400
24444500
24159800
24290900
24253100
25824600
24207500
24280300
24438100
24470700
24226700
24169400
24291100
24076500
24246100
24107700
24072900
23901100
24551900
24265800
24410600
24363500
24208100
24177000
24264200
24030700
24125800
23926900
23885600
24190000
25430000
27656000
24554500
24401700
24464400
24139600
24179100
23971300
24081000
24253800
24295000
24179600
23935200
24281200
24099300
24214300
24468000
24109800
24042500
24025400
24309300
24100000
24279100
27159100
24571200
24514400
24370900
24171900
24422400
24171200
24301000
24361200
24361300
24161200
24293900
24394900
24243200
24266200
24304000
24299200
25784000
27496500
24572900
24465600
24385600
24487500
24442500
24148700
23982900
24309100
24070900
24279100
24171600
23999000
24000300
24586400
24425600
24163200
24320300
24274600
24122200
24265400
23945600
24079700
24180400
24332600
24090000
24521300
24072200
24032900
23973200
24046300
24403800
24064300
24304000
24084800
24250500
23889000
23787100
24216300
24169500
27654600
24529300
24608300
24453000
24201500
24117000
24181200
24276800
24452000
24576700
25123100
24480700
24530300
24457400
24429400
24287300
24174600
24307100
24166600
24064900
24049600
24149500
24324700
24073800
24169800
24173700
24229300
24129600
24096400
23958200
24132800
24005900
24198700
24038000
24264700
24177500
24125600
24160000
24217500
24188100
27702300
25185600
24511000
24406300
24441000
23838500
24217500
24714400
24179200
24239100
24510200
24399100
24143200
24386200
24245700
24551300
24358500
24162200
24212500
24363500
24475400
24093100
24200800
24390500
24348900
24135000
24012300
24408600
24486400
24232700
24630200
24391800
24349200
24063900
24437500
24070800
23993100
24167000
23956300
23847800
26568600
26613800
24695300
24366600
24596600
24683200
24518700
24412600
24691400
24450000
24214700
24244100
24195900
24590800
24211700
24575200
23894700
23805600
28784600
30923400
26379100
24177500
24241600
24017600
23748000
24151800
23955900
23909800
23891600
24255900
24227600
24279500
23810600
23980200
25152900
23944900
23705600
23850800
23897600
23946200
28435500
24975500
24709100
24608400
24434500
24239700
24605200
24333200
24491100
24007000
24164800
24471300
24451500
24232000
24432200
24567000
24311400
24157400
24261400
24045000
24070400
23659500
23810600
23991800
24010400
23696400
24188100
23984800
24118400
27366300
24234500
24243100
24060700
24098500
24052900
24176200
24029500
23896000
24078300
24131700
27595300
25312300
24959400
24529500
24290500
24387400
24355000
24173200
24231500
24138900
24545900
24396400
24204000
23993900
24290500
24258100
24430800
24257700
23984300
24018600
24286800
24184100
23672300
23592500
24140100
23917800
23815600
24255200
23549100
23940100
23857900
23968500
23648300
23853800
23795100
23140900
23654700
24028200
24154500
23611200
24312800
28052500
24758400
24744900
24231300
24696600
24385100
24155800
24262700
23951600
24309400
24226900
24301000
24089100
23998700
24111300
24423100
24033600
23980600
23908500
24080000
24362000
24109100
24183600
24141200
24057200
23951200
24008400
24176200
23877400
23847100
24135100
24220100
24064400
24063700
23923400
24123100
24055700
24093000
24009400
24100300
28193000
24899500
24867700
24423700
24362800
24218400
24272000
24308900
24166100
23985000
24260900
23915900
24297200
24151500
23971300
24246600
24292000
24129500
23995600
24317800
24165100
24016700
24027900
24015500
24030500
23976100
23991500
24114700
24491700
24059900
23841400
24389000
24407700
24097100
24058400
24114300
24311600
24044500
24114800
24026900
25885000
26100900
24532400
24340900
24199000
24251900
24696000
24141100
32272100
24107700
24181900
23840500
24121800
24235600
24489900
24428200
23918200
24232500
24171400
23959200
24218300
24058800
24140000
24013200
23939900
24068000
24175200
24192200
23825300
23984300
23906100
24187700
23953500
24068600
24005300
23757400
24118000
23841200
23958000
23848900
25199700
27250000
24527300
24398600
24249100
24327500
24031600
25001700
24160400
24078500
24490700
24279900
24507300
24348100
24212000
24326900
24652000
24226900
24208000
24117800
23910400
23998500
23855100
24025000
24079500
23907700
24070200
23789000
24065600
23950600
23909900
24454100
24387200
28626100
24399200
24376000
24296100
24154700
24360000
24311800
24935800
27289400
24641700
24531400
24293300
29002800
29631600
29918700
29459400
28662300
28983500
29258800
29597200
29238800
29697400
30149200
30692800
30318000
30197800
30499300
29850700
28613700
29133500
28782400
30610800
28828100
28414700
26334400
26196000
25188000
24587600
26245800
27057700
26300900
27059200
27229400
27194200
26369700
26271400
26781500
24795700
24848200
25629900
26518400
25629100
24876500
24527200
24637800
24545100
24966200
24746800
24554700
24991500
24652400
24655000
26658900
24836200
24714500
27373400
27717700
27407700
27485400
27341400
25605500
26948100
25600300
25270800
24571200
27654600
24465200
24547300
24786200
24761500
26586200
26372300
24430700
24436300
24834200
24505600
24280200
24335400
24181100
24269000
24378000
23887400
23866500
24122500
23891300
23770500
24079500
23847900
23841100
24013600
23960500
24374500
23959000
23975000
23944000
24066500
24016800
23860100
24444600
23987800
24124900
24075900
23995600
24056000
23918800
24150800
23865700
23960600
23941400
24063600
24227500
27558100
24328600
24037000
24472800
24303800
23982300
23763700
23958700
24073800
25385800
32350800
31251200
30665400
29157700
24134500
23956600
23883700
23831400
24144700
24139700
24159000
23996300
24136500
23848200
23987400
24231900
24183700
24208600
23916700
24115900
24244600
23932000
24363300
24027800
23948000
23886800
24296400
24026100
23928900
27945000
25734700
24670700
24587900
24222900
24173500
23978400
24186300
23949600
23812800
24026100
24089500
24117400
24284700
24128300
24134900
24025300
23918200
23884900
24075300
23983200
23943100
24155300
23953400
23880600
24220600
24177600
23870200
24309300
24296100
23826600
23856200
24136400
24123400
24099100
23956500
23909500
24095700
24093400
23994000
24610900
28632900
24944900
24753700
24513000
24709900
24504300
23978600
23854000
24332700
24087900
24096000
23791500
23931900
24460000
24111500
24137600
23641900
23998900
23908600
24320000
23949200
24312300
24097100
23890600
24128300
24094400
24200000
24774700
24068800
23782200
23808700
24131400
24024800
24030500
24258900
24113700
23989200
25361200
27180200
27869000
32171800
25855200
25293500
24955100
27026000
28330700
27568700
27406300
27313300
28028300
28561300
27511700
24906200
25270100
24473900
24637600
24738400
24612300
24676100
24470700
24308400
24476900
24399100
24264300
24151500
24131300
24257400
24041700
24157300
24020300
24150600
24113400
24232900
24177000
23971000
23948000
24174500
24031800
26738900
25901000
24764400
24590500
24639300
24214600
24472600
24253400
24310600
24022400
24155800
24249900
24346800
24218400
24167800
24638800
24281300
24190900
24495600
24062900
23943700
24078100
24191800
24018700
24573200
24596900
24511900
24628400
24261100
24399500
24352000
24559000
24371500
24448100
24332700
33290900
24275300
24567600
24232700
24142200
28082900
24963600
24721400
24563600
24546100
24711900
24399500
24248500
24087000
24245100
24114300
24380500
24203600
24145900
24102700
24672200
24393900
24272100
24036900
23924900
24528300
24278600
24135800
24254000
24203800
23923800
24032100
24143500
26502300
30854100
25866000
24072100
24228000
24065100
24019300
24411100
24282500
24086700
23770900
24230400
28858600
24682400
24743200
24714100
24211700
24186200
24592900
24248000
24137500
24055300
24134800
24106600
24122100
24101600
24020700
24406000
24108300
24128600
24252900
24412600
24397000
24152600
24312500
24133800
24082500
24133900
23966800
24377700
24113800
24012100
24137600
24321800
24302700
24241900
24159600
23914400
24476300
24207700
24066900
23957300
27583200
25657000
24773600
24672500
24366500
24369200
24578600
24234100
23966200
24063900
23979600
24052800
24084500
24268000
24102900
24377600
24288500
24180900
24370500
24096300
24315500
24117800
24178700
23897500
24127400
24116200
23952600
24191600
24094300
24140400
24011500
24266500
24048200
23866900
23967900
23989700
23938100
24085300
23805600
24133100
27013900
25600700
24465600
24844400
24467100
24148800
24384100
24479200
24091200
24355000
24176900
23839100
24317800
24413900
24492600
25402500
23947700
25709700
24220100
24386800
24105600
25601100
27660700
24087700
24126200
24365300
24480500
24063500
24301700
24251800
24308800
24138000
24211100
24307300
24087700
24022700
24127800
28763600
24265000
24556200
28271000
24651400
24971000
24580700
24718800
24572600
24453000
25204500
25807600
25983700
26524900
25915000
25332600
26251300
27024700
27714900
28082200
27965700
28299600
27971900
27374800
26400000
26641500
27254400
27169900
25275300
24699400
24554100
24644500
24465300
24492300
24684000
24721200
24376800
24442600
24649400
24197400
24007700
28219900
24843300
24766600
24627600
24454200
24137500
24218700
26281200
24601200
24522500
24240200
23869000
24083800
24061100
23877500
24350800
24035500
25214200
25478800
24523200
24140800
24518900
24394800
24144200
23902500
24037400
23795300
23721200
24214900
26433600
24714800
24615600
24334300
24045100
24354800
24229500
24100100
24259000
24366800
24383200
28871300
24654500
24499700
24508200
24443900
23908200
23764000
24213800
24110200
23991200
24089700
24037700
23882000
24088900
24380100
24485300
24302000
24161100
24252900
25788700
27556800
27682100
28237600
27946100
27250000
27848100
27938200
25761400
24521000
24684800
24513800
24649700
24614000
24684900
24594400
24322100
24340700
24378600
24259700
28698300
24677900
24682300
24537000
24658000
24537300
24386800
23957900
23964500
24380900
23770400
23989800
23949200
24028200
23899500
24621300
24193500
23953700
24068300
23985700
24055800
24056800
24048600
27891700
25717500
25428600
27130400
24832100
24570100
24520900
24896400
24605600
24584900
24292400
24555900
23902700
23724600
24073600
24122100
24275100
31758900
24468800
24554700
24676800
24608700
24054800
24262800
24523900
24623000
24196500
24380400
29501600
31027800
24169100
24401000
24054500
23568800
24734800
24400400
24323800
24077300
23960500
24244100
24110200
23855500
24053600
23839000
25239000
26170100
24134700
23909500
24351100
24114800
24002000
23887200
24176000
24401500
23992800
24343400
27709600
25431900
24519300
24669500
24306900
24539500
24295200
24248800
23872300
24023900
24224400
24041200
23812300
23702600
24223900
23993400
24085900
23830300
23916500
23980400
24368000
24400600
24264600
24215200
24107900
24060600
24052900
24045000
23945400
24117300
24138200
23864900
24037900
24090700
23902400
24333000
24020000
23919200
23952300
24122300
25202900
28060600
24776600
24651900
24350500
24336700
24336000
24018500
23787600
24719400
24038900
24107600
23864200
24209900
24468300
24495300
24945000
24428000
24146600
24184000
24473400
24397300
24436200
24583600
24464400
24433400
24226500
24266100
24125800
24025700
23808400
24215200
24108000
24153700
28660400
34068500
38502800
35669400
41497400
38555000
35779200
29803600
30337700
30567100
30669400
31204400
31526600
30533800
33627100
39670600
34879300
34193300
30327200
28172300
35196300
24924600
24481200
29698600
29804300
29566500
30279000
29721200
29172200
33819700
28438900
28990500
29359000
29471500
29995700
29569100
32566100
29075200
30676000
30374400
30663000
29601700
30397900
31078000
30183400
29880500
29567600
30394000
30391900
30109100
29316400
30877100
30614700
29738500
29677700
29414700
29515800
30616800
30098700
30010100
30483300
29493600
29570100
28383500
32258400
29865700
29069600
29208900
28675500
29408900
30437500
29976800
28808900
29365800
29195200
29044100
29309000
29333800
29379900
28951000
29378000
44603900
29169100
28678400
29706100
35831100
34072500
31385300
29195100
29253600
29217200
25951800
28557500
27610900
28350900
27121400
27406300
28360200
29027500
28961300
28771100
30621800
28887800
29916400
29918500
29895100
29394000
29464100
29540800
28473300
28962600
27912800
28540400
29844000
30667600
29068100
29108800
29946900
29003300
28964200
29410800
28649300
28788400
28857200
29029400
29056500
29359900
28832000
29007800
29098700
28784200
29015100
28792200
33422200
33395300
30492700
32659300
29616900
30000900
28653800
28854300
30734300
32162900
30503400
30234800
29050200
29001700
29330600
30604900
30501500
30769100
30205300
29034200
27640400
28752800
28526900
26162400
26912400
33734300
28984800
31037400
28680600
27898300
37835300
35467900
37665100
30130100
29430700
28770500
28578600
30335700
34665300
29208000
29321500
29577400
30399900
30051100
27771200
27384100
32232600
25468300
24591000
24642800
24709600
24740200
25460900
24843600
24478500
24606200
24470800
24690600
24515300
24585400
24629600
24726300
24466800
24625900
24591600
24436500
24806200
24742000
24423900
25495600
31875600
33055800
33791700
25698500
24691300
24723500
24551800
24703400
24671800
24656500
24686200
24710700
24449800
24426000
24722900
24674200
24734000
24614000
24847500
24519900
24633400
24305400
29744700
24400100
24501500
25392900
24457400
24505700
24292400
24358700
24525200
24640300
24337600
24268900
24060600
24521000
24338100
24404800
26775300
26455700
24489800
24747600
29545800
24496100
24405600
24686700
24536200
24411900
24651500
25145400
24968300
24669100
24540300
24796200
24558500
24605500
24494700
24888700
24582800
24821100
24760900
24649600
24591100
24646900
24990000
24626000
24202700
24117200
24451000
24417700
24487700
24445600
24490400
24428500
27102300
25269700
24716900
25969500
27995200
24398800
24638700
33107900
25839900
24776000
24698900
24750900
24889800
24549500
24716800
24673200
24478600
24406600
24812400
24887600
26137000
24886000
24546800
24760700
24561100
24467300
24864800
24845600
24427600
24671200
24745100
24429100
24838300
24846200
24368600
24368200
24721100
24679700
24598500
24282000
24187800
24472900
24926700
28412800
24564400
24715100
24753100
30825100
31572500
24651400
24843600
24677900
24554000
24583300
24789000
24767600
24479700
24753100
24596800
24586800
24598500
24453200
24674000
24700300
24432400
24447300
24659400
24863600
24647700
24501700
24467500
24869000
24606200
24679000
24656100
24458600
24553800
28171700
41338900
30099200
26196100
33335900
25087800
24496500
25020900
24514300
24655500
24570000
24627800
25308700
24586600
24594700
24454400
24677100
24881500
24618800
26210500
24479300
24651000
24597400
27136400
24869500
24604000
24543200
24666800
24517000
24830400
24771600
24891500
24424600
24416400
24717900
24589800
24578400
24431100
24299000
25863100
27001600
24565200
26030500
27900400
24527600
24651900
24708300
24630100
24533200
24466000
24423500
24714100
24670500
24399000
24671100
24714500
24588300
24418800
24997200
24659100
24324200
24864300
24494000
24555200
24573600
25169200
25149700
24825800
25340100
24728500
24720500
24503000
24537400
24518800
24426400
24460800
24390400
24278400
24366300
25450500
25870700
25133500
28286300
24529400
24559800
24484700
24647100
24501900
24548000
24590400
24573500
24886300
24542900
24695600
24517600
24696600
24473700
25166700
24634800
24723700
24608200
24812600
24474800
24667500
24584400
24497200
24271200
24558700
24554600
24437500
24490300
24494800
24470600
24455600
24414200
24480200
24590800
24355400
24935400
24748100
24430400
27096400
26410800
24619200
24607800
24710400
24516200
24633600
24569000
24610100
24322500
24397800
24497400
24561300
23999700
27059000
24899800
24689500
24686900
24652600
24478900
24709200
24893000
24621500
24485000
24448000
24768600
24725200
24429800
24634000
24618100
24679700
24683700
24699500
24503200
24077100
24140700
24339100
24347500
24066600
24304900
28877700
24604500
24490900
24623300
24582300
24493600
24467900
24432800
24782200
24720200
24338900
24552800
24248300
24928200
24630600
24405700
24589400
24849000
24400200
24623300
24618900
24457400
24203700
24403300
24343400
24082700
24579800
24394700
24251200
29458900
30901200
24193600
24189600
24223500
24376200
24488200
24279300
24194600
24489100
27081400
26178000
24778100
25117100
24455400
24407200
24650100
24745000
24487100
24783800
24700700
24630100
24582700
24771300
24746400
24667800
24687500
24611200
24641300
24563200
24657800
24558000
24618600
24350200
24443900
24443600
29673600
24488100
24369100
24642900
24331900
24472500
24211600
24797900
24139600
24342800
24209200
24227300
24290100
24819300
28928200
24423000
24605100
24585800
24616400
24381400
24379500
24765300
24699200
24287600
24554900
24691500
24248500
24410100
24557100
24743700
24633000
24717800
24837000
24561600
24535300
24696100
24730000
24409400
24262500
24145100
24690600
24370500
24690500
24592100
24348600
24299700
25094200
24507900
24305100
24408700
24206100
24583000
25155800
32679700
30749900
24485100
24893900
24759800
24586200
24553800
24648800
24445500
24803100
24479600
24328100
24276300
24246600
24572700
24540100
24371600
24437300
24612200
24662100
25537500
24779400
24448200
24288000
24499100
24596800
24241900
24522600
24653500
24984000
26606800
24604500
24675600
25037400
24937500
24657900
24608500
24651300
24649100
26130000
26413400
24558300
24680400
24458000
24713100
24696500
24578600
24587000
24522600
24384900
24738300
24712300
24456400
24502100
30043300
25917300
24787300
24611200
24454500
24876300
24538000
24580100
24455300
24716400
24599200
24768200
24498700
24538000
24660000
24743500
24542900
24640000
24562600
24508000
24683100
25166900
26615100
26293800
26342700
29281600
24860100
25945800
24612800
24530000
26329600
26173800
25849800
26061600
26149600
28379800
27422900
25163700
24498400
26702300
38092800
29402900
24513000
24587300
24442000
24790100
25262700
24609800
24509000
24560400
25895000
25833300
24555100
24847100
24552900
24452300
24818500
24604600
24620400
26829900
27278200
27853400
28925400
26963700
25594700
26998300
30319400
31466700
27770100
27706400
27626900
27311400
26079300
24711200
24405800
24670900
24953700
24711000
24549400
24643100
24529500
24568400
24547900
24793400
24701700
24700500
24549200
24523200
24661100
24520900
25520100
24904300
24656000
24919700
28317900
25112800
24525100
24791100
24643200
24500200
27183900
26335200
24649900
24504400
24952500
24578200
24729100
24594200
25605000
26996700
26650600
26667500
27426300
27727400
27196100
27635600
27434300
27355000
27973300
25953200
24593000
24445100
24679000
24422100
24531200
24673500
25546400
26492500
24700900
26749700
28504300
28409300
28697400
29291000
29804500
26797700
25772500
28918800
26837000
26461800
27531700
27743100
27695300
28586400
27947900
27901500
26881400
27873800
24714800
24721600
24460800
24626200
24816500
24421900
24509600
24736800
24813000
24636000
24682500
24604200
24516700
24835100
24606800
24487800
24508800
25594500
26883100
27287800
24899800
24834400
24549500
25895600
28011800
27963300
28060000
28981500
27692700
27768800
27781000
28484300
27971200
27511500
27051400
25138100
25083400
24813000
25854000
26437300
25705400
26004000
24702300
24712000
28540500
27975600
27699000
28013800
27963100
27474700
26825200
28293900
27143700
27455900
27261800
26876900
26935200
27132800
24638400
24623800
24560900
24574500
24598000
25108600
28543400
24804600
24575300
24492700
24429200
25454600
24825200
24610100
25257400
24691700
26647100
26351500
24900200
24604400
24459000
24757700
24569500
24784800
24553400
24462500
24689300
24526900
24557000
24438300
24653400
24448200
24530600
24698900
24636100
24534700
35183400
24868500
24597600
24434100
24668400
24709000
24710700
24471700
25650600
30397900
24673800
24564000
24709300
24641400
24469300
24447700
24728500
24654200
24512900
24618700
24743500
24709000
24555400
24701400
26437900
24572600
24525600
24740400
24522300
25207100
24763600
24207300
24210900
24418700
24386900
24243400
24165100
24247200
24263900
24488100
24385800
24478900
24550200
24440600
24602900
24499900
24494400
24618600
28201300
24822300
24466600
24612800
24553100
24587000
24506800
24385700
24669300
24782400
24486700
24529700
24446100
24245200
24152600
24477000
24619100
24491700
24386100
24124600
24298800
24524000
24359400
24526900
24213800
23951500
24433700
24871800
24441100
24437400
24384300
24309800
24228600
24734600
24487000
24459700
24260600
24205400
24382700
24419200
27867000
25285000
24770700
24413200
24464200
26958600
27221600
25845200
24867600
24568200
24701800
24681700
24628100
24807600
26413200
28490200
26723300
27194500
27029300
26569500
26724900
26743000
26848000
26463600
26302700
26503700
26684600
26878100
26822900
26860500
26453300
26324000
26545900
26400600
26495100
26391500
26509700
27963200
28240800
26761800
26320300
26480000
26242300
26399100
27642200
31362700
26515000
29086500
26306600
26317500
26684800
26613600
26356800
26505200
26376400
26551600
26492100
26439300
26392100
26750900
26253600
26605100
26974900
26224100
24604800
24513000
24472500
25120900
25151500
24484600
24526300
24827300
24579600
24579900
26399500
26461300
24719800
24649200
24609700
24590100
24459800
24642500
24676600
24583700
24608700
24644400
24627400
24900600
26480300
25060900
26137100
24453900
24656600
24533900
24570800
24708400
24565700
24532100
24475900
24686200
24502800
25874300
25942000
24550200
27527400
31909900
28071500
24849600
24784100
24612300
24664000
24713400
24578600
27102700
26064500
24930900
24521200
24375200
24694500
24736100
24795800
24533000
24445500
24537500
24495000
24439700
24575400
24615600
24352800
24444500
24798900
24502600
24388000
24743600
24636500
24526200
24549200
25085700
24707700
24807600
24359300
24302600
24578700
24461500
24312100
24388200
29611700
24653800
24567300
24562500
24393700
24548700
26103500
26182500
24719200
24510000
24615300
24463900
24564400
24455600
24357000
24501200
24451700
24551200
24207700
24370900
24416200
24307900
24645700
24366600
24431600
24287000
24462800
24215500
24400400
24519400
24544700
25238700
26529000
26638500
24743600
24487400
24690000
24706900
24587700
24490100
25402500
27061900
27147400
27483900
27418800
28651900
28748500
27247300
27518100
27384500
27121600
27430200
27443800
27169300
27227800
27760000
27500800
27306600
27388800
27294800
27291900
27220500
27157700
27316100
27496900
27426100
27183400
27362000
27295200
27202500
27399200
27392200
27243200
27399300
27159300
27245100
27495300
27452800
27362900
27491700
27170300
28731500
28597400
27484000
27264600
27471000
27212100
27232400
27431900
27459500
27682700
25942400
24419800
24667400
24553400
25360800
26337200
27467600
25952000
26145500
26612100
26778900
26727000
26084900
26637800
26870400
26431900
26277000
25926400
26868100
26115000
26694800
26753800
34302200
26814300
25890000
26536800
26675900
28881700
26756800
26439000
25936200
25869500
26081800
26242400
26679000
26903000
26215500
26379100
26903600
26739200
26210000
26708600
31001100
26620100
30051900
27865100
26827800
26800900
26651100
26701600
26907900
26773700
26506200
26862900
26460800
26493600
26817300
26711900
26842200
26821900
26691800
26864400
26871600
28974200
26740400
26811200
26813100
26730900
26896400
27051000
26912200
26773900
26870200
26831300
26670300
27055700
27260000
27297000
27134800
27470700
27435800
27191400
27229800
27223700
27344700
27354100
27263600
27282000
27591000
27290000
27348600
27288600
27435700
27312800
27227400
27500200
27049100
27265800
27541900
32126700
27568900
27703300
27525400
27615100
27912200
27818700
27592200
25432900
24611500
24485400
24698900
27349000
25883600
26221900
26738200
24483800
24740100
24584000
24507100
24777100
24613900
24607500
24464000
24600200
24773700
24538600
24292000
24286000
24596400
24492700
24253900
24149200
24159500
24633200
24534100
24802300
25085800
27596700
26101500
24445700
24781800
24583100
24792300
24710600
24463400
24653000
24584600
24428400
24553900
24454900
27413200
27509600
28462500
27699500
28555800
28552900
28552300
27452200
24565200
24402500
24930300
24582800
24573500
24586900
24708200
24788100
24661700
24591600
24587300
24788000
24592200
24411500
28791500
24703900
29366000
29225400
29226800
28578900
28884000
28512800
28865100
28173900
28850900
29425800
28852300
29272800
29329800
28559000
29052900
28974200
28867200
28771100
28162100
28682500
29099700
28659100
27693500
27820700
27517800
27842700
25301900
24628800
24450700
24556600
24719700
24640000
24786800
24543900
24444600
24655100
25572700
29161600
25687900
27695900
26969300
24895100
24684300
24682400
24516200
24495800
24745500
24713800
24740000
24495900
24446500
24408500
25408400
24476800
24659800
24627200
24344600
24915500
24473900
24720900
25528000
25121400
28100300
25290000
24617800
26337500
25431000
24722000
24591100
24630100
24470500
24462300
25254600
24876800
25932600
26647900
29553000
25279800
25599600
27105000
28089600
28706000
28326300
28167300
28314500
28172800
28716200
28483500
28281600
29066300
24529100
24892700
24423100
25074600
25081600
24598200
25002300
25515300
24589400
25722100
25390400
25195100
26753500
28458400
28189500
28082700
27649200
26859300
24687700
24539100
24677700
24585500
25803500
26629100
24967700
24516200
24846200
24666500
24632400
24534000
24690500
37112600
24950800
24565200
24480600
24604100
24733100
26239100
24657200
24763600
24435900
24487400
24677400
24690200
24873900
25116000
25693400
25492400
25699300
27353500
27434500
28369500
27405500
27299800
27584900
27433600
27148000
24581000
24582900
24476800
29038100
27435800
24563600
24525300
24667800
24489600
24816600
24514700
24716500
24668800
24705100
24453900
24451500
24782100
27284500
27797600
24713500
25057400
25856700
27415700
27835300
28461800
28025000
28111300
27551900
27806000
27951400
27822600
27704900
27044700
24517000
27068700
26746500
27449600
27750400
28120400
26691600
29509700
28097400
27343000
27623700
28022800
27534700
27611600
27425500
28248800
25412100
24557800
24579600
24816300
24479400
24563200
25395200
24780600
24485200
24811900
24649800
24734800
24489800
24812100
24491800
24406500
24536200
24230200
25743500
24418500
26849200
27756700
24777500
24701000
24638500
27955100
27580700
27567500
27708500
29395800
27735700
27628200
28002500
27728200
27773200
26897100
24599000
27713800
27698100
28377900
28141400
28783400
27625100
24808600
26166400
27664600
27341200
27704700
28394900
27799400
27923400
27722300
27868600
25297600
24716600
24617700
24607600
24566800
24460300
24659300
24776400
24747600
24584600
24632600
24696700
24632100
28767600
24643400
24506600
24670300
24637900
24654300
24466000
24789100
24451800
24597600
24440000
24239800
24159100
24412600
24374800
24612400
24540300
24631800
24447200
24447500
24462300
25118500
28034300
27174400
24767500
24740100
24710100
24470100
24658600
26042600
27153100
27493000
28125300
27704300
27545300
26801600
27325100
28037000
28529200
29237500
25527300
24592600
24555300
27464000
27542400
28433300
27944100
28188900
28100400
26189600
25413400
28250900
28164700
28620700
27916600
28166200
27854700
27961500
29607600
31400000
27687600
24701300
24727800
24459000
24430600
24695200
24737800
24541200
24487300
24589800
24473100
24351400
24466700
24481000
24037900
27837000
26394800
25299800
24778500
24766400
24814400
24591100
24307400
24663800
24599900
24368500
24525500
24146400
24087600
24056100
24265000
24287800
25594200
25222100
28928200
29418300
28324500
28586000
28460500
28132100
28379500
28989900
29069800
28493600
28234100
28908900
29090800
29121100
29780800
29497400
29119000
27039400
31060700
28745600
29576200
28643700
28752100
28603500
28856300
25985400
24477300
24695100
24505500
24545800
24442800
24841900
24756300
24663000
24522300
24458200
24255100
24480100
24499300
24281300
24494700
24459800
24574700
24407300
24675700
24378800
24486100
24317700
24423700
24073800
24417000
24247100
24247400
24130300
24324000
24258400
26803000
28489100
24534900
25984400
26047200
25574300
28454600
24601200
24792800
24589000
24664200
24493300
24397300
24708100
24599300
24631800
25372100
26946100
24540000
24542000
24744800
25074300
24665300
30647700
27290500
27095700
27411600
28175000
27459200
27883800
28395700
27205700
27133800
26488200
24993400
24834900
24477300
24656400
28793000
25040500
24730200
25533400
25399600
25436200
25917300
26649500
24705600
27282000
27809100
27784400
27626200
28576900
26676900
24647800
24631600
24633900
24527600
24611400
24530900
24678500
24463300
24520300
24756100
24632000
24602200
24710300
24477800
24428900
24797300
24622100
24606900
24869200
30411200
31152600
26833500
24601700
28939500
24709500
24433800
24635100
24656500
24620900
24528400
24720300
24682400
24440500
24549700
24677000
24855700
25049500
24599800
26330600
27135400
24601100
24560000
24427800
24615000
24516500
24682300
24486800
24637700
24560900
24501800
24595100
24565800
24569200
24588900
24677800
24477800
24646600
24547500
33152400
24504400
24706400
24429600
28780300
24566600
24496100
24624100
24701100
24377100
24770700
24578800
31261200
31286900
24473000
24752200
24609600
24552300
24613700
24477100
24619000
24641500
24667100
24435200
24424700
24218300
24460700
24434300
24472300
24554500
24490300
24663200
24640800
24296400
24341500
24570000
24408700
24416500
24244500
24590300
24604000
24607400
24616000
27360800
25824500
24420500
24684600
24675700
24644200
24453300
24324900
24642400
24509000
24203500
24573300
24717300
24275500
24239900
24657900
24907300
25793300
26007300
27121900
28053200
27775700
27697400
28739200
27653800
27628400
27983600
27988100
25677400
24664000
24620900
24568700
24542300
24722100
24557900
24590400
24612600
24570900
26771200
26977800
24658500
24819700
24584300
24617800
24463100
24837300
24515400
24610500
24180900
24218400
24648300
24520600
24542500
24429600
24502100
24325300
24375900
24109600
24110100
24541000
25405400
24634300
24550100
25724200
29481200
25038000
24528200
24725700
24730100
24584500
24599400
24436200
24494700
24487900
24820900
24396700
24096700
24458600
28844600
24687700
24949400
27679000
27813300
28092700
27647500
28820200
28069500
27629200
28083700
27583800
27821600
27899600
24499400
24490200
25489300
27486600
28000700
27899400
30232600
27612000
26238700
26209200
27561600
27585500
27495000
28849900
27871600
27928500
27655900
27648000
27254500
24649900
24646000
24548900
28579800
25016100
24613900
24691100
24680200
24455900
24713800
24711100
24602400
24583400
24581500
24516500
24686100
25765800
27690100
26999100
27166000
27533300
27936200
27299300
27460900
28727000
27725600
28495600
27867100
27561300
27955900
27512700
27870600
28266800
28157900
28436000
28528800
25599600
26531600
27915400
28453300
29496000
27352900
27544000
27323600
27704900
27988600
24490700
24624100
24472100
24434500
24684700
24593100
24486100
24517400
26082700
24499600
25398300
24607100
24465100
24511300
24512800
24880100
24721700
25577000
24475900
24861600
31112700
27930600
24787100
24532000
24542700
24820800
24676500
24611700
27959900
28422000
29039500
29502900
29178200
28350500
27918100
28451800
27916200
27870300
27624000
24720700
24555400
26153300
27651400
27719900
28065100
27809900
27935700
25021600
24398600
24647700
24466800
24749300
24823500
24579100
24532300
29681100
26259300
24657800
24405700
24450200
24420300
24668400
24589800
24519700
24482700
24639800
25012500
24523700
24449500
28454600
24954200
24502300
24399000
24699800
24529400
24494800
26812600
31452600
28898300
24775900
24445500
24649500
24510000
24668200
24490800
24451200
24384800
24232800
24166800
24384700
24339100
24798100
24568400
24488500
27608700
24814900
24542000
24669300
24498100
24367100
24594600
24562200
24633300
24576100
24541900
24502200
24453500
24587600
28831700
24637500
24534300
24524000
24742900
24531900
24717700
24625000
24649000
24518900
24661400
24559900
24571400
26335700
24684100
26125500
24656300
27179900
24576000
24642500
24589100
24560300
24578100
24620700
24378100
24882500
24622600
24499900
24454500
24784000
24413100
24673400
24669600
24475800
25111300
24741600
24431800
24628100
24576400
26601800
25644900
25532900
27306400
27238200
25768400
24522300
24784500
24921000
24671900
24670200
24495700
24412800
34515200
24839500
26114200
24442700
24454200
24665300
24597800
24512500
24674300
24545700
24610000
24668300
24798800
24822700
25165700
26177900
26483000
26463900
27345500
26762600
27000500
26982800
26711700
25952800
26534000
28153300
28032000
26882600
26622200
26582500
27009900
26578100
26729400
26509300
26798500
26627800
26731100
26789000
26704900
27048200
26951700
26979600
27094800
27074800
27080100
26957000
26777800
26598000
26815900
26843000
26915200
26777300
26689400
26906500
26745100
26608500
26377900
26547500
26563400
26415300
26568900
26910600
28383900
26209000
26454500
26374700
26133300
26058900
26358600
26681100
26468600
26053200
26039900
26004900
26415800
27131900
27398900
27368200
26309800
26153900
26052200
26043000
26277400
26131000
26026800
26222000
26055800
26333400
26372000
26346000
26449400
26066000
25923900
26263100
26105600
26093100
25937700
25918000
26288700
28718900
25953500
26192500
26152800
25934900
25818700
25884900
25910800
25752900
26238400
25851000
26885100
27153700
27133600
26864600
25860700
26042200
25974000
25989200
26202200
25859000
26375800
26209200
26015100
26150100
26352600
26845700
26235800
26325100
27399900
27692900
27847100
27236700
26922200
28027100
28243600
28070100
29649200
28260000
28275400
28335300
32422900
29094700
29915200
29170800
28264600
28422900
27424900
28515900
27476300
27287600
27862300
27671400
28540400
28252200
28622200
27854200
26971300
27556400
29419800
28387500
27387900
28086500
28502100
27923400
27850000
28424700
27996200
27450400
28380100
28446000
28925500
28224600
27689300
27265900
26064500
25884800
25760400
32591800
29480700
26032200
25990100
25832400
27170600
27821400
26690800
26042100
26319400
25880700
25728100
26156800
26057800
25848500
25754200
25975300
26098300
25941300
25960200
25805200
25998500
25967200
26011000
25809700
26144000
25901700
25988500
25855100
25900400
28177200
26184900
26078600
26063800
25952700
25912200
25992100
26139800
26079200
25786000
25924200
26039100
26009600
25798500
26068800
29014700
32402000
26373300
25960500
26113600
25961400
25929000
25803000
25855600
26037700
25847900
25969800
25820400
26471000
27277400
27584900
27082900
27399700
27250200
27179000
26964000
27617300
28241800
25906700
26139700
26060400
26038400
26026900
25968600
26103500
25880400
26205100
26001300
26254600
25874200
26075300
25917100
25913700
25853500
26029600
25872600
26377500
26237800
26102400
25720000
26181900
25847400
26153800
26157300
25804300
25854400
26116000
25893400
26050600
26005500
25966900
25876500
25943700
26071700
28087800
25862400
26279900
26148000
31559800
42472200
39810500
36478900
37311400
43779700
39091200
35496800
36626300
31599300
31912600
31044000
31475300
30941500
30567600
26737700
26301400
26735900
26241000
26405000
27968700
28632000
29256800
34273700
29444900
28985100
29061200
28668300
28899800
29050500
29548400
30142600
30472900
28642800
29161100
28940000
30009300
28844900
28902000
28912200
29155300
28991800
29012200
29156000
28898700
29327100
29293000
29851100
29125500
29067700
30233800
28448000
28778700
29407900
29294500
28721000
28736400
28949700
29166900
29239000
28881600
29496600
29885300
29281400
28669600
29277600
32082900
33256500
30352400
29072800
28546400
28998500
28810500
29046800
28351800
28786100
28999400
28628300
28576600
28424300
29365300
29158100
28515600
28914600
25687900
25650400
25813500
28765300
25610400
25882900
25627600
28513700
29171000
29509000
28384600
29555300
29265500
29732000
29751500
30505100
29821500
29090500
30233900
29982500
28549300
29737600
29844300
29766700
28784900
29116700
29103300
29304300
29560000
29642900
30004700
29538000
29410000
29653100
29445800
29782900
29662100
29453000
29881000
29511300
29834700
29401900
29453000
29533000
32192900
34551700
29876700
30026900
30343900
29401900
29453100
30596400
30040300
29959200
29906500
29587600
29770600
29416100
28598100
26392000
26198000
26166700
26430600
26425400
26125400
26256900
25819800
25647700
25490700
26199800
26023200
26200700
26118600
25764300
25778400
26227900
25985200
26297900
25663000
28060900
25880700
26207300
26179200
25865600
28100500
32328300
30984300
30939500
31097700
30852600
30947200
30792700
29707200
29019400
28951300
28851800
29215300
29071700
28238100
25813100
25856700
25675700
26071800
26044600
25948800
25970900
25643900
25900500
25826100
25692300
25895800
26408200
26267400
26182900
27566100
26692600
25660900
25673200
25577600
25883000
25722300
25737400
25515400
25858600
28319100
26305100
25528300
25417100
25910700
26200600
25777000
26014000
25705000
25776300
25498400
25574900
25644800
25746800
25750800
25552900
25562400
25645600
25536400
25521200
25746600
25785000
25544900
25622500
25502000
25829200
25624400
25623700
27068600
27348800
25675500
25631700
25580800
25644500
25651400
25654400
25648700
25597200
25691900
25911100
25677000
25712200
25557500
25787900
25618400
25690000
25680300
25604900
25587000
25571500
24715300
24752900
24772600
24592300
24648500
25316900
25177600
24888100
25606900
25362000
25435100
25285900
25114100
25569000
24841800
25237800
25741700
29493200
28638700
25355400
25514100
32000700
29741400
24586400
24957900
25177500
25201900
25346900
25297800
25312500
25158800
25501000
25456300
25458500
25265400
25403700
25256700
25303300
25380900
25420200
25081600
25247300
25522100
25535300
25520200
25213100
25218600
25408900
25766400
25612500
25350400
25618400
25270900
24994000
25294600
27297200
24556700
24730200
25549300
25184600
24544800
25299200
25071600
25274600
24748700
24575400
24711600
24809600
24798400
27341100
24860900
24847400
25555800
24846000
25474800
24891100
24860300
24662100
24938600
24943300
24814300
25230500
24787800
24819000
24876000
24991200
24794500
25007400
24981500
25103900
25332700
25401300
25258800
25942900
27578900
25819000
26346800
26375000
25535700
26057300
26383700
25645400
25798200
25635300
25588500
25479500
25428500
25571100
25687500
25648700
25345800
25402600
25722600
25541500
25344000
25591200
25548700
25427700
25387600
25590600
25579900
25572600
25465400
25319500
25603000
25776900
25838400
25557900
25636300
25585100
26057200
26671400
27487300
26608400
26398500
26220700
25945000
25875100
25727700
25374400
25805900
25556700
25514700
25498700
25705300
25523300
25486600
26088600
25394300
25519300
25317800
24730300
24445800
25235700
24548100
25184800
24714200
25193600
25413800
25038900
25071900
24930000
25332000
24981900
25601100
27552300
25235900
24992200
25096100
25278000
28247500
25608600
25042600
25945700
25150500
25276800
25364100
25399000
25412100
25328700
24917700
25422900
25272000
25784700
25841700
26069600
26388100
27307100
27766200
27239600
25843200
25009100
24986300
25083500
25568400
24864700
24799300
25625600
24634400
25117600
25220900
25276100
26730700
27755900
27983400
25317500
25011200
25247100
29695300
25413100
25458200
25504800
25471700
25711500
25811700
25535600
24989500
24735000
24874400
25193200
25203300
25296000
25015100
25223200
25246000
25090500
25003700
25138800
24728900
25080400
24612700
25346000
25226900
24759300
24923400
24774100
25477700
25322500
24625400
24761800
25188800
24818600
25504500
24663900
24765100
25190000
27400800
26046300
25789500
25747800
25934600
25696300
25518900
25477800
25146500
25521700
25595800
25182500
25262700
25260200
25598900
25405400
25108200
25505100
25596300
25460700
25493500
25467500
27957900
27665100
27521500
27693800
26987000
25579100
25261400
25807500
25504400
25430900
25778900
25772000
25738900
25670200
25519200
25892300
27922500
25531500
25348500
25960800
25612500
25606100
25521100
25517500
25527100
25587000
25583500
25179600
25209400
24808700
25437100
25460200
25410200
26969200
25456000
25639200
25479100
25422500
25538100
25673200
25256500
25010200
24803600
24942800
25065800
24803100
24972700
24620300
24804000
24744600
24764700
24596800
24756500
24852100
25173700
27554600
24915900
24803500
24840400
25265700
24860400
25141700
24572300
24570100
25016000
25051100
24776300
24840700
24601100
24638000
24996000
24846600
24989200
24807300
25074700
24656800
24787500
24941100
24937800
25012700
24963900
25095500
25326200
25039100
25030000
24844100
25071800
25041100
25189700
25349800
25074300
25031300
25188300
25420100
27339000
25729700
25053500
24923700
25076300
24961500
24951400
25007800
25139300
25006200
25015800
25498600
24866200
25213200
25378600
25206500
25102200
24997200
24969800
24916200
25152600
25324900
25051200
25206500
24987200
25223000
24900600
25130500
25207900
24842300
24908400
24738100
24615900
25258000
24843200
24701100
24730700
24784500
24676300
27573400
24865100
24757900
24776600
24796400
24938800
25039600
24825400
25034600
24641300
24664200
24865200
24603300
24776500
24712700
25018900
24718800
25000200
24760300
26232400
31564500
28416600
24855100
24737500
24827100
24827000
24726800
24771800
25075700
25034800
25352300
26142800
26022100
25821600
25997500
25790000
24921100
25856200
31340000
26465000
25493500
25655400
31587500
29887600
25266300
24956400
26075900
25746300
25824600
27204100
25883700
25625800
25720400
25970400
25628800
25150900
25860000
25709200
32806100
28810400
25905800
25667600
25577200
25011600
25459700
25228500
25078800
24920700
25090400
24944600
25156500
24775000
25383300
25301700
25262800
25874900
28976700
24649100
24603100
24875200
24967400
25550600
25212300
24696200
24690700
24458200
25086200
24618800
25290500
24939600
25119000
24524300
24822400
24504000
24911600
25188200
25294500
24682800
24802600
25027000
25506100
24829000
25162100
25574700
25801700
25535400
25830200
25620400
25381100
25423000
24956500
24937200
25869600
24831100
30789300
25420400
24535700
24613600
24994200
24988500
24594700
24780200
24619000
25013100
25296300
25274600
25034000
24959300
24631900
24706400
27002500
24647500
25149500
24757100
24607500
25449600
24953300
25016500
25300300
24920000
24805900
25437700
25386000
25090400
24712000
25003000
25436100
25025600
25202500
25115700
24578200
24741700
24758000
26652200
25628900
24630000
24721900
24968300
24738100
24604400
24866200
24605500
24725400
24469000
24174700
24623000
25552300
25076300
25394600
24989300
25382300
25671100
24730600
24668200
24490200
25009200
24412300
24443000
24637200
24490500
24421200
24468300
24042100
24091900
24189000
24163900
24342100
24201400
24327500
24295100
24160000
24088200
24398600
27181300
24446400
24657900
25168200
