94330500
94570500
103427500
109628400
108647400
95341000
96122200
96515100
95965700
105474600
96082000
99585200
107771900
98703900
107575600
108396000
111077400
97935100
101169300
97966000
96914700
96655200
102496700
102513200
106457100
111712000
104209100
95809100
101782800
96333900
95801800
95561400
95455200
94810700
94249200
97352400
102454100
98144400
100616900
109050400
109013800
112901300
102114400
96275500
95949500
97550500
98479400
96113200
102480100
97326000
95727600
95839300
98502500
98974800
100016900
101733000
98958700
96504700
99825200
103085100
97141500
107719900
103429200
103245600
96447600
109803800
97388500
97577500
101533500
97160600
98857700
99721600
101562900
95506800
95444200
94792200
95016700
95265100
100161700
106580200
96057900
95885500
99071800
99594300
98403100
97592100
102829900
98391700
112105900
97535500
98582500
95738500
96416100
96860800
96124800
106092200
96146800
95456100
104052600
96054600
97136200
100705300
104806000
96084700
95246000
97818700
96491400
109188700
101665400
95853100
96248700
96976700
96048700
96724200
96549800
95862700
102033000
98204400
101022800
97137400
103751100
102475900
99828500
97753700
97353900
98020200
97233600
96869600
101419700
96222700
95770800
96820100
121211800
106528600
95809900
96213300
96033300
96612300
99218600
95759200
101862500
98923700
96295900
96179100
96207600
96119600
95948000
96070900
100215600
96304100
96160600
97227700
96285100
95970300
96059700
96096500
95869200
101184300
114418500
96496300
96769400
95894700
96555600
96277100
96792300
95918700
96221400
95143300
95507100
111796400
103982900
180928900
126708400
112978900
135836300
97499600
107209400
113732800
119790500
120326700
112727100
114518100
115049500
117333500
115115600
121257100
116433400
113891300
127582900
114090200
114744200
138559700
121526000
96410800
99875200
128041100
122871200
116206300
109241100
120239100
113850500
123910400
112104100
112349700
117852400
113203200
117358600
112053100
113381300
100677900
101567000
107827400
102344800
108417500
129274200
116725100
116928000
106605200
103102800
103079900
124000300
101202700
103977800
105362700
116157900
109402400
105015900
102252500
107817700
105469100
104771400
101044600
102063800
102479500
110518800
103146200
100764700
109192600
114498600
103765300
103237300
103783500
103031700
111957800
99560700
100162400
99139500
96009700
97915900
99662200
104251000
103042800
120928000
105408500
106590200
106208900
101298700
129779200
105281600
104739900
131128500
103771200
102107200
109120100
148389500
103037600
113273400
107308400
107002800
118117300
108357500
113387900
108044600
108430000
109578400
107528200
109082500
97281500
95309000
95995500
96650300
104586900
94654000
95425500
99452400
95503400
104732700
99361300
102032800
97713200
96324500
96596700
97317600
96733600
96054300
96475600
102413400
96949000
95699500
97211700
95955900
105127300
96262500
96440700
94481700
94998100
107976000
103519300
99960000
96537800
102746800
105120400
110970400
103000700
104227700
99562600
106211000
100800800
98825900
99970600
105446600
108011500
102759200
95470600
95508300
100610400
96271600
102905500
95577500
98999300
95657300
95584100
96091200
95461900
95243600
95802000
99009100
96745800
95564000
106220100
95289200
97518900
95574500
95874500
95254700
94934700
100237700
94843900
95970900
96692700
96330300
95583200
94720200
94706800
95137000
95269100
98633300
95458100
96732700
99075000
101524900
97632700
106236300
110817700
99731100
100374000
103747000
98144100
106282000
105412500
104897200
106704300
104218400
106533100
104857600
108275000
107251300
107928900
107273500
107146400
114023800
123799100
107475400
119801100
113118800
108790100
106996200
108016200
107086400
96123400
96078900
95727000
95543000
96054800
103005500
96224300
95676800
96334800
96007800
95801300
94619500
101307000
96156400
95012400
98781600
95445700
95301000
95060000
94577200
94497700
94455700
97676000
96404000
95781400
97425700
100054600
96301000
94781800
94676900
95407400
96333800
95047200
95146200
95582800
94893500
100950900
97230800
96184400
95349600
96312600
96369800
95800600
95939600
94749700
95435500
102013100
96083400
95524800
95724000
99923700
96548100
95244500
94849400
94646500
95501800
95736500
98996600
95951100
101972500
95421500
96892200
109694400
95887900
95757600
107440900
95885500
101884100
96159100
96685000
94575200
95410000
95032300
95100800
94541500
95218000
97370700
100486100
95531300
96357000
95623500
103407500
97620700
97366200
96141000
96345100
95965300
100099800
95799900
95030400
100548000
94464600
94257300
94007900
93899200
93278300
94872800
95552900
100915600
94696200
94491900
95207900
95196200
94870900
95200200
95029900
98950200
94971300
99238900
95976400
96033000
96613900
97119400
96590200
94775200
96369800
95368200
95886900
99470300
95528300
94599400
95168300
95134800
94872800
94228400
94214600
94253500
94641700
106897800
98679000
94292800
94699400
95349600
96904800
94848100
94284100
95619500
96474300
94786100
99836400
96598800
95412500
94575800
97137900
95582900
95814000
95085200
95528100
95023500
99309000
95863500
96038700
94704600
97351700
95699800
96485700
95822200
95567300
96108400
96090600
99708000
97020900
95145000
96328500
105274300
103022000
95323300
95631800
95235500
95160200
100375200
94924200
95107000
94876000
96281800
94336100
94702400
95052300
94551900
94682300
112096400
95213100
94306100
94619700
107976700
93966500
94720300
93779900
93733000
94086700
101491400
95840600
96836400
95351900
96011600
95320800
95462300
94112300
93151300
98445800
93717400
98983300
94789900
98214600
98941200
95915600
97641300
96312000
93735600
96309700
99417700
100280000
94788800
93940200
94116400
94397200
93690100
93162400
93155800
94137400
93828600
97533000
99034400
94832500
93958400
93664100
108238600
94289800
94199800
95313500
93887500
93162400
100984800
95259000
93656900
93298700
93838100
93625600
93887200
93873400
93803700
93771500
99748700
97834500
94747500
94146000
93917300
94930200
95436600
94677400
94546000
94423300
97479100
101630700
95529000
94959800
94473900
94441700
94074600
94177300
92613700
92509100
93778800
101076800
95646000
96405100
94808800
94782600
99320800
94382700
94579100
93518500
93673700
100994700
100162800
96228500
96516400
95590600
100154800
94264400
94941400
95398100
94973300
92455200
104209900
100353800
95882300
95552600
96238600
95863400
101622000
109540000
94919600
95316900
101499500
96654200
96617500
96493400
100079800
99890000
97487000
96530400
95490800
95604400
102889800
95241800
95657300
94443400
94743100
94483000
94582500
94647000
94073700
93970500
97775700
99174000
95137700
94048400
93121200
94834000
94476200
94804500
94651700
93829000
94258300
101515600
95900000
98265100
108969200
104390600
102558200
95438500
94596400
94760200
93762900
100798100
95309500
94248100
94252900
94627600
108047500
94346400
94797900
94065500
93601500
101097500
95717800
95531400
94136300
94423000
94516400
93819000
95188500
94895100
93531000
93131600
103098900
96074000
94394000
93850800
94818100
94156900
93968800
92915400
93625600
93758400
101684800
95850800
94891000
94247000
94145400
92840100
91095600
92511700
93573600
93733500
98237900
102763900
95834300
95388600
94679500
95308800
93932000
93914400
99354400
95977400
94875300
102399900
99897600
96033100
94298300
94315500
99470200
95326500
95528500
94240900
94680000
101391400
95997300
100085200
94582000
97029600
96348300
95677900
94807800
94608700
94552300
95534800
102178500
95456800
94282700
92929200
93435900
94130700
93784300
93748400
94465600
95246900
101546800
95280900
98328700
93898400
94901500
95015000
95176500
94028400
93771400
94451100
98411300
97315700
94892000
95281800
94947500
94738200
93954500
94424200
94515000
94553400
94107600
111847300
95698300
94999500
94909400
96411300
94524100
95387700
95604300
96278100
95043800
102026800
97375300
96757800
96726200
95974300
97348800
94285000
94731700
93762200
94416400
98675900
96453700
95439700
100831400
97436500
96370700
96176200
96433800
95500200
105509500
97840700
98203000
94648300
93741500
94251200
119363400
122219800
128378100
126548700
110347000
102231700
112003200
121624500
121259300
120600600
120686300
117834400
116261100
118075500
119054800
111576700
113389100
115010000
118500400
118766600
119360900
117644400
117387900
114485200
114198700
104692900
96510700
113400200
114749300
121193200
121459000
118917500
116802700
118498200
117078700
117695000
117544000
118812200
118280900
121648800
113949400
106425500
96336300
111428000
115640800
117295700
115031400
95811400
100287200
95596300
95394300
95107900
95019200
94589900
102667100
95311400
95015700
95128300
100276400
95671300
94868800
95175200
98928200
96692600
95974600
95979500
102222700
107942400
108248700
97566500
95242100
94761100
98646100
95668300
95107300
96021700
95465000
95744300
97277700
100057800
96081200
94729000
94969800
95248400
95591100
96917200
95616000
94948700
94592100
101116700
96506200
96360000
94968000
93941400
100150500
96275900
95273100
94882000
94470500
100239000
95546100
95197300
94381100
94760800
100124400
95176100
95051000
93595900
93816400
93503300
99906500
99742200
104238800
94058600
94920500
94740300
94115500
94159500
96986500
96710800
101267100
95670900
105552600
94850500
95631300
95478600
96386700
95710700
94445300
95012400
100271400
95664100
95193100
94798000
93661000
94919100
95492400
106874100
94247500
93646300
98965300
95909300
95288100
94459000
93834800
93458100
92832900
93774300
93446600
93682600
93174800
100524100
95244000
95368000
94548200
94185500
94025300
94790600
95191400
95207600
94040800
98777000
95211600
95560700
94432900
93412200
93328600
91717900
95275700
92429300
92229300
92135300
102742400
97723700
95224700
94200100
93074100
94422500
93445900
94626500
93189000
93378600
98806100
96037800
95991700
94708500
94807000
94594300
94919800
95704500
94160700
93671600
93678600
100722200
95776300
95543500
94282300
94254700
94266200
95513500
95166200
97917400
96837500
99645900
96058500
95987100
95599900
96741300
98021200
96002000
95793000
96062000
95090600
98220800
96948000
95625500
95172400
94525000
93755700
94250700
94657900
94688200
94548500
95184000
99798200
95973500
95639400
94138500
93588700
92552200
92912600
95142100
95439200
95470500
98740500
95733700
94731000
93787100
91483100
92164900
91576300
93179000
94176700
93669000
92278200
100102100
95366400
94480800
93859100
93720400
93504900
93388200
93197000
93453800
93278900
97601500
98677500
95774100
95968000
94471200
108314400
94279300
93806700
93864000
95082100
94980800
100888000
94771000
94456200
93785400
94495800
94493700
94516400
94566100
93972100
98836000
99782400
94972700
94699400
94539900
94829100
94724700
93732200
94654100
94945800
94936600
93974200
100391700
94695100
93877000
96144900
96910400
95324400
94761200
94707000
94472300
94108100
99958500
95276800
95188100
94730200
93735300
93727700
93928800
93956000
95711000
94397600
98889600
96575200
94938600
94321100
95880400
95431300
94678500
93402600
94739600
106940200
90414000
100273300
95463600
96325100
95149400
93730700
93340800
93785600
93965800
92984100
92705300
99275200
95771900
95253700
94449800
94120100
93273900
92675600
92369200
91344500
92999400
93263400
100634200
94633600
94634600
94996700
93837300
92872700
93279300
93258800
95512700
94455700
99454200
95994000
95244200
95481700
96378300
95726400
94997800
93419200
93679400
94670900
93650800
100431600
95145900
93970900
93125500
93062200
93302600
94264000
94441400
95019900
94321500
99205300
95660900
94336500
95131700
95656800
94935700
93773400
91617900
92285600
95110400
93974700
101578500
96655500
95105600
93733800
96428900
94087200
93369800
93690000
93212300
93449300
99895600
96174000
95498100
94407000
95151000
94337500
95181900
93642600
93616000
93197200
92928700
99882100
95329200
96755500
116875100
97370500
93774100
93986100
95150800
95386500
94895300
100466200
94851700
94331800
94784300
99040900
95226700
94612100
94570200
101535500
101687500
102369600
96222500
95323000
95327400
96086400
94829600
93876900
93084000
93381200
93933700
96672700
98038000
95236800
94447100
93588200
92581700
93038900
93981500
93252600
93636800
93343100
100576800
94586600
94187000
93488200
96196800
95650100
94689600
96290100
104988800
94176200
98842400
95879400
95332200
95277800
96034600
95019900
94553800
93630800
93794400
94787600
94028600
100016800
94847000
94731100
94492600
95278900
94979200
94901500
94670200
94818900
97787700
101404000
96106600
95291700
94361900
96649500
98742800
94436600
94483000
95852800
94650100
97749900
97675200
96406600
95303200
95167900
93736800
93778900
94186900
93739600
93510100
93857500
100098500
95944300
95094000
93673500
94302200
95115700
98481200
110808500
98127400
104193900
98727900
96743900
95449500
96223400
97029500
96792400
96967400
96707000
95989400
95506900
98260300
104663900
97064300
97402900
100998100
96167500
97256600
96861600
96460100
98844700
101465500
109317200
96184300
94909100
96435300
94111700
93752400
94027600
94491700
94059100
94188800
97511800
93951900
94903300
94944100
94573200
94286900
92983900
93501400
93892800
95140100
98377900
94384200
94073100
93442700
93659500
93579600
93605900
93591500
93678300
93630100
94413800
97383700
99927900
94792500
95733400
95944600
100847400
96790600
95849100
95111600
94047400
96292800
95120400
94773300
93882900
96237900
94944500
95757500
94506100
93457300
93946800
95422200
102360800
94968300
94740100
94274400
94114900
93886700
93882200
94886500
93771200
93695000
96519800
95121300
93124900
93328800
92893600
93895000
92727200
93187600
93273500
92867500
94375200
96252200
93922100
93110100
93093500
93633300
92759900
93422200
92470300
93912500
93549100
96681800
94637900
94213900
94218600
93577900
93073100
94096600
94203500
93657000
93606400
93748100
96132600
93622100
95052000
93480000
95523800
109031300
93490100
93385900
93295400
93466400
97218800
94181000
93161100
93193100
93899500
94067300
95505500
95137100
95546300
95359000
94567600
96392000
94307500
94671700
94248700
94072000
92534500
92558900
93150500
92459600
93202100
96775900
94584800
94593500
95505800
94191600
93295600
92955600
93936000
93647200
93854800
93912800
97666100
96492000
95761800
99236600
94856400
94491100
93457600
93222900
94223000
93144800
96802600
95514900
93538700
93243500
93259200
92778500
94029600
94054600
95439800
95885400
96152200
97829300
95462200
94777500
93828000
93229500
93207700
93199400
93978400
97621500
93940500
96698800
99913100
124288900
104781400
97852300
95750300
95439500
95492800
94703400
94237400
96488400
94923400
94756500
94543700
94950400
94611600
94355100
104612000
94075500
93954100
94206600
94995100
95860000
159924700
137267700
109732000
105684200
95796600
103609900
119248800
120295700
119364700
114853700
116733600
106526600
112269900
110505900
104574000
110607800
119302800
115871500
116325500
109333900
108521400
100837300
95259000
106817000
114261200
123651300
120921100
118071700
107604400
107845700
105915100
105284500
106040400
109542500
116019500
115307200
108259400
96353200
97462300
96547500
95522500
94868500
94982200
96973000
96582000
109711700
117227500
110199700
111250100
97807700
96101000
95247000
96869700
95377700
94732000
94316900
108230800
100052600
96117700
96976300
95799500
96535100
94987500
98154300
96097100
96146400
96380000
96011400
95434200
94332100
93980500
94638300
92943900
96479400
93992200
93017700
93583900
95078800
97003400
95736500
95246400
103849400
99698600
96492600
95506300
94919800
94454400
94446400
94559700
94483500
93832500
93673000
94407000
94209500
96074300
93107700
96686700
95596900
95495000
95236900
95458600
94088500
94091100
94217800
97813300
94941500
95555200
96691200
96781500
96154900
95381200
95030100
93978000
94018200
93794600
98022300
108784900
95223200
104391700
95642800
95203100
95343900
95168600
94643400
94964200
96677800
94191100
94235500
95444200
95369800
95307700
94845200
94232000
94634000
94784500
97435900
94269600
92885100
90741100
91167000
90835900
90216800
92698400
92071300
90749600
92560700
96234800
94041600
94454900
94397400
94730700
94031800
94045500
94214500
93094800
93043100
93643000
97252600
94222200
94397600
93511700
93292600
103119800
96798600
93003900
92809800
93339800
96431700
94682700
94167500
94233100
94276100
93006200
93864300
92856700
92956600
93641800
93748700
97431400
94414100
94233900
94001300
94484500
94042400
95994900
94579900
95991600
94417700
98334200
95614400
94335200
94679000
94340700
95088400
94172900
94982400
93736100
93117500
93607900
96785500
94237300
94470200
95142600
94780100
93583000
93249600
93212300
93482400
92818300
96411700
95068300
94619100
94242600
93884100
93832200
95345400
93978600
94000100
93196400
94276700
96661200
94045700
93846700
94201800
94718800
93579000
92681900
92442500
94462700
93084900
96650700
94333000
94090900
94449000
94511500
93983300
98347000
94488400
93595900
93729800
93997100
96518400
94091800
93269900
93880100
92897100
93025000
93693500
93852200
93602100
94078100
97884200
96166900
94332900
94768300
94653800
95145000
95580500
93738900
92669500
93923600
93360500
96113600
94562500
94106100
94712100
93515800
94407600
94552100
94067600
93067400
93505400
95412200
95171000
108821700
94357300
93778100
95297000
96590800
94394200
93668500
94323400
93973300
97832100
96282700
94316700
92882200
93098700
93136000
93374800
93905300
93267300
92890600
96149400
93857100
92802000
94428400
94674000
93830000
93367700
93459800
93962500
93764900
93274900
95998500
93809900
93359000
93108100
94271200
94275500
94509800
93881300
94351400
93622600
94750000
94858000
93693100
93149900
93820800
93024600
98460600
101872200
92674600
93632900
93953300
96369700
94857600
94288800
94269900
94849100
93842400
95976400
94796600
94645900
93880000
94653200
94890600
93687300
94836700
93792900
94807700
93496000
92730400
92776200
93167200
93893500
96524100
93324200
94054300
94383100
94334200
94310900
93672200
93949800
93529100
94491100
93809300
100518700
95372600
94907200
94928400
95106000
93785200
92946800
94417000
94720900
93734800
96458500
93838500
93895100
93116200
93534600
93547900
93059800
93034200
93997500
93461300
93354900
96913600
97759900
103883400
93281100
93225600
94623500
93787000
94486300
92740800
93057400
96486300
95027600
94130300
94319300
94450500
93281200
93906700
100555300
93007900
93366500
93220500
109901700
94084900
94804900
93880200
94693300
92669900
93551900
95356000
94411400
93583800
96549900
93931900
94539400
95136300
95889500
93676800
93747600
93019700
93875900
94031000
93937500
94718700
93077000
93650700
93474100
93986800
93125400
93240100
93966800
94323900
94535700
95829600
93584700
93245600
93174900
93094300
94119800
94315900
93639700
98260500
94230500
94885500
98003300
95263500
95636200
95006700
95280900
94316100
94110700
93252100
111412700
95068300
97455200
94996500
94754200
94849900
94399800
94591600
94527300
95101600
98456800
93609400
96274100
94023500
93765100
93182700
92826700
93069700
93237100
93408800
93524800
93236400
98454200
98203200
94889200
93974300
94192600
94151700
102745800
94979800
95053000
97949800
94897200
96395600
94786100
94827200
95014900
95483500
94506400
95039100
94510800
94601500
94714200
94758300
97143600
94264900
93600300
94530200
93852000
94317400
93458800
93921900
93288600
93300700
97034800
95040200
93882100
93674500
94424000
94118400
93563000
91892100
92485500
91655200
93219800
98661000
94414600
94500000
94047200
94370400
92888100
93721600
93330400
94146400
93458200
96498500
94338300
93634100
92578400
96629100
93769500
93769900
93563000
93138700
93182200
93566600
96545800
94429800
107028900
94107300
94014900
100548700
93041800
92861900
93125600
94368300
98997800
95207500
94911300
94737900
95208100
94699400
94821300
94058100
92915900
93416800
94501300
96973700
94315400
93303900
94899400
93877100
94227500
94047200
93158700
93478300
93528700
95792100
94053500
94834600
93879100
93673600
94170100
93564200
95806000
97417900
95526700
94977300
97455400
94829000
95908200
94223400
97878800
93888000
94102900
94259100
94166400
94226200
97770200
94396500
93675300
93504600
92842000
95801700
94582600
92998300
93279700
93777500
98300700
101087700
96164800
94586200
94020500
109540800
104797100
107092800
100417500
96715400
96724900
102996400
96536200
95148500
95170700
94515400
93747600
94299800
96589700
95446900
94425900
98199800
95190700
104283600
93578100
94194600
93238200
92788100
93508900
94061400
91840700
93720200
97479200
94186000
93078100
94752600
94870000
94054200
93737300
93856500
93707800
93292200
99009200
107178600
94975600
93652100
93095100
95074600
94537200
94021300
92857900
93424300
95489100
95907300
93068000
92723300
93522700
93555300
93723600
94546200
94465800
97305400
94687500
96201800
94281500
94842600
93939500
99375000
96920800
95688500
95210300
94211900
92969100
95295800
96054800
93678400
92735500
93565100
93981400
93926300
93805800
94003700
94202600
94828400
102904000
96713600
95964300
94724400
94231900
93625200
93745800
94642100
95719200
93954500
95807900
95225800
95324200
93818800
96052300
100725900
94203600
93591500
93649600
94399700
93467200
97390300
95251400
94246900
94070800
93965200
93135700
93256700
93544700
92913000
93631800
97089900
94286400
93761000
93293000
93556600
130091200
143392500
122507800
113552500
96713300
98662900
109324500
114173200
118112000
119104000
112202800
108531800
108380800
109134300
107269100
108238900
106567000
106533100
110872800
111982000
111810800
97229100
99958000
118747400
115263300
115679600
118271200
108878000
115535300
119906000
119907300
112270800
118002200
119655700
119773600
108171200
97057400
96810700
96168100
94911000
94780100
97837700
95253900
95443400
94628800
93375900
116801200
114459800
112647500
101404200
98059300
97760800
95794600
95349400
94194500
93924400
94721700
96906500
95446400
95456000
94394700
97841300
101265200
99152100
94237500
94593500
94379000
98552500
93403000
93803300
94146600
96334000
94472800
93416700
93758700
93238200
94247300
94911800
94380600
93141100
94201200
94083700
97510900
95961500
94536900
93207900
93691100
93722900
93481500
94133100
94089700
93449100
95861600
94962500
95487900
94943500
94690100
94365900
96786200
94839200
95311200
94774900
94603700
97192400
94128400
95043200
93899400
94782600
94928600
94286600
93540100
93356200
93433600
95842500
93771200
93457400
93438600
92560900
91050300
91292500
91057000
90193700
91172000
93307300
96397300
94561600
94660200
94022400
93760800
94092100
93868900
94200500
93597000
93493000
93465100
96689600
95103500
94562900
92656300
94175000
93241400
93165400
93746000
93164100
94172300
95899400
94403600
94161700
97044400
94799800
94168900
94049200
99623800
94763400
94237600
93746100
96421000
94345600
94679900
94337700
94806400
93577600
93523100
93613500
94517500
93658900
99996900
95642100
95697000
95106700
94381300
92612500
91805200
96007600
96719600
95123800
94626200
102412100
96011900
93770800
93092800
93143500
94016600
94171500
94095500
95929000
94706900
96314300
94414300
98399000
95044900
95019500
94266600
93738100
93893700
93516800
93018100
94486300
94137200
92711800
93214400
94535400
93892400
92609200
92574800
92424900
93148800
93516100
96331900
93452300
92571700
92998500
91252700
93861400
93402300
95960300
93453400
93496300
93069900
97060200
93118500
102635200
97153600
93776900
92828600
92547000
93823400
94305700
95321700
96683300
94530500
94259800
94276000
94139600
93321200
93255100
96021300
94253300
94495500
93751700
96006000
93805200
93750000
94046400
94870500
96203600
99861300
102930900
94768700
93999400
97472900
94691800
96164800
96791200
94553800
94981300
94894700
94799500
95825000
94210600
95146000
95766400
102538000
94421500
94404100
95874500
95616000
94895600
95780900
96623700
94786300
97567300
94925700
94518300
99702300
94947700
94707600
94357800
94042000
94591000
94682900
97128200
96783200
95282300
95346500
95340300
94960700
94984600
94940100
94474500
93666200
94118300
100072700
94193600
94383400
94085000
94049700
91303200
92025300
92650300
92776500
93767400
96266900
92982600
93458200
92483600
93650000
93131600
92998900
92981800
93201600
93528700
92970600
96265300
92961000
93396700
94360100
93777500
94399800
93551500
94507500
93582400
93977100
93040700
96829500
93396900
93075300
94107100
93603300
93007900
92565900
92703900
95650900
95028400
97249100
95135700
94443000
93751400
92853100
93302400
93877600
91783200
90432900
92759600
94314100
101880700
95427500
95285100
94326300
94230300
95002600
94586700
94233100
94014200
93599300
97519700
94605200
94927600
93470900
95109800
94543800
94587100
93661800
92865400
93783900
95450900
98173800
95665500
95257600
99559600
95795700
100719900
95119000
94838700
97464400
94322100
96981300
95942200
95582800
93957900
98184600
93528000
93358700
98891000
102350400
93911200
98092200
96023700
94783000
108239500
93419600
93328000
95138000
94462600
95205300
93260400
93237600
101104900
96186800
93908000
100426900
94663000
94309600
94640100
93777000
92981200
93614300
96948000
93859200
93243900
92900600
93877100
94425800
93826800
93522500
92368500
92145600
97792200
96347000
93315800
92120400
91794800
99925900
98474300
94936300
93769600
92434300
92065700
96464800
92853400
92703600
93097700
92919200
96839600
95151600
94163800
95889600
95860500
95618400
96720300
94124600
94036200
93946100
94431100
94150400
94134700
92448800
92331700
92766900
96178100
94357800
93593200
93314500
95601800
95166500
94595800
94288200
95806400
95415900
94985400
96943300
94166800
94179500
95244400
96239600
95248100
95004800
93934200
93944400
94556300
97365900
94759600
94947200
94198100
96519200
96475500
95749800
96253400
94302200
94688900
94536200
98146800
95929000
95655300
94092400
94730300
93819600
93452200
93558500
93335700
93116400
96096000
94076300
93229200
107506200
94372700
94382800
94340600
94976300
94217700
93783600
95399100
94568100
93794500
92879400
94041600
93607000
94375200
93016000
96274200
98623000
113672900
105056900
96074900
95988400
94569800
96010600
95983000
95656600
94192500
94575000
94420200
97033300
94541800
95085100
94553100
94200500
98425300
93797400
93356000
93370400
93317400
92965100
96532700
94337700
93768500
93956100
109334900
102466200
98167800
101146200
96208400
96106000
97584600
95568800
95099800
94430700
94051500
93177500
93255400
93467100
93085100
93461500
96199900
94668000
94389600
93376500
92852000
93961700
94301000
95077800
95491900
96473800
94192400
97209500
94939000
94640000
93383400
93647500
95145100
95500900
94739600
93952300
93298400
93767100
99343900
93091200
93109600
93760100
93098900
94781600
94760700
94439700
94038900
93164300
95246100
95333400
94991700
95062700
94840700
93880500
94336000
94528000
94476300
93848500
96867300
95223500
95219900
94454300
95338000
94155900
94795700
94248300
93191300
93489200
93908600
94478800
97684700
95716800
95498200
94396900
94516600
94240100
94223600
94220700
93445500
93811600
94295700
94185000
93664100
93934800
93380800
94020000
93904900
92119400
91396200
91913100
92688500
93188600
91788900
91125400
92073400
91586900
102636500
93590200
91250600
90469300
90122200
96099100
92659900
92134900
90318900
91327400
92057000
93030900
96130800
91751100
92347400
94824900
93645800
93080800
92766500
92991800
93828800
92804100
93043200
92126500
92593000
90783600
92610700
93879200
93232500
93758700
93483700
92418200
90953600
91328200
92408900
92898500
91647500
94560900
94162800
97280800
91716900
91630300
90964500
90483500
91333000
92084900
91900300
92040300
92826400
92556100
92587300
92465300
92596000
92298400
93537500
91094300
90140200
93563500
93562400
92718400
100263000
100780700
92674600
92845600
92604100
93002400
93434700
93986100
94076200
99934100
95863900
94604300
94855500
94943600
95487400
94305800
107783200
94022000
94050600
93991900
93092300
93313600
93319800
93707100
93139100
93650100
98649200
93912800
93443800
92986400
93919400
92765300
93207200
94726400
94902500
94719300
93674200
93847500
93802700
94225000
94375600
93559400
93021000
93028000
93233000
92723800
92816800
92537500
93361400
93832100
93039000
93508900
93319500
93822100
92807400
92971500
93558200
92384500
92676100
92195300
93378000
92366600
95761900
93493700
92645500
93485400
93155000
93091100
93785100
97086900
95295300
94681900
97017200
94475700
94146100
94246300
94886000
94370500
94540300
93835000
93409100
93620600
93210800
96173700
93779100
94319600
94801200
93843000
93955300
94173600
94797900
94413100
93846800
93922800
93021000
93591500
92499000
93189000
92111400
92232900
92211000
90685700
90990300
91271200
93779300
94342400
92857400
93334400
98525800
91763500
91438900
90817600
92201100
91754700
91356400
95167100
93885300
92118100
91743600
95659600
94386800
95287300
95369100
98149300
94727400
95452900
95641100
94471400
92990000
93391200
93945800
95416400
93048500
93811700
92711200
92737500
93899200
94067700
94128900
93603300
93720500
93734100
93839600
92820700
91880400
92542700
91865600
92867900
92963500
92104300
91772800
91607300
91492500
92172400
106966500
92086900
91007100
95730500
93222700
92451900
91089000
92623900
92741400
93356800
93237700
91704700
92148300
91976000
95818000
92570800
91738300
92138300
91761500
91224000
92070200
92302600
91597300
96981600
93333900
92769900
92886900
92181900
92303500
93066600
91441700
90383300
90390300
91983800
92774400
96940100
96221300
93587900
93636500
93425900
94010500
93570800
93790200
93623100
93963500
93427000
99625400
95873600
94674300
94608700
94235900
94124600
94866000
94981800
95205600
99699000
96316100
95040300
93957600
92228600
90930400
92634300
93097000
92709400
92181900
92055100
96773500
94772600
93895500
92591800
93063400
94939800
98850100
93487000
93372100
93729900
93538200
94031400
94706500
94007000
94248500
93062200
93695200
93049800
93061900
94553800
93210200
93557100
93930000
94064900
93270800
93286500
93320100
93294300
94024500
93537200
93593600
92786400
92917800
94246800
94290100
94623300
94653100
95598900
95832000
96559400
94730200
94400000
94906100
98938600
95200200
94792800
94140600
94094400
94528000
94578500
93415500
102063100
97788800
92823300
93994800
94631000
94397300
93946700
93542600
97634500
93382000
94043300
93573300
94010700
98754900
96159400
95062400
94490600
94691900
99153700
94644000
94631000
94272700
94184000
94938400
96394800
95546500
95445400
94744500
92765300
107184500
93695700
93654700
94015200
94580000
96676300
95696800
95365700
94405000
93920200
93487200
93333800
93062700
93509800
94472700
93707400
94271800
93427100
92240200
91486200
92074300
92067700
91946700
92803100
92667500
93256900
91627700
97940400
93006100
92020200
92202500
94652700
94509900
94085200
93627800
93674900
93432400
92909400
93516800
95812500
93303800
93574300
93393200
93015000
93423200
93062700
96953600
108335500
94603000
94950000
93051300
91623400
92118100
92203700
94088200
93248300
93192500
93120000
93042900
92881500
93355900
93568100
94700100
94169600
94492800
94172100
93718700
92847700
94505800
98795600
93127800
92837200
92952900
93399200
92480300
93188900
91298500
92317200
92189200
95691900
92593800
93590300
92909500
92628900
93448200
93816400
93429200
92955200
93661400
93197600
98496100
95505700
95099100
93841200
93597700
93585500
93715300
94422900
93627600
93812300
94481100
93631800
95978700
95627000
95252900
94006100
92744400
93412600
95563400
93414900
92757000
98950700
95567500
95479500
93645800
94081200
93149100
93389100
96913700
93712300
94063900
95003100
94497900
93789900
94184300
93578800
95147800
94654400
93360000
93139300
93071200
93672800
94257700
93534100
93232100
94202100
106384100
106665800
92847800
93241300
92900500
93094800
93255500
93132300
92548600
93323200
92671500
93409500
93313700
93871100
96369900
94204100
94146500
104728300
94192900
100338100
111539400
97413300
95997700
94672600
94789000
96245500
95857800
99433800
95189600
94767300
95734100
94553100
93367600
93235500
100536100
97646200
100705100
97524700
95474300
94729100
93390800
94693800
97565800
95480400
96209700
95699700
94708000
94437200
100318000
95277500
94712300
94098800
93528400
92991400
93456800
94459300
94193800
94370700
94679100
94010700
93446500
107885600
93009600
93419500
93710100
92887600
92992700
92940300
93044000
92059100
92318600
93424700
93709500
93892300
94056000
93924200
91922800
93361500
93384400
94095500
94811800
94078500
98555500
92910400
93385800
94004900
94288300
96089700
94172100
93567700
92929800
92806300
92655500
93157800
92512900
93027500
92960700
94783500
93673000
93925300
92891300
100465600
94579000
93660700
94692800
95033200
96506300
97646600
94732500
95459800
95572100
94359800
93332800
92789900
92553500
93052500
93790900
94092100
94194600
97516700
92957600
92665900
93797600
92796000
92098400
92915900
92449000
93212500
92366200
93232800
93451400
94370100
108966500
94383500
94645000
100591600
95257700
94633800
93912800
93419700
93206300
93652700
93630500
94801800
93721500
93213000
93964100
94016500
94690500
93896800
94519200
94965100
93772100
93654500
93633300
93322700
93034200
94399200
95143800
94089700
94502200
94031000
96075800
92968800
93431200
93242300
93308300
93389000
93945300
93197200
92748900
92587800
92424900
93035100
96180900
95664400
95036900
93355800
94272400
93796600
93467500
93085400
94321600
93521500
93581200
96695900
93770400
93225700
91785900
93094900
93052300
92820000
92342400
92911300
92013600
92347800
100464200
95485000
94122300
92898700
92785000
91941800
90762600
92564900
92323500
92353000
96489500
93039100
93795400
93435000
93997200
94256700
94194900
93554400
94540900
94482600
95116400
99897500
94573300
94511600
93859500
93651700
93671300
93774800
93969700
93528600
93415300
96429100
92725900
93359300
92175700
90590300
92268300
93718600
93666900
93113600
92334600
91601300
97114300
92934000
91416300
91989300
91096600
90880000
95614300
93711300
93580800
93369500
100884300
95348600
94066300
92681500
104070300
95208600
99073200
155518200
124022000
130353400
100056500
95894800
95540500
96010500
107950000
103556100
96109800
99694500
110044400
114620700
117707700
118876300
118235800
98634700
113566200
118460600
101143800
96401900
114090800
96173000
95962000
95343200
111192200
118116100
111181100
102058600
111185800
96687600
105916900
97854000
95934900
94447100
94457000
94796500
95214500
93892600
94736500
93865500
94202700
93428700
93860000
93635900
93666200
97178000
93463900
114804100
116028700
101741900
103159400
95767900
95808000
94752700
96331900
94212600
94254300
94209000
103598500
97225200
95809000
95973200
95973100
96837800
95660300
95072700
94067200
98459300
99772100
94048600
93513300
100156900
95092700
94767700
94444000
94293700
95450000
95495700
94987200
94077200
93846700
99541600
96275900
94750400
94514500
94064300
95219900
94308400
94934300
94687100
95412000
96168300
96921100
98916500
95505800
94069200
94303700
93068700
94696900
94077500
93088300
93570000
93491900
98715500
94821300
93936700
93981500
93307400
93465600
93633300
92889900
93332200
94137900
94981700
94102100
94730500
94672500
94267300
94385100
94632600
94794400
93351200
93955100
93482900
93276500
93755100
93217400
94623500
94819400
94261200
93250600
93791400
93709200
93359200
93133100
93589600
93695900
93078000
93414300
93145300
93356400
93743000
93767800
93920400
94245200
94103000
94018900
93910200
95072800
94459600
93781800
93049300
92946900
92837700
93870200
93252800
93383000
93043300
93209600
93064100
93617000
93269000
93520800
93631200
93717700
93791800
93543900
93097000
98162900
93531300
94821400
93590700
93228000
99107400
93733500
93088200
93190300
92956400
93513700
93923600
93604100
98461600
102136100
93597900
93341700
92914100
97404700
94920300
93691300
99179600
94202500
94016000
92626200
92554200
97939400
93253900
93400600
96262600
94823000
93359100
93220800
94598000
94084700
104702500
93293500
93112700
92780400
93461600
93454700
92867200
93144600
93323500
93077800
92706500
92192300
92450700
93730900
92973600
92919200
94321700
93342400
93702300
94324800
94475600
93233100
92691900
93393400
93345500
93724700
94570600
93505300
93079200
93338600
92773800
93624000
93101400
93577600
93276100
94395300
102267000
100032500
94274300
93991600
94865600
95633000
95926600
94832900
94461700
94298800
93663900
97076200
95233200
94563500
94446900
93629000
93595500
93399000
93038200
97705000
92955300
93479400
94522000
94511100
92782400
92784700
93094500
93463000
94119700
93647000
92960800
93253900
93811600
94737500
95932600
94135900
93181600
93349700
94007300
93934000
93800900
93831900
93815900
96586600
93395100
92817600
93260100
93081300
94035000
93630400
93273100
93058200
93028700
93965100
93809800
93533300
93302900
93906900
94157300
94057400
92603900
92954600
98963000
94725400
94653700
94660000
92526300
90651400
91001000
91268000
92309900
93031000
92844300
92752600
92780600
93612300
93671600
93398300
93429600
92994400
93463200
93607300
93574100
94099500
93025000
93628300
94448200
93753400
93990900
94643000
94715000
94498900
92793700
93598100
93666100
94130900
97710700
94829500
93588800
93282700
94383000
93675800
93635900
93859100
93843900
93542100
93358600
93517800
93171900
94700300
93765200
94045100
93980500
92591200
92366200
94190000
94052600
94565000
93453200
92948600
93868200
93841400
93683900
93576300
93847900
93306300
93318200
93688500
93655300
93870500
93825000
93211300
93923000
93593300
93881100
93755200
93920900
92476000
93676200
93743800
92899600
93067100
93932900
93301000
93120600
93781800
94404400
94448500
107252700
94898400
93839300
94159000
94500200
94197100
94286200
100311000
103691000
98511500
96873100
97991800
94772000
93884900
94088000
93799600
93158400
93079700
93083400
92305300
92525500
107687600
94393000
91423300
92863600
93362200
94117100
92764200
94072900
93175900
93925200
93802000
93867400
94481900
94360400
94350200
94358700
94125900
93561300
94021200
94181600
93640300
93666400
93766100
94108900
93337700
93462500
93634800
93562300
93837900
93266800
93317100
93726200
95433200
97663500
95174300
94821800
95537900
94885000
94765400
93473800
93792600
93273400
93466300
98552600
95655300
97088100
93337500
94527800
94053700
93831000
93869500
94700100
94679100
96726400
95555100
101176700
95546200
95582800
94711000
95052700
94196500
95376800
93184200
93912300
97252000
94255000
93028700
92581900
93895700
93089300
93380000
93542600
95805100
94014700
95226000
95569300
95201100
93814900
94130500
93477600
93177300
93231800
93475200
94026500
93485400
96963100
94371600
93935600
93513100
92935600
93705400
94236500
93552800
93845000
93412000
106181700
94548700
94250600
93217600
93242500
92941500
93264600
92718300
93986400
93985900
100096300
93699500
93392300
93028200
93111800
93444100
93543200
93273400
92972200
94098700
92926600
94206200
94318100
92855100
101047200
93652900
94138400
94219900
94219900
94527600
99910400
103420400
94422600
94269900
94884400
93469800
93139400
93023800
92906500
93067100
93737300
92787400
93239500
98836700
99904100
98324800
94177000
94628900
92874200
92953300
95198300
93846000
93350100
93330900
93575900
94403700
94369900
94185200
93883000
92578600
92491800
93082200
93229000
94085200
97285300
94616000
93988800
93931600
96262900
94341800
94610300
93226800
94075100
94226300
98308000
98513000
95097800
95107200
107502500
92851900
92781000
93418700
94116800
105671700
96176300
94042900
93053900
93278300
94268600
94562700
94606800
93888200
94125900
92718500
94352800
96948900
96072700
93609700
93188800
93309200
94675500
94020200
94013900
94008900
92759600
95301200
94818600
94594400
94107700
94167100
94696700
93275900
93855300
93393500
93321300
92823000
96053800
92837100
92944000
94264700
95310200
95279400
94365500
94174800
95012500
93838800
92861500
93243600
92882300
93011700
92683600
93072900
92786800
93936000
94794800
93862700
93046000
96481200
94152800
94559500
94590600
95721700
93210400
93260200
93437300
93588600
93806000
92806800
95281100
94881300
94364900
94333900
93351800
93242300
92755000
92957300
92892800
93424700
97274100
96193500
94592500
94404400
93212200
93241100
107295700
105292500
92865300
93433100
93716600
93988200
94461700
93054300
107147900
93118000
93733500
94572400
93669900
107725600
93100600
96445700
93871300
94807800
93491300
93593300
92849000
93482200
93771300
93347100
94485800
95675200
108494500
94695200
94171400
94111400
93729300
94354600
93730300
94509500
93622100
93829400
98004100
93969600
93749200
94266700
97164700
93527900
93164800
93345700
93948100
93686800
94858700
95544800
93309500
93512800
93753100
94435900
94717800
93986200
93047200
141219500
135604300
119647200
103002100
95593100
105873600
114021200
115684500
113613300
110175300
110585500
113570000
111755900
112219100
116614900
116912500
111489800
113197900
114683000
113778300
97101800
96142900
95431400
94832600
94422200
93975200
94571900
98454200
111322100
109187400
95871100
96035900
94229100
94256900
94496400
94621400
92961000
94063200
93183100
93580900
94431400
93214100
93398200
102533100
93057600
94041500
93427500
93696400
98544000
100915400
102136600
97070400
95095700
93687700
94671900
93703000
94064900
93520100
92963800
92794200
95004200
94426400
94691900
94390200
94670800
101464200
100727300
94290600
94152600
95262600
92926500
99939500
94266300
94080900
93191800
94290700
94392100
93923400
94687400
92936100
92494900
94772900
93369300
93064300
93079100
93271500
92641000
92977800
93779900
93167900
93548000
93455900
94367100
93399100
92525800
93076300
92795000
92559400
92590800
94283100
93874000
93996100
95766700
98612500
95765500
94409700
94129800
94451300
93753100
93836900
93663500
94872000
94457300
97612200
94741200
93084400
92842300
93878200
93993300
94122300
95085500
95584700
94790200
94396400
96440300
92959700
94058300
94384900
94723700
92998900
93833100
92842800
92477800
93948600
93711900
93409200
93742900
93595300
93736200
93306300
107234500
93499200
93646200
93537800
94177300
95329700
93596000
95137500
93678000
96998200
94851600
94727900
94048100
92712800
92898100
97550400
96013800
97215900
96051300
95270400
96253500
94264700
93716700
92747100
94160500
98300900
104934900
93023900
94789800
94086800
95176700
95765000
93984800
93793900
94165900
92972300
97871700
95032000
93822300
93214100
94407300
94525200
93804600
93641300
93409900
96337400
95929800
97299500
94299100
93158300
93424200
94988600
93409900
93609200
94270000
94253300
94297900
93710100
93662300
93739800
93077300
93225800
93008200
95143100
93844900
93736900
94466800
95172200
99111000
93969000
93687000
93949600
92635700
92974600
93218200
94803300
95026200
94700700
95954200
94005200
93734300
93506500
93011300
93173800
93481900
93364500
93427100
93521300
92282500
97443200
93212900
93545000
93493600
93555400
93797900
94227000
93824700
93724200
93615900
94278800
93157600
93825600
93825800
93907200
93310200
93715000
94091000
93483000
93549500
92976200
100271300
93492400
93779900
92920000
93302400
93192800
92896200
93067400
93213700
93218700
93924500
93456400
94068800
94311900
94544400
93151400
93381500
93818500
94537800
93500200
93900700
94808600
94339300
94673900
92826700
93043300
92899300
93680100
94121200
93540500
94041100
94213500
94773200
93158900
92903200
92957100
93001100
93355800
93683500
93064000
92949800
93410500
98919300
95387200
94463300
93420600
93602400
93566300
93943500
93414800
93236500
93791800
99628400
106697700
99343900
97056200
95470000
94547700
95868500
94775400
94897800
94389600
94083800
94285700
94363900
94623800
94064600
95373400
94134800
94932800
94254000
94289900
93972300
93164000
95133000
93926600
93981800
93553700
102457100
99509900
93679900
93246500
93341000
93207400
96506600
93911200
93112400
92898000
93532100
93661700
94603700
93426400
92862500
93176600
93144400
95488300
93057100
93507600
93713500
94483100
93532200
93567000
93038800
93147800
93227100
93630400
92817300
93806200
93445800
93511000
92557300
93325600
93881700
94060600
93734100
94800800
94942900
94095900
93797900
93482600
93354000
91529900
90922700
92485900
92233400
93020000
92351200
94137600
93531300
94330800
93705700
93319100
93252300
93131400
93455800
94213400
93827100
97096900
94317700
93732800
94795800
93929300
93695900
94055800
93555600
97902800
93847700
94693600
100565800
94282000
93373900
93229100
93772300
93845200
93256000
93317500
93345300
94854900
95711700
93917600
92951100
92785100
93105800
93107900
92990000
94752400
94314000
93477800
93550300
97465900
94772800
94701300
93983800
93758200
94160000
94870700
94237500
93364800
94290700
94410300
94139300
93665100
93944200
93950900
93416400
92874900
93133800
93027000
92243400
93314700
93592000
93577300
94694600
94186500
94284200
93061800
93254500
92886400
92438100
92893300
92044900
98390300
94688800
92857800
93072200
94249000
93638200
92238900
92638600
92250100
89498800
94057300
94904500
93569200
90016200
92032200
91888400
91846700
92416700
93132900
97553800
93680200
93952800
92905200
92914900
93541200
93532100
93505300
93869000
93841700
94035600
93858800
93659300
108318900
93263200
93935300
93731000
93661600
101488000
97542100
94657100
94244300
100318600
98160500
94769600
94099200
93039400
96121000
95490300
95891500
94902700
94297500
95038400
99139600
96522900
95386700
94505500
94636300
94726900
94779900
94156200
107758800
94814400
95493400
95035800
93866700
91839400
91175700
93512200
89627000
88246300
89898400
89031200
88115600
88937300
99178800
94763200
93967100
93050800
94171600
105645700
92788800
92767600
94009200
93543300
96329600
94182100
92703800
92766100
92925500
94045500
105377000
96509400
93081000
93333300
93320600
93093800
93392600
92797100
92517300
93469900
93492100
93665900
93291600
92316400
92733100
94067700
93280900
92992700
93134500
93611600
93475100
93534200
93631500
93945400
93480600
92939600
94024300
94721100
94376400
101104500
93606300
98722600
92938500
92541500
92987800
93734800
94017400
94412900
93314600
93756300
94638900
94671600
93789000
93382200
93348300
93443600
94115600
94758500
95554000
93091800
92964000
93684700
99581200
94393000
94873700
94197100
94326900
94603200
94040200
93461900
94901200
93330200
92687600
93703500
95098300
94589500
94480400
95289900
94985900
94963900
94223200
94069700
94385100
93646800
93272500
93256300
105174900
90854600
95160500
96555400
94599100
94865000
94565200
94582700
92528200
93167800
93385000
93824000
92985000
93517800
93230800
93342600
93461800
94014900
92684000
92199900
92900200
92468900
91188900
92610100
93854200
92204700
94204100
93515000
93918900
94175700
93603100
93884200
92993100
91108000
96199800
94434800
93723300
93697500
93322100
92321400
92458100
92282600
91957400
91788300
90989000
94530600
93253200
95649800
95644700
94481500
93937500
93092600
93683000
93003700
92675600
92997500
96365600
94310800
95242400
92840100
93486200
92678600
94370900
108796200
94622000
94718500
94386500
93889600
92951600
93888600
94990500
93903600
93588700
97617000
93931500
94241000
93593100
93119800
93445500
94392000
92764900
93463700
92617900
92720900
97852800
94057700
94107500
94805700
93077100
92640800
93212500
94116500
93449600
98293100
92587500
93989000
94617300
93326200
94597000
93697200
93239500
93072800
93228500
93301000
92329000
91857800
93589700
93361200
93836900
94371100
93334300
93603700
93178300
93120400
99726900
94736000
94709800
94391800
93845300
100078100
95278600
100841200
94286600
94840100
95309600
95178300
94511300
94206500
94574600
95087800
93632300
93156700
93636000
94915200
93274100
92584400
93389400
93745100
93664700
93520400
94072300
93755900
92622900
92459000
90858200
91176700
90711900
91879900
92976800
92695700
92971700
94741000
93141800
94229500
95589800
94645300
94339100
93765700
92085600
100815200
99364500
92961900
93520200
92872900
92556800
92922900
98348300
103026100
96029200
96117400
94999800
97048700
97044100
94813200
94394000
94857000
94082000
94127700
93116000
93247700
94664500
93413000
94212800
93750100
94796900
104142300
94306200
94713700
94936300
94659800
93475400
93696100
94052400
93603900
94447200
95662000
95395400
95070100
94298000
94146200
94422500
93304400
93558300
99493700
98769900
95584900
94100500
94691600
95443000
95163300
95579800
95498400
95559100
95722300
95559600
94356900
94234000
93773700
94075100
93649300
93211000
93741300
94249200
93045300
97894300
94520700
93647000
94196200
94657000
93841200
94164600
93457300
93830300
95349600
96286100
95395900
94259100
93766600
95072900
93654400
94522600
94609400
93776500
93690000
93839200
96463500
93777300
93236300
93930300
94750600
105375700
96451100
93417900
93930100
94523400
94356500
94073200
92685200
93065300
93571500
93865200
93048500
92993700
92978900
93121700
93804300
95921000
95077600
95003700
94639400
95000700
94839000
94220500
93449700
94050900
94501500
95192300
93169200
93053300
93373400
93452000
94637000
94893800
95873700
93936700
93239600
93974800
93804200
92890300
93337200
93199300
97725700
100071600
92940100
92834400
93057400
93620100
93873000
94826300
94772200
94409100
93331000
93500700
92946000
93234500
93149200
93038200
92575500
94349900
93313500
92438200
93483500
93552800
93928300
93005400
93526600
93599700
93270300
94221100
94226500
92599200
94322200
100989700
105274000
95238700
96221800
95155100
95423900
95527800
96670100
95659800
93791100
93451300
94489100
94349900
94580200
94323000
95349800
96874700
95534000
101339800
95481500
94648600
94304600
94136800
94718100
99971300
94241600
93690300
92462500
107278800
95093200
94820000
95080800
95040500
94223600
93954900
93587700
94349500
93740900
96593200
98116800
95944700
95702900
94289400
94783900
93524600
94040300
94227200
95010800
95303200
100851000
95183400
95337100
94148500
97112700
94586000
95059000
95115900
95061700
99070100
109236700
96444400
95730700
95736200
95371000
94583800
95175200
95125800
95759300
95857300
96157700
98634000
105358500
94938100
95384800
95401500
95948300
94906800
94163900
93944900
93344200
103966400
95430200
96492300
94672100
94120100
94802800
95246900
95942900
94185500
93888000
98807300
96459100
96566600
94355400
94528100
94763200
94991600
94531200
94354000
94214900
94109800
102467600
95783400
94811700
93941500
93892100
95215400
93584100
93649200
94509700
93931300
99898800
95961700
98760800
95606600
96296500
95240800
95797300
96107700
95598500
94947000
97554800
96818000
95489300
95397800
94939700
95102600
94507500
93441800
93635800
93730100
92934400
99653100
96291700
99655200
97268800
96200200
96098700
99226300
95388500
95530000
94923700
100730600
96000900
96003100
95801000
95684400
97794600
96549200
95313400
94800000
94937700
98141000
96590000
94475100
94057800
95405400
95878300
95548000
93614000
93169800
93488600
93968600
96712200
94364300
94816200
94909400
94855800
94777700
94538800
94563800
94611600
94181600
96704300
94686000
96168000
94128300
95520000
94298100
92791700
92867700
92902000
93670100
93066400
99070900
96476600
95822200
96213700
95772500
95060300
94339300
96644000
104790500
93992800
99827800
94952900
95284700
94768800
94328900
94037800
93585200
95532600
96033100
94914600
93772000
100723900
95314200
94689800
94292900
94802700
95024700
95557300
94782400
93828100
93209000
98980500
95288600
95444100
94621500
95111800
94574100
94587700
92792500
92745200
94420800
95059900
100055800
96477700
95504200
95311700
94691200
93560700
92991800
95090500
95626000
96193600
99929600
96047600
94514700
93802300
94082600
93563400
94068900
94506700
94022300
93519400
97570200
97523700
103349600
95838300
94880800
95966100
94463300
94128000
94248100
93101800
93429600
98932600
94920900
95390000
96386000
96215000
96247000
94831400
94423900
93724800
94446100
100583200
95324500
95733500
100137800
94487400
94564300
93622500
93867100
98358600
93308400
95681800
100291300
94755800
95051100
94593100
94703800
95263900
98618300
97209300
93418600
94257600
100209400
95063600
100345200
96473600
93998500
94054000
94402200
99586500
93520800
93408800
98721600
95363200
94767600
95152900
93718700
93050100
93004600
93027800
93868200
94932400
95410100
100643000
95831700
94835200
95268200
93457100
93767000
94518900
94137800
94234100
95372800
99335500
95770500
94732200
94895500
94803800
94544800
94027500
94081100
94153800
94802500
94578100
99743800
96058100
95558300
95309800
95472300
95557300
94792800
92854200
93182600
93501400
101175000
96463800
95280500
94049400
93792700
93694500
93842800
93282600
93118000
92911800
94244600
100762700
94642500
93199400
94133500
94686400
93995700
93726600
93155900
94150100
94479400
100352100
95717000
95994000
105423200
95181200
95006300
95086600
94571800
93785000
94406900
99646400
95980200
94326000
107685600
93777300
95879600
96838100
95907600
94926900
94663600
94558600
99143500
95675500
95138600
95033500
94553700
93285000
93432400
93225400
94813400
95412700
100458100
95551800
94498700
94925200
95360000
95064100
94667700
94500900
93724200
94330500
95239100
99358400
95104500
94939400
98705100
93779500
93775500
91952800
92652300
91493400
91522600
98741500
95585000
95206300
94495900
93562500
93386100
94386600
93063100
93024300
93340000
93819200
100358600
94666400
93553400
93773500
93949300
93463400
93896200
94311900
94050600
96582800
99443300
95551300
94174500
94303600
94373400
94951700
94287000
94580400
95395800
96262600
98684700
98866600
95388100
95366900
94752300
94122600
94339000
92973700
93605900
93935900
95201800
100217600
95022500
94426500
94193800
93478800
94371100
93842800
94053700
93591700
97248200
97097700
96242400
95360700
93966700
93937500
94468600
93167200
94038700
92866700
93855300
94276700
99799300
95221700
97449200
96053000
95162000
95089300
94207800
97042200
96832100
95279600
102095200
97101200
95582200
94532000
95209500
95183400
94119500
94559000
94188600
93670700
93713400
99805500
94870000
96108400
95130300
97926300
96565200
94599400
93357100
93314400
92963500
103996900
95245300
94302000
93734300
95094500
99412200
94452200
93877200
94199100
93988800
96521100
97415000
94544500
94645300
94077600
94285100
94583500
94752500
94240600
93731000
96131300
100346100
95514400
95375900
95147600
96563800
96749200
96028800
95649500
93997900
94771500
99479800
95539700
96149000
95600100
95305900
93770500
93146000
93201400
94198500
94435500
94365800
100306100
94634200
94132900
94090200
94935400
95106000
95698200
95529000
95227200
94510700
100238500
95892400
95067100
94531700
94750900
98691700
96296500
95487700
95804300
95624300
99663300
96693400
95994500
99019300
96150300
96444900
97957700
95308900
94132800
93722700
94276400
101225400
96081300
94774600
93861200
93258800
93973700
93998900
94070900
94103900
94081700
100203400
95569300
95635700
94388800
93626100
93616900
93737000
94177700
95076000
93928200
93075300
99629200
95173100
93841800
93046400
93815500
92991900
92970300
93404700
95244200
94412500
99712400
96127500
96106700
94835600
94185700
93749600
94578600
93790200
93082400
106872600
97339400
98772300
95874600
94457900
94372300
109453900
102771600
117459000
111245900
101967700
101198700
96067600
95627000
96054100
95575000
95777300
97208000
97898600
106695800
98180100
102261800
96270200
95499000
95487700
94942500
93871700
94653900
94558900
94527600
93185900
92779900
99262400
94818400
94691100
93598100
94426400
94247100
95182300
94926300
93270100
93025100
99256400
95661000
96248700
95615600
95121000
96510900
93983100
94357700
95427600
95908900
95541600
99861500
103143400
93632400
95264800
95761200
95707800
94519600
96216700
95492100
98586700
100441000
96587100
95643400
93909800
94605400
94784500
93993700
93757700
94057400
95288500
99633100
98761500
95474000
95804000
98207200
96419400
96582900
94187600
93343100
92508300
92997500
101029100
95809200
95811500
94622000
93528400
93912800
95448100
94832300
93748500
93698600
99607200
95383700
94579300
94010000
93937900
94228800
94365100
92601800
93281200
93145000
94217900
101589000
98650100
95496100
94682100
93799400
93523700
93086700
93105500
93660200
93510300
99979200
94758700
94231000
93860500
93744000
93934400
94179400
94376500
92850400
93428900
93385400
101909400
95220200
95305700
96282300
94814700
94540200
94994800
94928800
104229500
94166000
99593400
95846400
93784200
94026700
94347400
93775700
97095000
96109900
95062000
95437900
99887400
95498600
95234100
94179500
93953900
93395300
93193000
93150500
96785700
94965800
95298700
101244600
95367300
94703300
95770500
95382600
94324200
94591900
94476200
94806400
95817600
99667800
95873000
94473300
94098800
94573500
94346800
95354800
94199100
93313900
93902100
93773700
100715700
94871400
93285700
94564700
93846900
94247000
93901600
94132400
94456100
95810100
100350500
96056200
94209800
94210800
95036600
94106000
94274400
93855100
93860800
94230500
95971500
99014900
94944800
95316100
95593700
96407800
94614300
97235700
96081900
95854000
95014100
99533400
94882000
95028000
94579100
95340000
93860600
92679600
93077800
92623000
93292700
96828900
97046800
94316700
95059800
94964700
94325500
93930900
93616300
94063000
93208400
93208600
100690900
95832400
94571700
94116300
94061900
94118200
93891100
93269800
93225200
93493300
99782900
96809500
94832000
93660900
91479400
91134800
90892100
91036000
90725800
90202300
91065300
99977800
95600000
94945700
93868900
94663000
93652900
94637500
94515600
94704600
93878200
95049800
100807100
95501800
94327900
94336500
94368600
94227900
92887100
92887000
93756200
94151500
99952900
94514800
93670500
93875000
93435200
93697700
93705100
94558300
93922800
94204800
94246600
98757000
94589400
94097300
93473200
95537400
94641500
94040600
94904800
93819100
94248600
99492300
95460500
95564300
95681900
93874900
94119200
95290900
108537100
93194900
94280800
99993300
96598100
94984300
95147200
93958500
94455600
93151500
93617400
96481500
98718100
98108900
100644200
96686700
95515000
93648300
93503600
94292100
93038600
93023700
98450900
96087700
100981200
96352400
94950300
94950000
95125900
95017300
94759000
94193000
93513800
93414200
94837300
98779200
95583300
94349100
94728000
93771100
94165900
93568800
93509800
91393500
91671000
100301300
96265300
94498400
93071200
93959400
93264400
93148600
90811900
90928700
90775400
91031300
101082700
94346600
98561300
104050400
97190400
96012300
95121200
94226500
95313800
95749400
102061300
94785600
95544000
94474500
95730900
95089900
95585600
94215100
93952300
93404700
99678600
95830000
95770000
94260900
94233800
93486600
93197400
94073700
93659700
94194500
92417400
100708200
94968100
94632200
94514500
92811900
92567100
92438000
92791400
93337400
93714600
98824300
96557700
95840300
93676100
91605900
91712500
91265200
92677200
91816900
93135700
92682400
101206100
95380000
94065400
94537000
94329800
94552600
94033600
93148300
93367900
91946100
94576400
98055400
95703100
95228200
93122100
93932300
94363000
94552300
93452100
93519100
93925400
101089200
96059700
95353400
94522200
93745300
93076300
93097200
93722200
94067500
93866800
96429000
97772100
94895500
95624300
95133500
93550600
93064400
94221300
94712300
94096400
93958000
103778800
99995700
96399100
96051700
95404000
93953400
94615400
94589600
94870300
93847300
98275800
96179800
96523300
99881400
95973100
95103800
94882600
94329100
97531700
95416500
94946500
99521400
94990500
95974600
94447300
94767200
103898900
97349800
95716700
96737900
97037900
101349000
95822300
95699800
94204600
95101500
95526700
96144700
94835500
94171200
94368500
98646100
95037700
94798200
95739000
95423800
95346100
93337300
93070400
92954100
93039800
92854400
101839100
95303100
94170200
96655300
95065700
94294900
94051300
94790000
94076500
93521800
101068800
95297000
94737200
96062900
96080900
95503200
93544200
93341000
93982200
94057100
94193800
100031400
95271100
95482800
93898700
93676700
93800100
93251600
93408900
92685800
93270600
99109400
94776900
94946800
94195000
94139900
93443800
92757400
91761500
92731200
93146300
92908500
100284400
95039600
94641700
97781300
93481300
93351100
92181000
93028300
93608900
93868100
98980200
95093100
93978900
93240900
93192400
92811200
93031900
94308700
93734500
95632300
94419700
101567600
93883800
93773800
97447300
95888600
95802600
94188900
94165900
92565700
94609400
99646500
95717700
94454300
94187400
94690000
93789700
93439300
93706200
93111300
93098700
93542100
99324900
94759100
94076000
98125400
94297000
94466400
94268000
94074800
94254500
94105700
109068300
95865600
94844000
96181300
96306800
95245000
94673100
93172600
92649700
92530300
99061800
96513400
100222000
94827600
98818800
94012800
95651200
95848800
96223600
109424400
96474000
100012200
95104900
94314100
94842600
94950900
94341700
92938600
93405100
93621100
93304900
98620600
95041500
95456400
101066600
93507900
93286800
93187600
92901400
93063300
95156900
104378000
115050100
105661000
95967100
96171000
95091800
94980700
96299600
94546400
94017800
94054700
94442700
93124200
92818900
96537000
93050700
93404000
93361200
93275800
93833900
98396600
95774300
94447200
98784400
93522300
93728300
93526200
93842800
93886300
93226500
94288200
94266500
93967200
93401800
93709800
92942100
93153800
92814700
92776600
93326600
93544600
93223000
93745800
93923300
93746800
93171100
93334400
93442700
93185100
93634100
93632800
94346200
107656200
94694200
94667600
95314400
94408300
94149800
93531400
93542600
94510900
94481200
93258200
103716900
105187100
93564100
98066900
95478000
95123100
94734100
92769900
93411200
93774700
95268000
95128900
93626000
94066900
95313600
95312000
94987300
94785200
94005900
92914600
93393200
98493000
96064800
94575900
93926900
93714300
93891300
93943900
100500500
98976800
94981400
93669500
93928700
93242100
92609200
93019800
93552600
94153900
93391100
94593100
93122100
93643100
93906100
92755800
93468100
93110300
94220600
94124200
107408900
93000600
92928100
94873900
94652200
95116900
93309300
94228800
93570100
93540800
93579100
93760800
94179300
93919500
93902400
99087700
93804300
94319500
93186000
93344700
93482600
93162800
93524900
93014400
93310200
94236700
96073700
93684100
93369100
94045900
94419600
93711500
93243500
94265300
93186500
93467200
94758200
94280200
94722000
93124800
93278200
94001700
93550400
92617100
93735500
94503200
94437400
94178700
93296700
93544200
93826700
93803700
94208600
93054900
93093900
93164000
93560000
93884100
95848700
93006900
93710500
93247900
93351600
93927200
93983800
93545700
93507300
93567600
94269300
93194000
92843900
94281700
94340600
94189100
93357700
92995300
93447100
93686500
93792300
94880000
98235500
93154800
93323400
93989500
93032500
92983900
93742000
93445400
93274700
93406000
93057800
93766300
94111200
94815200
93651000
93039600
93341000
94748200
95755300
95418200
101075000
94312400
93521600
96146200
94273800
94156600
93554500
93210400
93948400
93439100
93454100
93532700
92421500
92901700
93109500
92783000
92531000
93230700
92589900
92342000
92090300
92987900
92935800
92651900
92355400
91954000
93142200
93119700
93940700
93377300
92907500
92685700
97751900
94067600
93441900
93079300
93681800
94827200
93564400
94151700
94450400
94425800
95038200
95767100
94782900
93359400
93119500
94074700
94765600
99605500
94289300
93454900
93188800
94525000
94668200
94705700
94476900
93261600
93358700
93419500
93862500
99300400
92778100
93998700
93787900
93503800
93611700
93421200
94173500
92614900
93493600
93372100
94278200
107102200
94842000
99088200
94117800
95389300
93800000
93184500
93667100
97308300
95348800
95044000
99301400
96198800
95394900
94150900
94402500
94462400
93660600
98186400
93309700
93071200
93516700
94973500
94384200
98763300
98714800
92967500
93451400
93513700
93780900
93661700
92083200
95032200
93734100
99116700
98347400
94286300
93567000
93030300
93383500
94082000
94930500
94005800
108269100
96425800
100554700
95145200
93303100
92993900
94654500
94357900
94364800
94132800
96122100
94624000
93949100
94142600
107551900
93423900
93612400
93493900
92824000
93609500
94433700
94374900
94783000
93703400
93246700
93817800
93418800
93495700
93274800
93688600
95185200
94596600
93906200
94229700
93564000
94019300
93480100
93643100
93590000
93104000
93066300
93560200
96037500
96245700
95977300
95236000
94628700
93391200
92953500
94699000
94510400
94949200
95360300
94368500
103987800
100461100
93797200
92928700
92274900
101400100
98862600
92912200
94454500
94684000
93114000
93048000
93445500
93216600
93273300
93411200
93435500
94555400
94525700
99675400
94323800
94037800
98083800
94610200
93912000
93701400
92380400
93088400
94030900
93570900
95157700
93178500
93171800
93443800
93796300
93124200
92914000
93570300
93706800
93743000
93984400
94044100
94038700
94357700
94613100
93445000
93026200
92954500
93131900
94066200
93725000
94398700
94271600
93906400
93564400
99005600
94374700
94039300
93273100
95596100
97671400
94529300
93542300
92940700
93697700
94544000
93357800
93459800
93556500
94920200
93965600
93541000
96810600
93671700
94133800
93883900
94662500
94546000
94292100
93457000
93375300
93970200
96968000
96755700
95188500
93868500
94166200
93501000
92497900
93197000
92868100
91276700
92038900
96603500
92837700
92947700
93618100
93684600
92246300
93220800
93296100
93134800
92981200
93725700
93696500
93802900
93292400
92863600
93324500
93559300
93154800
93560700
93913900
93624600
95135100
95268000
94271200
93805300
95827500
93228200
92979500
93863700
93438000
94414600
93898200
94881500
93368200
93562500
93511300
93699100
93593100
93647500
94725900
94655300
95151800
93965100
94283200
92974500
93289800
93960200
93424600
93541700
93974500
93372300
92901800
92832800
93552200
93038700
93391100
93264900
93201200
93196600
93717400
93096600
93551600
93524900
98433900
104634100
102858900
93499100
106261700
103287500
94363800
94066300
93986400
92921600
106470000
95661700
93751600
93629400
93738600
107602100
93520100
95767200
94789600
95365900
93925200
98122100
94997200
93168600
94322400
93068000
93862500
93876400
93354100
94889100
95049500
95291300
95560800
94355200
93150800
94274900
93399600
94098400
95314300
93456800
93385800
92998000
94415300
93935200
93690800
93599900
95127400
94462700
94339800
92957400
93184000
93941000
94459400
95908900
95158400
94989100
93342500
93754000
94120500
93757900
94525500
94378900
93865600
95039500
94463300
92805800
99797000
92890800
94488500
93796100
94248000
93249500
94146000
93367200
94245400
93257100
93781500
93368300
94403200
93551400
93710000
92731600
106946900
92960600
93333700
93355400
93490700
94117700
93950300
93452500
94322900
93400500
93379400
93498000
92996200
94449900
94127600
94034100
98145700
102417100
104142700
97473600
95997600
95140500
94367200
99105800
94447000
93316100
93684700
97843300
94624800
93910900
94166000
93094400
93828200
107651600
93791100
93767900
93125900
93812800
93290000
92803500
92959600
92853500
93562900
93331800
93963000
93736800
93547600
93553300
93272600
93165500
93208400
93549900
93218100
107470100
93375700
94240700
94149900
93173000
92989300
93492600
93876200
93519900
93845900
93270900
93577300
94992500
94096600
94487300
93120100
93267200
104177500
93458900
94182700
93109300
92608500
93837000
96639400
93556800
93803900
93619200
94232900
107114700
93370900
93015700
93644700
93738100
94492800
93350200
93745300
93285600
93411700
93770900
93310800
103331000
93486100
94455900
107916800
93177400
98435000
93256900
94081400
92832100
93812700
93366900
93548400
93336700
93546800
93561000
93125900
93040400
92739500
93294700
94115800
93677400
93750900
93078700
93126900
93019700
96027200
93029600
93444200
93247800
93719400
93363000
93261500
93030600
93033500
93577600
93933800
93949800
94702800
94145800
93838200
93637300
93822800
93648000
94429200
93631100
93216000
94302500
93177100
93547100
92980000
93028600
94314700
92611200
93446800
93601700
93765300
94057200
97723500
94963000
97537500
95679400
93975800
94187100
93853200
93409700
93658900
93478400
94172200
93113900
93228100
93271400
93979200
93400000
94660800
94027200
95202700
93355000
92576100
94713200
103230100
99141000
94670700
94771800
93724200
94036000
93729600
93515800
93294600
93889500
93333000
94100200
94198700
94762900
94008700
94014500
93024700
93772500
93228700
93039900
109802000
93980600
96054200
94949900
93568200
93813300
94356500
94519900
94501300
93297800
96910500
97802000
95351400
93587300
94029900
93432900
93537300
93979200
103808900
94233700
92988700
99473300
93805100
93462100
93082700
93081400
93687200
92789000
93315500
92956800
93252200
94369600
93734100
102004200
98842700
93827000
94274000
93575000
93741000
93551700
94978900
93330800
95933500
94960400
93904000
93413400
93434000
93778700
94563700
94337000
94339200
98377800
99192100
93401200
102111300
93293400
93158800
92742700
93212200
93755600
92804100
97349300
92986900
94192100
93376800
92776900
93971700
94671000
94182300
93687900
93681500
93517100
94045300
96007400
94817100
94390800
92906200
94003800
93402000
93779300
93041000
93645700
97294700
92891700
97197700
96850300
95569000
94109800
95009700
94144600
94001300
94107200
93391400
92748600
98429700
95224400
94361600
93663800
93450700
93213000
93505600
95044000
94491400
94210800
97147600
97881100
93475500
93591600
94434100
93503600
93732500
94087600
93199500
93747400
94293800
94567500
93480200
93719300
94102000
93893700
93735300
93426700
93818400
95180700
94526700
94379600
94998500
94110200
93953900
93793400
100896700
94124900
94132000
94059500
93505800
93609100
98356600
96709300
93463600
94310900
97997300
93713100
98480300
102034300
111640300
95314500
95089500
96691400
97412900
94134800
93369500
95441500
94462100
94779800
94225900
93434800
93539600
98745500
95228800
93665800
93783200
93789400
93980200
93633900
93947000
93627100
93221100
93396000
97066800
93517300
93555500
93608500
93357100
92774000
93410400
92785600
92684400
93073800
97506600
94548600
94444500
93403900
94218400
93435800
92848000
93776900
94063200
93808900
94700600
94612800
93088400
92880800
93693400
94793900
94783700
93610800
94358500
94132500
93738600
94862600
93737300
92893500
93453300
102925700
98356600
93595000
93506600
93473100
93780200
93824700
99207200
94281100
93898500
94152400
94967900
94289300
93849900
103252000
97596300
94831100
97893900
95051600
94128800
93127700
93456600
94009700
93886700
93547300
94319700
93118600
93829600
94644200
94206200
92742700
94153800
94783500
94167700
94404900
102419900
95543900
94122300
94570600
94274100
92739000
93018400
93068900
93401300
93204000
93766100
93603800
93232800
92613300
99453800
96412700
93508200
96198600
94310100
93556700
95172200
92890100
94105900
94407700
96406900
93464000
92828100
93549000
93493200
93771300
93734500
93240700
93404900
93180600
94233000
95897000
94404900
93410000
93819100
93976100
101685200
94187000
94649900
93414000
93521300
95852300
94437500
93517000
93575500
94429300
94531100
102632000
95774100
94380700
93593800
93679100
94436400
93270200
94248600
94191100
107151900
93596200
92920600
93001600
93520100
93352200
96592400
96403500
96515500
97352700
95189100
93026000
93002800
92833600
92937500
93229900
94545700
94662300
94793900
107591300
94041400
94790200
93160600
93088300
92860900
94346600
99774800
101954000
94482800
94109800
93281500
93596200
93611600
93583100
92508100
93012200
93582900
94086900
94908700
94470400
92477700
93094400
92779400
94206000
97911900
94001200
93274600
92954900
96782900
94937700
93763800
93802800
93924600
93555000
94405900
93517700
93755000
92004300
91171900
94942300
94983800
92568300
93297300
92609900
92643600
94199500
92783400
93320800
94044900
93580800
93922200
92899000
92935700
93596800
93109800
93759400
93130000
93450400
93416000
93575500
94205300
93373000
93437600
94162000
93699300
93581900
93215900
93854600
93974400
93923000
92899800
96562400
93811000
94411000
94493100
94728600
93825500
98531100
93623100
92834300
92842000
98127500
95216800
94908800
93842400
93949000
94090900
93478700
93099600
92952400
93479900
93690600
94702300
93460700
93206300
94157400
94507300
93051200
92909100
93475900
93579100
94102000
94058100
94273700
93740200
93724600
93680400
94612000
93162300
93165400
93272000
94531600
94686300
96937600
94190100
99662700
93891500
93944700
93621500
93058000
93332400
93125400
93815500
92658200
93251600
93082700
93669200
94098000
93793800
93726200
93192900
93341200
93420400
93676600
95325200
94063300
93278300
93359200
93719200
93136900
94193500
94109600
100506500
102561200
95728000
99049800
95503200
95494500
95172600
94264900
93038500
93680600
93157900
91976600
90934300
93997300
92423500
91013700
93021100
92832400
92542200
94338900
93426500
94166900
93092500
93773400
94412300
93763300
93317900
93626100
93381600
93799600
93559800
93851600
95352100
94340600
93852500
93474700
93142800
93725400
93074200
94067600
93359700
91902800
96809300
93560700
93509500
98097400
93153400
93384300
92946900
93300600
93316300
94042300
93690800
93146400
93292200
92904300
94261400
97107900
100775900
93262200
93658600
93619700
92658700
93229800
94165800
93601500
94103200
93500500
92668500
93366500
93596600
93016000
93610700
93594700
92943300
93142700
95797800
97777600
97036300
95241500
93965900
93517700
94968800
94922100
93976900
93703600
93217200
97767200
95326600
94740300
97575500
93981000
93426000
94004700
93648700
94107600
98347300
93933000
100039400
94901900
94652900
93937300
93683000
93523100
93789000
94692000
95355200
94494800
97667300
94719500
94806700
93929800
94070900
94078900
94684600
94477300
94890500
94023100
93996100
94855900
95294700
94310200
95804400
94570600
94223100
94712700
93516700
98403500
147840600
118606100
112559500
120113500
131071600
103639800
126203800
120023000
103091900
107288800
95438700
94486600
95047300
99671800
118593100
118191100
116690700
105940600
96167000
113325100
95455600
98860300
114629900
115788100
116673400
114675500
103337800
96805800
113602100
117977700
118064900
118252000
115251800
112685900
105564800
96862400
95287100
94029900
94982000
99999100
94832600
95341900
93113400
93546200
93307800
93000000
103379800
118636000
96580900
97418100
95515200
93704800
92963300
93530100
93074500
93357300
93252300
94849100
103564400
96026300
94441800
92810800
93593900
94303000
93758700
93220700
93660800
93810300
97184100
94990900
93799500
93574300
93008600
92460700
92967800
93511600
93789600
95230800
94350500
95717200
96096200
95370100
94361600
96207300
94274000
93593400
94409000
94293000
94660900
94230400
94216000
94251300
93344100
93512500
93302400
92746000
93251300
92737400
93644700
93923200
94132300
94750900
94898600
94924800
97693600
93108500
93663200
96540500
95783600
95269400
96140600
95364700
94407400
93518600
94549800
93260200
93218000
93033400
93716100
93928500
93881400
96287400
94527600
93502500
93476100
93121200
93440900
93236200
93757300
94215800
93321900
96145800
94435800
93631500
93289700
93912400
93455200
93676100
93611100
93876700
93410800
92948300
97369900
94040800
93639600
93060700
94758700
93539200
93966300
93804600
93007900
93232700
93811200
94134700
94183800
93721900
93832900
94935400
95315300
95515800
93662100
93225500
93737800
96291100
93754700
94728800
95077500
94853200
94232300
95319200
95509700
95013100
92467100
93374700
94774300
94705200
93997000
94357200
93511700
93605900
93013800
93959200
94286500
94519400
99457500
102540100
96464000
108216800
93067800
93011000
93586000
93176900
93713300
94450300
95309100
93610600
95839000
93467300
92895500
92988500
93412200
93230700
93570700
93395800
93635300
94145300
93733900
93474700
106780900
93284600
93214200
93298700
92976100
93282500
93328800
94049000
94143400
94236800
94633800
94084000
93307100
93890200
94200000
94832300
95821700
93433400
93033500
92812500
93650200
93266600
94083200
93802300
93805100
93465800
104507700
95783900
93643400
95274400
94734500
99967100
93020700
92734000
93082200
93115600
93035900
93134700
93278900
93648500
99708600
94448300
94075900
94561000
92543500
93414800
92870400
93180800
93096800
93081500
93566000
94507700
93609700
93425000
93458400
93634900
94295500
93746700
93493900
93729000
93489200
93897700
94050200
94937100
93609200
93716500
93844800
93392100
93255900
93458500
97010200
94902300
95544300
94555700
93894800
94473900
93224200
94266300
94162000
93764000
93383800
94137600
94734800
94604500
95031800
94468900
94022100
92907300
93570100
93882600
93219300
94263300
100471000
95594500
95800100
95191100
94753900
93120100
93404600
93023200
93416100
94395600
94671500
94370700
93801500
92944800
93497100
93298900
92981700
92884500
92426900
93053100
93296100
96982800
93091800
94625300
93643100
94035000
93081700
92975000
94111500
93846400
93779100
93812100
95053200
93589800
94012500
93720100
94677700
93842200
93430200
93726600
94497100
94204700
95700400
93490100
93796500
93901600
93801500
93572800
93664000
94054800
94083800
94579600
93270400
95377200
93404900
93413400
93275100
93235200
93379100
92833200
93601500
93339700
93357900
93561200
94583500
93637400
93358300
95183300
93619400
93373200
93971300
94221500
95133800
93800000
96348800
94163400
95167600
94954800
94080700
92841100
92841600
93306600
93665000
93131100
92552900
96235000
94143200
93314500
92796100
92592600
92747500
92923300
98845400
95368400
94636700
99796100
96071900
94052600
93795200
94177500
94520200
100621100
93596400
92821500
92652500
93073800
94646100
93090200
93799500
93695400
93225600
93628700
93894300
93669800
92981600
93547500
103399100
99373100
93491100
93703800
93599300
94320700
93733300
93881700
93721000
93009500
93165400
100711800
94123100
96060500
93680300
93981500
93238300
93590900
93776400
92989300
93146800
96568000
95045800
109358000
93979100
94725800
93312100
93268500
94317400
94609300
94839500
93318200
93652300
107078300
94453800
93428300
93795200
94166700
93878500
93964300
92969200
93366100
94197300
92757200
92767700
93455400
94106800
94918700
93724200
92556100
93177200
93530800
93160700
94391900
93366200
93324800
93903600
95217300
94140500
105889100
95922200
95449100
95724500
96964400
93672800
93338200
93361000
93483800
93463300
93608000
94129200
94104200
93336600
93101500
93211900
93264600
93463700
93471400
110364400
97568900
93564600
93608600
93352600
93840500
96139300
101130000
115615200
98060700
96226300
95079500
93236300
93820400
93397700
93352900
94052400
93166500
93581400
93265300
95380300
93994500
93474000
93134300
93490700
93339500
94242500
95074500
94618300
94207900
105738300
94412000
93319800
93053400
92869500
92709600
93786800
94017000
94212300
93455300
93174100
100468000
95597700
94536700
94051100
92850000
92888000
94210200
94657000
93864400
93400800
93214200
94322300
93889700
93572800
93549700
93309300
93737600
94050400
97477200
94610400
93772700
103402200
94610700
97948200
95762700
93301000
93060700
94110600
96761800
94476200
93799500
94239900
95363700
94119400
94868600
93693700
98298900
101418500
94625800
95822200
94611700
94350300
93456600
94805100
94415800
94203800
93657100
94730700
94317700
102062200
94630800
93866200
94230200
94191400
93851200
93541700
98194300
102334700
92911000
96673600
94386200
93380000
93266700
93667400
93426900
93517300
93305600
93959200
93640700
98474200
94278400
95253700
95084100
94538500
93658300
94246500
92948300
92926100
92638100
91972900
94641800
94177100
94308200
93470900
97688600
93948100
93985200
93307900
93334300
93979500
94283200
98431000
94942200
93969300
94312600
94538600
93562200
92877200
93179000
94412600
93199300
93927400
93292100
93442500
94150700
94257600
94654200
92953700
92995500
92715200
92756900
92759700
93982900
94515700
94282200
94149500
92496600
92838800
93848100
93293800
92836300
92614600
93735200
94757700
93428700
93038800
93040800
94323900
98218700
93820200
94301500
93889500
94137400
96227400
95129800
107776700
93335000
93955700
93626000
93512900
92406400
92171900
93104000
93256800
94145500
94132800
94584100
93460900
94811600
93078700
97862400
94396200
93947800
94774500
100252200
96320200
94773200
94021500
93793600
92657200
93988600
93571900
93093500
93236500
93290400
94327800
94074900
94177900
93630400
94640100
93544500
93386400
94302100
94104100
93714900
97153300
94335800
94296000
93896500
93828500
93423600
93717100
93345300
93441600
91836300
92095300
95045400
148430000
110046800
117046500
108117000
96587100
97697200
97792800
95606100
99523700
100780000
108195200
117851200
112510100
113909800
114856400
123346500
114789100
105918000
96681100
95658400
94516200
95518100
95526700
112589500
111762600
110735500
113169700
100294400
96292000
99479200
99453000
94871200
95624700
94349800
94204900
93490400
93314400
95550600
95107000
95807900
94198300
93241600
92959400
92860700
93594300
93942800
94416700
94393000
95676500
113940900
112350400
113658200
105338500
95522900
95546300
94648300
93179400
98461100
96285500
93628300
94873200
93317100
93283500
93071700
93397500
94309000
92524500
92143400
94841300
94181300
94063300
92426200
92240200
92823500
93755000
93031100
95493600
93716600
94988300
93439200
93740800
105092400
93432600
94102900
93578400
93572300
94818800
93724000
94132200
98172400
94342200
96671700
97202900
94241500
93514100
94254800
93600100
100763000
94207100
94622000
94392900
95165900
94941800
94712400
94617100
93752000
93392300
93082400
93397500
94418600
95706400
94659600
92752700
93761100
92901600
93343700
92823300
92800000
94836500
94326300
93983800
94434200
93593500
93183600
92853100
92880200
92676800
93283100
93185400
93325000
94152200
94848100
94722800
92399200
93561800
93047500
92943800
92238400
93227300
94555500
94659100
94187500
93926700
93540900
93331200
93922800
94336800
94945600
97054800
93722400
93893500
97140600
104256600
94742600
93449900
93329400
94186300
93171000
93005000
92879400
92609600
106834400
93838900
94071200
93296400
93211700
94157800
94464600
93381100
92688400
92674800
93677600
93791500
95028700
93861400
93388900
93520400
93595000
93506300
93690000
93522900
106862500
104396600
93711900
95220100
93925000
93346400
93708100
93530900
93767800
93602600
93845300
93439800
94064700
93987100
93251300
93708800
93589900
97415100
94124000
94188300
94001900
93743800
93840400
93846100
95405900
93694700
93560700
93229700
93938500
92835400
92578100
93972400
94054800
93982100
94135400
94421700
93139900
94130100
94123800
94139100
92896400
93467000
93849700
93303000
93272300
93228200
93465000
93945200
93240300
94195600
93076100
94931300
95295600
95282900
95789800
94202500
100460200
95968600
94873800
94889800
93948600
93903600
95008000
93745200
94525500
94863400
95563200
94873600
94152600
93476300
98270300
93183300
93121600
93195800
97733800
94220000
93981000
94514700
94451500
94826600
94722700
98536800
94953000
93757500
93725300
94976000
94947300
96586600
95415400
93857300
94171000
101084000
94107800
93602100
106021400
93175600
95371300
94583800
94070500
93383500
92967500
92387600
93320400
91748300
91975700
93868400
93549600
93984400
98033900
95562000
95370400
94139800
97209900
96980600
96093100
94559900
93909900
93375000
96619800
95857600
93958200
92961700
93161500
93535900
93710100
96072900
94337600
93935800
94162700
95052700
94703900
94411200
94333000
93712900
94504900
94401400
95059300
94433200
93468500
94278700
102668800
96760900
96206500
95639200
93871400
93995200
94468000
94870600
93506900
94309900
95279600
94588800
94205000
93243200
93748200
94255000
92776600
93409400
93342800
94661500
95690100
94462600
93521600
93520200
94442200
94749500
94887600
94117900
92877800
93076500
93310900
97633600
95745800
94809400
95340500
95622200
96058200
95978300
96736200
95316600
94736800
94079100
96852400
95110500
107499100
95246500
94662800
94133800
92994400
93637100
98817100
96863500
98860100
96098400
94163200
93653400
93476900
94482600
94968300
95022600
93061700
92689100
97893300
95347000
93812600
93786400
93135800
92489000
93582800
94068600
94484500
93039300
106935800
94870800
93989600
94192100
93982500
95453100
95220900
95287600
95300600
106982200
102450200
100808500
95078400
94611700
111937800
106117500
109756100
102534700
95983900
95757500
99653600
103904200
97909300
96535800
108661000
100057200
99340600
96734500
96722000
95358100
94486900
111234100
95726000
94512800
93981800
96771400
100963400
94416800
94562600
93518800
93516500
98510600
95807900
95329800
93362600
93463300
93671300
103271200
93835800
94354900
93974000
95499900
97807200
94355200
93139600
93007400
93746500
92413200
92712100
92054600
90937300
91620700
96475900
95015300
94566400
94553600
94102200
94890700
94619500
94492000
95541200
106955300
96132800
99408800
96132600
95258400
96557700
94759400
94645100
96980900
94855100
94682200
93117600
99074300
95716800
94919300
93886400
94149700
100908000
95952600
94869100
95104000
94053400
98132600
95386500
94238400
94101600
93972300
94572500
94486700
95399400
94657100
94467200
94515000
101683500
98429700
95968800
95315200
94963700
93921400
93608600
93499200
93883100
92938900
98393900
95259500
96480200
95102500
94141200
93270200
93392900
94648700
93061800
92772600
93540800
100104700
96275100
95018800
94502600
94959700
95462000
95256300
94523200
94201000
93553300
98886700
94839200
94475000
94270200
94917300
94570000
94374400
94354900
94771400
93968800
92849100
99853500
108348400
105140000
98272800
96563700
94562300
94674200
94116100
93159600
93197200
100238500
94106100
94032400
94144400
94093000
94040300
94702600
94027400
93858600
93078500
97344700
95162800
94613500
95271400
94649300
94038500
93500500
92798900
94722800
94758000
94399200
99838000
94052100
98707900
95887000
95257000
95527600
93822700
93365600
94414200
93763300
98420900
94899200
94462500
94587900
98489300
96612100
95898200
95183500
95642700
94609300
95309400
98002400
94814800
94608400
94299300
93746200
94145700
97957500
97406700
97558200
104028000
116264300
95874100
96213000
95471000
96603700
95339200
95212500
98778700
93568200
93826000
98868600
97017500
95097300
95369100
94893100
93475900
94760100
93433300
96799400
96177000
100678600
95669200
94870400
94858200
95034500
94310200
94240300
94799700
93343700
93004000
92898200
100132000
94084600
93242100
94166600
93985000
97671900
94758600
95720500
95731500
95285000
99419800
95825100
94897400
98897100
94372200
95191200
94539600
94580700
93933700
94558200
93840200
100085500
94115200
93641100
95601100
94717900
94761000
94203400
93549900
102989000
97265700
100938100
95938100
94042200
95404700
94959900
94049600
94364100
94136900
94337400
112226200
103393800
94894700
94125600
93977500
95659200
94935500
95288100
94637100
99598700
95107400
94252300
99284600
94506600
94162300
96253700
96268400
95471900
93068500
92135500
92673700
92601000
98539900
95073200
93214300
98574000
93300300
93620800
131568500
95801200
95878500
94306500
98805500
95090300
95307000
95058700
95063400
93839800
94457500
95117900
93453700
93347000
93679200
100904200
97659400
97123300
96834100
100921000
98990200
97601000
95690400
95542300
94286000
99873800
95020300
93984400
93555300
98753400
94920000
94544800
94419400
94540800
94551100
99608400
95988600
94887700
103083200
99043600
98653900
95120100
94923300
94465900
97670800
98117900
97245200
95201500
95800000
95169000
95027500
93929000
93527200
94239800
93911300
95341100
99985800
94816900
94403100
95611800
95463100
94798900
95354500
94117600
94364100
94745500
99626500
95775800
94697500
95222200
95029500
96084500
96218400
95639300
95069400
94816400
93831800
99686800
94526900
93565500
94074800
93943000
93432900
93408500
93598100
98792200
96590600
99808000
95898000
96788000
95280300
94733200
94245300
94217400
94105100
94076100
95271900
96281500
98701200
95071000
98603800
95413700
95446600
94984100
93878700
93409900
93790500
95909600
114168600
96773600
98790700
95696500
95529900
95095400
94991000
93422500
93504100
92660800
99672000
96120200
94971200
92023400
91179500
93767700
95644000
95488500
97676900
98254800
118274000
96625100
95584300
95391500
94923700
95069700
95162900
93750900
95221300
95527900
95236200
100000000
96338100
94436600
92979400
98120700
91809900
91252900
91475500
91433600
91521000
99363700
96318600
94366300
93041300
90768300
92191000
104095400
94305800
92286000
92312000
91639400
105506800
94677400
96564700
97716700
92093900
91957000
92165000
91177300
91803100
96766600
99934400
95966800
95135000
95043900
93127800
90499500
93271100
94542200
94277900
95024700
93870700
99979100
95423700
94873400
94517100
95988400
100029500
95027000
94623400
94623500
94443500
99132600
95409400
93851600
93337600
94572000
94404300
94267000
93923100
94182700
94597200
94382500
100637800
95439600
95836900
94259600
94541100
94475000
94557400
94605300
94771000
95145800
99626400
96074500
95797000
94173000
93458500
93111300
93844700
94321900
94447800
94457600
96733600
97629200
95396900
96196900
94848900
99084700
95061900
95382800
95616800
94382800
93816800
99383400
96575400
95385600
95777400
94586900
93467600
93612800
93719200
94198000
93875900
98848200
96663900
96210500
93388500
94559300
92312400
93122800
92614500
93815300
94267600
94415500
100447900
95765900
94627600
95097400
94600100
94007300
94028800
94859800
94525600
92888500
99968600
95980200
95119900
94240000
93902800
94243900
93738700
102809900
93467800
93847900
94927700
99966800
95473700
94867100
94282900
94754600
93512900
92886100
99162700
93909400
94847200
101150400
94916300
95087800
94186500
93952100
92822100
92714900
98390500
93502200
94940200
96085800
100013600
95914700
94545800
94153100
97823100
95636700
95574200
94541400
94516800
93457800
105223300
95606800
99119700
95357600
95125600
93863100
92440000
93522500
93303000
93121400
98434600
95777700
94676900
95136300
97132900
94462500
94822700
95298200
95757100
94894000
94544400
100826700
95517700
95495600
93933700
94282700
94014100
95391900
103261600
109764400
109283800
103455600
96276800
96248700
96334600
96163700
94174300
93907700
93506600
93248500
93518600
99267100
95853100
95305800
101351000
96045400
95447300
95153100
94582700
95273300
93726000
96077300
97677500
94478000
93726400
93299700
94374000
93998700
93149300
93519200
94747600
93199600
99674600
94931800
95569800
95565300
96432600
95865800
96302300
94123500
98070000
95777300
101742400
96487200
95618300
94962800
95097400
93820600
94628800
94323700
94817000
93976800
92865000
101410400
96802900
97401600
97155100
96085500
95403900
95337400
96263100
95118900
95095100
97075700
94431000
93574300
94558500
94538100
95596300
94231000
93024300
93683600
94128700
94823800
98877700
95370100
97571200
97824500
102312300
98318200
95779400
96454800
96051000
95849200
97957700
94750100
94718500
98785300
95559400
95675200
96958400
94537200
94637600
94899500
99602500
96525400
96691700
95644300
96003100
97098500
95680000
94912800
94852500
94744700
97760700
96640700
96745100
94569700
107938700
94561900
94136900
93708700
93338400
93423500
93715800
100487100
96067100
95310900
105061200
93776100
92347400
92457300
92558200
92911200
92593900
98816400
95171000
95059000
93546300
95106500
94077400
92581100
100285300
100107900
95099000
96334400
101618900
95138400
94635600
94254600
95193700
95040900
95550600
93959800
93912700
93943400
100149600
95507800
95551200
94169400
94460100
93954600
94781700
94412600
94660200
95382000
101092500
96614500
94452700
94609100
95046100
96902000
95953800
95091200
93501600
93854600
93617400
100138500
95053900
94987700
95707300
96074500
96318200
94900900
94305800
94078800
94886000
100009000
96308600
94564100
93794600
93536000
93513100
93528000
94265100
94165600
104428600
104745900
99488500
97349100
94918000
94327200
93994600
93435300
93653900
107610700
93354200
102293000
100910300
94590500
94590300
93930800
94001900
93631700
93457600
93848000
94337400
94253400
99600900
95670300
94749800
94851200
94938400
94645400
95240500
94529400
94335500
93594500
93823400
100246700
94590000
102887300
94316700
95127900
94677800
95072700
94762400
94208700
94165400
101328900
96011300
95007900
94714100
94895800
96089300
95543500
95247700
94872100
94299100
97793900
97358700
96581000
95975200
94261300
