21
23
23
23
18
20
27
26
23
26
18
19
18
24
22
18
21
21
24
22
23
19
21
21
21
25
23
22
24
21
22
25
25
19
22
28
20
28
21
24
21
30
19
21
19
23
22
25
35
23
20
22
22
22
24
31
28
20
24
19
22
23
20
22
25
20
23
27
22
20
26
22
18
25
24
20
21
23
23
28
22
31
19
20
22
18
21
22
28
21
24
24
23
22
26
20
25
24
21
31
20
27
24
24
21
21
35
21
29
26
21
21
23
28
21
21
21
22
25
24
22
25
25
26
19
25
26
22
18
21
19
22
24
23
20
25
23
20
21
20
22
22
29
23
22
23
20
23
22
21
20
24
24
24
24
22
21
25
24
20
24
23
22
19
25
35
27
21
19
21
25
25
26
18
21
25
26
25
24
22
24
22
24
22
21
22
21
26
21
24
26
23
21
27
28
21
20
19
20
28
23
19
24
21
23
23
26
21
19
20
20
20
25
21
26
24
24
22
26
23
27
23
28
25
27
23
24
23
20
23
26
22
22
23
22
29
22
18
22
20
20
25
18
21
20
29
20
23
18
20
25
22
24
21
30
21
27
23
21
24
24
22
28
22
22
24
26
21
20
23
22
19
20
19
29
29
20
21
25
21
20
24
28
23
25
25
24
24
27
22
22
21
21
21
21
19
22
29
19
24
21
27
25
28
24
24
21
20
25
19
21
21
22
18
26
22
24
29
23
24
22
21
28
21
26
26
29
33
21
28
20
21
24
21
19
21
23
18
20
22
23
28
24
22
27
28
26
22
23
19
23
26
27
21
22
29
20
23
22
21
19
27
25
24
25
21
20
22
20
25
23
18
20
22
24
31
19
24
21
29
24
26
20
23
24
23
27
24
23
23
19
26
30
20
24
22
21
22
24
26
26
24
24
28
20
18
24
23
20
25
17
21
26
23
20
23
19
21
21
30
21
25
23
27
22
21
22
22
20
20
21
20
34
23
22
21
22
16
18
34
28
22
20
26
24
30
23
21
27
26
21
21
20
20
28
24
26
22
26
20
19
23
21
24
25
22
26
22
29
21
23
27
26
21
27
26
23
27
28
19
21
26
21
24
26
22
27
22
25
19
19
19
20
20
27
19
20
22
24
28
21
23
22
26
21
21
21
25
20
23
23
23
24
21
22
20
24
23
24
24
20
26
25
23
21
21
22
22
26
21
23
23
34
30
25
24
23
19
26
20
23
23
25
22
23
27
23
26
22
22
20
23
17
23
20
23
22
20
24
23
23
26
26
28
20
18
23
23
23
18
22
25
21
21
22
24
33
21
19
26
27
24
24
29
23
22
24
24
22
28
18
21
21
27
28
25
18
19
21
29
27
22
22
25
29
21
22
21
22
23
20
21
19
23
23
20
21
25
24
25
25
26
20
23
30
24
24
18
22
26
26
23
20
25
25
21
19
25
21
21
22
23
28
19
21
22
33
19
20
23
20
23
23
23
30
22
24
19
22
25
19
27
23
28
21
22
31
22
17
27
19
20
28
28
20
24
30
18
21
20
26
19
26
21
25
27
19
20
27
21
26
21
32
31
21
29
22
29
23
22
21
25
25
23
20
21
22
25
23
24
20
25
23
27
24
23
21
22
22
29
29
20
22
27
20
24
21
23
21
19
22
27
20
21
20
23
22
18
23
22
23
28
20
22
22
22
22
20
22
24
27
24
26
23
20
21
19
30
28
22
22
18
18
27
23
27
23
20
19
21
34
22
24
25
20
21
25
21
21
21
26
24
27
20
20
25
26
21
24
27
24
24
21
23
22
21
30
23
24
26
25
19
25
19
24
26
26
21
22
20
24
25
22
20
22
23
29
21
24
20
26
21
28
21
22
24
25
20
20
25
24
23
23
20
20
27
31
18
21
24
20
21
24
20
19
25
18
19
22
24
20
36
22
26
24
21
18
19
24
30
20
21
22
20
23
20
21
20
21
18
26
26
27
21
23
22
19
24
19
27
26
22
24
24
23
21
22
23
23
19
20
30
23
22
19
29
20
21
21
23
22
20
24
30
23
19
30
31
21
27
22
18
20
26
26
20
25
26
30
22
23
20
20
25
20
22
26
20
25
28
27
21
22
21
24
20
23
21
24
23
24
29
23
24
18
24
22
29
21
25
24
26
21
25
19
20
24
20
21
20
25
20
21
22
24
22
23
26
21
26
20
22
19
21
21
21
20
24
30
21
24
23
18
26
20
23
23
26
25
20
21
18
22
20
20
26
19
23
25
27
