3
10
4
11
6
4
10
1
28
10
21
4
16
5
5
15
16
22
12
19
14
14
28
3
7
9
22
7
12
22
7
19
16
3
4
13
2
39
5
14
3
15
6
27
1
20
3
8
6
15
1
12
2
25
4
2
7
13
16
16
6
32
8
1
7
23
1
2
5
2
4
1
1
17
3
10
18
12
4
1
13
8
11
5
13
19
7
17
5
10
9
5
3
11
10
14
23
24
6
26
1
9
12
22
15
15
50
2
13
10
7
7
2
13
29
9
10
11
15
3
45
2
37
5
4
1
34
1
12
25
7
1
7
11
4
9
5
45
27
23
13
8
28
10
4
43
3
23
9
18
12
2
19
28
6
4
17
1
6
6
3
1
3
28
14
20
3
12
2
5
7
6
50
12
12
15
12
3
5
18
5
10
30
25
22
2
4
40
29
13
22
4
14
24
12
43
20
4
3
9
2
38
30
3
2
9
5
14
2
8
6
8
11
1
2
6
6
9
4
45
11
7
3
2
2
2
32
14
10
9
27
8
22
1
7
37
5
21
8
8
16
2
3
5
41
24
16
2
15
2
3
22
17
3
104
27
9
6
41
8
9
26
27
2
7
4
15
13
8
6
22
1
2
15
19
5
11
9
12
16
9
6
8
4
8
12
14
3
24
9
38
17
59
8
50
9
23
41
7
43
4
7
11
16
3
7
6
6
7
10
25
3
3
7
32
11
1
39
20
31
5
8
26
34
2
12
3
1
3
3
4
5
48
3
2
18
4
2
12
2
1
27
9
36
10
7
28
25
9
6
16
16
1
11
16
3
2
10
8
46
7
5
13
12
36
18
6
21
11
3
18
12
28
21
2
7
4
8
15
37
23
36
28
4
8
13
37
8
3
19
32
2
12
5
23
21
48
2
4
12
3
8
2
2
7
6
25
26
14
14
4
1
18
1
9
7
14
6
8
14
5
22
11
20
13
16
6
7
58
46
1
27
14
16
8
27
17
20
13
12
5
11
17
10
10
16
1
4
13
23
7
32
3
18
8
14
15
10
5
38
3
6
4
2
10
21
12
2
10
3
2
3
29
32
37
20
3
4
14
5
32
8
19
4
5
20
17
13
2
13
8
3
8
11
1
5
10
3
7
4
6
39
23
8
5
16
4
8
3
18
9
14
25
4
44
20
37
14
10
60
15
75
1
28
3
1
1
62
27
2
22
8
11
12
27
5
26
5
9
1
14
3
9
21
12
10
36
9
1
16
20
18
29
20
2
64
24
1
10
1
20
13
12
26
9
3
21
3
20
22
17
5
23
2
6
1
6
35
2
29
43
35
26
14
7
4
3
16
2
28
7
5
4
2
37
14
1
13
18
53
17
11
41
1
1
3
8
2
13
9
24
1
46
6
4
38
3
6
13
1
2
6
24
8
25
22
24
8
11
41
3
1
20
5
18
7
2
6
1
10
4
5
8
1
31
1
37
4
48
17
6
6
11
16
28
52
45
11
6
4
3
2
10
5
12
41
13
27
6
20
12
6
5
11
1
10
1
13
15
26
53
6
72
8
14
10
23
15
8
7
30
9
30
14
15
23
6
22
4
2
4
3
14
19
8
7
1
5
3
23
4
22
17
6
11
11
4
11
7
7
24
3
9
2
34
4
15
1
8
5
25
5
28
30
16
25
3
3
5
4
4
19
16
4
11
9
6
29
9
9
5
2
12
6
1
9
1
6
15
15
2
3
8
18
13
22
16
24
11
17
18
9
4
34
2
6
15
5
6
5
15
1
2
3
20
23
27
4
10
10
5
3
6
33
3
10
11
13
1
1
19
3
20
9
21
25
35
12
10
8
34
6
11
3
5
5
66
22
28
10
12
25
6
7
29
17
3
6
6
8
44
33
15
5
11
13
20
7
29
2
9
10
16
18
20
23
26
21
8
2
8
15
32
18
12
8
5
9
23
12
17
12
13
2
10
8
6
37
5
21
4
29
9
2
37
4
5
11
5
8
31
15
5
4
9
5
8
1
19
8
17
27
19
10
12
1
13
16
2
3
14
15
21
11
9
9
16
2
3
5
7
20
8
11
2
13
27
2
26
7
6
3
5
4
9
8
4
15
22
33
4
7
15
21
1
9
4
3
2
8
71
14
1
2
4
17
1
17
22
9
25
2
39
21
34
3
14
50
9
46
3
12
3
1
1
19
73
31
3
32
22
4
20
5
2
6
16
18
28
4
4
23
15
4
17
13
21
7
81
50
11
1
1
7
1
14
6
48
11
2
