3173200
3162900
3162400
3172700
3169100
3160800
3156600
3164000
3177300
3164200
3166600
3158600
3162500
3141200
3171300
3116700
3143500
3179500
3126400
3144000
3120200
3177800
3182200
3163400
3156300
3195500
3212900
3280800
3168000
3163800
3182500
3159300
3234900
3168800
3178000
3153500
3159800
3165700
3226000
3195900
3405000
3531000
3475000
3172000
3213500
3189000
3169500
3190900
3165900
3171700
3328000
3239700
3238400
3183900
3157000
3173100
3156500
3270200
3224600
3313200
3560700
3187700
3168100
3177000
3165200
3193000
3157500
3170700
3171700
3176400
3169100
3164000
3272800
3607900
3171000
3155700
3173600
3197900
3160800
3182100
3172900
3170100
3172300
3166900
3159300
3222800
3180700
3165600
3164900
3204900
3165500
3160900
3180500
3185100
3183100
3182700
3167400
3201200
3205500
3174500
3177600
3183300
3213600
3170200
3175600
3179500
3233500
3170200
3189000
3175600
3234600
3205900
3181600
3184400
3233600
3177700
3390800
3495500
3652200
3519400
3626900
3416000
3211200
3176800
3193400
3179400
3339900
3305100
3181100
3197200
3181300
3180800
3164300
3172000
3201200
3193000
3184000
3182900
3200600
3178900
3179600
3176600
3241100
3180400
3166400
3168500
3203100
3186200
3330300
3173700
3203400
3183500
3161600
3166800
3177600
3158200
3164700
3195100
3195400
3183400
3164100
3221900
3187000
3210300
3164500
3173800
3189900
3172700
3168300
3157500
3185800
3170400
3178100
3180400
3200100
3179400
3177800
3166200
3181300
3163200
3185000
3169300
3170400
3174100
3200100
3154600
3168800
3222600
3173300
3170300
3150400
3181300
3173700
3179300
3164000
3440000
3260100
3200600
3191500
3179700
3161800
3192600
3174700
3184200
3180900
3218900
3171000
3169400
3189200
3179300
3187000
3181600
3173300
3171600
3204700
3178800
3188300
3175200
3172100
3161900
3169500
3171200
3202100
3167400
3167100
3166500
3167400
3181300
3190900
3169600
3162400
3202700
3172000
3169500
3176700
3167300
3199200
3170100
3171900
3159000
3226700
3170000
3155500
3166400
3178500
3261600
3175100
3208900
3156000
3163000
3163900
3158600
3152200
3143600
3177500
3117900
3243600
3146900
3167600
3132200
3111200
3243800
3141400
3133600
3119800
3148800
3110700
3163100
3140000
3158400
3144100
3125100
3146700
3119900
3138900
3113200
3161800
3150700
3136000
3135700
3131600
3146700
3128400
3121300
3119900
3160600
3128200
3160800
3139900
3131900
3169000
3146800
3114600
3133800
3162700
3132000
3132100
3116300
3160000
3144400
3111600
3127000
3137700
3171100
3169600
3182300
3158500
3186100
3160800
3121600
3172200
3158300
3143300
3169400
3152400
3148400
3152500
3162900
3148700
3163100
3178900
3135800
3164500
3163000
3175400
3160800
3161600
3166100
3177600
3181800
3176800
3171300
3210300
3196200
3187200
3584100
3174400
3187200
3171400
3173600
3157100
3184100
3197800
3178600
3161000
3191400
3188400
3176800
3168800
3177900
3201500
3181700
3169600
3188200
3183000
3170900
3172700
3218900
3209400
3195600
3201600
3226900
3207000
3199900
3194700
3201600
3181000
3177600
3163500
3173700
3172700
3187800
3187800
3155700
3190100
3207500
3188900
3181300
3162400
3206900
3177400
3174800
3167100
3224200
3168500
3187500
3179600
3179000
3180100
3108800
3171500
3267800
3683000
3348400
3672100
3395100
3204200
3186600
3222500
3192600
3170700
3188100
3169800
3179800
3180700
3184200
3206700
3556200
3730000
3906200
3840100
3252700
3172300
3166900
3165500
3172800
3194300
3209000
3184500
3173600
3236300
3181700
3172600
3177600
3200300
3246100
3178300
3173100
3197600
3177700
3168500
3190000
4689500
4794000
3275900
3259700
3259500
3226600
3261400
3687100
5942500
3789300
4764100
6018000
6084300
4193000
4182100
4189000
3246800
4178800
4166200
4206500
4163400
4184300
4189500
4203500
4182900
4185600
4222800
4194500
3192600
3175800
3161300
3167500
3648200
6092200
6017900
5069100
3283700
3186900
3199900
3186200
3213700
3174500
3174900
3204200
3187200
3189000
3172200
3197900
3175100
3165200
3162200
3168300
3195300
3206500
3171300
3167500
3187400
3228000
3172600
3181400
3188900
3172300
3167200
3185400
3178700
3184000
3198400
3178700
3202900
3170300
3236800
3175400
3197500
3169000
3181500
3175200
3226000
3569800
3181100
3159600
3181200
3180000
3181700
3182300
3182000
3167700
3163400
3173100
3180600
3181300
3185300
3959300
5841000
5629500
4111800
3228000
3183600
3204300
3185400
3177300
3185000
3183600
3583000
3254800
3211300
3172000
4114600
4180800
4170000
3690200
3168700
3254300
3163400
3186400
3188100
3280600
3162100
3172200
3227400
3194300
3276200
3169400
3199900
3170600
3653100
3453000
3607900
13242500
12723600
5497000
3192600
3224100
3189700
3187100
3174000
3220900
3215500
3169200
3175000
3198400
3190800
3175100
3179100
3163600
3173300
3170600
3162600
3186800
3195700
3162900
3168700
3182000
3233300
3176400
3176900
3185600
3252600
3238900
3173100
3190300
3192100
3165300
3173600
3185600
3176000
3168300
3172800
3196600
3181300
3188900
3168100
3166800
3202500
3174000
3160500
3225000
3182200
3177400
3177200
3170600
3164400
3164500
3168900
3161400
3161600
3171000
3192000
3176800
3187700
3164500
3168800
3171800
3168900
3164400
3180300
3173200
3169200
3159300
3164700
3197000
3190000
3187600
3169000
3179700
3167300
3204800
3210900
3310400
3499900
3840000
3907400
3741300
4049500
3711000
3164400
3199800
3163400
3166700
3178400
3200700
3172500
3171700
3164300
3194600
3165800
3166500
3167000
3209400
3892500
3865900
4018200
3924200
3207600
3178100
3186900
3192200
3168600
3193700
3188500
3200500
3160600
3170800
3179100
3205400
3186600
3168200
3176300
3216500
3174800
3193700
3181800
3177000
3163300
3161000
3158500
3177500
3173100
3165700
3165200
3192800
3189500
3160900
3167300
3185800
3178400
3183200
3190700
3186700
3158400
3161800
3173900
3162800
3171200
3208100
3163900
3216900
3171000
3243900
3174400
3194100
3172000
3192900
3175400
3332900
3174500
3193200
3181500
3194200
3174800
3201300
3177600
3195500
3167800
3166700
3172500
3167500
3174100
3164100
3194600
3232500
3234700
3206700
3290500
3191900
3175600
3193400
3189300
3177100
3182700
3186600
3191000
3180300
3182900
3181000
3229200
3169900
3196300
3169200
3175200
3194500
3200300
3176600
3155600
3171200
3205000
3161800
3162100
3164100
3179200
3157500
3169900
3164200
3172500
3172800
3158400
3163200
3190900
3232200
3164300
3167500
3197200
3188800
3168700
3169200
3162800
3200500
3203500
3162400
3178200
3169500
3162800
3166100
3186400
3170300
3164400
3165400
3184000
3191300
3197400
3153300
3198700
3168000
3173600
3179700
3155300
3165900
3180600
3135200
3144500
3123600
3168200
3165900
3099200
3150200
3156600
3177700
3115900
3124800
3140900
3158000
3145000
3139900
3115000
3145200
3133700
3137000
3103000
3170300
3177900
3169800
3168400
3172400
3161000
3171400
3148600
3111500
3150300
3172200
3159200
3161400
3206600
3199400
3166600
3176800
3155200
3188500
3176900
3179100
3201400
3181700
3192000
3177300
3176200
3163800
3200600
3196900
3178400
3172800
3202700
3165600
3206200
3176000
3178400
3189900
3190100
3163200
3194600
3190800
3187200
3167600
3170400
3184400
3160600
3178800
3173300
3185200
3185500
3203900
3179200
3179800
3182000
3169100
3169300
3173400
3246600
3219300
3211900
3184400
3209000
3187200
3337800
3200300
3217400
3209800
3171500
3174900
3356800
3190700
3173300
3179600
3212700
3180100
3182600
3186900
3228000
3196600
3192000
3173200
3194900
3199500
3187700
3215300
3272100
4842700
4367600
4469800
4289200
4476100
4456800
4649600
4432800
4209800
3725100
3209600
3240800
3219700
3236200
3194100
3294700
3204100
3202800
3169300
3179200
3186900
3223200
3224600
3175100
3168900
3185600
3176500
3179700
3202200
3186500
3172000
3174300
3197100
3174600
3178000
3167500
3197000
3195400
3177200
3169100
3207000
3174000
3179700
3184700
3201400
3177600
3174600
3173600
3194500
3168600
3174800
3179700
3200000
3186800
3192000
3158600
3166200
3183400
3207900
3181500
3172600
3197000
3196700
3188100
3167300
3187600
3183200
3177200
3190400
3204600
3184300
3199200
3188400
3232300
3179100
3193600
3172400
3201100
3176900
3197400
3172400
3187500
3186100
3222700
3217700
3239400
3176400
3206000
3171700
3312800
3224000
3225000
3211200
3273200
3238900
3181200
3196900
3203500
3178400
3180300
3237200
3276500
3209000
3201600
3241000
3181700
3170500
3184900
3208500
3173300
3361100
3221800
3194500
3189500
3183800
3198800
3200100
3176600
3207200
3183000
3177300
3172900
3173900
3174200
3173400
3201000
3188000
3169000
3171700
3167500
3179200
3171400
3533000
3355400
3211900
3172000
3180400
3288200
3199300
3179100
3171900
3174500
3294700
3212400
3214400
3217600
3338900
3169800
3177700
3183300
3194300
3183000
3198300
3171200
3203900
3195100
3186700
3182900
3187200
3168900
3176500
3183500
3199500
3190400
3197500
3196000
3178400
3206200
3195200
3182800
3177000
3198400
3164900
3181800
3175600
3191900
3173000
3172200
3168600
3215800
3178000
3175800
3184700
3178300
3160600
3180100
3166700
3212600
3180200
3161600
3192900
3178600
3205800
3163700
3173100
3114200
3168500
3248600
3165700
3159100
3173900
3258200
3168300
3166100
3166400
3242200
3289900
3289600
3170900
3190800
3157300
3157400
3180100
3188100
3155100
3173200
3177200
3198400
3165600
3169600
3202600
3178500
3203100
3250200
3278000
3183400
3317600
3493500
3422300
3555200
4472500
4212000
4188000
4202800
3188800
3262200
3328000
3477400
3271100
3235400
3188400
3352000
3225800
3249600
3211500
3430700
3217000
3248500
3250400
3224800
3200000
3202600
3181500
3249800
3182600
3192200
3191500
3422800
3329400
3430300
3413400
3283800
3172600
3190900
3180900
3347800
3175600
3183200
3599100
3425400
3523000
3659500
4144100
4419400
4243400
4377000
4224100
4208800
4199100
4205800
4210000
4045400
3179200
3183200
3185200
3165400
3184700
3198500
3174700
3172100
3192300
3185100
3167100
3167200
3178800
3184000
3194800
3168300
3192800
3161700
3167100
3161300
3178100
3183500
3195700
3179600
3214900
3271000
3181800
3175700
3175700
3188000
3187100
3172000
3170900
3168600
3170000
3162500
3183400
3183100
3216500
3185700
3177700
3205700
3236200
3371100
3206800
3225300
3262300
3309900
3217900
3205700
3226800
3190300
3163500
3174900
3176000
3191900
3181700
3195300
3178400
3175300
3168300
3167000
3170200
3190200
3176800
3165300
3161500
3189700
3191200
3216900
3208700
3168400
3186700
3164400
3165900
3173800
3213600
3160500
3164700
3163100
3179900
3172200
3184300
3178600
3184400
3162200
3160400
3178700
3179500
3214800
3190800
3177400
3189300
3263700
3182200
3168500
3216200
3210500
3200800
3175600
3187500
3184500
3172400
3211100
3293700
3196300
3193600
3191500
3199300
3192400
3200200
3182600
3202300
3692900
3211400
3223200
3439900
3919900
4694000
4205200
4204500
4203500
4193900
3622400
3205000
3173100
3214800
3213100
3183200
3174500
3189800
3198200
3174800
3186500
3187200
3201200
3185100
3174000
3196200
3194200
3178600
3180400
3188200
3179700
3160400
3178400
3214100
3184000
3177800
3165600
3196900
3205300
3174600
3156700
3209400
3184900
3173600
3177200
3202300
3174200
3186000
3182400
3168600
3193300
3187000
3169200
3188900
3165000
3188400
3297900
3226800
3217100
3231700
3247700
3250700
3195900
3223900
3203800
3187400
3194600
3186300
3175000
3178700
3161700
3190500
3179500
3184200
3187300
3180800
3172800
3169800
3169900
3180300
3175000
3153100
3212800
3174300
3194900
3164600
3203000
3164100
3207700
3170600
3192300
3160500
3192700
3164800
3187600
3200000
3175400
3166700
3171700
3242600
3166700
3194100
3172700
3160600
3161900
3194200
3177700
3166900
3175800
3220500
3180900
3210500
3307300
3199700
3574100
3186300
3313400
3445500
3229400
3467300
3352600
3548000
3392100
3526000
3368200
3554300
3923400
4414200
4022500
3497000
3441900
3539900
3531900
3361900
3205000
3258800
3254600
3166300
3207100
3511700
3785400
3797700
3677500
3852100
3832600
3532600
3179400
3280300
3192800
3199200
3238200
3252600
3169500
3158900
3237200
7011100
3266500
3267300
3206900
3190900
3166300
3164100
3180200
3174400
3224300
3177700
3214700
3169400
3198800
3177700
3191800
3176100
3159800
3162900
3172600
3164500
3167400
3160800
3185200
3354100
3166500
3159800
3228800
3271400
3256300
3512200
3447000
3184300
3330100
3166300
3188500
3160500
3158000
3171000
3184700
3195900
3173200
3176100
3204800
3194600
3194900
3177500
3181100
3180200
3190600
3277700
3247600
3270200
3179500
3256800
3200200
3218400
3188900
3364100
3662900
3332500
3227500
3323600
3216800
3175100
3192000
3160200
3184700
3166200
3175400
3197700
3206500
3177800
3187500
3187400
3206700
3178000
3199400
3258500
3262700
3183900
3180300
3299900
3183100
3176500
3172100
3365100
3233300
3173300
3172500
3298000
3208600
3178200
3179900
3197500
3172300
3174800
3173100
3196200
3190500
3180100
3178700
3195200
3182100
3176600
3188200
3189500
3239700
3200300
3182400
3173800
3252500
3210200
3164500
3171800
3218900
3215000
3173200
3168600
3189700
3204000
3179600
3169200
3189300
3197700
3172200
3180400
3200100
3165000
3199400
3195100
3190400
3325000
3218200
3200100
3180100
3192800
3169700
3175700
3196600
3199000
3174900
3174100
3173700
3200300
3165400
3158800
3169900
3203200
3195800
3168400
3169100
3177800
3197100
3168900
3163300
3179400
3204700
3173100
3166200
3195300
3207500
3176900
3206200
3173500
3195400
3175300
3174300
3169500
3140900
3180200
3162800
3163100
3177000
3225400
3161800
3148800
3167000
3227000
3173600
3177900
3162300
3172000
3181600
3178400
3168700
3171300
3195500
3165500
3168400
3193100
3177300
3182000
3185900
3181000
3169700
3180900
3179200
3186600
3178400
3171700
3176900
3189200
3194600
3186800
3172500
3178100
3193600
3195300
3187800
3172600
3216700
3188500
3174900
3181400
3175800
3178100
3182600
3175900
3173200
3168800
3156800
3162000
3171400
3169300
3178800
3163600
3160800
3187900
3177900
3192000
3173100
3186000
3188000
3181200
3178600
3175100
3168800
3189700
3181200
3175300
3168900
3180000
3187400
3158600
3205300
3114400
3127400
3253800
3098100
3177900
3100200
3209500
3345100
3154900
3201300
3222400
3187500
3655800
3212100
3321800
3164200
3157900
3165500
3198200
3171400
3168100
3154500
3155600
3163100
3171800
3160000
3205800
3188700
3166000
3186900
3174200
3194600
3167900
3164900
3168300
3163300
3181900
3183000
3445800
3231300
3222100
3178400
3198000
3203600
3181900
3188900
3179300
3173700
3224700
3187200
3171000
3201100
3188300
3167500
3170200
3180800
3164900
3161800
3172400
3177000
3165000
3179200
3165000
3170300
3167400
3166900
3157300
3167100
3167700
3178100
3158000
3166100
3166600
3165500
3181100
3166100
3190500
3160400
3192700
3171500
3183300
3163800
3191900
3184100
3166900
3162000
3173400
3176400
3187200
3188700
3165200
3185900
3170100
3157300
3174700
3195900
3188800
3168300
3158900
3176500
3258800
3178300
3160500
3268900
3175000
3193700
3155200
3163400
3262400
3163800
3176500
3158400
3287600
3208100
3188100
3259700
3161400
3244500
3181800
3162100
3180800
3256900
3284700
3255300
3171800
3175600
3255800
3173500
3180600
3158600
3260400
3173600
3185300
3172200
3181300
3240900
3166600
3168000
3157300
3534200
3260300
3171800
3187700
3175400
3254400
3181200
3165400
3216300
3349400
3172800
3172900
3193800
3178000
3233400
3168700
3178400
3180600
3188200
3165800
3160900
3190800
3189800
3186000
3163600
3169400
3201700
3166900
3165900
3185800
3176900
3860800
4199700
4255000
4189800
4208400
4216500
4185300
4173300
4189400
4200400
4204900
4179500
3402500
3165600
3163300
3172400
3176600
3184400
3178500
3178200
3172100
3222300
3178800
3180700
3174600
3195100
3185500
3187800
3174000
3196500
3175400
3177600
3177600
3195100
3161400
3167200
3172300
3160400
3198100
3160800
3168800
3117300
3152500
3266800
3187500
3162300
3116800
3159200
3134600
3114800
3148400
3143600
3181200
3121500
3144600
3115800
3166300
3134600
3139200
3153400
3137400
3146500
3129100
3130700
3136100
4029400
4138600
4128000
4146100
3173400
3138100
3111400
3128000
3170600
3138300
3124600
3130500
3160100
3127000
3110400
3117400
3157900
3134500
3133800
3122400
3107000
3153000
3141800
3112000
3108200
3157200
3140100
3115100
3115400
3141000
3162600
3124700
3128000
3110100
3148200
3149100
3119900
3172400
3200100
3283500
3201700
3175700
3212600
3307100
3293000
3236700
3308000
3454600
3189000
3181000
3171100
3296300
3177000
3181400
3179100
3272600
3181000
3187200
3179400
3208000
3157900
3169500
3164300
3179900
3186900
3213400
3171100
3200900
3322500
4196800
4190800
3814400
3168600
3168900
3175200
3202000
3184700
3184300
3175900
3202100
3232100
3163600
3172800
3332000
3202400
3222200
3223400
3248500
4363300
4466100
4198000
4206300
4184400
4196400
3516700
3170600
3184200
3184100
3221900
3202200
3186600
3214900
3193900
3169400
3173100
3185300
3165900
3180900
3176600
3195900
3202200
3205400
3168100
3200000
3188700
4169000
3183200
3181900
3168200
3194100
3169900
3213300
3182100
3230900
3283300
3216200
3210200
3195400
3163200
3164100
3198200
3163800
3190600
3168100
3166500
3157500
3198800
3171400
3204800
3179300
3193100
3168600
3180900
3159300
3220400
3190000
3183400
3172900
3205400
3176700
3171100
3180300
3189500
3163700
3178100
3169300
3179300
3202200
3170200
3169400
3177000
3191200
3179300
3200000
3174900
3202900
3177900
3195900
3180600
3174600
3174600
3202000
4516200
3193500
3169100
3169200
3197600
3178800
3185500
3208400
3191000
3175500
3195600
3176200
3404900
3298400
3283200
3188200
3342900
3270200
3414700
3381200
3352400
3403200
3422600
3282100
3672300
3508800
3235300
3463000
3268700
3423900
3495200
3184500
3183800
3199000
3205300
3175300
3175000
3195600
3179600
3173700
3167400
3171500
3242900
3193000
3290400
3205700
3169000
3178200
3251500
3178600
3413700
3574200
3250700
3231200
3238200
3177100
3166400
3162800
3199300
3159700
3176500
3164800
3173700
3164500
3190800
3185600
3184000
3176600
3183000
3199600
3197400
3181100
3174000
3170100
3197100
3175900
3172600
3183800
3198600
3192100
3204700
3176500
3229300
3186600
3179900
3168400
3209900
3209700
3178000
3181100
3225900
3178700
3179900
3170900
3184700
3165300
3159400
3179600
3216600
6462000
3445300
3191600
3198700
3163800
3169100
3185000
3185600
3182800
3176600
3191800
3183400
3155300
3188900
3158100
3160800
3158400
3160500
3157900
3156700
3252000
3288300
3176800
3166000
3174400
3179600
3182800
3218500
3203000
3268900
3208800
3197600
3262100
3238200
3186700
3208200
3490200
3529000
3842200
3746900
3745300
3659000
3220100
3203900
3335600
3204300
4954800
3174900
3196500
3157500
3179900
3245400
3194600
3156600
3217500
3253400
3192900
3171800
3176000
3182700
3182200
3186000
3182400
3176800
3187800
3162100
3177600
3184900
3209600
3179800
3179400
3161100
3185300
3160800
3162400
3166000
3166100
3161900
3173900
3162800
3163500
3198900
3177800
3164000
3208400
3163300
3160800
3162900
3163100
3176800
3173400
3159100
3161600
3194700
3165600
3166500
3168800
3199600
3165700
3165500
3166900
3170500
3172800
3168800
3152800
3174400
3259500
3160600
3160800
3190400
3157800
3174800
3166800
3173000
3181100
3269000
3166700
3161900
3171900
3182300
3154900
3170000
3194600
3176600
3172100
3195300
3133600
3187500
3187900
3164400
3133800
3117000
3179400
3179900
3178000
3119900
3193100
3168900
3153500
3121300
3112900
3219700
3196300
3174300
3179400
3219100
3179400
3164700
3165700
3207300
3225800
3173200
3162300
3167000
3164200
3170000
3174400
3215500
3204000
3179800
3205600
3201800
3185900
3189400
3176800
3176800
3196800
3167400
3289200
3297000
3923900
3288900
3208000
3178800
3192400
3170600
3164800
3163000
3190100
3184200
3162000
3167100
3200000
3160700
3163600
3166000
3192800
3180300
3160700
3161900
3151300
3167300
3203800
3170100
3161900
3198200
3170500
3165600
3155800
3175800
3188500
3186500
3185500
3191300
3313600
3360300
3373400
3339600
3219000
3161200
3168800
3178400
3169900
3156000
3155600
3175600
3172200
3177000
3175000
3192800
3166100
3195700
3173000
3256200
3180900
3182900
3164100
3189200
3165100
3165000
3185600
3281400
3168000
3190400
3251100
3188500
3159900
3159500
3172600
3157900
3159100
3160200
3181900
3149900
3165500
3157000
3169800
3190100
3216800
3166200
3160500
3173600
3183100
3161100
3159600
3176000
3178800
3163500
3156800
3156800
3158000
3174700
3167700
3162000
3159700
3166900
3176200
3165000
3158800
3195500
3139500
3161500
3164200
3200000
3178600
3171700
3167000
3235400
3201000
3185000
3169700
3214300
3182300
3191000
3188000
3346200
3190000
3217200
3258400
3221400
3184400
3192500
3174300
3175500
3219100
3173100
3169700
3178200
3234000
3173100
3180600
3206600
3195500
3179100
3180600
3179000
3206500
3170300
3220700
3360000
3857300
3475700
3846900
3886700
3236100
3188800
3178200
3181100
3166400
3160800
3164400
3307400
3187500
3173400
3178700
3210200
3201000
3193600
3160100
3184300
3163800
3163700
3157300
3166700
3156500
3160400
3183500
3161300
3178400
3176500
3158600
3163000
3184300
3180600
3459600
3530600
3169700
3176100
3178900
3192200
3194500
3173200
3169200
3228100
3175200
3172800
3181700
3166700
3220800
3182400
3188300
3181300
3216700
3178200
3210100
3155600
3222300
3200700
3175800
3175600
3183200
3161500
3189000
3179800
3175100
3164100
3168900
3172200
3199900
3180900
3162800
3172900
3194300
3182300
3167900
3179200
3189600
3173000
3178900
3166100
3191600
3169300
3162400
3168700
3179100
3187000
3192300
3184500
3206500
3188700
3192000
3175600
3159500
3192100
3206300
3219200
3217500
3226300
3207900
3236000
3259400
3205500
3200700
3217000
3217200
3172200
3167500
3173800
3185900
3176400
3159800
3171600
3181600
3157500
3166100
3165100
3169900
3167300
3162900
3167600
3175900
3197300
3186900
3187000
3165100
3201600
3172700
3186100
3160500
3183200
3207700
3189000
3175100
3152700
3180400
3157500
3164700
3149700
3216700
3163900
3187200
3169800
3168400
3205200
3184000
3243100
3207900
3261500
3187700
3173000
3178600
3211800
3181700
3171100
3181600
3235500
3213400
3208000
3196500
3188200
3182600
3173700
3202200
3207900
3267100
3225400
3216400
3212900
3299200
3194200
3208700
3164100
3254700
3235600
3175500
3184500
3186100
3167200
3179100
3163000
3159000
3196900
3161900
3165800
3164000
3200100
3204600
3189900
3168600
3184700
3175500
3180900
3171300
3182300
3171900
3150500
3101800
3142400
3087200
3167100
3127300
3104900
3132700
3118600
3139000
3096600
3077600
3239500
3202900
3158800
3124600
3095700
3196400
3131800
3178400
3078900
3138000
3138500
3180000
3140600
3131100
3169300
3073600
3104200
3050900
3193200
3125800
3062000
3098800
3097700
3146800
3080200
3063000
3127800
3133200
3094400
3087200
3093900
3138700
3188400
3108100
3055700
3101000
3155400
3080100
3089600
3049900
3101500
3183500
3057100
3091200
3086900
3153100
3100900
3069700
3074300
3134600
3167900
3060900
3088000
3076800
3477600
3140100
3096800
3159500
3205000
3159500
3107900
3124500
3182800
3181400
3344200
3221000
3170300
3161600
3131700
3140200
3186500
3175000
4013700
3164200
3119700
3170400
3160900
3108000
3093300
3108400
3181200
3154500
3096900
3118100
3132100
3173000
3183500
3215300
3217200
3258100
3211200
3194900
3189200
3207200
3179400
3178100
3188400
3200200
3175400
3142100
3178100
3198900
3190100
3169400
3123500
3118900
3303600
3231400
3171100
3223800
3279600
3216200
3205700
3140100
3222500
3176300
3200100
3156900
3138300
3208600
3171600
3137800
3136200
3217000
3174800
3124800
3136400
3140700
3182800
3132100
3147800
3123200
3191500
3120900
3118400
3135600
3171200
3170800
3136300
3128200
3143000
3196200
3122000
3137300
3161900
3175800
3162100
3168000
3143600
3159600
3179200
3131700
3131500
3170700
3158200
3179300
3144300
3124100
3179600
3170600
3140700
3129700
3188600
3170900
3135400
3127400
3152300
3129000
3172100
3116400
3142100
3150600
3163500
3147700
3142500
3165000
3156300
3189400
3117800
3128900
3136100
3159500
3096600
3108500
3128400
3131200
3131300
3142700
3114800
3128500
3133900
3082200
3111400
3119900
3135600
3142400
3135900
3162000
3177100
3133800
3233000
3177900
3188000
3167400
3140000
3128400
3185100
3164600
3137700
3135200
3138100
3192900
3146400
3105200
3141900
3196600
3161000
3136900
3150400
3188100
3177100
3108200
3109700
3181700
3179000
3145000
3147400
3155600
3180700
3146000
3117300
3135800
3211100
3193500
3120900
3116700
3141600
3172900
3106800
3086100
3122800
3125500
3154700
3090200
3089700
3110500
3180500
3059000
3101300
3144900
3153500
3103300
3107800
3091600
3192500
3139600
3082300
3069200
3145700
3126200
3120100
3169000
3110500
3259200
3147300
3096400
3106300
3140400
3166600
3106200
3116500
3115900
3115700
3137600
3097900
3094300
3135000
3148600
3131200
3130200
3153800
3134000
3171200
3157900
3126800
3187900
3178600
3145800
3142700
3150800
3126200
3175800
3113400
3117800
3124700
3172200
3111400
3143600
3185700
3166000
3125300
3280800
3182600
3168700
3207200
3168700
3174600
3187800
3150400
3139500
3167500
3163200
3175100
3206300
3218300
3232300
3245000
3230000
3190400
3183500
3213000
3229700
3190500
3284900
3166100
3186900
3174700
3178400
3183900
3210600
3173200
3182700
3181000
3210400
3172200
3165400
3160900
3193100
3170300
3158500
3167200
3179200
3179900
3290500
3173500
3226500
3185200
3178200
3162500
3173400
3175100
3162500
3166500
3164600
3189900
3179800
3162700
3168800
3183200
3163500
3166300
3191600
3174700
3200600
3169600
3157000
3174900
3171900
3185800
3160700
3145800
3109300
3158500
3116000
3116700
3186500
3123600
3164600
3114500
3138500
3195800
3172200
3138200
3188000
3150200
3173200
3111700
3126100
3130900
3210400
3148200
3137600
3137500
3145400
3153600
3127100
3154100
3174100
3149700
3117200
3138900
3147500
3105800
3139200
3109800
3103500
3139100
3134800
3111100
3081500
3115900
3087400
3151300
3059800
3092000
3101400
3144600
3134400
3096200
3121100
3115600
3174200
3087600
3063700
3091400
3158400
3144300
3118800
3129400
3081300
3207300
3119400
3121200
3120200
3132100
3124600
3103300
3136000
3118400
3151500
3109500
3152400
3141100
3135300
3115600
3147600
3115400
3109400
3173600
3162500
3139300
3146600
3160100
3156600
3179800
3229900
3195500
3177300
3148300
3183900
3211700
3189900
3210900
3209000
3228100
3219600
3485000
3299000
3263500
3196900
3211600
3244100
3197300
3181200
3196000
3190500
3268300
3169400
3276000
3186000
3243600
3202400
3202400
3254800
3183400
3189500
3172700
3193700
3248800
3348000
3232500
3373900
3267700
3196900
3294200
3256500
3171900
3159300
3157400
3182000
3175500
3393800
3301300
3245400
3315300
3513000
3399100
3452200
4289200
4272200
4176500
4171700
4176200
3187600
3165300
3210500
3205800
3275600
3194200
3285900
3482900
3339400
3493100
3203400
3222800
3207600
3223500
3237600
3212100
3209000
3218900
3241700
3176600
3173000
3172700
3183400
3227800
3205600
3220000
3201600
3195200
3208900
3199500
3166700
3209500
3243000
3165700
3171700
3198900
3183300
3183100
3176300
3175100
3191300
3181200
3186100
3173300
3245600
3182400
3165000
3168200
3240500
3165300
3179000
3186200
3188700
3171100
3182700
3166800
3184000
3201500
3167900
3175500
3182700
3232700
3183200
3192900
3189100
3375000
3186400
3190200
3189600
3187000
3179900
3162100
3183800
3161700
3175100
3168800
3192100
3172500
3173900
3235900
3181200
3175700
3162600
3325100
3192400
3189000
3160800
3181400
3168600
3160000
3168000
3188200
3173900
3165900
3160400
3156000
3185400
3163000
3395700
3480600
3735200
3459800
3639700
3290200
3203300
3188700
3185500
3164500
3304300
3179700
3179200
3203300
3246500
3165100
3169200
3165400
3229100
3189400
3180600
3169400
3181400
3224200
3174100
3173900
3176700
3195000
3181300
3298600
3193500
3199000
3170400
3164200
3174100
3210900
3210200
3168400
3174200
3199300
3175100
3172700
3163300
3184900
3183300
3208700
3178100
3187100
3161800
3164600
3173100
3178800
3181400
3168500
3185400
3183100
3181600
3161700
3170900
3187700
3147900
3155000
3165400
3178600
3174800
3169700
3187900
3131800
3186400
3158600
3181400
3168400
3183200
3174700
3202900
3208800
3240400
3214300
3218800
3211500
3249500
3187700
3187100
3250200
3183300
3182700
3181700
3193900
3179000
3176900
3163200
3242900
3172000
3155400
3168700
3184400
3176100
3172400
3168500
3161200
3209900
3175900
3162300
3163200
3188100
3300400
3162500
3171000
3177500
3165400
3240900
3157500
3172000
3179500
3164200
3194400
3175300
3209400
3371200
4138300
3211400
3202000
3166900
3157300
3237100
3253000
3192800
3265800
3253500
3326700
3178700
3241500
3269600
3184800
3168900
3307900
3193400
3758900
3209000
3170600
3213400
3158900
3165200
3161100
3183600
3153100
3165100
3783700
4214900
4165300
4200200
4199000
4182700
4174400
4181800
4207300
4186400
3519800
3192100
3157600
3164400
3170800
3204400
3182700
3164900
3180900
3184700
3159900
3159900
3167500
3171100
3193400
3160300
3176600
3154800
4102600
4168900
4168700
4062100
3184300
3191300
3165700
3199700
3162900
3159700
3165100
3189600
3177900
3171000
3174300
3181200
3197400
3162400
3164000
3183900
3162000
3192500
3173100
3168500
3161300
3178000
3217400
3204300
3171800
3179500
3153900
3164000
4133600
3162800
3165900
3162500
3168200
3158800
3184800
3156900
3165200
3157200
3172700
3169500
3168700
3153300
3178700
3182000
3169500
3167900
3167200
3188800
3170200
3175500
3187600
3160200
3236900
3170100
3164800
3164500
3179000
3172900
3178500
3183900
3166000
3169400
3158700
3172100
3168200
3179500
3195900
3173200
3159900
3212500
3171500
3160800
3166200
3194900
3169900
3164300
6254100
15945200
6622800
3187800
4191900
3488300
3233700
3303900
3202200
3197800
3201400
3701000
3606400
3180900
3174900
3210500
3169100
3158200
3184500
3190700
3182900
3189700
3177000
3281200
3178500
3190700
3170500
3210100
3177400
3176600
3189500
3173000
3200400
3181200
3203200
3164500
3184100
3243800
3193500
3193400
3174600
3208800
3189100
3165600
3160700
3184500
3208000
3205000
3211000
3181400
3169900
3170100
3171100
3161200
3161800
3182300
3177100
3163500
3151100
3173100
3167600
3150900
3157200
3189100
3311100
3274500
3188100
3422600
3222700
3176600
3161800
3228600
3228500
3163600
3173400
3164900
3205000
3163600
3187500
3170200
3204500
3174200
3168200
3172900
3183000
3174900
3171400
3166900
3177600
3223400
3170300
3211300
3242100
3236500
3210500
3192600
3182800
3200500
3166100
3166300
3179300
3206900
3168200
3162900
3183600
3173800
3163100
3176200
3170600
3177000
3199000
3185700
3170600
3175200
3203000
3175700
3175100
3201300
3171500
3211200
3194600
3176800
3200800
3285800
4199600
4229700
4204400
4188700
4188600
4226100
4190700
4187900
4225300
4193300
3179300
3202800
3197800
3183400
3388200
3176800
3200000
3205900
3169700
3175700
3179000
3223200
3130200
3124000
3230200
3252100
3185100
3140500
3184700
3217000
3166100
3144800
3160100
3167100
3162200
3126100
3117900
3119800
3162600
3137600
3144200
3114500
3136200
3158400
3125800
3115800
3193100
3141600
3138500
3123400
3166200
3128600
3170800
3131500
3141200
3180000
3157400
3127800
3111100
3132700
3131000
3139700
3140700
3112100
3141700
3138600
3119200
3128100
3127600
3099500
3137200
3091700
3076800
3095100
3141000
3122300
3140600
3112400
3107300
3170000
3143900
3088400
3087200
3148500
3124900
3096200
3060700
3121700
3127500
3182300
3133200
3111100
3151400
3137800
3096300
3105600
3096200
3162000
3095400
3060600
3057700
3129600
3131100
3078000
3067700
3075400
3184000
3094500
3175100
3089200
3134500
3137100
3150100
3087700
3094400
3242700
3103100
3091700
3090900
3105900
3165000
3095800
3106000
3087700
3149400
3406500
3105600
3086300
3144700
3170300
3106000
3126500
3129000
3158000
3135800
3126200
3120000
3134400
3155500
3123600
3102100
3145700
3150700
3104900
3145600
3108100
3120900
3141700
3105200
3122700
3207200
3166400
3138400
3122100
3140300
3171700
3243800
3232300
3880000
3567800
3180700
3159000
3181600
3161400
3209000
3165100
3119600
3146600
3183100
3153800
3112000
3137200
3206400
3156500
3118800
3120100
3220800
3196000
3192400
3183000
3239400
3185500
3118100
3167400
3186000
3235500
3164900
3177000
3173400
3227900
3172900
3162000
3167600
3133400
3171300
3168300
3174900
3140600
3177800
3098900
3178900
3182300
3146100
3152200
3164500
3174300
3177000
3203100
3168600
3184700
3178700
3171000
3159900
3179100
3131200
3123800
3173500
3194300
3129100
3167200
3204100
3178600
3142900
3134600
3223200
3166200
3164200
3129800
3167100
3194800
3155500
3122000
3137000
3213400
3191600
3179500
3189000
3176600
3201000
3127700
3133500
3186400
3228800
3178200
3193400
3170200
3200800
3194300
3151700
3195300
3211900
3176800
3135600
3187500
3171300
3164700
3136700
3173700
3162700
3181300
3157900
3146300
3176000
3161000
3164800
3136900
3167100
3185400
3185400
3543300
3499700
3673600
3318800
3170100
3177500
3209600
3190600
3173100
3172800
3188700
3179800
3176000
3206600
3189600
3193200
3165600
3164500
3184000
3160300
3199700
3185800
3201100
3167600
3175100
3164500
3167900
3189600
3170900
3188500
3166800
3182700
3157300
3177300
3160700
3192200
3181700
3169500
3163300
3198900
3166200
3207900
3167600
3153100
3160900
3176000
3172400
3189000
3154800
3179300
3133500
3154400
3134200
3140800
3127000
3164300
3121400
3131100
3113100
3160000
3139900
3141400
3138700
3133300
3185500
3103700
3135700
3084400
3132800
3125900
3123400
3081700
3125400
3172400
3076800
3128200
3115100
3137400
3146300
3108500
3096100
3129100
3161300
3109000
3141000
3140100
3241400
3192100
3231200
3177700
3150000
3195800
3186700
3170700
3166700
3228200
3203900
3215000
3146600
3217100
3186700
3217000
3178100
3214400
3181200
3115200
3206300
3190500
3192700
3163500
3168000
3161700
3187900
3200000
4585700
5736200
5897900
3222200
3168900
3181600
3110400
3181900
3144100
3139100
3124500
3147100
3144700
3204400
3156100
3234100
3172400
3160600
3145400
3135200
3168300
3185600
3657200
3158500
3236500
3227700
3193000
3174100
3242300
3153600
3169200
3150100
3157300
3202800
3136300
3145300
3146800
3160000
3124500
3151200
3181500
3198500
3201400
3167000
3234000
3243900
3189700
3174600
3181000
3209500
3219300
3219900
3217200
3210100
3207300
3183300
3195400
3175200
3228000
3167200
3187300
3171500
3190500
3181500
3173200
3181300
3260400
3170100
3176300
3175000
3257800
3228800
3223900
3169500
3172200
3197200
3199500
3207000
3208400
3238700
3163800
3170900
3172800
3213000
3180500
3171600
3167000
3178200
3163900
3113300
3128300
3140300
3162800
3135400
3116400
3113300
3171200
3163400
3143900
3166200
3149700
3178800
3128200
3138500
3133500
3173100
3174900
3135100
3149000
3117300
3184600
3146200
3123200
3130400
3138400
3165200
3154700
3117400
3104300
3185300
3135200
3127400
3133100
3105400
3150500
3118000
3238600
3365600
3820100
3706000
3243600
3198400
3180800
3215400
3174800
3146500
3978700
4172400
4165800
4200800
4210800
4187900
4201400
4190900
4198400
4176700
4119200
3158500
3154900
3164600
3210300
3158800
3159700
3165900
3195800
3169300
3114800
3137800
3190600
3164000
3109200
3160500
3153200
3180000
3160300
3154200
3152900
3177000
3161100
3171800
3164800
3303700
3172400
3171300
3151000
3160100
3206500
3189300
3163200
3113500
3174200
3193700
3178900
3200100
3172800
3154500
3185000
3171700
3159400
3172300
3176500
4052900
3169700
3189100
3172400
3173300
3130400
3192400
3164300
3185700
3140200
3158400
3198200
3186800
3151500
3166900
3199600
3255100
3131800
3127200
3138000
3186000
3160800
3128800
3140300
3204700
3181800
3121400
3092500
3159000
3193400
3122900
3119300
3090500
3190300
3141900
3112700
3104700
3152500
3177300
3125100
3096400
3164300
3179800
3120700
3073300
3127300
3147400
3189800
3104300
3089400
3105000
3186100
3109200
3134100
3148900
3173700
3167000
3113300
3152300
3146400
4134300
4129800
4143000
4161600
4140500
4094100
4134500
4228300
4152200
4090100
4184800
3373400
3120100
3135700
3189500
3160500
3125200
3067700
3155200
3173900
3073300
3110500
3072200
3157900
3186300
3156200
3171100
3148800
3188300
3145300
3117700
3116600
3176100
3166100
3112400
3121600
3152200
3208200
3220000
3205000
3188500
3231800
3136500
3173100
3174100
3216500
3165000
3139500
3120300
3305300
3158700
3611200
4240100
4258200
4185900
4235700
4264100
4208000
4211900
4279300
4093300
3268800
3338500
3281200
3183000
3146800
3148600
3201200
3178300
3122900
3117000
3128900
3180000
3190800
3146300
3129000
3209500
3142900
3138000
3241400
3272600
3167700
3189400
3117700
3167400
3171000
3176300
3111600
3250100
3266700
3176300
3165600
3205800
3279700
3199300
3159800
3157300
3215300
3161000
3118800
3136300
3212400
3204300
3139000
3232200
3230200
3207000
3203400
3247600
3175000
3165900
3151800
3169400
3236000
3234900
3234500
3265000
3225100
3152600
3147200
3151100
3187600
3132300
3164000
3125700
3195000
3162100
3151400
3128100
3160400
3180100
3123200
3119200
3158800
3214400
3172900
3149400
3129100
3215800
3165200
3155100
3157600
3173500
3186000
3203900
3129100
3140800
3176400
3189600
3184300
3160600
3164100
3184700
3152200
3158000
3181700
3192600
3151900
3112700
3109800
6177000
6437800
3632700
3167700
3168200
3116400
3137300
3160600
3146500
3109400
3122700
3163000
3065100
3098400
3170600
3189800
3165500
3119100
3143700
3149100
3179100
3193400
3079900
3070700
3142200
3146700
3090700
3077000
3086600
3146900
3164400
3112700
3111100
3181300
3213300
3104000
3116200
3160000
3165500
3110100
3098300
3088500
3110200
3102600
3086600
3100400
3100500
3163300
3096000
3121300
3105100
3138200
3072000
3106000
3191700
3175700
3144800
3164600
3819800
3588700
3170900
3130400
3175500
3140400
3178800
3143000
3184900
3181000
3173400
3157500
3148400
3175800
3269900
3143100
3140000
3118300
3124900
3154900
3134900
3100700
3106900
3127400
3076200
3103300
3078500
3105800
3151400
3062500
3090100
3102500
3148900
3137200
3099300
3096800
3043500
3175400
3074200
3075700
3107000
3160900
3105600
3105100
3058300
3127800
3144600
3175200
3165100
3146500
3190100
3117400
3094600
3106900
3189700
3107500
3122300
3095900
3197400
3158500
3153700
3112100
3136100
3146400
3112600
3177700
3112000
3175000
3129000
3149700
3093900
3140500
3176800
3144800
3134000
3137500
3157900
3114400
3144100
3208200
3181800
3148100
3166200
3169000
3173400
3169200
3193700
3219400
3231500
3180900
3127400
3182700
3160000
3162400
3196700
3155000
3181300
3197500
3180500
3168100
4266300
4262000
4188500
4112300
3201800
3247300
3177400
3223100
5840900
3195000
3149500
3182600
3120600
3191300
3233100
3334400
3157400
3132400
3124600
3177200
3149100
3132700
3169100
3175100
3169000
3143700
3128800
3197700
3163300
3107800
3124200
3188100
3144400
3118800
3125100
3146100
3140100
3174400
3141600
3180000
3124900
3142300
3102600
3109600
3138600
3145700
3111500
3096600
3140400
3121100
3145200
3127600
3177900
3269000
3203400
3179800
3234800
3262200
3222000
3172500
3237900
3266400
3278600
3390300
3203600
3222700
3177700
3287800
3184400
3238300
3208600
3178600
3168300
3177500
3174000
3159000
3192500
3171900
3253700
3217900
3269400
3199900
3254500
3214500
3227000
3255400
3262200
3218800
3238900
3204700
3268300
3224100
3251900
3250800
3240600
3209500
3178800
3161500
3286800
3213600
3215000
3219200
3189700
3167900
3186000
3192000
3165000
3260900
3180800
3186500
3173900
3158400
3193700
3205300
3188100
3161300
3619600
3199600
3159900
3169200
3187300
3208400
3182600
3175700
3174000
3216100
3192200
3177300
3195100
3214000
3177300
7545000
3199800
3178500
3187000
3205900
3193900
3155900
3159100
3158700
3191700
3185000
3160000
3169200
3198600
3224100
3220000
4074800
3178900
3176000
3224800
3181400
3179000
3174100
3174300
3190000
3157500
3175000
3177100
3207400
3162500
3163500
3159100
3176300
3159900
3166000
3158400
3166900
3166600
3162600
3168800
3158600
3184300
3159200
3154200
3170400
3184100
3167100
3175700
3158700
3198700
3164700
3194000
3212400
3196400
3177300
3170300
3142100
3213500
3135600
3158300
3160700
3130500
3188900
3174500
3131400
3162100
3143700
3126900
3156300
3137500
3104700
3119100
3202900
3134800
3131200
3123400
3139700
3152300
3087300
3115700
3145100
3136500
3110700
3067900
3115100
3142000
3141300
3218300
3177800
3180100
3158700
3233900
3227600
3161700
3239200
3217200
3158000
3115200
3182200
3139600
3206900
3175100
3388300
3187400
3273600
3328900
3334800
3225700
3168000
3167700
3241100
3219800
3160400
3211100
3164900
3177400
3143300
3185700
3181800
3210300
3151400
3166000
3173400
3178900
3148000
3127500
3181000
3204000
3163500
3189500
3208100
3185000
3283400
3162900
3203800
3205100
3194000
3117100
3134900
3233600
3177100
3157400
3150300
3134400
3222000
3200700
3137100
3155800
3191800
3185600
3216300
3149700
3248300
3172700
3157200
3520100
3875800
3865600
3524400
3850600
4131900
3205800
3228800
3262700
3207600
3175000
3218200
3204200
3204000
3229700
3221200
3233900
3186400
3171600
3211600
3190900
3204800
3206900
3170300
3201300
3233200
3198100
3206300
3228100
3259000
3358100
3222200
3223200
3206800
3173900
3261500
3219000
3186800
3183600
3256700
3200000
3240700
3183200
3188000
3190700
3193500
3258300
3218600
3385600
3243100
3164200
3285300
3196400
3199200
3166900
3190100
5222800
4154200
3430100
3233900
3212600
3219200
3209500
3168900
3171700
3218700
3178400
3157300
3183000
3158500
3173600
3163000
3208600
3200000
3249400
3175800
3171700
3170000
3184000
3219700
3219800
4172600
3283000
3233300
3245000
3219500
3251900
3184600
3180800
3165700
3212900
3190600
3220300
3228300
3578500
4241900
4237200
4252700
4187500
4192400
4205400
4226700
4193300
4192400
4254200
3393000
3184900
3182200
3207100
3169500
3248200
3223500
3412400
3650700
3347800
3162100
3178100
3285400
3174300
3169100
3276200
3345000
3165000
3172800
3392800
3637100
3669300
3891400
3493400
3802300
3822200
3266200
3189000
3250500
3716500
3600000
3723300
3484800
3764500
3621500
3592000
3186400
3176300
3181700
3196700
3444300
3376300
3406800
3778800
3550200
3471000
3443200
3448600
3318200
3346600
3332300
3437400
3436700
3417400
3451800
3562300
3431200
3566000
3702800
3593800
3720700
3879200
3315200
3234400
3250200
3406700
3402400
3352300
3351100
3683000
3438600
3616400
3606300
3567700
3583700
3576800
3685500
3589000
3542900
3448000
3425200
3242400
3504500
3541500
3613700
3528900
3384700
3344900
3366800
3280800
3349200
3526900
3489600
3605400
3399500
3379700
3571300
3376000
3221700
3173200
3168400
3199000
3163700
3175400
3178800
3162700
3163200
3161600
3336400
3165500
3167600
3163900
3195900
3181100
3190700
3160400
3224200
3252700
3180000
3186600
3241800
3166900
3166100
3159300
3177500
3175200
3166400
3163900
3167400
4407400
4227000
4194500
4192800
4185000
4182400
4080300
3216400
3198500
3202400
3253500
3232200
3203000
3166400
3230100
3213600
3169500
3172100
3170000
3517800
3773600
3190200
3187000
3256500
3191400
3174500
3219800
3203600
3162300
3168600
3166100
3194400
3186500
3176400
3173200
3209800
3182100
3165400
3174800
3295400
3221800
3239800
3227600
3242800
3173800
3204100
3215400
3258400
3194500
3198200
3204900
3290400
3180600
3183800
3166600
3192700
3204700
3167300
3178600
3178000
3191300
3164300
3180800
3179700
3225900
3219400
3203400
3199900
3216000
3338800
3225200
3309100
3182400
3180300
3167600
3173500
3186900
3178300
3173000
3188300
3184700
3183400
3204900
3177100
3215100
3235700
3227800
3222200
3236600
3182300
3200600
3219700
3213300
3242000
3219800
3229800
3237700
3298000
3215000
3202600
3180800
3207200
3192500
3211700
3255100
3241200
3208900
3221000
3196000
3164400
3165900
3175000
3177200
3201800
3182400
3210000
3175900
3177700
3199300
3202200
3186100
3190000
3188300
3178300
3189700
3168700
3198900
3172400
3180400
3183700
3177400
3203600
3177800
3164500
3160500
3199800
3162800
3173700
3171400
3197700
3174700
3187200
3170200
3186400
3173700
3175000
3178400
3171700
3157000
3163700
3177800
3158000
3201200
3179200
3190500
3203500
3188700
3195700
3198700
3171800
3210800
3201900
3628400
3193000
3185700
3177400
3160600
3171900
3181700
3159100
3192100
3171400
3163700
3192600
3164800
3162700
3160600
3178300
3164800
3161900
3160200
3172500
3173700
3167100
3161500
3189200
3194300
3197400
3160300
3168800
3215800
3188700
3168600
3178500
3251100
3181800
3189400
3180800
3213500
3171800
3182900
3197100
3246700
3178200
3185700
3180100
3210200
3172900
3185700
3180500
3210600
3252300
3208500
3215200
3228500
3252500
3215200
3216800
3447000
3194200
3182800
3168300
3181500
3178600
3339500
3191100
3171800
3194200
3169600
3179200
3201400
3192800
3174300
3171900
3187500
3188000
3229200
3172900
3178600
3173500
3193700
3185100
3127300
3125700
3163700
3136300
3179100
3140700
3163800
3150600
3158000
3153900
3150800
3170300
3119900
3127500
3144300
3171200
3140700
3119900
3118300
3154600
3186500
3154700
3182500
3166100
3209000
3147300
3148300
3138300
3168000
3183200
3192300
3157500
3195200
3168400
3155900
3161400
3230600
3159800
3168500
3179700
3190400
3202900
3143500
3125700
3123300
3176800
3151000
3117600
3118800
3140000
3202100
3214100
3190200
3136000
3226400
3216200
3166500
3156900
3169400
3142500
3130000
3126100
3124700
3170900
3170300
3120200
3126300
3157800
3163200
3127600
3131800
3128400
3195800
3132600
3132000
3139000
3168000
3155300
3096200
3132900
3135400
3281000
3165000
3215900
3162400
4194700
4176800
4183300
4278500
4181800
4153200
4182000
4148800
4129600
4120200
3343600
3138700
3135200
3121400
3158900
3151300
3130800
3132100
3121900
3177800
3128200
3131200
3146800
3145600
3165200
3126600
3126400
3124100
3203800
3176900
3157100
3183200
3121200
3131900
3137700
3235300
3155700
3174300
3133500
3170400
3139800
3110700
3094300
3167500
3160300
3112900
3141100
3124300
3186300
3140800
3113600
3097700
3153700
3163000
3178500
3165700
3111700
3181600
3132600
3120500
3118500
3145800
3196700
3114900
3116100
3107100
3194700
3167900
3104800
3192600
3165100
3161500
3092600
3121700
3098000
3167900
3149500
3099800
3147900
3151800
3182100
3181300
3115800
3137500
3126500
3126900
3115400
3164100
3158100
3119100
3122300
3122700
3133900
3139700
3122400
3112100
3160400
3184300
3132400
3105200
3200600
3188100
3182400
3120300
3160100
3125700
3161900
3121800
3118300
3133300
3141100
3165800
3122500
3175500
3149500
3174800
3128600
3131300
3152600
3139000
3161400
3169000
3163900
3127400
3175300
3147100
3120200
3121900
3123100
3150400
3128700
3151200
3129300
3141000
3151300
3142700
3162600
3158200
3169700
3150500
3163800
3104800
3180200
3121800
3109700
3139300
3135100
3167700
3150200
3105900
3106700
3121400
3115000
3112300
3138100
3136300
3169700
3146300
3117500
3189400
3168600
3145400
3147400
3116000
3172700
3129200
3168500
3118200
3108500
3150600
3102300
3133100
3098200
3107200
3121000
3141600
3124700
3100100
3121000
3089700
3156500
3079200
3073900
3132400
3141500
3132800
3079100
3215100
3160800
3087200
3148400
3151800
3135700
3092900
3114700
3108000
3121800
3125200
3148700
3115000
3116900
3154400
3108800
3070800
3110400
3133000
3145900
3096500
3106600
3102200
3164200
3109300
3090900
3097000
6098700
3432100
3137800
3193600
3173100
3147800
3111800
3145100
3183400
3123400
3093300
3100800
3151100
3157800
3120200
3095800
3136800
3157100
3107400
3114800
3153200
3165900
3148300
3120300
3146800
3134300
3239000
3237100
3186300
3139700
3252000
3158200
3129400
3120000
3159700
3176300
3129600
3143300
3126700
3217000
3151900
3140400
3127800
3141600
3166800
3144100
3127900
3143300
3203400
3154000
3131000
3131900
4100300
3160200
3132600
3128600
3196900
3158700
3132500
3120000
3186500
3159900
3168900
3126500
3113000
3174200
3141200
3116900
3117600
3179500
3190700
3094900
3100300
3093100
3147700
3113400
3136100
3100900
3088900
3136600
3092800
3094400
3116800
3152300
3111000
3087200
3091500
3128400
3142500
3085000
3088700
3125400
3138200
3104600
3072200
3084700
3138200
3148100
3091000
3087900
3112300
3113700
3105300
3097100
3109200
3174700
3152800
3075900
3123000
3118200
3159600
3109100
3092200
3098000
3104300
3156900
3057000
3122700
3088800
3101500
3092300
3073500
3052200
3103000
3162900
3068600
3091700
3141900
3047500
3133400
3082700
3146500
3095800
3132100
3103200
3092200
3104800
3098800
3131200
3070900
3131900
3051000
3149900
3139000
3195600
3156400
3154700
3142700
3070300
3163800
3096200
3172400
3114000
3107500
3122700
3172700
3147900
3125900
3139100
3140900
3227000
3192500
3223900
3260000
3261900
3640000
3319400
3251500
3484900
3227100
3232300
3230200
3257000
3207200
3174100
3172800
3239600
3211300
3196800
3201700
3226000
3220200
3214500
3226400
3222200
3244700
3231900
3244500
3229400
3239900
3232700
3230500
3188000
3222900
3177900
3211900
3188700
3215000
3211600
3213400
3213000
3201900
3187100
3177200
3199300
3189800
3190800
3181000
3180300
3188500
3195100
3169900
3171900
3173700
3193500
3183100
3195100
3163900
3197600
3173400
3205600
3144800
3136100
3171900
3148900
3121800
3112700
3204200
3124500
3136800
3176800
3204600
3203200
3133400
3120900
3174700
3183400
3132900
3164000
3214400
3165300
3161300
3127100
3126700
3172900
3171900
3124700
3147400
3182800
3175200
3177600
3136000
3172900
3154000
3184000
3135500
3156500
3171300
3133300
3131200
3114700
3160800
3193300
3152600
3128700
3188000
3133600
3139000
3114300
3151700
3205200
3152200
3129500
3121200
3177400
3132900
3124800
3123500
3293000
3196900
3123100
3103800
3138200
3192800
3181200
3179500
3155200
3159000
3184500
3160800
3158700
3170800
3192400
3160400
3135900
3168100
3175000
3156700
3168600
3169800
3196900
3162600
3162100
3161700
3179300
3196800
3196100
3175900
3159400
3170000
3180700
3202400
3170900
3188200
3222100
3168700
3171200
3194900
3181800
3179500
3171800
3197000
3206300
3174100
3181600
3209400
3253500
3223600
3203000
3202200
3209600
3187300
3190300
3180300
3200000
3173600
3166400
3174000
3164300
3165100
3126500
3126400
3158200
3221100
3183000
3148500
3175000
3166000
3167400
3173600
3171800
3173500
3195600
3197800
3183800
3167400
3208500
3166200
3209000
3130000
3159900
3189400
3119900
3157500
3139300
3187900
3120500
3101200
3104700
3108200
3170200
3109100
3089800
3025000
3160000
3158700
3084700
3082700
3139000
3111300
3118300
3050000
3062900
3129800
3151700
3062900
3112600
3134700
3161900
3111400
3075400
3117600
3135000
3120300
3086300
3100600
3101300
3132000
3174900
3130900
3145700
3157500
3145000
3155500
3136600
3167700
3147300
3159200
3123900
3076100
3091400
3118700
3062400
3132100
3096800
3111600
3101600
3090600
3076600
3113200
3113100
3156500
3191900
3145600
3191300
3165500
3177000
3118200
3057100
3158000
3103900
3125200
3092800
3123700
3128000
3074800
3093700
3089600
3136800
3077300
3108800
3075400
3093600
3117700
3159100
3147200
3113500
3141600
3079200
3171400
3111900
3178000
3128200
3110000
3075300
3076800
3150500
3113700
3050900
3103300
3169300
3069400
3086700
3168400
3184400
3157900
3172100
3220900
3191500
3169100
3166800
3139300
3106900
3142500
3116000
3112400
3119400
3137400
3131200
3082500
3092200
3082000
3168900
3144500
3111200
3147100
3150400
3144900
3132100
3134700
3092200
3163800
3121000
3109800
3107800
3195200
3136100
3150000
3077200
3149800
3153800
3090800
3188000
3124800
3104600
3105500
3169400
3120300
3114800
3167300
3160800
3132900
3116400
3106400
3126000
3126200
3105200
3125400
3188100
3133600
3156300
3078400
3150600
3130400
3160100
3092800
3094400
3176500
3165300
3157400
3097400
3157500
3110800
3146400
3104400
3084900
3159800
3133000
3131500
3119800
3172000
3094700
3148500
3168400
3190300
3127100
3171200
3145600
3122900
3169900
3138300
3156700
3121200
3179300
3126600
3086800
3103300
3187200
3181100
3119500
3083600
3109900
3197100
3148100
3095700
3146000
3217400
3167500
3211400
3142900
3137300
3197100
3173100
3194700
3154500
3207300
3154200
3163100
3166200
3114400
3128500
3158900
3178200
3166500
3183200
3158800
3441600
3537100
3317100
3190100
3178400
3143400
3187400
3175100
3147000
3180900
3179800
3189700
3125400
3187000
3181500
3173900
3117900
3138800
3172000
3195100
3122400
3134000
3216700
3186300
3175600
3113500
3307500
3178400
3168400
3124000
3148100
3190400
3158900
3137400
3126400
3215700
3170700
3156900
3138100
3208300
3155000
3154500
3130100
3198100
3176000
3156000
3124800
3211100
3186200
3131800
3139800
3159900
3211200
3196200
3130400
3145600
3201500
3180900
3122400
3190700
3197500
3162800
3130900
3112300
3179200
3114300
3143500
3135500
3181100
3162600
3179100
3113100
3159200
3187100
3177800
3147500
3157900
3183900
3159700
3122300
3159400
3186800
3148400
3139300
3157500
3183200
3141100
3176400
3118600
3188500
3152800
3152800
3142700
3182200
3159400
3128300
3166300
3196400
3145300
3119600
3159100
3157400
3168800
3163200
3217100
3938100
3157600
3123300
3127100
3178100
3172900
3132100
3124000
3228300
3164900
3132100
3128900
3228200
3205200
3170100
3147200
3174600
3207300
3173900
3118400
3133900
3180000
3173600
3133300
3121600
3195000
3154000
3127200
3110900
3383200
3161200
3112100
3116700
3169800
3204500
3118000
3124700
3182800
3205700
3137200
3077700
3180700
3170500
3175600
3091600
3144900
3218600
3188000
3086800
3111800
3161100
3117300
3147600
3153600
3143100
3151700
3154800
3085400
3155400
3149300
3098600
3135400
3156700
3145800
3096600
3124300
3149500
3183300
3087500
3123700
3138700
3167800
3102100
3107200
3166000
3168700
3076200
3141200
3185700
3167100
3102000
3118800
3108000
3246700
3150900
3097300
3140900
3124900
3188700
3172700
3099000
3147300
3182900
3167800
3088800
3092500
3172500
3155800
3048700
3141200
3158900
3148500
3074200
3171500
3155100
3140200
3966100
3184000
3102100
3164300
3148700
3117300
3136200
3157400
3151900
3083100
3112600
3138100
3139100
3141700
3116600
3098400
3106900
3147300
3114100
3114600
3124800
3132300
3130300
3129200
3109700
3100300
3173700
3081500
3109600
3105100
3136900
3122700
3147300
3125000
3106100
3188700
3195100
3084700
3082300
3145300
3153600
3146900
3120500
3123400
3168300
3186300
3131800
3140900
3187600
3203100
3219400
3124500
3180100
3148800
3119500
3126800
3157400
3172400
3186000
3119000
3118300
3197200
3151200
3106000
3184100
3220400
3167400
3171100
3208300
3227700
3199800
3144300
3175400
3119500
3215100
3154300
3158500
3125000
3156200
3167100
3123300
3125600
3140500
3176300
3153900
3130300
3118700
3129800
3138100
3153000
3141500
3114600
3173300
3104400
3131300
3126200
3147000
3145700
3156100
3107500
3128700
3194500
3197700
3210800
3115000
3197900
3155300
3187600
3159000
3160400
3174600
3133300
3132500
3124900
3119000
3110000
3085700
3137400
3122500
3075500
3119900
3099700
3106100
3122200
3112300
3098000
3087000
3128200
3069700
3109900
3102500
3094600
3121900
3071200
3099500
3092400
3120300
3135600
3076700
3085100
3085700
3140100
3070700
3115100
3078900
3084400
3144100
3064300
3065600
3087600
3118900
3120500
3108400
3057400
3123900
3140100
3074200
3076700
3084000
3123500
3091200
3110900
3108200
3163400
3196600
3111700
3118500
3097000
3182100
3146400
3064100
3135800
3181600
3119900
3093700
3116200
3111600
3152800
3106200
3084900
3158600
3154700
3098600
3119000
3101000
3148700
3142500
3053600
3132700
3118700
3179100
3178600
3116000
3112600
3175200
3179200
3111400
3142600
3109400
3154900
3125600
3131700
3107900
3289300
3193600
3134500
3125200
3095600
3171100
3124200
3114400
3101200
3150800
3133100
3123800
3129800
3106700
3159300
3144400
3107300
3127200
3114600
3167500
3119600
3095000
3147000
3185800
3116000
3108100
3077400
3143200
3122600
3104100
3102300
3139700
3139900
3122200
3129600
3097300
3159000
3123400
3054400
3103700
3183700
3118600
3124800
3113700
3119000
3178800
3109500
3121100
3154300
3185800
3124400
3115300
3152100
3139100
3149200
3101000
3106600
3159200
3198500
3132500
3109400
3132400
3151600
3184800
3117800
3135400
3139900
3195500
3168800
3102700
3125000
3130200
3173600
3114000
3129000
3177200
3171400
3153300
3131300
3120200
3090600
3164600
3143200
3140500
3170300
3212300
3122200
3109700
3120800
3120800
3164800
3098600
3120800
3152600
3159100
3150200
3125200
3160300
3129700
3175900
3130200
3146500
3143000
3145500
3138700
3144700
3138600
3131000
3168100
3127100
3157600
3085600
3181200
3139600
3110800
3112200
3123500
3160300
3121500
3242300
3170300
3167600
3142100
3129300
3138800
3149300
3149300
3133500
3137800
3095700
3127000
3100000
3117400
3135700
3107700
3164700
3169800
3203800
3127900
3176900
3173900
3213800
3249300
3765600
3565600
3449500
3192700
3245000
3214500
3226000
3181200
3189800
3180400
3211800
3170200
3196700
3165700
3161100
3162300
3165500
3196600
3175600
3143500
3168400
3146300
3168200
3167600
3136400
3150700
3182300
3147400
3182600
3126500
3191000
3177200
3131500
3170400
3140400
3207800
3204800
3177100
3179900
3293400
3169700
3183200
3171800
3247800
3212300
3215600
3198200
3266500
3229800
3207600
3219400
3169200
3213300
3179300
3172100
3131200
3191200
3155000
3148600
3126100
3220600
3157000
3141200
3137700
3202700
3166700
3142100
3098000
3150300
3139500
3165400
3115300
3114600
3102400
3166100
3114100
3108700
3142600
3122500
3152100
3092200
3108200
3085600
3120400
3104900
3120600
3086400
3069100
3155800
3089900
3088100
3084200
3102200
3115200
3134100
3083000
3066100
3158100
3125400
3111500
3084700
3100000
3173000
3102000
3086200
3070500
3137200
3101600
3078000
3041400
3077400
3176100
3076200
3072600
3048300
3142800
3133300
3112200
3121400
3135500
3172100
3131000
3131900
3132700
3182500
3136400
3106400
3096600
3176200
3116500
3133800
3097100
3111900
3147800
3147500
3101000
3112400
3166100
3192000
3191000
3126200
3193400
3155200
3170700
3160400
3148100
3147700
3147600
3158900
3132200
3175300
3164800
3170800
3170400
3166300
3176500
3167700
3196000
3164600
3277100
3190700
3191500
3163300
3166800
3163100
3137500
3163600
3175300
3188900
3155800
3174400
3168400
3196000
3154900
3150000
3181000
3123000
3219100
3146300
3119100
3198200
3227800
3196500
3136300
3112400
3158600
3180300
3116400
3097800
3121100
3183300
3120800
3135900
3106600
3198700
3153800
3153600
3158400
3104900
3114600
3114200
3250900
3108800
3102700
3100800
3162600
3099000
3125300
3122700
3174400
3245700
3136200
3117700
3148500
3172400
3208000
3185600
3109300
3411800
3339200
3153100
3157600
3250100
3214700
3162500
3141000
3134000
3181100
3139800
3136500
3160700
3190500
3155100
3120600
3126800
3161900
3168100
3134700
3126700
3136200
3203900
3127500
3125400
3141400
3173200
3144100
3129400
3146000
3103500
3202900
3114500
3112700
3084500
3123400
3135600
3056000
3064600
3052200
3175700
3169000
3081900
3082100
3163900
3153700
3114800
3168600
3130200
3173800
3117800
3141200
3170700
3215200
3220300
3145500
3144200
3238100
3196600
3179300
3184400
3408000
3175600
3173900
3125000
3139900
3179500
3158400
3133900
3136300
3205000
3192800
3133500
3138100
3173500
3179900
3155000
3137200
3155500
3129500
3127000
3175800
3143900
3166400
3166900
3201500
3142700
3192200
3212600
3126500
3126200
3271100
3183300
3207200
3189600
3263700
3181400
3129500
3168800
3170100
3201700
3137500
3190700
3145900
3199000
3111000
3122500
3161000
3212500
3189200
3114200
3152400
3175400
3150300
3180500
3124500
3166000
3192400
3126400
3126400
3183000
3168600
3179100
3168200
3181300
3212900
3203200
3170000
3153100
3194500
3177900
3204000
3179600
3217000
3171900
3191600
3153800
3198200
3187400
3177000
3171000
3168200
3196000
3179700
3181400
3166000
3178500
3186100
3181700
3186900
3214600
3171300
3169100
3172300
3194300
3172100
3172900
3164700
3217300
3174800
3163300
3169900
3172800
3181000
3193300
3151700
3142400
3192200
3167500
3172800
3158100
3213300
3191500
3193000
3160600
3187300
3233800
3172800
3172700
3166500
3164900
3171500
4309500
3193200
3268500
3186500
3174500
3211400
3175600
3222200
3171400
3193300
3147400
3140500
3168700
3325500
3176700
3192000
3190200
3200900
3181300
3165700
3258300
3220300
3231100
3168200
3237900
3221300
3275600
3209300
3296400
3200100
3221800
3193800
3244200
3239500
3175400
3189900
3170700
3147800
3140400
3146900
3183400
3178800
3196100
3170100
3180000
3167900
3201300
3152300
3192400
3185200
3151300
3165300
3164500
3169500
3184300
3176200
3126900
3167800
3134900
3164900
3156900
3187600
3190400
3195800
3159300
3168300
3152300
3217000
3159400
3172200
3179800
3213000
3173100
3171900
3187600
3201900
3190800
3172700
3176100
3172800
3258000
3211100
3225100
3218100
3240800
3161700
3163900
3190600
3247100
3174100
3184000
3153800
3207100
3214900
3171300
3176900
3182900
3241900
3177700
3151800
3178100
3197800
3159900
3143400
3162300
3173200
3193100
3174200
3141800
3189400
3204100
3175000
3181600
3189000
3198800
3168800
3167000
3171400
3170400
3301400
3179000
3252600
3182800
3209000
3162800
3152700
3197200
3184200
3185300
3170300
3168200
3139200
3186600
3077600
3127600
3153300
3104600
3156200
3160600
3191700
3208600
3259600
3142500
3129100
3082800
3139100
3079700
3118300
3270500
3131200
3166400
3110200
3233600
3172800
3270800
3176800
3339100
3513500
3270800
3232800
3216100
3191200
3216200
3175900
3197000
3181600
3224600
3335700
3537500
3430700
3522100
3232900
3219000
3201800
3185800
3184000
3163900
3216600
3180300
3176400
3184300
3187800
3173800
3208200
3246000
3230400
3196700
3556500
3176300
3177600
3170200
3271500
3178600
3188900
3170600
3212400
3187900
3205900
3217900
3224200
3205300
3953000
4180200
4170100
4317700
4175400
4194800
3942700
3218400
3213800
3215400
3239600
3173600
3196100
3206300
3252100
3166100
3215300
3220200
3182800
3212400
3174500
3202900
3240000
3288300
3180500
3221400
3254900
3232000
3906100
3205100
3238500
3244700
3196600
3220500
3222600
3185300
3163600
3175900
3251700
3190100
3215200
3210700
3212600
3230900
3190100
3190900
3207800
3183200
3176200
3176200
3211900
3180500
3176900
3177200
3211100
3187300
3169700
3174800
3226200
3193700
3197000
3186900
3199900
3176500
3489100
3205400
3229300
3224300
3271600
3204300
3210300
3204500
3229600
3196400
3230400
3215800
3255100
3174600
3213500
3205800
3955900
3171600
3247200
3222700
3224200
3169200
3199500
3205600
3222400
3215800
3198900
3216200
3246500
3200500
3187300
3208500
3244200
3233700
3222100
3199200
3230100
3206500
3185900
3164400
3227700
3215900
3212900
3172000
3200200
3225000
3213900
3179000
3176800
3238000
3223800
3203600
3200500
3250800
3245600
3211400
3166700
3233100
3229600
3210100
3213400
3237000
3198400
3176600
3210500
3233600
3220300
3188600
3214500
3340000
3197100
3175200
3207400
3231500
3229800
3178100
3203400
3228100
3210200
3202200
3175900
3199900
3234000
3190000
3203600
3220000
3254000
3206500
3188700
3190400
3312600
3177300
3184800
3174600
3192200
4178800
4180600
4239200
4190600
4180900
4192800
3225900
3191000
3177900
3215300
3207100
3174300
3178300
3186100
3192000
3279700
3219700
3216700
3192500
3187900
3172500
3172700
3200800
3191100
3167200
3190000
3243000
3238600
3195800
3176700
3210400
3200900
3172500
3182100
3196800
3168600
3188700
3174100
3189200
3175600
3207500
3187900
3206200
3177200
3217200
3183800
3175500
3183300
3191400
3186400
3220100
3177300
3163300
3176200
3170000
3293300
3409300
3823100
3911000
3524000
4106500
3876500
3180500
3171700
3184000
3156100
3167200
3154400
3170900
3165900
3193700
3227800
3190500
3155600
3169100
3176500
3172400
3170700
3184900
3171500
3181800
3338100
3226900
3224100
3212200
3283100
3217000
3223400
3179400
3173100
3183700
3170000
3165200
3216100
3248400
3171900
3231300
3176400
3182300
3225300
3269300
3202600
3166900
3175300
3159900
3172500
3195700
3162800
3186200
3166800
3186100
3162400
3170300
3159700
3177600
3164000
3171000
3173100
3198700
3166600
3198900
3166900
3216700
3183300
3163500
3160000
3164900
3191300
3165500
3167400
3190800
3191600
3162600
3165900
3162100
3175700
3181100
3158200
3164800
3179400
3178100
3156500
3155800
3170200
3194200
3180200
3167200
3162800
3183000
3161900
3297800
3211000
3205500
3211800
3182200
3180700
3174500
3188700
3176700
3185200
3172600
3147200
3187000
3190500
3166000
3158700
3217400
3162100
3122600
3166100
3187600
3155200
3157400
3221000
3173400
3177600
3168200
3187900
3193200
3141700
3153400
3163200
3208000
3156300
3168700
3146700
3168000
3167700
3215900
3131000
3142500
3175200
3232700
3163200
3141900
3159700
3153500
3173500
3160100
3158100
3162600
3153900
3165300
3164900
3138300
3141000
3148100
3184000
3163200
3166400
3138300
3233300
3165200
3151100
3155500
3186100
3177700
3160200
3170100
3186700
3161900
3157000
3150700
3163600
3153600
3170000
3193900
3153500
3184700
3169100
3161600
3162300
3148200
3195700
3178600
3188100
3183000
3175400
3171200
3185800
3184600
3286900
3237800
3231200
3161700
3401800
3248400
3177400
3122300
3131100
3289500
3174500
3218500
3155300
3171600
3178000
3161500
3168900
3212200
3162300
3165900
3171000
3163700
3169300
3164400
3164000
3167200
3180500
3161800
3175600
3159300
3176300
3182200
3156900
3157600
3151300
3212700
3155500
3164400
3151600
3811900
3554300
3890100
3439600
3268100
3179600
3179100
3202700
3171100
3180900
3180100
3168700
3166800
3192100
3172700
3162300
3191400
3169000
3162100
3165200
3184300
3169200
3174500
3190400
3183600
3184500
3171100
3167600
3177800
3190100
3164300
3169300
3164700
3139000
3149800
3163800
3126900
3151900
3135900
3141200
3120600
3145100
3113000
3166900
3168800
3195900
3159600
3478400
3901300
3195400
3194200
3171200
3196600
3197500
3188100
3176100
3166600
3179400
3168700
3183500
3170500
3176300
3169600
3163600
3169900
3386300
3220500
3210200
3310100
3185000
3179500
3172400
3182100
3187500
3166900
3183100
3206200
3196900
3155600
3160600
3162100
3217700
3184200
3171500
3195400
3176600
3173900
3159600
3166100
3172000
3176200
3190500
3176900
3164500
3162900
3176600
3159500
3165400
3161900
3163800
3164000
3162900
3176500
3161000
3158800
3162800
3177200
3166900
3163500
3159400
4153300
3168200
3151300
3143200
3175300
3160800
3172400
3176900
3135300
3156500
3159200
3155300
3156100
3160400
3173400
3170100
3189300
3178900
3196000
3177200
3179300
3140500
3139500
3157800
3185100
3145100
3143100
3137100
3178600
3232300
3189600
3186800
3190300
3155400
3093300
3166200
3181800
3155200
3125900
3183900
3204800
3158600
3169700
3159400
3169300
3159900
3158100
3158600
3179600
3164300
3160000
3173700
3172100
3168200
3154600
3178100
3200600
3205000
3182100
3157600
3170800
3190700
3158700
3128200
3173200
3205300
3157400
3171000
3178700
3841600
3182400
3160900
3158200
3267100
3164600
3191100
3159400
3196100
3154400
3165600
3187100
3157900
3170000
3176300
3156200
3177600
3151100
3160900
3158800
3187400
3156000
3183900
3168600
3171700
3160900
3175200
3158600
3180900
3170800
3172900
3161600
3187900
3162700
3191600
3167500
3174700
3192200
3182600
3195400
3171900
3167500
3155600
3171200
3164300
3172700
3166500
3173200
3158600
3177000
3165100
3156200
3155800
3185500
3147200
3156500
3164300
3183100
3171700
3167400
3156600
3182800
3162400
3158200
3157800
3191800
3166500
3162300
3168800
3206200
3182900
3173900
3171900
3169200
3163900
3163200
3168800
3187900
3161000
3168000
3180300
3175600
3168800
3168200
3164800
3170600
3177900
3155400
3154000
3168200
3184900
3174100
3162700
3160900
3184300
3171400
3164800
3171100
3174400
3160300
3172200
3158200
3172800
3167800
3139000
3156700
3180100
3169400
3165700
3156000
3196200
3163600
3158900
3173500
3177400
3158200
3168100
3153100
3179800
3156000
3147900
3164900
3166000
3172500
3150300
3186800
3184400
3149100
3135500
3149100
3165000
3152800
3159100
3150900
3131400
3167300
3423800
3540000
3614300
3161900
3153800
3193800
3191700
3179800
3174000
3181000
3190300
3183000
3160500
3184600
3176300
3176800
3167400
3121000
3141800
3174100
3112300
3169400
3134800
3176900
3135100
3092400
3146700
3167900
3196900
3108000
3120500
3120200
3166700
3160800
3133200
3172700
3212700
3147600
3152700
3176100
3134600
3162300
3120400
3166700
3177000
3145600
3158800
3175800
3185100
3185700
3193800
3173200
3177300
3187600
3294600
3211200
3198500
3187200
3196600
3176600
3202300
3166100
3192300
3178300
3159600
3181500
3137600
3164500
3131900
3134400
3163400
3159500
3110500
3140000
3120700
3140000
3138000
3144300
3146200
3121400
3173300
3123300
3110300
3117100
3171800
3129000
3134600
3139900
3143500
3164300
3132600
3142900
3114900
3168200
3147800
3140200
3149600
3158700
3145100
3120900
3158100
3139900
3156800
3121400
3115200
3130400
3157200
3138000
3160900
3150000
3146200
3186400
3100600
3103900
3111200
3208000
3112400
3156500
3104500
3099100
3142100
3117400
3110400
3116500
3120500
3142000
3160000
3075400
3134300
3187400
3119700
3114900
3116900
3153700
3111800
3164500
3125600
3155300
3119800
3199200
3164400
3112700
3156900
3121400
3132100
3125300
3146600
3104800
3154300
3139100
3109700
3156300
3125000
3142800
3113700
3141500
3144600
3186400
3110800
3085300
3143100
3095000
3103200
3110300
3117200
3150500
3150700
3109400
3126700
3160600
3168500
3166300
3111500
3158800
3145200
3152100
3135600
3113300
3152000
3124200
3111000
3088500
3110600
3143000
3116500
3172400
3102300
3142300
3104200
3100800
3115400
3133000
3107900
3099900
3118200
3085500
3143000
3122900
3132900
3084400
3148700
3154800
3084400
3114400
3085300
3155900
3114800
3092400
3115900
3089600
3155000
3077200
3061600
3060800
3167800
3098300
3098300
3129600
3151000
3105200
3115200
3094400
3112700
3163200
3115100
3114100
3108300
3147700
3141700
3103300
3191900
3099100
3207400
3117400
3272600
3129800
3150600
3193700
3173100
3120400
3124000
3167000
3141400
3121300
3118600
3139100
3155200
3121500
3125000
3113000
3166900
3137700
3078400
3115600
3183700
3164500
3114900
3129200
3248300
3165000
3100400
3120300
3130700
3194300
3130200
3128800
3114700
3178800
3164800
3114700
3104200
3124800
3801700
3402800
3165200
3159600
3139400
3148900
3118400
3168500
3179000
3308800
3166700
3192700
3317000
3525200
3162300
3174900
3464400
3212700
3526900
3211300
3181200
3194200
3221800
3214600
3188200
3220600
3166000
3177200
3166100
3167200
3190300
3161000
3193600
3229300
3172000
3160100
3186800
3169500
3184900
3181500
3197600
3164700
3179400
3170800
3182900
3172400
3240300
3188700
3193500
3179800
3228700
3196000
3194000
3172900
3198300
3357200
3203000
3174000
3161400
3148600
3191600
3124500
3152300
3193400
3191000
3192000
3178500
3245800
3167800
3185700
3186000
3168700
3230900
3180300
3171700
3196100
3175000
3180200
3186600
3190300
3273500
3181200
3186800
3178700
4098000
4183100
4193100
4182800
4218800
4178800
4196500
4210300
3156700
3139500
3141400
3177000
3173800
3127400
3161000
3188600
3176400
3125000
3126500
3172300
3198300
3160800
3181000
3155400
3186900
3155800
3127500
3180500
3182800
3159200
3116900
3137800
3187700
3151600
3162800
3176800
3193200
3163200
3168900
3177800
3197800
3191700
3160800
3184300
3211200
3167300
3143400
3167900
3218500
3169900
3129200
3157300
3188000
3177200
3167200
3167800
3180400
3216500
3209400
3154100
3156300
3179900
3137500
3112800
3171700
3202800
3180500
3144300
3118200
3194800
3173900
3123100
3147300
3194400
3176400
3131700
3148800
3194900
3174100
3170600
3184200
3200400
3179700
3107500
3193900
3186800
3197300
3131400
3129800
3183300
3207300
3172500
3187200
3173000
3188500
3176500
3124600
3139900
3168400
3201500
3155100
3156500
3219600
3204400
3149600
3169700
3226000
3209800
3157800
3185000
3183400
3197800
3181500
3186300
3206300
3171800
3157500
3159900
3177100
3189100
3183500
3187400
3172600
3143700
3194200
3180000
3169900
3110500
3191100
3177800
3170500
3168800
3212900
3150800
3171800
3187300
3124100
3182000
3179000
3168600
3179800
3176800
3166600
3188200
3155100
3159400
3164100
3178500
3148800
3145400
3182100
3202400
3132800
3172300
3159400
3169600
3134500
3124400
3169400
3169800
3128900
3128400
3157700
3162900
3144500
3143600
3135600
3202300
3184200
3163100
3150400
3171000
3161600
3110200
3120100
3141600
3188100
3160200
3205600
3163100
3186600
3111300
3093200
3113500
3148700
3174700
3192100
3185300
3213000
4101800
3167100
3167100
3215700
3203100
3177300
3184700
3191500
3225400
3180300
3188600
3182700
3195900
3170700
3185100
3184900
3237800
3192800
3171400
3186600
3213400
3183700
3179300
3154600
3178700
3164500
3157500
3156500
3220500
3190100
3163600
3169500
3203900
3182300
3177700
3202600
3179800
3206100
3192900
3182400
3181000
3280900
5524200
3195100
3187300
3191300
3172900
3170300
3205200
3183800
3167400
3164500
3198800
3197700
3171200
3180300
3184400
3184400
3171800
3150400
3161100
3168000
3194200
3182600
3172600
3172100
3212400
3163900
3149800
3191900
3214000
3166600
3158600
3178500
3152300
3184900
3170700
3198300
3160200
3183100
3163700
3200300
3182600
3196500
3161100
3195200
3158600
3173100
3181400
3184200
3173100
3179500
3171900
3188200
3173000
3167300
3192500
3190000
3176100
3181800
3190400
3170300
3159500
3168900
3218900
3212600
3239900
3193000
3200300
3284500
3229500
3170500
3187900
3159300
3161000
3164600
3584300
3349000
3179700
3179200
3197700
3169000
3199200
3177900
3177700
3168800
3180200
3164300
3175700
3192300
3225500
3270100
3208500
3198500
3184000
3176800
3171400
3216300
3185200
3157300
3184200
3176700
3194900
3191600
3164000
3191400
3162900
3167900
3165300
3161600
3158700
3185600
3179800
3170600
3170900
3179400
3149000
3165600
3173400
3198400
3170600
3171900
3165500
3172100
3176300
3191200
3162400
3186000
3187700
3157700
3168600
3184500
3165600
3166600
3201700
3180800
3196000
3154300
3153300
3134000
3175700
3164900
3168900
3160100
3174300
3177700
3185400
3182400
3170700
3175900
3170900
3165400
3193000
3198700
3177700
3175100
3167700
3187400
3200600
3171800
3181400
3180200
3165700
3161800
3197500
3161300
3174900
3165800
3176700
3171600
3161200
3168000
3168300
3163800
3158900
3183500
3184800
3166400
3168300
3181000
3172700
3181200
3166400
3165700
3202600
3331100
3166100
3169300
3172900
3187800
3171700
3163800
3176900
3239800
3252500
3162800
3183700
3225900
3160500
3275000
3176900
3235100
3242700
3230800
3170600
3179300
3172700
3167900
3278400
3264200
3164300
3190400
3166100
3163800
3171800
3172600
3168200
3176600
3194400
3168000
3163900
3173100
3198100
3188200
3193500
3187700
3184800
3177100
3170300
3168800
3138500
3168700
3154200
3135300
3096800
3126500
3175900
3156400
3114600
3107900
3311800
3171500
3406400
3764600
3613700
3970600
3886200
3193900
3199900
3176900
3177800
3165900
3175100
3159100
3165600
3160400
3168800
3167300
3184300
3187700
3172500
3175500
3181200
3168700
3161200
3171900
3180900
3158900
3164600
3190700
3199700
3176300
3188700
3187100
3205000
3176600
3184500
3163100
3223800
3181400
3185300
3158000
3172700
3177700
3170300
3164800
3179100
3176100
3163200
3157200
3165600
3165100
3159000
3170500
3192800
3182100
3167700
3166500
3180700
3193600
3160200
3165600
3167700
3225800
3184400
3206800
3187200
3186200
3184000
3192400
3172900
3173900
3216000
3171800
3230800
3210800
3183100
3201400
3183400
3198200
3185400
3194400
3180000
3198300
3197400
3176400
3176200
3194700
3179300
3170400
3185400
3209800
3195600
3179200
3160100
3186800
3186900
3258700
3293600
3200500
3159700
3218800
3181200
3201100
3196600
3178500
3169900
3165900
3166700
3187200
3165700
3167800
3153300
3163400
3178300
3183000
3164800
3228000
3239300
3233400
3187800
3171400
3176900
3302700
3209800
3172000
3198300
3210400
3193500
3187800
3187200
3165700
3165800
3189900
3411500
3206800
3168200
3590500
3769700
3710200
3764300
3331900
3197100
3178400
3168100
3164500
3193500
3235600
3181200
3171900
3218900
3197200
3169800
3166300
3200800
3194200
3165500
3178200
3193400
3211800
3214100
3212000
3225900
3208000
3168700
3177500
3168800
3216000
3168500
3173100
3170400
3223400
3182000
3166000
3175300
3199000
3177500
3175600
3171700
3194100
3216100
3181400
3172800
3172300
3195100
3160000
3155700
3165400
3351100
3176100
3165500
3163900
3195700
3158200
3174400
3161400
3199400
3173600
3167500
3176600
3205800
3179300
3184400
3161600
3200800
3182500
3188800
3182100
3194800
3184600
3272800
3222100
3238800
3310100
3224300
3218800
3251000
3238700
3184100
3173200
3197600
3863400
3201200
3198200
3232500
3226800
3186000
3167700
3176800
3188800
3170000
3158900
3197900
3178100
3155300
3198500
3168600
3231100
3163500
3247800
3169900
3179300
3178700
3159100
3177700
3166600
3167000
3164400
3173400
3167100
3184300
3172400
3187000
3162100
3196800
3173700
3178800
3164300
3158200
3175200
3178900
3143400
3141400
3164600
3168500
3528400
3180800
3197100
3167600
3177400
3211700
3154400
3171600
3170600
3192600
3174400
3172800
3179100
3161300
3159500
3164200
3171600
3135100
3144500
3134300
3190000
3114100
3114600
3147000
3193000
3123600
3139400
3112200
3139300
3148800
3146900
3107800
3122000
3157400
3160000
3180100
3186800
3214400
3133600
3166600
3127400
3139400
3184000
3124800
3139800
3161800
3193500
3158800
3172700
3113900
3161100
3113800
3127900
3114900
3170700
3227500
3150700
3127300
3168200
3147600
3163000
3131800
3172700
3157500
3130400
3176800
3166700
3175600
3115900
3113800
3140700
3188200
3191300
3129500
3143200
3220800
3159500
3138500
3187300
3181600
3137300
3118800
3134200
3151100
3159300
3123200
3126800
3137400
3160200
3123700
3122100
3135700
3144100
3160400
3120400
3203200
3145100
3150000
3121000
3122600
3177400
3129900
3131200
3112400
3152200
3145300
3146600
3198200
3250700
3157800
3182100
3116000
3116000
3187900
3158300
3149900
3181300
3137600
3151100
3168700
3152600
3183100
3124200
3191600
3166300
3200300
3132000
3179000
3151300
3140200
3159200
3166200
3198900
3131400
3127900
3214100
3153700
3158400
3124600
3139700
3157800
3121700
3198700
3206000
3171400
3115500
3118900
3119100
3152700
3116500
3124100
3107000
3121100
3155700
3126300
3121400
3170400
3202600
3144400
3132200
3106100
3140600
3177600
3066100
3110700
3103100
3150600
3140500
3123700
3120000
3119200
3145000
3143200
3141400
3123000
3160900
3116200
3100900
3127200
3117900
3148600
3113700
3122800
3210700
3181100
3203200
3133600
3149300
3154700
3170400
3191600
3163500
3157300
3169900
3205200
3157000
3170400
3141500
3149500
3214700
3129400
3167600
3158100
3085800
3154700
4105600
3211500
3096800
3110900
3098900
3351800
3161700
3114700
3137200
3126500
3156900
3123100
3192100
3118000
3159700
3130800
3169500
3132800
3226100
3135300
3133700
3151700
3153100
3153800
3128800
3135000
3151900
3174900
3117100
3149500
3118200
3162800
3135700
3133200
3173800
3140000
3146600
3126700
3137700
3138900
3165300
3140100
3186000
3171400
3133400
3186100
3130600
3129100
3142300
3164100
3124600
3115500
3186800
3142800
3147600
3126000
3148700
3148700
3170100
3147600
3182700
3154600
3193800
3165900
3176800
3159800
3189600
3156400
3113200
3171000
3123700
3155800
3146800
3161900
3166100
3149900
3129000
3151700
3198900
3208900
3187700
3177600
3169300
3188600
3173400
3162500
3159200
3199300
3163300
3158700
3172700
3217600
3178600
3180500
3179900
3211200
3184300
3186700
3171300
3180600
3188600
3209300
3191800
3229200
3201900
3197200
3185700
3161200
3198200
3180600
3173500
3186100
3189400
3170000
3171000
3159300
3180100
3165600
3198000
3165300
3200000
3165100
3175600
3167900
3161800
3160300
3135800
3214700
3171400
3160500
3129600
3180400
3160200
3137300
3166800
3186700
3168100
3182700
3161100
3178300
3159200
3155500
3153600
3167700
3179100
3174000
3189000
3167700
3163800
3186200
3177700
3185900
3155100
3173800
3191500
3187100
3160700
3251000
3396300
3178900
3167900
3171000
3169500
3182900
3174800
3176400
3189100
4329200
5602200
3205500
3203000
3172600
3177000
3191900
3206600
3172200
3163200
3192700
3309700
3176600
3179800
3173300
3185200
3172400
3177700
3171500
3196000
3180100
3174100
3178300
3230300
3241100
3183500
3167400
3271700
3210200
3185300
3180300
3197800
3169700
3163200
3161600
3195700
3160500
3160700
3162500
3164800
3160500
3164700
3194300
3396600
3179200
3174800
3160400
3185000
3178900
3170200
3162200
3175000
3171000
3181700
3158700
3160400
3192200
3183700
3195200
3180200
3184100
3173800
3183000
3177200
3171700
3159500
3160100
3159600
3169500
3175600
3164900
3163500
3206200
3172000
3161800
3170000
3187900
3189300
3169800
3161000
3171800
3182300
3168000
3165500
3192700
3172300
3176400
3170600
3224500
3166200
3187900
3163000
3182300
3174500
3167100
3158800
3183400
3161800
3256100
3166700
3176600
3160300
3164500
3175000
3177600
3195900
3175800
3205700
3207400
3178600
3163300
3185200
3186500
3172400
3179900
3246300
3182600
3166400
3160600
3167000
3165900
3158200
3165900
3164500
3190900
3156300
3168900
3170100
3164200
3163500
3158100
3219100
3171700
3181300
3162600
3166600
3182900
3180500
3166300
3167100
3167300
3284300
3478400
3344200
3358400
3221400
3283700
3318400
3293400
3307100
3584300
3521600
3633100
3667500
3627300
3551700
3294600
3243000
3159700
3183700
3223400
3160500
3163000
3170700
3181900
3178800
3169300
3163000
3184000
3179600
3167500
3164700
3197800
3177800
3163800
3160400
3185700
3202000
3331900
3361100
3701400
3488900
3609200
3257000
3230500
3194400
3181000
3179700
3196500
3174500
3168700
3161700
3177900
3169800
4140200
4184200
4166400
3657700
3271300
3216900
3174100
3187900
3174400
3296300
3171100
3212500
3198600
3196800
3185300
3201700
3169800
3180700
3173100
3171600
3185500
3196000
3156400
3170300
3184900
3198400
3163900
3159500
3161200
3180000
3165200
3157200
3168800
3236700
3242500
3179700
3190000
3192100
3201000
3165800
3186900
3193700
3181900
3167500
3185800
3199400
3179100
3181800
3202400
3159800
3172100
3162500
3158500
3169800
3200500
3157200
3169400
3175500
3175200
3165300
3163700
3160900
3172200
3169900
3164200
3161800
3159500
3206500
3159500
3163000
3164900
3262100
3353500
3249400
3347500
3402100
3307400
3245700
3336100
3289100
3323400
3292000
3516000
3235100
3183700
3200800
3187300
3192400
3163800
3175200
3189900
3174300
3337900
3171700
3175400
3175600
3195500
3161200
3172500
3170800
3167900
3159700
3176100
3190700
3191700
3183500
3162200
3173900
3174100
3191700
3167100
3225500
3188600
3193500
3176000
3190300
3176100
3740900
3515200
