33769100
33662500
33516800
33392600
33410600
33272800
33192100
33183400
33169700
33159500
33454700
34708700
36531200
34032600
33681500
33763500
33763300
33771500
34238700
33850900
33760900
33839800
33752500
33821700
33791000
36427900
60812100
34615700
33729700
33743400
35041900
33768800
33726200
33754100
35384000
33757100
34559000
33792600
33830300
33821000
33775600
34066500
33825900
33711500
33759500
33700800
33554000
36150500
33681100
33821400
33658500
33927900
33686900
33418200
37016600
33797000
33715400
33653700
34451000
33738600
33819700
33775200
34144100
34033400
33986700
33719800
33425100
33931000
33532700
33515100
33538600
33559600
33615200
33766300
33815100
33442700
34384100
34319600
33618300
34287300
33360900
33491500
34124200
38513500
34754000
33744000
33659900
33770400
33956800
33705000
33683700
33440200
33454900
33444000
33388500
33391500
33399600
33280800
33228600
33487400
33181500
33145800
33154000
33271200
33208400
33308900
33076500
33188900
34087200
33049200
32963200
36741200
38369500
33900600
33756000
33718100
33685900
33614400
33620900
33491000
33154300
33121900
33030300
32961200
32949600
33201600
33272800
33426900
33856700
33441200
34026700
33116800
33350200
33161300
33191700
33194800
33159100
33386100
36790300
33743900
33706900
35927800
35919900
34434600
33779800
33668400
33802400
33815000
33655700
33642900
33652600
33656900
33240600
33054800
32896100
32835600
36091900
42463000
33307300
33058000
33103800
33094300
33250200
33250100
33153500
33172700
32962700
33480300
34377300
33885000
36628300
35316300
34245500
33996300
33870000
34103300
34291200
33978100
34478900
33758000
33847300
37094400
37082000
38371500
35979200
33755300
36964300
33681000
37279600
38674400
35330900
34237300
34974400
35304200
34197700
34665400
33783300
33814800
36329500
35559700
35069700
33745900
33832000
35119000
33810300
33677200
33890100
33705600
33899500
33669600
33391400
33431600
33499000
33458000
33238200
33246300
33185700
32882700
33147300
33176800
33038700
32977200
32787400
35118500
34582600
33687600
33721300
36259200
35670200
33684600
33661700
33754800
33810700
33912300
33688100
33719800
33736000
33655800
33664800
33623600
33197200
33132700
33109000
33050900
33297400
32957000
36591800
33065200
33239600
33150300
33069200
33036800
33386500
33036900
33214400
33060500
33685600
37351500
33809100
33782000
33684300
33731800
33657600
33696800
33441800
33936600
32933900
32933600
32955600
32884700
33414300
33287300
33237400
33490900
33259300
33167400
33358600
33962400
33516400
33435300
33484900
33352700
33105400
33091800
33009700
33305100
38455600
33705100
33619400
33676500
33714400
33459200
33294000
33306200
33393900
33341600
33370800
33463900
36662000
33698600
33727100
33676900
33944600
33641500
33849500
33385000
33325900
33243800
33371900
33114500
33249600
33127700
32963900
33099800
33090900
37197600
33838700
33771600
33716800
33605400
33503200
33383500
33920100
33661200
33426500
33397200
34081100
33357000
33271500
33167000
33068800
33103700
33358100
33220500
33281300
33209600
33271900
33175900
33036400
32964600
33311200
33016700
32705200
32721300
34980600
37020700
33742000
33538600
33515300
33501500
33419800
32906200
32883900
32920900
33194100
32886300
32834200
33097700
32991700
32585900
33013000
33176700
32931500
32993600
32862200
33080700
33007400
32977200
32555000
33166600
32894800
32904400
32914900
33021600
39277300
34386500
33737500
33113000
33106500
32993400
33251200
33183300
32832400
32843100
32884300
32786700
32830300
32885700
33243200
32980500
32954700
33117300
32933600
33178600
36485200
33115800
33196600
34027200
32758200
32962900
32785200
32790400
32842700
35314100
36202000
33676000
33686400
33283100
33223600
33477400
33181600
32977000
33153700
33067600
33134200
33006100
33152200
33146000
33187700
33119000
34280200
32908900
36683300
34610200
33866400
34023600
33258600
33246900
33494800
33239900
33166800
33323600
34290800
38453400
33745000
33736300
33764500
34140800
33864400
33599300
33318700
33216400
33007300
33105700
32964600
32868900
32790400
32949000
32942600
33214200
32960100
32790600
33070500
33186900
32867900
33184900
32998100
34006100
32958600
32908300
32864300
32800000
38703800
33858500
33590600
33453800
33577500
33390900
33042300
33129700
32969800
32974100
32963000
33059400
33822600
33122500
33012800
32882400
32786000
33207000
32890000
32846000
32863200
32859700
32805200
32840400
32811300
32937500
33155500
33424000
32811700
33311000
37902600
33655600
33208500
33253200
33093900
33103000
33233800
36981600
32991100
32953100
33041400
32995600
32910500
32909300
33011700
33013500
33026800
32969900
32911500
32851500
32898200
32937600
32924700
34411100
35054400
32917400
33025700
32933800
33052300
38153300
33814100
34288900
33257300
33186900
33016100
33259200
33028300
32955200
32830600
32861200
32395500
32803800
32916600
32458400
33164300
32936000
33302300
32739300
32888200
32832700
32839000
32865300
32912100
32829900
32978700
33069300
32910900
36003800
34400400
38576600
33743700
33777400
33798700
33858800
33574300
33450100
34060500
33222900
33362100
33075400
32754800
32896900
32682400
32776300
32872100
33249800
32828600
32749200
32691500
32994800
33715200
33650000
32954200
33193900
33069500
33039200
33100400
33069600
37616500
33729800
33711800
33496000
33417800
33078700
33211800
33074200
36190400
33704500
33734500
33351000
33016700
32763500
32703700
36521100
42432700
32867000
32931400
32708900
32935200
32962100
33249800
32816600
33189600
33024100
33181800
33166900
35919000
37407300
33755700
33872200
33782100
33735200
33357600
33338400
33161500
32977700
33448600
32857700
33059000
32966200
33851500
32943500
33671800
33298200
33265000
33116200
32881600
33042200
33038700
33123400
33254800
33001000
32702000
33046000
32878300
33330300
35492600
35458600
33625700
33594700
33518400
33255300
33139500
32998600
33051800
32965200
32957000
33036200
33080100
32928800
32958500
33124400
33166500
33405500
33269600
33210100
33019000
33188500
33158000
33191000
33139000
33742600
33170700
33109700
33007300
32776900
37797200
33780500
33517300
33909000
33516400
33271700
33451100
34147100
33518000
33486800
33141700
33257900
33217300
33053200
33093600
33299900
33006400
32981300
32869600
33001500
32983400
33042800
32938300
33041500
32952400
32657600
32657800
32793600
32709300
33857400
36457100
33719300
33460100
33514200
33233300
33176300
33214400
33285500
33180400
33188500
33188000
33104700
32902800
32991400
32867100
33092700
33324400
32838600
33057300
33004100
33108600
33091800
36599500
33979000
33399100
33186200
33369400
33073300
32931800
38973400
33687200
33541600
33530100
33561700
32996500
33013600
33808300
32888300
32899000
33397200
33060700
33251400
33213600
33165800
32834500
33138000
32945500
32750400
32657500
32564400
32699200
33137300
33006100
32969200
33018600
32945200
32723700
32302800
34042100
38906200
33823200
33866200
33491700
33126200
33172300
33023900
33138900
33339500
33183100
33197000
33051200
33116800
33977000
33107900
33107200
33536800
32992500
33023800
33303300
33065400
33373500
33262300
34592700
33552800
34077600
33975700
33388800
34047400
45228400
39571700
33687200
33743800
33827500
33482500
33366800
33585300
34373100
33525400
33609200
33497100
33153100
33144900
33095400
33228500
33412600
33084400
33123800
33081600
33279600
33294300
33323000
33336700
33410100
33094100
33215800
33298600
34608300
38162300
33741300
33668000
33726200
33671800
34119500
35003700
35500500
37530300
35762500
36812900
38153900
38185200
37946500
37850300
38420900
33920400
33716300
33698000
33630700
33688000
35020600
35482000
35581300
33827000
33832600
34692300
37069700
37041600
33688500
33815400
33679200
33701000
39054800
41868600
33564100
33540400
33335200
33368500
33422200
33387100
33567500
33405200
33633200
33382400
33388200
33306100
33318000
33038600
32695400
32802800
33069500
33212600
33198900
33951100
33213900
36074100
35165000
33818400
36267600
33707100
33774900
33692600
33661200
33403400
33506200
33551200
33345300
34104300
33497900
33416600
33473000
33338800
33325900
32939700
32778800
32740500
32676500
32935300
33026400
32757900
33477800
32826500
32879600
32806100
33558300
37498600
33740000
33748600
33330600
33455800
33189100
33032100
32956300
32928900
32966700
33330700
33117700
33022200
32913400
32941700
33039600
33194500
33869400
33140900
33082500
33255900
33097300
32920200
32921500
32901500
33303800
33773100
33510100
33445000
37356900
33769700
33759200
33803300
33643600
35795100
34053800
33709900
33462900
33391600
33577500
33597400
33379500
33507600
33377500
33835800
33431600
32880700
32883500
32846100
33262000
35637400
33724700
33379000
33567200
33237300
33186700
33225600
33172100
37170400
35127500
33812700
33823800
33734100
33315600
33389600
33221800
33123300
34146900
33225100
34125200
33325700
33421800
33374400
33146300
33243000
33891500
33465300
32926700
33023900
32956400
33077900
32977200
32954400
32895200
33126200
33050200
32938300
34682700
37391600
34960600
33793600
33306500
33076600
33173400
32953900
32998000
32986000
33142100
33074400
33125500
33066300
33011800
33044600
32915700
33142500
33036700
33058000
32948500
32978700
33133300
36539300
33051700
33285300
32902300
32987600
33039500
33781500
38538300
33813800
33785200
33255900
33178000
33216500
33184300
32985600
33019900
32904800
33089700
33095900
33041200
33019700
33107000
32883900
32926600
33174900
33496000
33254500
33226000
33624300
33214700
32841000
32964000
32662700
32878300
32941000
32880400
34882900
36113500
34427500
33733900
33521500
33761500
34269200
33059400
33024800
33102200
33056600
33104700
33263500
33198600
33383500
33111700
33270100
33353300
38760100
41786600
33114600
33170000
33241600
33200500
33288000
33334400
33171900
33307600
33405700
35374500
36622000
33739700
33590900
33338000
33214200
33234700
33049200
32966600
32906000
32830800
32914600
32968400
32617300
34425800
41371500
32123300
32483900
33063300
33491700
34147300
33363700
33890200
33228800
33378800
33196600
33115400
33108300
32947900
33388900
37233400
33813800
33904700
33595800
33239600
33278100
33022900
33022700
32974300
33047000
34321600
33851600
33536400
33462300
33566700
33367500
33515000
33109600
33166100
33120400
32861700
39012100
42272300
33127900
33411200
33227500
33338100
33182500
34028700
36548100
33865600
33770400
33686100
33685700
33409400
33258400
33075000
33059700
33032500
33696600
34116400
36355600
34171600
33888800
33804400
33903400
33929400
33824600
33735900
33783500
33654600
33342700
33683700
33739800
33672300
33635900
33619600
34873500
36646400
34386400
33775300
33744200
33903100
33819400
33391200
33807000
33909300
34210900
33842800
33980900
40736900
34025400
33911600
34002800
34550900
33932300
33874100
33788500
33782000
33816300
33664300
33647400
33583400
33451400
33907900
34972400
37122100
35514600
33786800
33713900
33954600
33820900
33767300
33898000
33843600
33811500
33900500
33777100
33710700
33736000
33986000
33970000
33591900
34248600
33807300
34188500
34179700
34091700
34903400
34026200
33988700
33802900
33867000
33826300
33775000
37880400
33840700
33749300
34226100
33852400
33817500
33758400
33768000
33685500
33430500
33489700
33434900
33336500
33544200
33489700
33297300
38856800
33647300
33739900
34597600
34056500
43674800
37001000
33777800
33851800
34311600
33572000
33925700
34569600
36565100
33784800
39972600
33965600
33832800
34929300
37451600
43437500
37495000
33685700
33671000
33717800
33640400
33422000
34280300
33518300
34111200
33847100
33847600
33569900
33440400
33084700
33632200
33656700
33712100
36877900
34078300
34171200
37884100
33921400
34009600
34044600
33958300
33869700
34620600
34361400
40587500
36624700
33453400
33657900
34489700
33553500
33474100
33588900
33469200
33407500
33230000
33141200
33487500
35221700
33501200
33659500
33465600
34573100
35429700
33801700
37930100
34060200
34533700
34796600
34172700
34110100
33910000
34441200
33758800
34144400
33950900
33513200
33357900
35737700
41591300
33803300
33925400
33840000
33860300
33912600
34291800
34351600
40074500
43419300
43619900
33626700
33381500
38009900
45248800
40178300
42867900
34730300
33899500
33826300
33836300
34328400
33999300
33948700
33862300
33897500
34178200
53945000
46144800
33952800
33905000
33801800
35220600
33820400
33768100
33847400
34311000
34279900
34398500
33521800
37435200
37713500
34642300
33753400
33831400
33758600
33728900
33871500
33355200
33322500
33048400
33126600
32634700
32823600
36587500
33409700
33275200
33171000
32930100
32830500
32964800
33176300
32902200
33506800
34215600
34557500
34001400
33470000
33411800
33498300
38604500
33813400
33714500
33615200
33617100
33603700
33367500
33227800
35322600
33805300
33190900
33076200
34174900
33143200
33200600
33492500
33818800
33203700
36406400
34418000
37419200
33579900
34221300
33407300
33570100
33206300
33436800
33067100
33074700
37380700
33761300
33646700
33419900
33531800
33630600
33447400
41737400
38815800
32909700
32752100
32851700
32974800
33366400
33640100
34185100
34909500
33566900
33532800
33513700
33370400
33135900
33140100
34491100
32968500
32828700
31834300
32586300
31822800
38510900
35523900
33828000
33795300
34659000
37326400
33432000
33382700
33263900
32940500
34220200
33379700
33145900
33951700
33242600
33005300
33079900
32874800
33052400
32980400
33019300
33031100
33057800
34935700
43373700
32958300
32908600
32978800
33106400
39273100
33728800
33661700
33260600
33194400
33189500
32936300
33821900
34125400
33239200
33221200
32994200
32968700
33009200
33105800
33031700
33060700
32875200
32943900
32677700
32932400
32604200
34288800
34403700
33060100
32961800
34190400
33121200
32976600
38796300
34482000
34613700
34732700
33729700
34132900
33749200
33825100
33248400
32999800
33062000
33019500
32816100
32615900
32885400
32716700
31867700
32373900
32056000
32644800
33237600
33159100
33314800
33328300
33214600
33046400
33148400
40226100
40031100
41961000
34418000
33724500
34020300
33818600
33803600
34575000
33873000
34222700
33653400
33644200
33645200
33692900
33299100
33834900
35242700
33712100
33481500
33925800
33235400
33155800
33240300
34467800
33587400
34588100
34397600
33522700
33007900
33038100
38886000
34648400
35612700
33697800
36585500
33772100
33765300
33889700
33726000
33687100
33709300
33630500
33528900
33150200
33139000
34100200
33278900
32935200
33230400
33240200
33217600
33739500
33966600
34266900
36060900
34531900
33762800
33735400
34973600
37646000
33762300
33803100
33802000
33567400
33265000
33079800
34828500
34045400
33488800
33448700
34877800
33739300
34741500
33802700
33754300
34311500
34436900
33746300
33733500
33835000
37106200
33167900
33350400
33379600
33295400
33313700
33322700
35055000
36068100
33677800
33812300
33585800
33320400
33408800
33395500
35211600
33744600
33523300
33521800
33587900
33514000
33677900
34154500
34042300
33558800
33336600
33490700
33155400
32985900
33139800
33582500
33074700
33233600
33086500
33276000
33117500
33881800
36178900
33703100
33779500
34037500
33751800
33513700
33496700
33457200
33960700
34154500
33717500
35968900
34636500
33737700
33773800
33699800
33757000
33471900
33427000
33500500
33704000
35675600
34481000
34175900
34284400
33667700
33874600
33745400
36396100
45095100
34014700
33733700
33743300
33825000
33863000
34180500
34346000
33827600
33967700
33717900
33447100
33343400
33405200
33357300
33593100
33533900
33494600
33398600
33400800
33906300
34959600
33439900
33612400
34950500
36549100
33779700
33886800
45428400
43184600
49932400
35611900
34130900
33832100
35080000
45644000
37239700
37365800
50570700
35856900
34066100
34796600
34013400
33829200
33830800
33732200
34496400
34017200
33763200
33650900
33683300
33586700
33557500
33516800
33985000
37726800
34017000
33672900
33762300
33770600
33966100
33687100
33384000
33086900
32816800
33274600
34277300
33353100
33666000
35732500
33689200
35030700
33791600
34187600
33709600
34206600
34629800
34424900
37174000
33987800
33977500
33894400
33620800
34775300
36413800
33727800
33785500
33744300
33570000
33832400
33466800
35748500
33772000
33815800
33510700
33353000
33299800
33219800
33029100
33295300
33185900
33105600
33063500
33152400
33951300
35328300
34826000
33283400
33132600
33393900
33922700
33296800
33523400
43201400
33736900
33799000
33764400
33709600
34262600
34434800
34368100
34194500
34232900
33773000
33729000
33824300
33727900
34175500
34276600
33982900
33768500
33873800
33752000
33606300
33423700
33487100
33149800
33411500
33464500
33423700
33279200
34840300
37182500
33692500
33731100
34291200
36731800
34374600
35383900
33872900
33819700
33743700
33668900
33755400
34053400
34255500
33854000
33651600
34538500
33778200
33504200
33376100
33274800
33361600
33246200
33181100
33184900
33264700
33197600
35526500
36348100
36229100
33835700
34576300
33734100
33748200
34419700
33718500
34290800
33663800
33466300
33383400
33544700
33493100
33556000
33485200
33466300
33639500
33466100
33791700
33271200
33098800
33111500
33145400
34469400
33488100
33316100
33410100
33394700
35579300
36886800
33780600
33914700
33667200
33748300
34146300
34146600
33660900
33712400
33606900
33518300
33388900
33385100
33298700
33267800
32936300
33238500
33155700
33210800
33456800
35297100
33306100
33282400
33389300
33915100
34184100
33764100
33399100
34657800
40573000
33720600
33663100
38277200
42669200
33578000
33415700
33437500
33599000
33478200
33418900
33394700
33505400
33525000
33412100
33251700
34107800
33681300
33700500
33330100
32994100
32955100
33202400
33044700
32742800
32809100
33423900
33763900
35174000
35228500
33795400
33661000
33385500
33319500
33311000
33233300
33139500
33174400
33202300
33160300
34084800
34882500
33472500
33480200
33521200
34308600
34591000
33733700
33691900
33493000
34003300
33829600
33224000
33264900
33467400
33432400
33585900
34080900
37478200
33753200
33734200
33633300
33473700
33238900
33171600
33008000
33040600
33120800
33175600
33843900
33006900
33229700
33286800
33058400
33441000
32991700
33069600
34376300
34021900
33783500
33781900
33402400
33550200
33337500
34013700
33416000
33478500
36727600
33745800
34453500
33759000
33714700
35358300
37964300
34002600
34399000
33745400
34214300
33725500
33746300
33845600
33783400
33794700
34415900
33655800
33683900
33595000
33451100
33428400
33425200
33248300
33164700
33108400
33324100
33252300
33237200
38278700
33784500
33695100
33718600
33488100
33526400
33308300
35936600
33754600
33645300
33711600
33362800
33519500
33826400
33936000
34299500
33958500
34006400
33797700
33671500
33634800
33346500
35922100
38137900
37079000
33724900
33783400
34876400
35623400
37813400
33784200
34633200
33768500
33754700
33795400
33759400
34452000
33786700
33585100
33530400
33594300
33434000
33155400
33422100
33406400
33415300
33497300
33453700
33489200
33388400
33181800
33020000
33027100
32951300
32923200
32931700
33216400
34068300
38168500
33957700
33852800
33741500
33938100
34348100
37539500
33844400
33901800
33665100
33484600
34233500
33984500
33394500
33437900
33616800
33888700
33681700
33653200
33560300
36215800
33931500
33615500
33669800
35885200
34050300
33766300
33785700
36505900
37052400
33915100
33737700
33784500
33801900
34397900
34082800
33550300
33380200
33333200
33376300
33444600
33416200
33574800
33432900
33548600
33587500
33356100
33284700
33335100
33392400
33411600
33398900
33329400
33296000
33139500
33202300
34302900
36397800
37540300
33801700
33765400
35023800
33694800
33681200
33568600
33437900
33387400
33315100
33122500
33998300
35105600
34155400
33315500
33611800
34818800
33508400
33459300
33463400
33369200
33161000
34492100
33406700
33516900
33391600
33469000
33279900
36370400
36940900
33744600
33745200
33818800
33704900
37731500
33720000
37832600
33838900
33915800
33717200
33692900
33673200
33564800
33435100
33556500
33770400
33333200
33304800
37664400
34456300
33869300
33428000
34777300
33421700
33399800
33518800
33428700
37669700
35163500
33742500
33734600
34157100
35255700
33965600
33784600
33706700
34481500
33481300
33425000
33410600
33388000
33308200
34608700
33492400
33684300
33691200
33524000
33154600
33265600
33162200
33081100
33231100
33011200
33417400
39266500
33292000
37483100
33768800
33760400
33690200
33643600
33814100
33810500
33810600
33692700
33692500
33410500
33142500
34268800
33722800
33149300
34021900
36502600
33779700
33821900
33728400
33536200
33663800
33523500
37555500
34440300
33803100
35398100
34031400
33826500
40753400
34783300
33711100
33799600
33694900
33722500
34377600
33861500
33571800
33485100
33798300
33524700
33241700
33138900
33221700
33078900
33408800
33806800
33157800
33168700
33194500
33190000
33082900
33469600
33464600
33219500
33357100
33177000
33067400
40120600
33829300
33770800
34025500
34299200
34209600
33703600
34460200
34327100
33560500
33567800
33465800
33331900
33357900
33173200
33908400
33399500
32881800
34703500
36836900
33829900
33982200
34579200
33711600
33888300
33715600
33651700
34110600
33993400
40031200
33801900
33838000
33852600
34613300
33754400
33766900
33563200
34913900
33736600
33638400
33730300
33618200
33724500
33680500
33685300
33803100
33647300
33724900
33698600
33550200
33199900
33407500
33004400
33530300
33994000
33280700
34333900
34451000
38890800
33769700
33769100
33717000
33662500
33973400
33823000
35040100
33582700
33461900
33318700
33033300
35992000
33657100
33345200
33298600
34450700
33300200
33444900
33221300
33129400
34067200
33535100
33271000
33243500
33269500
33264700
33195900
33414100
39506600
33700800
33811800
33800200
33723900
33681500
33477200
33386000
33359000
33149900
33165100
32889100
32988600
32939400
33062400
33034200
33137400
32884400
33227700
35050700
41124500
39999800
33840400
33771700
33926700
33880200
33759800
34678100
35949600
35067400
33738500
33791200
33797900
54786400
34541700
33762500
33772000
34582800
33779700
33705800
33761400
33712400
34753900
34521300
34118800
33963000
33726200
33720100
33780900
33763500
33564800
34495300
33663500
33779300
34515100
33738900
34093500
37868500
33833900
33819900
33742200
33830300
33700600
33556200
33673700
33518600
33199800
33142300
33228600
33942600
33851700
33605100
33673000
33929500
33643900
35067200
35234400
34046900
33886700
33759000
33731500
33864700
33545100
33613700
34900500
34387800
38325300
34397900
34127600
34813500
36077000
34780800
33932300
35977800
34816800
34250400
33958500
33736300
33689900
33540600
33405000
33389400
33596000
33402300
33320600
33381300
33386800
33110000
32978800
32751400
32641100
32624700
32777200
32721500
35319300
40213700
39389000
37642800
37481800
37147600
37657200
37594000
37751400
37531800
37688400
37493900
36562000
34043300
33902700
34028200
33930100
34001300
34450300
35570800
33792300
34012900
34716600
33946900
36843600
37686100
37615300
34482200
40031400
33857300
33789400
33872300
33722700
33731500
33597800
33676700
35057400
33747600
33626100
33364200
33338200
33562800
33718600
33312700
33587900
33435900
33362900
33164200
32850700
32859900
32621000
32759500
32855300
32953900
34267700
36545000
35572400
41353300
38835500
34122000
34197800
34606000
33873400
33832700
33935100
33812600
33865900
33837300
34395200
35464900
33858900
33946000
36813800
42463600
37291800
41295000
39410500
37455900
38856100
40307600
38823100
38097800
37565200
37717800
37507500
33719400
33669800
34039300
34167700
33760700
33779000
33734400
33736900
33904600
33747800
33708200
33728500
33807600
33828100
33614600
33559400
33369600
33351200
34669300
35588100
33846700
33812000
34340700
33805100
33860800
34990400
33755000
35775200
35244100
33773300
33926000
33912500
33843600
36879200
33765200
33708600
34463100
34799000
33807700
33690600
34476700
33753300
33814300
34270100
33719000
33618400
33548800
33689900
34414400
33781300
33818700
33893200
33947400
33809700
34018700
33644100
38423200
36277000
34364600
34004700
33842500
33770800
33662500
33666300
33502400
33687700
33750100
33915700
33451400
33486800
33411300
34629200
34803100
34019800
33894000
35766700
34205800
33864400
33930600
35432400
33957900
33837100
34178500
33893200
33918300
38301100
34530400
33977000
34371700
34181200
33839100
33776800
36753700
43400700
33754100
33729300
33656800
33324700
33288400
35552800
34284200
33698700
33703100
36857200
33844100
33854900
38096000
40830100
34083600
35902700
33798000
33801700
33782000
38711800
34237700
34493000
33950500
47447700
40359500
33872200
33805400
33986900
34122300
34112900
34751400
34172100
34068200
34269600
34111300
34097400
34027800
33728200
33765800
33636300
33443000
33706000
36662000
36062800
35000800
34950800
34443100
38286300
37567800
36082900
33951000
34853800
36304200
34383500
33957200
33893100
34104100
34095600
36538500
35640600
34143000
34027700
35064800
33965400
33887800
34163800
33856700
33858500
34168300
33759800
34470400
34349900
34161000
34071600
34006300
38733900
34118400
34186500
34271100
34225500
34321200
34368100
33881300
35715200
36009100
34307600
34226600
33844300
33963100
33736900
33757200
33837200
33695500
33895400
39071200
34312700
33842100
34065200
34342800
34430500
34308800
34115100
37458400
39929500
34932900
34228400
34211000
34214400
34101200
34624000
35134800
33899900
41620500
39885800
35526900
41978700
40314600
34647500
34957200
34130000
33914600
33984400
33971000
34036800
33799300
33635300
33875300
33591800
33442300
34369900
33842300
38135600
33735500
33682000
33756400
34246900
33889500
33489000
33391300
33453900
38121600
33374700
33508300
33484000
34209600
38482400
34082100
34312800
34179400
34275500
33920300
33846600
33810400
33721600
33756800
33650800
33568600
33580900
33370300
36561200
36223100
33722300
34002700
34502400
33767100
33858500
34580500
33842500
37524900
34004200
33960300
34038300
33942000
33909100
33805600
33960100
33951800
33827800
34720400
33793400
33909900
33776900
33419400
33409600
33605000
35647200
35207200
34044000
37031700
35316300
33665800
33830000
33834000
37851100
34201100
33871400
33873800
34572900
34865200
33852500
34785600
33903600
33990100
33929200
34170500
42768200
34293200
35724300
34620800
34068300
35149500
33884000
33891300
33903200
34768900
33841500
36983700
36310600
33979900
34006900
33783100
36134200
34043700
34005700
34148000
45273600
38795700
33861600
34496100
33919800
38778100
34192800
34752000
33839700
34581000
33817900
34513500
34022400
34263400
36278400
34104300
34145700
34430500
34330100
39060000
34627800
33957300
34081700
34039900
34069600
33999500
33787300
33862200
33868300
33689600
34097900
34393700
34313800
33816000
33883400
33968900
33980600
34480000
34021800
33806400
33909900
33860200
33851600
33853500
34005000
35170700
34599900
34066600
38498900
34541700
33930600
33925400
34699100
33910200
33960100
34895000
33714100
33938100
34240900
38346300
34157500
34048900
33827800
34097400
34126800
33890000
33812500
34014200
33620600
33488400
33604400
33794300
34068500
38339800
35364600
35053600
37617100
34159000
33989100
33958700
33916900
34005100
33807100
33838000
40460400
34758600
36124300
41822900
47302800
34420500
35471600
34860500
35788300
33830500
33970100
34257100
35092700
34215900
34264700
34131900
35486000
35625500
33908400
34024300
38541300
34511000
34334600
34304400
35290800
34111300
33999600
33977800
34650600
34237400
33930600
34025400
34314000
33868800
33949700
33863700
33906700
33720900
33758100
40222300
40502600
33426500
33902600
33818900
33536900
33844200
33659200
33801500
38245400
34610800
33947400
33881500
33842900
33948800
33567000
33509100
33863100
33820500
33840000
34567000
34146200
33852200
33958100
33836300
34140000
33978400
33873400
34397500
33868200
33640000
33775000
33917600
34017100
33870200
38099200
34699500
36447900
36934400
34011000
41261300
34071400
33908500
34053900
34453300
34402100
34403300
34591500
37158000
34181100
35931900
37032000
34383700
34316600
34206000
35313100
35059800
34564800
34171600
34148900
34036500
34184200
34937100
34490600
33980400
35982700
38161400
33939200
33991600
33922100
33789300
34040100
33897900
34031200
34073300
35568000
34323200
34472100
34026900
33617300
33575800
33605700
34036000
33970900
34804900
34463700
34168800
34097600
34060300
33894500
33924500
33958900
33749100
33400700
39491100
34757400
34024200
33894700
33824000
33772400
33843900
33883900
34017600
34311500
34448600
34282900
33988900
33877100
33747300
33718600
33612500
33416700
33707800
33606400
33608100
33899500
33735900
33838900
36143700
33877400
34206200
34759200
34088700
37568900
33954600
34085300
34517800
34357600
33909300
33895300
38679700
42504100
33665000
33580300
33780700
33928300
33731800
33493500
33750500
33959700
33560500
33434400
34009800
33914300
33583100
33632400
33574800
33510000
33496600
33533900
33504100
36784100
35499100
34805300
34966600
34410900
34328800
34035700
34364000
34277100
33810600
33790400
34911900
33851500
35311900
33880500
42112800
38984000
34048100
33730100
33782000
34318800
42437300
47640400
38957200
34387000
34758900
34122000
36544500
38696800
34146000
54411400
33883900
33876500
34457400
33795200
33984400
33964600
33929200
33810100
33707400
33740500
33606600
33389600
33850900
33840300
33758200
33774300
33726100
33369500
33778000
34722900
34314500
33549700
33544900
33407200
33552700
40013500
33971800
33829300
34242200
34361100
33836300
34011100
33535700
40062300
34984300
33769100
33530200
34115500
33446700
33465500
33694900
33937300
33792300
35785000
34211000
33788600
33893200
33739800
33714900
33819900
33808700
33476500
33289900
35309200
35871700
33982800
33930900
33909000
33798200
33830800
33972000
33747300
33770500
33698800
33356500
33219600
32932400
32944800
33228500
33859900
37282400
33793000
33875300
33794200
33985700
33813600
34207700
33669200
33466600
33722500
33378500
33121300
36150200
36776200
35741000
34112600
33801100
34277200
34355500
33984900
33766100
35156500
40964600
34286000
33699300
33760600
33611500
36557900
34184900
34470400
33917000
34400900
33843000
33903800
34212100
34198100
34587400
33784300
33749200
33723800
33362000
38843300
33774300
34135700
33779500
33728900
33598500
35616100
34458800
34235200
34043800
33762300
33755700
33489700
33201400
36499200
33769200
33952400
33655400
33583900
33535800
33405800
33636300
34621000
34456900
33536700
34050600
34563400
33545400
35618100
36423900
33990300
35544300
34792300
33829100
33820200
33991100
33713600
33653400
33768300
33231300
33260700
33116000
33205500
33094300
33154000
33920800
33683600
33719100
33559400
33339500
33525100
33646500
34669000
33518600
33738400
33375900
33440200
37477600
39958600
33970100
33819800
35083400
33732100
33788100
33686500
33452600
33558600
33481300
33412700
33448000
33447600
33517400
35566800
33468100
33638900
33537500
34388000
33401900
34613600
33440900
34033900
34127200
33624300
33538400
33305600
33331700
37926900
34372200
33799500
36303400
33744000
35103400
34257700
33830700
33840700
33788800
33580200
33337000
33642200
33407000
33182700
33183600
33721300
33338300
33287100
33362000
33308800
33788200
34351900
38419900
33951800
34318900
38902400
45193700
36892800
39075800
33763100
35459400
33783400
36380700
38488100
38367700
37633000
36019400
33747000
34799300
34553000
33907100
33802000
33753300
40762200
34112400
33823500
33922200
33907400
33604000
33406600
33352000
33359700
33008800
33185800
33203600
36014000
35912500
33835100
33725100
33735300
33590000
33428400
33400500
33442300
36330100
33728100
33754700
33608100
33454000
37450700
34446700
33871800
33969600
33762200
33546000
33775200
33722500
33518500
33670600
33528200
33272400
33182800
33075200
33384800
38389900
36641700
33716800
35652200
33969100
33810800
33782900
33722400
34583300
34340400
33863600
33599200
33456000
33335900
33082300
32967000
32829500
33254800
32894600
33367500
33399800
33347900
32984700
32731900
32842100
32805800
33368000
32884900
32795400
35148200
36296400
33752400
33652800
33410300
33432800
33813800
34393400
33704100
33552100
33459900
33320100
33113100
33213900
33252500
33019300
32721000
32757200
32134500
32455500
33315800
34306500
34460200
34328000
34252300
34870300
33740500
33759500
34275000
33640700
42978500
35102100
33744600
33769500
33710600
33620300
33785700
33628500
33581000
33233500
33138600
32902900
33031000
32949300
32804900
32742100
33124000
33095100
33582000
33414500
34909700
33614800
34805900
33328700
33574000
33533700
33673800
34364100
35689700
38068900
34382700
33741500
33742900
33787100
33715200
33715000
33842500
33801400
33739400
33455600
33400000
33951800
50957200
34585800
34013300
33781200
34638100
33992400
34791100
36036600
33933500
34254300
34678800
34514400
34325400
33792600
35806000
45316100
33926800
33902200
33825900
33944000
34014200
34486100
34461200
33944500
38088900
33907800
33835200
34345000
34660400
33770400
33890700
33874500
33833600
33951900
33917900
34285600
34511400
34143500
34220000
33915300
33841700
33915100
33961500
39950000
35631000
34953500
41489600
35191300
34009700
34609000
35006900
39163700
34391500
38835100
33775600
34533900
33844900
33813200
33796300
37458600
34030900
33862300
34038100
33941200
34153200
33858500
33972000
33799400
33881200
33879000
33931000
39615000
33901400
33695500
33827300
33843000
33916900
33801200
33920900
33806400
33827200
33805100
33553600
33364300
33336700
34184200
33955800
33501800
33281600
33648400
33374200
33374200
33314000
33585600
34904900
33933900
33680400
33821300
33552100
34839600
37927200
33812200
34070800
34881600
34314200
34045900
34037100
33829200
35212800
34016300
33735400
33809000
33718900
33577100
33408800
33406000
33585100
33294000
33267600
33362600
33467000
33351100
33411500
33515900
34156600
33642000
33767800
33763700
35024600
38061100
33837200
34201000
33900200
35301300
33881400
34462300
34348400
41814300
33665100
33875300
33849200
33530400
33328300
33515000
35206100
33910000
33673000
33613100
33406700
38807600
33979500
33790300
33777400
34401700
34264800
34640000
35310300
37924200
33826700
34058800
33779900
33724500
33965400
33907500
34106400
34308900
34102600
33737600
33640200
33381100
33407200
33470900
33411500
33578200
33066100
33066500
33186000
33220700
33405000
33478300
33531200
33529400
33393500
33333000
33241900
33120600
38351100
33908100
33904200
33805900
33812100
33715300
33363200
33911600
33587200
33589000
33811000
33717800
33506600
33264000
33235600
33416500
33325800
34096000
33161400
33159900
33187500
33402100
33429000
33460700
33440500
33384900
33351900
33490700
33409700
35939400
35587300
33769600
33717400
35222300
35816200
33688800
33760300
33824500
33723700
33780800
33492800
33408000
33434000
33679400
33357300
33468100
33499200
33402200
33261300
33605100
33783300
33420800
33267100
33324000
33161500
33039200
32944900
33072600
36009400
37499700
33777900
34008500
34270200
33818100
33774300
33864100
34337200
33772300
33685500
33380000
33408500
33489500
33513500
33374800
33346100
33465900
33434900
33360800
33254200
33333100
33417300
33430000
33407100
33272800
33279800
33528300
33254000
34863200
38077000
33776800
33832700
33831100
33667600
34022600
33705400
33550300
33397600
33598000
33392800
33478600
33489600
33287500
33345100
33323900
33584500
33340900
33465500
33477900
33318500
33514200
33860600
33727300
33862300
33705600
33597100
33646500
36137700
38125900
33958100
34877000
33738000
33743500
33861300
33753500
33648200
37534800
34173900
33741200
33899200
33947200
33803400
33798900
33680000
33831600
34616900
34141000
33783800
33609100
33527900
33737900
33255700
33218400
33091700
33090200
33348400
36332500
36997200
37074800
38043000
37069000
33762300
33897300
33925400
33832500
33877900
33792000
33636500
33651300
33605800
33577800
33860600
33595900
33698500
33822800
33156400
34172000
33292200
33330000
33626900
33339200
33188000
34406200
33243600
35122100
40993500
34102700
34137700
33714300
34082400
33948600
34729500
33692000
33812700
33785700
33785400
33814800
33768400
34064400
35015100
33953600
33896800
33795600
33652800
33853900
33628200
33504800
33575300
36453300
33943100
33695800
33775200
33832900
34558800
39541100
33782700
41837300
39709900
33982000
33681500
33510000
33460500
40457100
33513800
33450600
33945700
33437500
33365400
33290800
33977400
33280700
36044300
33444300
33438300
33275500
33877300
33417300
33519000
33583900
33612400
33658900
33424300
37586200
33993500
33758500
33679400
33845400
33601700
33441300
33421700
33324300
33532900
33407700
33654800
33569900
33624200
33503000
33472000
33669100
33887000
33818600
33916800
33720100
33811900
36491700
34502000
33817800
33719500
33709000
33666400
33475100
37596300
33852500
33729100
33829700
34625400
33999400
33787300
33675500
33838800
33956600
33561600
33247600
33317500
33409200
33142500
33233500
33344200
33231300
33270400
33167700
33253800
33200700
33197100
33465900
33372200
33680800
33767400
33507900
33184400
37383700
34595400
33870200
33823100
33985900
33655400
33672000
33727900
33734700
33491100
33535100
33473500
33424800
33233900
33453600
33468900
33490300
33475900
33408300
33419400
33466200
33403700
33042200
33326000
33986700
33481700
33436500
33547600
33411100
36284300
36172900
33960000
34244500
33797600
33641600
33307800
33170800
33254600
33709800
33272600
33398400
33222700
33137000
33294000
33447200
33413100
33660900
33330900
33423100
33528900
33133300
33070000
33056600
32981500
33418000
33596300
33462300
33428000
33741400
37889600
33824100
33986700
33818000
33757500
33743500
33398800
33298000
33480300
33488400
33484800
33405600
33411900
33420800
33804900
35107400
33655400
33848600
33751300
33800300
33708500
33724800
33792700
33581200
33333700
33518900
33671200
33545600
33319200
38099100
33759200
33778500
33812300
33716100
33748100
33533600
33435800
33473700
33918100
33998400
33768100
33443600
33722100
33784100
33540600
33662800
33684400
33920600
33678900
33703900
33676100
33292700
33211000
33364300
33171700
33734800
33186400
32987400
38251800
33836700
33764900
33773800
33867700
33591400
34085800
34905300
34793000
33701200
33516700
33587000
33388800
33329600
33520300
33314900
33513700
36092100
33771000
33722900
34098400
33766000
33424500
33724600
33595700
33409700
33525500
33308200
33348300
37577200
33931000
33829700
33781900
34014100
33926800
33642400
33399000
33207800
36658900
33745700
33796100
33691300
33772500
33697200
33735600
33684300
33375900
33405700
33165900
33181200
33136000
33272100
33265300
33493000
33325400
34087500
33499100
33524200
37913600
33838700
33815300
33932300
33813900
33739800
33665600
33392900
33503100
36999200
33177300
33111400
33348900
33449200
33436200
33420700
34550300
33183400
33163100
33242200
32792100
32747100
32938200
32925500
32878000
32888500
32987900
33292600
33284000
36691800
34429400
33721400
33899300
33810500
33847100
33816200
33890700
33478500
33430300
33398400
33321100
33539600
33443300
33374800
33387500
33540300
33334600
34073100
33435500
36712100
33191500
33186700
33247600
35386800
34428100
33762800
33829500
34592100
37255900
36735600
35896000
38226000
40577200
44881700
37866600
39255800
38914500
34386500
34591000
33859100
33786600
33831400
33857600
33811000
35625800
36155500
34195700
34367900
33794800
33709900
33667700
33679300
33721500
33728700
33512600
33898100
36665400
33819800
40956000
36855400
33645700
33362800
33630800
33518500
33797500
33699500
34312500
33480000
33372300
33383600
33450600
33462600
36636600
33758700
33708600
33784000
33690100
33526200
33499500
33372800
33272600
34074500
33372600
33506100
35700700
37058600
33728700
33828100
33731400
33864100
33441600
33391100
33981400
33459800
33358600
33384800
33295200
33133900
33532300
33271400
33359500
33408800
33486500
33357700
33228700
33297000
33307000
33139600
32864100
32795400
33701000
33136100
35608600
34417200
38058400
34404400
33845700
36753600
35518100
33612900
33507300
33709400
33438000
33602300
33357200
33494200
33182300
33302200
33300600
33108800
33426000
33138000
33007000
32900500
33041200
33274400
33168700
33213500
33361800
33011200
33314200
33431800
33342300
39634100
34829000
33733800
33864700
34034300
33851500
34005500
33897800
34411500
34018800
33626500
33425700
33662000
33499300
33546800
33524300
33704800
33428100
33355400
33407400
33173200
33241200
34676400
33401400
33360200
33465800
33408300
33345900
33613400
37666700
33711800
33810500
34303400
33917200
33621500
33696100
33300900
33338300
33403500
33381000
33634700
33658300
33628000
33281600
33434500
33514600
33454500
33340900
34268300
33423900
33315100
33506200
33398800
33560200
33429900
33364800
33400100
33356600
37836200
33779300
33682300
36747900
37464600
33827000
33902400
33734300
33638400
33759600
33379800
33271800
33439100
34164800
33372900
33615000
33690600
33744900
33733000
33376300
33429500
33499000
33479600
33305600
33123400
33229900
33210600
33261600
36075100
37706300
33786400
33862900
36969500
40614500
33828900
34210200
33875800
33757900
33471900
33401200
33377400
33445300
33501900
33174800
33281200
33483400
33067700
33286400
33370500
33299800
33284700
33250900
33163800
33447000
33178100
33992600
33272200
33408300
37191700
33782200
34129400
33821500
34271700
33416300
33455200
33452300
33324500
33204900
33397900
33186700
33067300
33067900
33155400
33159500
33450600
32958200
33018900
33879200
33567900
33652200
33578900
33446800
33494500
33273100
33154600
33053900
33042000
37773600
33891500
33957300
33894000
33823200
34147100
33552100
33510700
33396800
33247300
33206500
33252100
33149400
33015300
32878700
32983900
33017100
33181400
33054900
33010600
33008300
32771500
32962000
32975000
32895700
33986400
32994600
33318900
33295100
34964200
38430000
33860900
33952300
33837200
33817600
33700900
33677700
33309600
33272400
33420300
33565400
33352600
33377500
33467900
33464600
33370300
33501200
33321300
33248900
32958600
33672800
33412400
33466500
33442500
33352500
33312900
33538300
33363100
34248000
36911100
33733700
33742800
33793100
34102300
33981200
35075300
34032900
33865600
33778100
33885900
33621500
33462000
33517000
34045900
34294800
33919200
33775800
33632000
33465100
33450500
33691400
33756100
33516500
33489900
33278400
33278700
34253600
35282300
37881200
33812700
34848500
34059100
43394700
38579700
40836400
37276800
33776000
33395400
33517600
33313700
33356800
33296700
33290300
33123800
35215300
33255500
33242000
33126600
32875500
32884000
32874600
32886800
33001200
32952200
33097200
33332600
37362600
33729200
33800900
33882400
33765600
33711800
33786000
33737200
33837600
33413900
33327700
33517900
33412700
33406900
33186400
33245200
33706200
33347200
33791900
33753000
33398500
33342500
33018400
32848600
33478600
33552000
33184100
32875900
32875500
36598200
34560800
34050000
34004900
33767600
33841800
33686100
33630700
33729500
37562500
34481200
33720400
33646300
33762700
33374100
33422100
33643300
33354000
33562900
33278700
33829100
33418600
33704000
33448800
33504600
33278600
33404200
33315500
34027000
37216700
33744000
36685700
33940600
33809000
33690900
33750000
33866500
33807700
34886000
35836100
33810900
33874800
33763400
33497200
33347000
33701100
33449100
33496600
33459300
33334300
33492100
33628800
33450200
33655500
33301000
33333100
33413500
33467800
38154700
33812000
33850900
33746400
33631100
33445300
33409900
33359200
33350600
33389400
33389600
33503100
33451300
33305100
33386300
33424500
33802800
33641400
33883400
34382100
33770100
34798700
33822600
33830700
33770300
34466300
33502500
37361700
33858700
39280800
33785900
33728600
33941500
34214300
33878100
33767600
33676400
33737000
33796800
33709400
33650100
33610900
33649100
33636700
33488500
33609000
33790000
33545600
33573500
33497700
33531500
33493600
33481100
33617100
33414000
34090400
33329700
33297200
40784700
33878300
33809000
33808400
34095000
33726800
33702800
33595600
33336300
33300000
33367200
34056200
33441500
33358600
33220500
32908900
33321500
33246000
33288600
33815600
33245300
33373000
33453900
33357000
33061500
33066500
34415500
35651900
32826100
38928400
33888100
33862500
34247500
33996000
33690700
33750300
33653100
33681500
33734300
33665100
33313000
33213500
33080600
32920400
33019000
33311100
33051500
33112300
33279500
33402300
33238700
33216700
33259700
33293100
33135100
33369600
33334400
32838700
37166900
34074700
34566200
34077000
34014800
33454500
33663800
33703200
33663000
33711200
33616300
33603800
33437000
33324200
33166600
33073100
33033800
33375400
33093700
33074300
33850400
33544100
33382300
33344300
33253200
33312700
33384700
33398400
33357400
36453600
35198700
34006300
34202900
33823600
33606000
33632100
33559700
33384300
34036400
33525900
33293700
36355900
33917600
34078500
34203500
34207900
33998900
34358300
33687000
33713200
33607200
34423600
33835300
33826300
33712800
33723600
33731600
33573100
37137700
34247400
33844000
33822500
33729900
36224400
33712300
33870800
33823200
33788400
33818700
33689600
34058500
33386200
34512100
33894400
35094400
33649300
33776000
33795000
34165000
33694600
36603500
33680200
33638500
34016200
33603700
33597700
33576100
37199600
33782600
33801400
33666600
33689400
33923200
33871700
33824600
40571900
33379500
33396300
33239300
33103500
32933700
33954200
33179500
33441500
33188600
33211400
33240500
33219600
33435100
33454400
33494300
33560400
33441800
33657200
33593800
33417100
37700200
33980800
33861100
33673700
33817900
33497800
33429900
33480700
33379800
40207400
33282900
33153000
33079800
32782400
32875100
32706300
32829900
32847200
32810600
32667400
32812500
32817900
32886400
32915500
33220200
33179100
33243800
33198400
33169000
35593400
35665900
33697000
33734500
33944600
34792300
33884300
34036500
33852700
33574800
33495300
33467700
33483700
33436300
33405000
33332000
33299900
33298000
33358300
33218200
33419900
33300800
33299100
33367400
33456000
33577400
33381500
33343000
33315300
34102500
36704200
33775200
33677200
33643200
33407900
33498400
33744900
33553100
33493700
33421000
33097900
33079600
32964300
33040400
33098400
33233600
33350400
33226500
33090900
33063600
32756500
33011300
32825900
33029100
33500100
32948700
32937700
32861200
32839900
37887500
33750400
33730900
38321100
39289700
33751600
33510600
33284000
33312800
33513800
33424800
33288200
33225100
33176900
33216900
33246100
33287600
33118100
33720900
33599300
33884500
33522400
33555000
33465800
33683300
33399500
33331600
33437800
34052200
37292900
33785800
34357100
33779700
33787800
33829000
33773400
33437200
33453500
33469900
33648100
33392100
33723900
33495100
33654400
33567300
34518100
33496200
33637400
33470200
33511200
33478800
33384200
33222200
33969700
33118600
32980400
33036000
33240700
37434200
33786200
38128400
44283600
33830800
33497700
33499500
33574800
33550400
33340700
33402600
33258500
34363700
34528100
33813900
34141600
33828500
33742400
33714500
33724400
33691300
33591300
33767000
33457900
38773600
35602100
38559800
33437800
37194200
33954900
33921900
33803400
33732600
34617100
35281800
33831900
34376400
33754400
33534600
33547400
33349400
38654600
33705800
33647500
33266000
32943900
33005000
32873400
32868000
32886900
32813500
32875400
33193900
32892500
33145900
33012000
32896500
37216300
34363400
33704000
33793900
33831400
33933500
33588200
33651700
33633000
33825700
33781700
33612800
33698900
33457500
33434800
39503700
37977700
33386700
33390700
33253000
33282500
33342900
33318300
33379100
33424400
36088300
33878600
33794300
34423400
38379800
33739100
33712900
33695900
34259700
34065100
33906600
33844900
34454800
33574100
33475200
33350200
33607500
38133200
33907700
33848100
33885200
33703600
34542800
33786900
33759700
33576400
33361200
33308600
33217700
33279800
33845800
33320300
33337100
37572100
33784400
33756000
34274800
34665900
33730200
33820200
33651800
33602300
33402300
33558600
33345000
33605200
33720300
33544600
33419900
33493600
33117200
33201800
33498700
34079000
33237700
33935800
33247300
33565300
33185700
33325500
33372200
33348000
37391300
33782800
33768500
34199200
33946800
33651700
33792600
33736000
33626800
33344700
33321600
33442000
33367000
33296000
33243000
33011600
33374200
33227900
33188500
33286000
33300000
34598800
33095700
33313600
33006300
33441500
33306700
33340500
36710000
37195600
34394100
33991200
34022900
33626900
33739400
33913700
33742400
33923900
33959700
33671300
34349400
33783200
33746800
33752600
33600100
33627000
33645900
33532600
33487600
33385300
33189600
33979200
33156400
33333500
33294500
33107900
33259500
33270500
37229200
34413100
33894600
33879300
33720100
33723200
33807600
33750000
33658000
34040700
37596500
37635200
37505800
36362300
33832000
33830400
33827900
33803900
33954300
33798200
33634300
33731800
33478200
33338800
33481700
33428100
33938800
33807900
33683000
37492400
33935700
34043700
34253500
33915800
33945000
33835400
34470000
35361100
33762400
33835900
33776400
33803300
33662500
33772200
33641600
33680100
33326500
33116600
33180400
33229800
33138100
32952200
33041900
33191400
32923800
33015200
33087400
33558000
37531600
34059100
33697200
33680900
33678900
36953400
33437900
33535800
33340000
33311100
33561700
33699600
33635600
33569800
33652700
33910800
33720400
33374600
33492800
33447400
33372800
33357500
33486500
34325900
33516000
33248200
34876700
34557400
33789700
38294000
33719000
33741900
33813500
33862200
33918000
33670900
33330900
34468200
33590500
33625400
33406000
33391500
33345300
33305300
33371900
33559500
33207100
33281700
33137300
33167600
33291700
33319700
33276700
33461900
33060000
32846300
33474200
32868600
36782600
34377400
33799200
34009800
34076900
33763700
33779900
33695500
33807300
33876100
33720700
33476300
33488500
33272400
34202400
35447000
33497900
33747800
33689400
33607300
33449000
33445700
33437000
33280900
33148000
32900400
32878000
33048600
32785200
35286200
35263700
33672600
33782900
33920700
33714600
33744400
33674500
33781600
33573800
33341200
34380900
33427600
33383900
33190000
33262100
33287000
33514200
33031500
33083100
32994800
33018600
33103600
33106900
33287800
33384700
33223300
33147200
33045100
33291800
38072400
33681500
34457600
39482500
39003400
34089900
33488400
33549200
33459000
33275600
32995300
33110300
33180300
33400100
33311000
32898300
33285600
33127200
33139500
33181500
33304500
33246300
33144000
33535100
33543100
33228900
33224800
33207000
33672700
37189400
33703500
34165200
33777500
33737700
33769200
33725200
33689500
33645200
33582100
33681200
36555500
33721600
33892600
33572400
33676100
33775600
33706200
33785700
33726100
33609800
33361700
33342800
33299300
33357100
33906900
33169800
33231800
33112200
37593100
33859400
39080000
40091400
34176600
33851400
33761200
33724200
33669100
33539200
33286800
33667800
36049800
33827500
33770900
33656500
33574100
33560600
33494000
33339900
34034400
33309800
33433200
33478800
33526100
33256900
34084000
33364300
35588900
37076300
33902800
33998200
34083400
33877800
33721600
33660700
33902000
33825200
33451600
34101800
33520900
33535100
33641700
33206600
33121700
34123100
33311000
33655800
33624000
33564900
33334600
33660600
33130400
33014800
32880100
33165400
32872900
33350800
37643200
33789800
33702500
33615500
33894300
33940600
33512200
33436000
33400800
33332000
33532100
35648000
33469100
33712200
33447300
33258200
35236600
33378900
33480400
33479000
33332800
33531100
33339300
33345900
33169100
32995800
33056300
33094600
33198700
37865900
33742000
33767100
33825600
40393200
33699800
33401200
33455700
33985500
34033100
33621300
36315800
33742400
33786700
33772400
33573600
34367600
35730400
34062000
33757600
33657000
33745300
37766900
36216800
33760000
34252600
33565700
34160100
38134100
33776600
33835100
34013100
34087200
33849600
33801100
33781300
33744400
33542500
34439100
33431500
33407000
33420200
33441300
33428900
33820900
33734300
33582300
33475900
33342100
33549400
33467800
33298000
33477400
33496500
33519200
33403900
33424400
36652300
34708500
33817800
33976700
33794300
33686000
33711200
33692100
33401600
33345000
33293700
33250300
33283600
37320900
33648300
33676200
33529400
33742400
33644100
33471300
33393200
33373700
33419100
33430700
33490500
33382000
33405800
33429500
33360500
34814900
35947000
33735600
34027000
33810000
33764400
33834600
33666300
33634700
33885700
33691300
33391100
33455600
33581000
33393300
33437400
33354000
33575400
33371100
33457700
34312800
33436900
33126800
33179700
33236200
33297300
33266300
33194800
33257800
33654500
37601200
33882000
33905500
33746500
34075200
33923700
33633500
33388100
33428100
32998700
34151200
33375200
33174000
33220200
33227500
32977100
33090100
33076500
33186400
33190600
33887000
33589400
33692000
33548700
33689600
33433600
33459600
33252800
33097600
38126200
33871700
33816300
33849300
34279100
35291600
33903100
33909200
33798100
33879000
33889800
34285700
33507200
33689800
33164900
33072800
33557400
33203500
33193800
33118300
33332800
33073900
33203200
33100100
33170300
33121100
33090200
33204100
33012300
37702200
33753000
33674000
33700000
33778300
42113400
33617400
33767700
33800500
33602300
33388800
33373200
33521600
33784300
33712900
33784500
33593600
36524100
33841900
33767600
33758700
33653400
33357400
33450400
33583700
33724000
33627000
33662800
33567400
37016900
34378900
34393000
33870200
33881200
33713000
33493400
33673400
33352600
33517100
33367800
33522300
33382500
33801400
33624200
33475800
33542500
33292900
33181200
33372600
33422500
33527200
33480100
33449400
33333000
33512600
33731300
33834700
33732200
37851100
33765600
33748400
37067400
43512400
33740800
33457600
33331000
33521900
33322100
33379200
33500500
33496900
33209900
32890000
33052600
33459200
33172000
33199000
33126200
33097300
33012700
32973900
32909900
33096200
32932700
33034600
32989200
32743600
38060400
34095700
34100400
33768400
33764500
33415200
33633800
33464300
33375000
33340600
33402700
33364100
33419100
33329300
33338200
33347200
33444800
33445800
33507900
33277600
33320000
33608900
33895800
33634900
33524700
33312200
33159700
33069800
33083900
37578800
34006300
34052700
34159900
33797300
34564500
33392200
33360700
33678700
33756700
33634900
33412100
33425600
33302500
34052200
33486600
33411400
36013100
37613500
36696000
33717800
33772300
33845900
33724400
33862500
33662000
33537600
33301700
33151000
37302500
33866900
33936500
33709100
33709600
42865800
40381400
33623800
33507000
33578700
33489900
33140900
32944100
33039800
32910600
33103600
33504500
33392600
33165900
33148500
33189100
33104500
33339400
33292400
33310300
33200700
33436300
33218600
33114600
37597900
34334900
33788900
33743700
33881000
34594700
33806900
33864300
33846000
33552700
33876600
33547200
33287200
33239900
33229000
33192500
33269200
33087500
32785300
33543800
42271800
36977200
33244400
33450600
33464700
33408600
37024200
33280100
33963400
36510100
33801900
33751200
33732300
33791600
33488800
33568000
33795700
33768100
34938200
36430500
36996800
35557200
37759700
39151400
39472600
38848200
38510600
37638800
39043900
40233800
36546900
33812600
33725400
33716700
33779000
34332300
38566700
35061700
33649300
33866900
33882500
33762000
33671300
33818600
33807800
33857700
33926000
33940500
33732000
33711800
33490800
33387500
34720200
33361200
33360800
33501000
33381200
33192200
33744600
33534300
33377600
33080200
33161800
33164300
33308100
38368800
34966000
33737100
34179500
33835600
33807800
33900800
33810900
33747400
33765000
33702700
33563900
33595800
33502000
33288000
33168300
33165400
33175200
33259600
34056300
33164500
32812400
32826400
33007500
32886800
32950300
33699600
32913500
32853600
36535100
36384700
33979900
33867300
33815300
33716900
33778300
33398800
33330100
33398600
33158600
33437700
33592300
33358900
33425400
33381200
33279500
33305700
33125300
33220000
33072200
33382800
33476900
33231900
33424100
33700800
33399000
37989300
42892300
39101600
34054900
33824900
33894000
33700000
33915900
33713600
33777500
33705900
33750100
34377800
33773600
33637600
33628900
33751500
33572100
33381500
33234200
33196400
33230200
33146400
33047000
32909700
32962600
33140200
32948800
32972200
33161400
32884300
37761600
35877000
33881900
33831200
33731100
33845700
33748300
33533500
33589600
33434000
33327700
33092500
33122800
33171800
33091900
33229600
33514600
33299100
33161800
33227800
33275300
33329800
32893600
32983500
33061100
33533300
33031400
33070400
32924800
34493000
38958100
34456200
33857300
33982400
33868500
33687800
33251600
33341200
33310400
33282800
33693200
33648700
33699500
33494600
33261100
33157200
33435800
33028900
33833500
33165000
33233200
33529000
33232100
33236200
33144500
33124000
33102000
32977800
33145600
39713100
33730100
33748000
33924900
39118700
33991400
34141900
33855600
33943700
33770000
33549900
33327700
33354200
33535300
33364800
33211500
33265900
33356800
33002600
33207200
33194400
34005900
33396700
33244700
33491400
33396000
33352200
34098600
33852300
40380600
33882300
34155200
34066200
33770900
33579100
33607200
33722500
33656800
33627800
33518600
33516800
33371800
33492000
33463300
33422700
33567500
33318600
33995600
33477000
33377100
33348900
33274600
33099700
33246000
33387700
33293700
33336800
34307300
39104700
33915400
34169100
36680700
35663100
33769100
33815000
33662700
33852100
33761200
33755900
33952400
35061700
33742200
33744000
33755800
33756100
33240200
33158300
33097000
33222000
33192200
33117200
33094400
33351100
33832200
33364200
33376000
35529300
37653700
33746900
33874900
33801600
33721800
33626200
33468800
33485400
33399600
33385500
33325200
33302900
33139200
32871300
33461400
33220200
33717500
33139900
33251900
37379800
33925500
33768800
33818600
33804800
33670800
39838600
44095500
34951000
40339400
33681400
34065300
33806000
33770100
34179300
33704100
33582400
33335700
33477000
33364000
33527000
33644400
33594000
33504700
33706600
33733400
33708000
33372500
33178900
33234600
33260600
33341900
33294900
33583400
33241800
33478400
33305000
33287800
39631400
33725300
33734400
33819500
33814900
34136500
33820800
33573600
33450900
33516500
33423200
33605500
33533800
33314700
33454400
33273600
33424300
33122100
33315700
33303900
33174300
33261400
33218100
33160600
33399600
33824700
33325900
33598000
33408800
38586300
34806800
33708300
33834900
33913400
33846800
33790900
37404800
33417500
33463700
33536600
35523600
35608900
33814400
33793500
33796300
33825100
33718900
33690200
33690600
34977700
37517700
33843600
33830000
33887700
33803400
33804200
33806000
34007000
39792100
33762300
33835500
33724400
34033500
33754500
33768300
33673400
33535200
33637600
33656700
33315700
33498300
33240300
33240500
33500600
34361500
33964200
33820200
33239400
33947700
33166300
33175700
33198000
33261300
33125500
33151600
33421600
33212900
39548300
33649900
33697200
33752100
37162800
33736400
33651400
33470300
33529700
33598900
33702900
33702600
33828900
33815200
33734200
33747700
34041600
33648500
33802700
33781600
33572600
33443300
33529900
33383600
33587900
33293500
33167000
33273400
33718400
39120600
33728800
33688400
33964700
33765100
33461000
33419400
33532700
34039200
33442300
33486900
33518600
33432800
33534000
33374600
33347300
33703200
33242600
33519200
33396700
33967700
34004300
33221800
33469700
33241800
33267300
33327600
33243200
33741100
40030900
33777400
33899900
33762900
33689900
33726900
38495700
33779800
33788300
33721500
33672400
33681700
33598000
33653800
33756000
33800100
33806000
33701000
33674000
33541000
33372200
33414000
33499100
33458700
33521600
33258800
33944400
33138200
35045500
38836600
33936800
37640000
34243700
34113300
33918400
33910800
33603800
33429200
33168500
32938400
33525600
32920900
33116000
33445100
33147500
33145100
33183200
33137100
33124000
33148400
33197000
33388700
33829300
33746700
33836300
33253300
33208700
33886200
37049800
34096200
37527700
33752300
34037500
33819100
33400400
33595400
33385400
33056200
32938000
33056000
32934000
32995800
33387900
33343800
33388600
33301700
33250200
33169400
33637100
32823600
32740300
32913500
33375100
32866600
32810800
32944100
32882000
37812700
33818200
33901700
33933700
34176400
33761400
33266600
33597400
33553200
32880300
33086500
33062300
33179200
33082000
33237300
33296900
33391900
33651600
33243700
33231500
33183300
33198300
33184600
33164100
33067000
33050500
33264100
33017300
32921600
35132400
37481000
34733000
33741800
33879000
34107600
33701600
33791100
33722000
34399800
33725100
34505000
33474200
33355300
33108700
33323700
33373100
33300700
33044600
33197700
33059200
33052500
32804400
35505900
34592800
33674300
33801900
33394200
33301500
35299200
35743700
33773400
33774700
33810100
34333000
38695700
33754500
33744100
33803900
33697700
33566200
33192000
33322500
33195800
33275000
33457300
33363100
33187800
32978800
32911700
32923600
32854500
32832200
32651900
32845600
32953700
32860800
32832900
33606100
37207800
34620100
33690200
33879300
33662000
33404300
33352800
33463500
33356400
33408800
33569200
33210900
33161200
32958400
32816900
32964000
33438300
33264300
33277500
33210900
33103500
32878300
33086700
32921700
33060200
32958100
32876200
32890200
33084500
38368100
33798900
33842100
33746800
33625700
33626400
33692400
33386800
33356400
32870000
32939500
33474600
33293100
32771400
32909100
33115200
32914000
36560200
33759000
33771100
33700100
33692000
34099800
33501900
33457200
33245500
32909800
32959700
32939800
35972600
35446400
34300800
33991100
33977600
33823400
33695700
33717400
33682300
33752400
33480300
33622800
33366300
34126700
33609000
33371900
33246300
33464700
33366700
33337900
33431500
33413700
33126300
34899900
35195500
33754000
33806500
33471400
33426100
36136800
34966900
33854800
33765300
33736000
33888400
33731000
33520300
33564900
33413200
33460600
33488900
33429800
33850700
33526700
33299500
33237200
33341700
33447800
33376400
33495700
33417900
33558600
33261300
33042100
32901000
32863200
32910500
33789400
33942900
36252400
33744700
33764400
33892800
33848500
33656900
33568400
36810900
33850100
33872000
33680200
33672800
33726500
33792200
33858800
33394800
33608200
33311000
33242100
33794000
33211900
33227700
33048200
32913100
33377700
32888200
32964900
32795800
33193900
37444300
33725500
33731100
34311800
33871300
33781900
33732200
33621500
33748700
34457400
33788300
33637800
33569100
33805900
33703900
33718200
33984900
33580300
33894600
33650000
33222800
32767100
32913400
32895200
32850400
32834600
32972500
32845000
32959200
37176100
33717400
33718800
33843200
33874700
33689700
33995500
33392700
33528100
33490400
33426800
33367300
33343400
33064800
32879100
32935000
33090900
33045600
33073200
32935500
32834600
33002900
33032700
36187400
34199900
34029800
33921500
33711900
33763800
36989000
33741700
33665900
34052100
33940300
33712400
33858100
33972200
33745900
33611200
33573500
33358200
33502200
33165400
33159500
33374200
33070200
32951900
32974900
33175300
33044600
33124000
33239800
33264900
33221800
33136700
33048800
32830600
32938700
33553100
41457900
34048900
33900500
33853600
34630700
33870500
33777600
33728800
33725200
33570700
33261100
33632500
33454000
33507500
34093300
33468200
33538500
33465900
33931800
33699500
33821800
33823300
33653500
33682300
33586200
33415300
33260700
33250900
36257300
37801300
33788900
33834900
33721500
33704800
33692300
33660100
33630800
33428600
33297500
34416500
33662800
33500000
33452000
33361400
33681900
33806000
33732000
33712600
33696700
33598700
33568200
33470600
33810200
33716900
34132600
33914200
33965600
35285100
36062600
33773300
33909200
33731600
34109200
34319200
33709700
33686000
33717200
33696200
33959400
33596800
33518600
33440000
33389500
33375900
33212800
33168700
37843600
33217900
33268500
33269400
33279100
33331800
33297500
32839000
33011300
32915500
35289100
35451900
33742200
33716000
33831600
33829300
33691800
33764400
33687000
33584600
33414500
33631200
33542700
33799800
33564600
33160900
33080100
33255100
32813400
32837500
32856400
33177300
33222800
33018600
33340400
33039300
33194300
33846100
33325400
33409700
37206600
33762700
33712300
33725800
33839100
34648600
34177100
34084700
33496300
33285100
33109400
32920700
32905000
32917800
32799400
32894900
32671700
32113000
32522400
32403800
33330000
33359400
33320200
33068300
33121800
32978200
33191300
33173900
33021900
36874200
36687100
33820000
33983300
33946400
33780800
41299900
33817400
33705700
33405200
33381600
33497200
33465300
33514500
33387800
33347700
33573000
33941300
33464200
33093200
33108600
33131100
33209500
33178900
33271800
32941000
33657800
32949000
32928000
37914700
33805000
33701900
34454100
33851000
33750000
33775600
33751000
33689800
33635300
33769300
33541500
33451500
33437700
33206900
33238500
33017500
33329000
33175900
33053500
33024100
39831700
33278900
33133100
33372900
33500900
33271100
33254000
33187400
38087100
34176600
33814100
34098600
33783300
33577600
33710800
33708400
34156300
33486700
33387600
33648300
33080900
33055400
36619100
37090900
33894700
33808300
33786900
33734300
33773300
37312800
40694000
34098700
34296200
33760200
36044000
33759400
35064600
35857800
33743100
33901700
33731900
33642500
33617100
33711100
38536400
33872500
33672300
33629700
33612800
33439200
33363500
33152400
33847600
33346500
33163900
33160500
33166400
33125700
33154600
33245800
33225300
33380700
33170200
33212700
33258900
33365900
38647900
33787100
33748500
33711900
33803900
33571500
33352000
33465600
33477900
33406000
33273900
33236000
33235100
33259800
33233500
33107900
33609800
33140200
33259200
33113100
33466900
33291200
33012100
33437400
33550700
33373600
33255100
33282300
33110900
38063200
34856200
33766200
33742500
34010900
34938900
33639300
33652400
33661900
33720400
33852200
33839200
33538800
33407700
33386600
33139300
33280200
33166500
32923600
32797800
33938600
32827000
32981200
33224800
34274600
42629700
34098300
33302700
33297100
37780600
33962400
33914600
34086800
33924500
33833700
33665300
33686200
33705300
33651500
33716600
33674200
33315500
33151900
33240200
33256000
33395700
33094700
33169900
33056600
36075100
33740200
33810100
33777600
36068000
33745200
33786900
33705400
33732000
37594600
33761000
33737800
34612800
33857900
33819400
33771000
34516700
35136900
33860100
33848100
33831000
34582400
34073600
34201800
33578600
33602700
33247400
33294100
33184400
33309100
34064800
33412400
33365900
33594000
33219500
33282600
33271200
33431000
37882100
33785500
33728700
33954200
33657800
34309700
43398300
33391700
33631300
33541900
33331800
33476100
33360400
33434400
33377100
33546900
33972100
33352400
33272400
33296900
32998700
33010900
33411400
33460400
33209200
33248200
33138800
32957800
33099700
37552500
33772700
34166700
34664400
33647700
33299100
33292700
33364700
33518600
33409700
33385200
33387000
33442300
33521000
33445800
33418100
33393500
33074600
33321900
33202800
33201700
33257700
33157300
33361800
33620600
33560800
33468100
33446200
33472100
38623100
34863400
34207200
33862600
33712700
33765300
33516000
33497500
33515200
33518100
33482000
33616000
33498400
33393100
33480000
33806300
33731600
33479300
33137100
33092000
33553900
33189500
33274900
34057600
33766300
33363200
33469800
33537000
33268800
36672800
34442400
34451500
43878200
35070000
33811700
33507300
33446500
33377000
33327900
33415800
33421200
33446800
33155400
33074600
33101200
32971900
32953300
32728300
32945000
33037000
32915200
32867100
32815100
33402300
33694200
33893300
33264000
33131400
41125000
41776800
33734900
33830000
34019500
36402700
33842700
33744500
33755900
33725300
33726600
33712400
33793100
33715900
33719900
34708600
34101100
33644400
33637900
33702900
33713600
33650900
33489300
33520800
33409900
33319500
33361600
33485100
33410600
40014800
33859400
33822100
33852300
34093300
34239700
33753200
33829300
33785800
34694600
33813600
33878400
33800800
33775600
33843100
33670800
33809600
33708900
33658600
33546400
35580000
41356000
34337400
33729900
33915100
33789000
33787500
33820700
36285900
39690600
33737700
33784100
34077700
33730200
33693400
34526400
33445200
33590400
33903200
33876200
33979000
33906800
33471600
33449700
33364300
33284300
32803300
33226300
33080500
32970600
33005700
32913500
32835600
33095400
33361300
33229600
33314700
37455700
36842200
33750800
34198100
33946200
33842300
33841900
33428300
33224100
33213200
33144400
33251000
33412100
33522800
33378800
33268200
33427900
33475200
33071100
33073100
33428300
33217700
33311300
33342400
33247500
33450600
33444300
34076500
33530400
35348100
37530000
33705900
33889900
33837400
33779300
33849400
33837300
33646800
33554100
33412000
33358400
33239600
32970400
33107900
33153100
33050500
33364700
32990200
33347100
34087300
33375900
33407800
33312800
33059200
33263000
33825800
33585800
33487000
34174700
40254600
33796000
38102400
33720400
33863700
33808200
33686000
33633300
33610000
33262600
33444800
33778500
33974900
33579200
33427800
33460200
33607500
33502200
34035000
33716800
33716200
33704000
33674700
33824200
33865800
34705400
37208000
33689100
36561100
37053200
33891300
33960600
33745600
33926000
34132600
33859800
33746600
33502100
33283700
33078600
33261900
33291100
36499400
34212900
33767400
33937100
33795600
33730000
33674500
33722700
33776700
34304400
33411600
33425500
33434400
33429600
33475500
36392600
34464400
33797700
33820100
33770700
33781200
33798900
33753200
33689000
33625900
34433800
33574400
33453700
33625300
34918300
33477200
33464500
35532800
42526400
33497600
33299900
33283500
33435900
34503900
33493800
33092200
33065200
33110900
33291300
37529400
33774200
33742300
33718900
34613300
33673500
33740800
33741700
33665900
33755000
33728000
33671500
36718200
33569300
33344800
33308600
33345500
33259200
39921600
33427100
33550700
33319400
33536400
37008000
33763300
33514800
33457200
33295400
33307000
37779600
34528100
33781200
33856700
34072300
33817300
33613700
33374200
33508700
33324100
33401700
33133500
33148700
33469500
33792300
33515500
33312700
33139100
33213900
33187600
33047500
33288800
33047000
32865200
32974100
32919400
33486700
33008200
33443700
36872400
34429100
33726900
33931500
33761700
33685000
33790500
33566400
33576900
33613300
33522100
33539100
33767600
33614400
33617900
33599100
33438100
33503500
33521300
33488100
33538100
33342500
34429200
33728700
33699900
33753800
33685800
33678000
33655700
36180100
35573900
33788200
33943400
33720300
33656000
33659300
33735900
33765300
34299400
33491100
33548900
33579300
33378300
33429100
33591000
33564100
33548500
33470200
33752200
33503600
33511200
33574000
33514900
33271700
33246800
33005200
34193300
33283100
35376700
35970200
33922700
34393400
33898700
33862700
33873300
33562100
33293100
33364000
33280900
33284100
33160700
34091200
33204900
33250000
33107900
33245400
33355500
40260700
34711800
37471300
37581700
35565200
37799900
39765900
39497200
40227000
41242500
39862300
38119400
33788200
33980700
34183500
33858300
33785300
33782700
33681900
34827800
33752000
33657300
33877400
33770000
33409200
33653500
33542900
33540100
33389300
33340100
33260100
33428300
33281900
33704700
33312500
34123900
41126900
33325900
39477100
34254500
33827000
33802500
34165400
34655100
33659600
33385400
33495000
33476200
33341000
33310400
33199600
33166300
33176000
33119200
33315100
33213100
33336400
33580200
33783200
33363800
33534400
33447100
33232000
33176100
34273000
33333700
33357900
40188000
33914900
33862200
33747000
33958600
34337500
33739400
33504200
33493200
33447500
34398000
33644700
33490100
33343100
33174900
33348500
33275800
33355800
33313700
33430000
33405900
33241200
33681400
33503800
33715200
33508800
34316000
33472700
33364700
39235000
33693100
33881200
33901100
33939600
33615200
34675400
33861800
33649600
33772900
33749800
33598800
33638600
33910000
33636100
33738400
33829700
33762200
33582100
33704100
33748200
33619500
33733400
33902500
33692500
33662200
36136200
33828300
34041100
38395700
33743500
33791100
34245100
34016700
34115800
33768900
33862200
34249300
33775100
33779000
33693700
38621800
37253500
33758000
33686100
34748000
36448400
33570100
33661700
33647500
33775800
33822300
33683300
33846500
33404000
33461300
33245200
35935500
35860400
33801000
36749700
33711500
33739400
33813000
33420200
33398600
33613700
33261700
33363600
33333000
33302000
33342900
33260000
33454600
34102800
33651500
33768200
37032500
33383600
33451900
33333000
33261700
33155200
33263200
33145600
33314600
35269600
36774900
34002800
34207300
33842000
33781700
33652500
33611500
33640800
33588600
34001800
33218800
32856700
32782800
32966500
33422400
33169900
33274400
33351200
33294000
33174600
33258000
33337100
33434300
33357700
33441700
33446400
33536100
33352000
33397900
37272000
33780900
33858300
33838200
33953600
34186700
34049100
33767500
36595600
33723200
33788100
33694800
33602800
33447800
33371000
33326100
33665700
33409800
33322700
33345000
33559100
37246200
34053800
33560800
33326800
33227300
33267600
33377400
33669300
39380900
33813800
35184300
33847100
35703400
33796300
33615400
33757700
33697300
33721600
33551300
33617000
33568700
33579500
33515800
33411400
33700200
33525400
33396900
33404100
33416400
33478300
33543900
33262700
33406900
33272300
33193000
33062900
33172900
40059600
33753200
33705700
33902500
33891600
33894600
33871500
33762900
33822100
33599800
33398800
33518000
33501800
33464800
33483000
33407500
33676200
33701800
33652300
33827800
34221400
33643000
33717700
33752700
33674700
33795900
33601300
33690500
33412600
37982800
33867100
33921700
33888600
33830100
33528600
33669800
33727900
33737800
33737700
33438700
33098900
33049600
33575200
33201600
33008700
33124600
33194200
33294000
33111200
33075900
33170800
33198300
33220000
33398000
36197000
33836300
33805800
33898100
38282400
34024000
33735800
33929500
33798400
34469100
33747100
33695200
34305800
33715600
33817200
33689100
34324800
33780800
33588800
33220800
33243800
33123300
33106900
33200200
32746400
32906000
33020300
32869000
33003600
32960200
32877300
32861500
32995500
42010900
39769400
33865600
33792900
33921200
33838200
33843500
33878300
33627300
33307500
33255900
33368400
33252700
33153100
33099300
32816100
33175400
32959800
33097300
33245600
33217400
33196800
33197000
33333300
33623900
33646700
33428800
33479900
33239200
37620600
33757700
33972300
34508800
33923800
33805000
33312000
33388100
33412300
33505900
33405100
33187100
33179800
33066200
33131200
33177900
33203300
32871500
32989400
33027600
33297300
33157000
33314700
33073200
33118200
32931100
32948600
33353000
33422400
36790300
34619600
33958700
33728100
33570000
33836900
33833600
33575800
33573400
33464900
33416300
33373700
33309900
33228900
33293900
33091900
33229500
33212700
33086800
33034100
33133700
33285800
33062700
34110200
33351200
33459700
33392500
33631100
33747700
34793300
36437300
33823700
33776900
33893800
33962400
33849800
33789800
33716800
33321900
32826800
32838500
32695000
32814000
32855900
32872700
33050300
33146400
32927700
33001900
32667400
32965400
32521000
32286100
32534900
33263100
32262500
32357700
32015000
32499000
37313800
33848900
33827100
34635200
37761400
34428000
33694100
33711200
34373800
33821200
33829500
33756300
33788800
33708300
34281700
34160200
34235600
33977200
33755400
33950800
33779300
33562000
33661800
33966000
33965700
33959000
34182900
33828400
33700200
37717100
33772100
33701400
33845400
33909300
33767500
33741400
33787000
33703100
33628600
33406600
33459600
33508000
33597100
34079400
33681100
33463200
33649300
32938200
32908000
32905300
32870300
32804700
32629900
33263900
33015900
33155900
33129800
33202300
36418300
34315800
33718100
33907600
33549300
34133700
33415600
33589900
33427400
33470100
33162800
33339600
33155000
33025500
33051000
33272800
33168600
33354500
33132400
33119300
33314200
33199600
33519500
33435400
33441600
33553100
33426700
33292300
33310800
34983800
36713000
33875500
33960000
33772400
33684400
33413700
33469400
33442500
33560900
33454000
33396600
33434000
33321300
33274100
33612400
33355000
33648500
33527600
33524600
33159400
33321300
33326000
33232800
33272600
34022100
33460000
33511200
33505400
34512700
37033700
33696600
33914300
33716100
33678500
33648300
33465000
33478600
33748100
33681400
33699000
33398400
33267700
33198000
33314500
33267400
33506800
33268700
33200800
33155800
33293600
33350200
33337700
33207000
33343100
33155200
33233100
33294500
33234200
38366000
33697900
33766100
33707200
33432500
34041500
33854000
33374200
33436200
33494300
33437700
33398800
33489700
33232500
33492900
33379800
34415900
33239800
33277900
33184300
33350400
33194800
33284600
33164300
33651600
33197500
33162000
33515200
33438200
37297400
33813200
34278700
43435000
35838900
33753500
33311800
33188000
33260800
33233600
33151400
33171000
33159800
33262900
33212500
33222800
33523100
33237200
33224500
33091000
33178000
33423800
33341400
33498900
33672100
33496300
33391200
33271200
33303400
37401400
33709300
33661000
33574700
33649100
33590800
34600000
41663400
33368200
33339900
33386000
33373300
33611100
33442500
34706700
38233800
34039900
34204600
33800900
33789100
33728000
33429300
33516400
33762300
34396600
33840300
33745100
33493200
34031000
36984500
33767600
33792400
33904200
33933900
33877600
33810300
33818100
33724400
33680600
33648900
33732300
33783700
33730200
33414000
33411900
33645400
33372400
34371600
33577500
33367300
39789200
36142900
33780500
33851400
33766700
33749700
33628800
36335500
35503300
33806100
33855700
44629100
37767900
33648700
33684200
33651900
34503900
33750300
33497100
33309400
33187500
33257000
33143200
33278400
33174000
33194600
33046300
32946800
32802500
33244700
32812200
33116300
33094100
33001300
32874400
32802500
35000200
36386900
33889400
34017700
33850000
33694800
33724700
33592900
33315500
33457600
33807000
33467100
33517300
33417200
33444500
33589600
33547800
33297100
33246900
33215600
34010100
32861300
33055000
32908900
33628900
34216100
35554400
33978200
33783200
35730300
35259200
33782200
33818900
34453400
33762000
33816600
33710300
33756300
33497700
33706400
33792200
33833100
33075800
33114700
33260000
33223200
33427300
33381100
33196500
33074700
36374900
33752100
33633500
33738100
33749800
33325900
33123800
33334200
34677400
35716300
33767700
33751700
33806000
33788400
33810700
33873800
33754500
33779300
33710100
34276200
33886700
33731200
33656000
33684800
33696300
34269400
33638800
33666100
33747800
33697600
33771100
33769900
33772400
33802200
33789300
33798600
36728900
35961900
35854000
34040100
36663200
36700500
33982200
34089300
33989500
33766900
33765700
33873000
33800900
33860800
33746600
40130400
33688600
33721000
34292200
33396400
33385800
33451100
33458400
33538800
33457700
34013500
33442000
33418500
33386600
33375600
37436400
33906900
33774100
34236700
33718300
33559900
33503800
33489700
33412500
33970900
33758800
34207200
33783800
33750300
33603700
33478400
33384600
33371800
33294700
33244800
32991900
32825400
32934500
32999000
33106000
34948800
42076000
32892100
32814500
37727600
33838500
33747600
38710500
36878500
33367800
33346700
33382000
33388000
33160600
33180100
33201300
33182500
33079600
32896700
33044600
33134400
32750300
32953900
32983200
32829000
32722400
32906400
37005200
44988500
33785600
34048600
33415600
33827600
37536900
33701400
33822700
34198800
33877100
33785700
33371000
33264000
33990100
33392300
33321900
33338900
33398000
33324500
33172000
33125400
33416000
33271100
33316300
33447300
33339600
33249500
33506600
33506100
33512100
33695000
33529000
33516400
33381800
39663800
33746500
33855100
34358600
33773400
33728700
33826100
33709600
33666400
33747200
33728300
33707800
33653100
33661600
34345300
33735700
33489500
33330400
33387500
33281600
33315100
33115200
33187700
33064400
33146700
33189200
33565600
33526600
33453600
38012900
33826100
34139900
33948100
33978600
33900000
33615400
33629700
33376300
33363000
36943900
33540500
33458900
33499900
33603000
33531900
33709500
33888900
33215100
33074700
33040100
33171700
32844200
32961900
33322800
33117000
32856600
32804700
32905400
37578000
34908100
33762800
33774200
33626300
33791600
34356100
33607300
33803000
33461200
33360300
33418900
33514000
33399700
33275800
33811000
33068900
33303100
33188100
33117200
33029300
33033900
33026100
33008100
33332800
33028800
33316100
33649900
33191500
37767700
37278600
33812500
33866600
33891300
34325400
33754900
42681400
33943100
33717600
33804500
33903200
33814600
33606600
33451700
33580000
33398300
33390600
33249100
33275800
33299100
33209100
33034400
33237300
33274700
33210000
34095500
33658300
33584000
36341800
34658100
33641300
33612800
33841000
33780100
33573400
33618000
33243500
33300100
33241800
33289700
33248200
33523900
33122700
33082500
33205700
33668000
33234100
33352100
33468600
33389000
33101900
32723900
33214700
33125600
33572000
32915100
33230000
33265700
36908600
33728400
33863500
34140500
34042200
33694300
33817900
33822800
34050200
34294400
33628100
33578100
33494900
33293400
33172800
33273900
34186700
33247500
33097900
32912300
33048400
32799700
32875700
32815700
32989000
32928800
32961200
33040900
33575700
37922400
33874100
33839600
34051900
33773600
33764000
33709900
33765000
33661000
33563800
33461300
33353200
33509800
33438800
33566300
33413200
33612100
33377000
33437400
33460700
33143600
33195600
33482100
33317900
33253700
34948100
34436800
33886800
33959900
37092200
34062600
34109400
34138300
33697800
34352200
33732900
33391900
34239100
33621900
33399700
33680700
33498800
36738300
33199000
33163100
34093400
34697600
34309400
33479000
33545700
33670300
34016200
33448500
33821300
33690300
33564500
33483900
33536100
38109400
34018200
34041400
33863400
33706600
33838900
33668900
33276500
33174700
33160600
33199300
33018000
33009400
33069700
33162700
33442600
34461700
33563800
33480400
33355300
33225300
33215000
33070200
32968700
33198600
33027100
33141400
33268400
34083600
37480500
34181900
33781000
33760800
33596800
34072800
34102000
33675800
33202800
33218600
33217700
33362800
33323700
33236200
33631900
33450200
33482200
33631200
33562800
33530400
33589100
33706100
33683900
33825500
33829900
33716600
33576100
33463300
33722600
36340900
34865200
33714500
33869300
34108900
34110600
33880700
33585500
33542300
33317200
33196500
32802200
32892600
32910900
33046200
32993700
33258400
33554300
33160200
33765500
33213300
32922700
32909500
33039900
35188100
34416200
33498100
33363300
33199500
34546500
35584700
33853800
33679100
33889500
33694500
33432900
33451400
33169500
33114200
32973500
33162800
33224300
33194900
33508000
33306300
36209800
33703500
33237000
33150700
33159900
33337200
32916300
32958300
33217600
33251600
33215400
33169700
33125300
33831900
37198200
33859100
33810500
33926100
34006200
33979800
33872900
33894100
33522900
33473300
34059200
33226100
33214300
33463300
33158600
33379400
33491200
33422000
33383400
33396900
38328900
42506800
33774100
34220800
33626800
33610500
33236700
33221800
34966800
35235600
33766600
33812000
33941600
35282500
34314800
33739900
35782900
33763400
33844800
33805300
33908000
33661100
33475700
33531300
34569000
35275100
33805100
33794900
33727300
33471000
33380000
33269200
33333100
33574200
34020500
33555900
33384900
35790000
35504100
34640000
33962000
33805900
33736200
33419500
39978100
33274700
33363500
33244700
33341800
33056600
33020700
32879300
33056100
33083600
33677500
33306500
33137000
32986900
32962300
32937100
33009800
33032900
33300600
33173900
33243900
33078900
33847900
36571500
34050300
33871800
33831400
34512100
33643500
33434600
33494400
33459600
33393000
33348500
33290700
33218300
33060300
32879300
32869900
33445900
33344700
33229700
33450000
32897400
32999800
33373600
32790700
32907900
32746600
32811300
32963500
33149100
36460400
33831100
33860600
33739900
33344700
34151700
33401300
33307000
33211600
33135600
33140800
33461000
33419900
33188100
33144900
34670600
33258700
33471700
33644300
33721600
33644500
33220300
33459200
33159300
33139400
33143800
33141900
33183800
33180200
35335700
34821400
33775500
33805200
34275000
40151800
33538700
33335900
33350200
33185100
33222700
33188000
33227800
33779100
33073700
33016700
32851000
33208500
33161600
35821600
33435200
33478800
33560900
33574200
33445900
33571700
33402400
37881300
37785100
36908000
33910100
33779600
33764800
33762100
33808400
33531100
33637300
33546200
33704700
33428900
33261900
33392700
33368200
33316600
33924500
33610100
33487900
33619600
33468100
33421300
33424900
33581300
33390300
33320700
33197500
33386100
33266200
33278100
37486200
34859800
33860600
33831400
34745900
33853800
33706200
33691200
34289800
33722400
33681000
33353000
33293500
33374800
33228700
33204900
33290200
33297200
34802600
33000300
33015700
32991600
32964200
32917200
32856000
33199200
33103500
33170300
32986500
33823600
36813700
33720900
33760100
33933600
33830300
33553300
33689300
33811300
33705500
33826300
33687700
33777200
33847500
33708300
33477100
33349000
33344100
33169300
33538200
33370800
33420600
33358400
33359000
33334300
33957200
33484800
33326700
33507100
33546500
38455500
42513900
38711000
33902300
33766600
33710700
33624600
33576100
33678400
33629400
33610100
33625100
33170100
33487200
33280500
33433300
33408000
33422900
33406400
34177800
33675800
33309300
33334000
33450700
33614300
33766700
33849800
33421100
34909500
38330400
33953300
33927900
33784300
33718300
33589700
33470600
33428500
33586800
33466900
33357600
33272500
33092500
33113100
33206900
34001300
34599000
33111200
33102400
33096100
33153000
33445800
33423000
33397800
33409900
33413500
33534000
33421700
33585100
36524100
33896900
33816800
33870300
33769100
33772500
36696200
33871100
33877300
33678200
33665300
33617300
33381900
33432200
33403400
33534800
33552000
33339000
33277400
33434600
33331600
33280100
33215000
33041400
33393000
33227500
33175400
33268300
33186400
39529600
33986400
33756000
33689700
33839700
33929400
34354300
33738900
33695900
33580800
36152300
33693800
33762100
33604900
33676500
33672500
33733900
33787900
34442500
33783100
33771200
33736300
33745400
33726300
33748400
33707600
33394600
33557900
33392700
36525100
33912400
33993600
34150000
33728400
33738500
34911900
33751200
33773200
33548200
33427700
33234700
33140700
33291100
33185500
33089700
33667300
33057900
33167900
33741500
33676800
33143600
33179700
33231600
33301500
33226800
33235500
33673500
33137100
38171100
33772400
33751900
34262700
34233700
33847700
35422300
33787300
33821400
33804500
33771400
33764300
33481900
33516600
33295600
34050800
33513100
33278300
33257600
33304600
33440300
33259600
33238800
33204800
33142400
33135200
33130700
33063400
33157500
36209800
34924500
34156500
36938500
38629900
37471800
47283200
38213400
41832700
38406900
37226100
33776700
33719600
33696300
33854300
35075300
33755300
33712700
34334800
33798400
33657100
34628000
33813800
33796400
33426100
33376400
33512200
33673500
43306700
33948600
33847300
34420900
33449700
33529900
33508700
33436500
33399400
33390500
33260900
33166800
33242700
33130100
33178900
33027100
33553800
32942900
33733200
33261300
33330200
33371900
33097700
33278900
33353500
33296800
33601200
33297200
36663900
38078000
33836600
40962800
38435000
33711800
33734800
33703800
33896400
33890600
33654200
34713300
33289000
33342100
33204500
33144300
33061500
33219800
32894700
32820900
33015300
33198000
33307200
33120700
33529400
33781800
33547900
33656000
33765100
33675900
38100800
33929200
33838100
33791600
33842100
33847600
33931500
33801400
33644900
33331100
33149700
33018700
32877400
33744700
32968200
32981300
33371400
32863100
32907900
32885900
33268700
33482400
33324300
33333800
33339200
33095400
33139400
33421400
33142000
38587700
33801100
34716500
33767000
33887700
33843100
33670700
33757900
33898100
33928700
33772100
33553700
33126900
33062000
33556500
33257200
33116100
32998200
32867200
32757500
33005300
33116200
33241100
33251100
33416500
33293000
32898800
32984800
33009900
36696600
35349200
33769900
33545700
34010900
33247700
33302000
33205800
33030200
33291100
33147400
33119100
33075100
33449500
32875600
32820500
32857400
33180000
32823400
32966400
33080500
33138600
33791900
33460000
33339000
33420600
33328300
33452500
33178500
33538200
38349800
33876800
33659300
33758600
33582800
33453800
33539800
33296300
33268800
33238100
33047500
32970700
33122900
33244000
33054600
33051900
33174200
32960700
32905100
33007200
32961500
32991000
33655100
33535500
33623600
33404000
33264100
33245600
33497400
38872700
33894600
33842000
33738200
33550800
33568000
33566800
33546300
33485400
33483800
33343300
32930900
33740400
33356200
33259500
33321500
33510500
33335400
33250500
32909100
32867000
33016200
33221600
33230200
33369400
36047700
33829000
33543800
33679300
36379800
35137600
33908300
34227100
43329400
41642400
33418500
33607600
33434400
33255700
33184800
33293700
33333400
33340400
33419400
33302300
33305900
33329600
33503700
33510600
33600800
33709200
33648400
33601000
33893200
33583900
33530700
33651200
36684600
38026100
33855000
33890800
33871200
34560000
34073800
33534800
34391600
34047300
33551800
33453200
34195900
33337600
33244600
33434900
33219100
33451700
33116200
33158400
33237600
33190700
36949400
33669900
33693500
34167900
33791400
33626000
33514000
33401900
37992400
33841200
34099900
33910000
33792200
33959500
33646900
33547700
33897800
33381500
33436600
33435600
33438400
33463600
33339500
33306200
33524900
33249800
33219800
33208100
33073600
32961200
33075200
33031000
34321200
33257300
33179100
33205700
33120100
38708800
33789900
33704400
33496000
33475300
33180500
32973600
32940700
33354300
33064300
33499300
33302900
33143300
32894100
33036500
33018100
33029400
32985000
32776000
32792500
32772300
33195100
33305400
33276900
33245800
33165000
33415700
33463400
33154400
34755700
36343800
33754600
33497100
33654500
33668300
33577300
33457900
33448600
33417600
33286900
33269200
33172200
33271800
33176000
33273700
33906100
33417000
33390600
33115800
33250000
33204700
33127900
33339000
33376600
33488900
33443300
36976900
33783500
34414200
37524100
33761200
33924100
33824000
33712500
33738100
33876300
33755200
33461100
34963300
39864100
34109000
33453300
33438100
33316200
33408100
33725300
33228000
33414800
33515800
33213300
33271800
34199600
33341300
33338000
33432700
33446200
33438900
34284500
38513000
33839700
33974500
33885600
33750200
33468300
34076000
33177500
33303600
33247300
33319700
33510100
33523900
33527300
33494700
33628000
33518000
33467800
33297500
33090700
33112300
33047100
33389700
33383300
33694500
33487900
33341800
33331000
33438700
39493600
33940500
34163200
35780700
42995800
33561000
33353200
33430900
33477800
34568200
33468300
33351500
33325900
33242800
33250200
33823100
35984800
33650600
33388100
33343800
33392800
33537200
33434300
33647000
33345500
33229700
