15
13
4
165
138
190
207
7
108
59
21
302
24
192
363
82
311
291
164
98
137
330
46
152
182
82
337
45
90
77
59
379
414
75
93
240
64
31
6
221
315
77
37
16
93
104
315
6
377
85
197
34
7
126
63
224
198
429
14
142
383
35
121
106
76
190
441
489
195
202
27
94
14
125
20
65
316
12
10
19
279
64
80
466
230
153
196
340
30
307
231
61
21
244
344
147
145
218
285
164
169
194
103
116
53
21
13
45
21
166
94
510
155
51
521
122
127
137
72
11
91
80
202
233
37
29
3
268
168
10
184
31
109
83
50
1069
13
343
59
76
55
442
87
1
249
216
47
325
152
56
136
30
151
487
79
145
223
123
53
283
55
356
67
260
45
137
577
158
145
5
157
168
169
260
121
259
194
151
84
70
165
145
22
5
44
11
352
38
142
137
188
395
91
895
79
113
3
31
33
59
47
348
47
147
46
100
23
259
21
161
438
63
384
178
326
543
143
7
32
160
104
161
277
309
28
316
32
23
112
26
14
83
542
214
272
30
96
128
142
657
40
253
632
120
177
298
82
121
249
46
56
69
48
212
90
26
77
2
498
625
392
110
62
29
15
50
548
130
56
18
68
156
9
56
208
5
136
45
62
225
54
148
97
17
3
380
52
10
217
23
146
58
18
470
125
75
101
319
108
255
19
235
19
256
199
336
185
34
346
370
196
38
161
79
76
313
3
42
32
242
100
27
47
129
27
73
189
155
117
280
55
62
36
164
193
17
263
28
275
107
86
159
469
79
73
793
73
115
50
42
12
145
37
362
16
37
3
208
21
197
156
10
194
484
253
1058
143
243
37
316
58
1
300
292
35
113
213
96
47
17
35
94
148
276
12
227
17
132
78
133
57
77
14
276
90
15
135
63
169
11
280
79
281
142
23
5
89
8
28
504
148
8
171
76
29
238
44
317
50
6
32
255
116
75
25
43
149
237
41
160
93
6
257
36
236
7
87
106
117
4
57
43
232
75
155
164
280
52
243
13
967
466
84
293
244
71
61
9
70
202
18
329
123
113
177
37
40
96
40
37
33
65
105
33
24
185
137
344
180
672
293
70
70
466
134
127
501
215
157
29
71
205
28
214
24
75
129
351
447
224
133
175
132
511
44
96
178
280
271
434
452
312
405
48
423
18
59
277
67
15
45
126
153
48
24
107
24
24
284
12
193
29
13
443
21
135
27
189
184
247
59
27
9
369
156
130
68
125
154
162
126
155
382
260
65
23
318
183
119
75
2
52
155
102
54
284
10
101
5
79
94
190
204
236
64
35
41
82
69
678
628
170
44
240
436
113
318
131
128
43
342
220
13
25
41
271
204
83
107
72
82
4
293
155
39
48
406
395
7
325
122
145
27
128
7
795
124
217
722
119
64
70
68
296
8
153
238
233
53
74
4
318
66
110
4
158
140
119
72
181
149
118
107
89
79
8
67
225
215
344
240
59
157
51
157
93
39
61
26
79
229
23
177
404
13
55
50
54
79
39
226
386
377
214
428
85
130
214
44
168
76
205
4
141
116
180
61
21
287
236
64
105
199
55
774
14
24
227
69
120
240
481
218
242
99
22
299
259
83
192
566
129
246
18
94
63
129
71
13
216
6
273
164
58
149
154
267
136
140
6
146
65
98
310
247
429
201
46
58
96
26
31
198
12
133
74
153
87
407
44
138
248
98
280
11
92
408
302
104
57
98
206
97
46
208
36
60
22
158
259
69
202
44
1214
108
8
78
272
174
254
30
41
131
119
5
16
192
59
122
146
7
118
66
74
191
11
52
285
33
388
46
58
46
76
356
241
332
148
15
116
334
34
18
395
421
54
17
7
111
380
41
158
257
24
268
110
479
17
149
74
163
9
395
159
62
310
74
387
1471
30
344
330
323
92
56
37
229
103
362
116
49
26
196
134
26
116
230
22
151
5
199
40
5
188
416
9
189
4
23
391
205
170
306
62
323
106
142
418
68
294
378
135
79
252
175
54
17
89
634
45
341
3
205
190
125
117
48
55
212
93
314
103
4
67
69
75
101
3
66
141
251
106
20
391
5
71
227
42
97
73
461
48
157
23
39
48
85
103
17
213
507
155
338
80
4
25
54
447
71
184
483
228
52
259
64
7
80
135
558
62
260
76
87
142
53
450
212
537
317
163
341
119
263
121
271
137
90
276
523
107
386
134
70
37
101
74
44
272
323
11
8
32
947
184
20
151
159
56
87
377
80
134
39
78
86
769
113
136
24
55
27
284
42
209
172
66
358
175
203
226
19
8
343
511
67
500
248
12
44
43
27
12
67
176
52
162
73
217
4
186
180
83
79
242
359
79
150
291
81
44
281
73
84
93
36
203
35
120
54
20
68
7
31
246
127
95
2
87
736
221
7
455
205
236
203
259
137
22
56
69
43
165
16
370
6
247
454
85
527
49
119
330
96
42
766
10
86
40
125
82
103
98
3
214
164
265
87
109
77
347
9
36
41
555
157
59
468
93
34
19
724
123
342
4
14
37
232
116
45
273
477
43
81
323
145
57
98
82
297
64
72
1
17
230
98
55
798
48
247
198
61
85
218
12
259
12
7
119
395
148
34
168
71
7
137
54
117
245
468
156
373
5
28
322
53
201
91
56
118
4
123
267
226
17
192
426
358
73
13
319
143
40
41
142
497
115
60
334
10
35
59
317
170
171
184
194
152
18
114
60
138
343
4
43
187
475
11
226
518
362
132
140
71
34
256
30
31
158
154
108
181
218
339
188
90
478
68
8
214
37
113
4
207
14
116
218
211
28
10
72
53
277
43
112
34
151
13
135
47
149
31
33
129
85
14
111
147
201
75
32
93
49
226
232
32
121
185
314
83
571
195
103
10
120
2
117
217
114
75
39
142
88
30
21
92
262
23
129
22
183
1
140
83
8
45
469
19
240
48
112
421
64
88
10
148
26
137
239
116
142
83
107
15
56
65
136
22
201
75
270
162
226
168
142
111
187
14
116
19
48
136
64
375
10
15
218
392
139
24
129
321
295
26
54
132
49
351
32
32
125
310
39
4
142
251
185
181
123
131
64
156
282
95
55
131
8
86
10
23
215
115
366
127
198
80
169
1
232
179
120
57
235
36
30
90
45
613
69
126
25
55
132
428
202
179
60
114
315
21
29
542
337
19
245
171
131
7
63
122
197
18
279
47
22
310
20
97
180
167
248
115
1
279
359
102
178
176
15
99
315
99
27
5
660
23
121
73
4
122
160
4
616
9
58
31
9
298
318
296
154
166
203
58
80
90
88
495
24
147
91
640
202
230
79
211
108
9
31
88
283
97
130
564
2
52
116
35
49
396
182
115
72
430
164
503
76
49
215
270
221
114
62
316
53
248
130
316
26
210
282
49
173
196
64
67
64
46
207
93
2
70
106
6
65
167
41
13
55
161
10
193
960
121
130
96
71
80
53
48
163
285
395
75
171
16
366
208
471
569
340
118
27
320
77
35
79
83
15
15
105
754
36
279
445
90
65
107
258
28
3
55
259
203
248
108
52
702
22
286
7
82
574
461
210
128
14
261
410
64
164
291
169
86
163
295
16
117
53
355
87
21
1
1
308
337
35
202
484
226
462
169
145
193
264
162
136
202
235
5
48
19
61
356
706
105
32
14
98
29
3
17
57
151
356
6
16
163
348
5
192
502
188
10
48
345
222
320
63
119
89
32
198
41
216
154
201
127
183
77
207
146
12
510
257
9
98
19
215
55
227
165
439
62
244
204
54
15
24
118
205
42
111
9
223
176
250
413
43
24
35
2
367
194
581
367
55
13
127
192
117
24
114
120
150
92
124
31
76
136
17
111
8
66
89
103
30
178
9
17
27
42
252
63
233
156
66
56
79
326
125
36
4
175
81
122
40
335
80
64
97
59
250
213
121
138
627
215
30
74
171
742
29
123
28
240
12
6
57
43
50
59
105
5
316
668
92
51
65
39
13
332
122
135
1001
162
51
15
153
45
412
274
31
89
221
209
42
396
235
15
41
17
227
131
238
191
53
115
7
225
77
47
107
29
51
350
159
166
42
115
103
558
28
332
523
265
51
533
2
455
20
147
199
30
19
158
124
51
18
76
121
32
136
139
188
7
55
325
557
98
381
33
14
165
152
98
55
244
225
54
213
57
356
344
52
131
10
377
464
283
63
128
17
267
13
25
817
14
69
149
52
50
407
114
151
137
32
349
17
144
157
65
541
286
159
27
20
314
3
132
94
24
188
740
100
258
332
93
432
162
32
106
297
217
13
128
127
190
12
122
99
55
99
63
187
32
175
141
64
213
427
195
32
61
33
205
475
145
295
85
31
15
3
5
41
50
137
95
56
102
490
301
92
105
193
21
112
219
19
272
206
9
340
215
46
234
22
53
326
118
779
5
25
111
94
359
103
224
274
61
208
323
170
145
158
203
28
52
407
202
178
42
5
174
295
306
40
50
371
239
33
239
272
51
191
30
77
180
94
129
18
92
252
43
163
263
116
129
9
65
27
221
127
64
4
127
80
15
15
47
87
103
480
34
26
5
38
3
116
74
228
115
185
39
24
70
87
411
29
241
10
127
17
245
74
10
133
116
41
142
68
98
311
326
90
54
554
35
237
202
63
190
162
326
127
95
166
43
59
30
58
28
67
159
78
121
72
117
99
78
48
99
90
259
13
49
402
124
169
27
42
39
272
143
117
27
251
56
103
215
12
259
170
118
38
152
72
21
126
54
63
419
92
100
265
224
18
334
152
127
381
340
363
5
205
433
28
74
143
36
237
21
75
147
239
38
103
10
155
152
175
113
46
395
129
17
12
31
251
45
100
73
256
81
165
119
64
10
102
27
185
31
130
347
19
164
21
44
813
284
38
418
453
34
241
45
20
129
29
206
111
24
134
27
163
45
154
124
115
6
24
25
14
467
218
497
392
280
54
65
31
58
271
188
432
166
245
2
319
34
146
95
68
612
115
40
40
198
95
10
493
221
12
602
175
43
731
331
23
87
146
97
11
50
176
30
108
100
146
61
413
62
151
75
92
62
2
26
225
58
238
3
420
205
163
53
144
66
82
14
149
59
447
26
18
100
273
37
146
109
211
138
282
47
164
114
299
97
38
18
61
70
79
43
10
61
40
113
19
85
652
244
109
43
173
6
112
116
6
21
190
74
131
54
203
115
130
13
25
153
174
11
47
333
84
90
222
118
15
135
369
318
171
208
70
510
4
153
205
181
7
51
54
53
72
255
98
197
106
115
87
30
94
105
96
281
22
95
22
79
72
24
81
36
145
1
19
51
143
2
24
237
79
165
31
88
121
305
28
46
68
27
216
1
40
234
187
135
605
241
158
176
332
182
52
141
256
102
137
14
13
183
189
477
128
300
584
257
7
70
57
251
376
17
5
73
44
117
192
100
170
200
88
9
147
31
223
57
211
72
138
205
198
311
280
292
102
167
217
6
79
389
5
37
8
945
27
250
195
181
1
36
488
202
161
41
248
168
22
115
70
309
100
48
238
193
116
357
8
110
200
3
5
345
119
271
10
20
32
45
14
59
340
21
243
36
17
13
240
159
35
160
119
27
336
547
155
99
40
156
68
256
415
10
68
425
123
276
259
298
558
99
341
102
90
34
86
2
463
871
37
4
63
74
313
2
163
150
145
18
24
3
118
4
176
33
166
108
35
335
186
37
198
190
33
529
198
532
134
4
102
300
67
403
31
268
67
651
149
311
76
251
31
8
393
13
179
33
93
159
78
174
110
42
7
428
90
57
177
89
133
136
151
166
250
162
45
81
45
121
449
26
258
28
219
71
41
99
21
202
98
61
48
169
29
211
193
309
84
694
208
362
164
21
91
298
145
167
378
200
17
313
63
497
88
25
139
62
241
144
68
390
713
251
38
207
90
172
290
46
8
65
68
418
194
22
116
293
113
3
141
114
103
391
57
1
322
5
61
306
15
252
32
144
209
254
3
148
258
80
97
83
97
233
22
63
297
197
60
21
82
59
98
178
300
31
128
72
60
126
179
78
528
238
10
199
49
23
211
78
68
103
122
112
40
466
28
67
446
61
3
59
469
59
180
9
35
92
83
148
116
351
1
116
203
262
6
86
324
97
226
28
117
174
160
196
475
2
4
10
116
96
56
329
19
273
113
46
90
8
121
179
179
148
23
90
162
177
173
5
83
329
376
25
639
322
2
70
171
105
30
653
409
97
4
66
251
167
70
20
241
189
9
396
79
15
332
487
306
125
40
104
395
494
247
78
91
51
258
57
59
342
29
235
356
126
44
232
62
125
56
213
50
161
38
324
106
23
714
112
34
11
59
153
178
404
57
157
14
417
243
98
752
173
24
7
78
80
372
39
256
323
288
181
40
479
137
96
12
542
35
37
393
205
19
51
51
204
286
42
196
113
35
65
7
207
300
55
208
56
298
97
49
512
61
42
158
85
185
106
33
161
3
89
471
14
228
8
79
139
191
2
249
34
31
53
19
95
376
127
244
371
137
35
292
91
137
70
218
68
216
60
402
50
652
69
36
6
21
222
143
19
93
391
249
354
4
144
51
167
497
12
390
95
744
9
414
12
165
26
18
147
61
252
25
8
437
1
399
23
300
290
33
21
177
412
307
181
94
210
69
198
17
28
14
281
52
245
134
137
6
417
457
208
260
31
13
139
26
241
317
16
199
55
88
375
59
94
10
185
70
3
241
69
118
369
183
46
186
83
340
201
93
38
43
318
2
33
220
146
409
3
302
308
510
8
26
84
23
320
314
4
224
23
201
857
8
159
194
185
474
18
146
100
6
122
210
358
327
55
439
1191
35
134
30
50
134
545
83
21
5
5
5
100
376
40
81
27
88
432
126
42
4
23
167
54
53
14
6
628
65
174
149
23
291
211
191
83
308
247
211
140
48
1132
108
209
502
40
111
29
412
5
307
36
50
52
308
100
347
49
317
11
10
154
22
45
133
221
45
496
78
5
351
73
42
43
385
28
395
85
87
93
143
4
96
66
53
25
82
472
4
94
77
23
62
328
119
130
25
44
5
73
501
5
144
423
254
172
24
15
10
257
48
52
103
66
212
117
10
237
30
44
7
364
17
246
213
422
133
496
39
514
149
266
102
4
70
17
45
93
90
227
163
35
271
19
262
125
46
261
113
114
114
31
64
199
412
534
150
117
110
6
116
29
225
37
250
188
23
257
164
555
150
34
44
113
417
13
169
55
180
127
118
256
61
32
233
17
101
198
233
35
526
127
13
98
282
831
386
254
354
12
179
86
82
159
77
132
54
246
40
128
100
43
125
19
99
410
89
22
25
147
56
465
160
48
228
306
52
384
104
274
25
103
21
411
2
111
55
220
179
68
121
182
55
94
78
73
78
274
172
203
410
293
201
59
41
169
28
59
2
134
381
85
113
31
295
76
324
75
141
8
274
22
155
36
289
94
251
39
802
45
263
597
55
214
32
98
138
292
360
438
412
273
76
271
149
7
337
416
148
17
308
18
517
30
230
15
208
143
23
334
213
19
230
297
125
23
453
614
182
139
129
209
94
373
46
122
498
638
119
56
219
532
107
181
176
44
151
2
187
213
5
44
215
265
362
9
82
75
150
68
148
13
124
7
200
656
471
21
21
12
10
42
95
4
2
38
326
475
173
498
819
375
383
229
148
67
69
177
112
114
97
9
403
10
329
6
9
176
247
18
39
171
355
147
130
29
159
8
130
46
167
223
131
12
111
21
58
58
70
27
443
184
179
76
79
108
63
228
102
159
31
37
58
197
57
90
504
224
113
13
103
87
110
28
12
161
90
2
1
228
79
103
76
542
80
540
809
369
352
134
39
48
183
47
232
10
27
288
329
71
181
16
567
291
216
344
117
48
395
20
63
52
130
20
147
24
241
14
95
159
156
219
90
57
185
49
3
311
20
210
60
15
197
147
174
8
20
61
12
130
283
66
251
86
247
14
35
74
244
294
29
26
161
15
33
30
153
295
189
78
306
125
476
284
12
385
78
40
246
390
231
3
34
238
192
251
4
220
24
280
379
274
24
46
212
264
20
48
104
37
177
41
37
173
136
14
370
59
32
111
47
118
63
278
193
168
200
36
29
27
120
145
47
10
30
67
6
128
98
69
30
32
59
350
13
76
63
78
80
38
188
306
224
451
73
55
19
469
76
128
170
300
33
122
259
99
71
73
11
375
242
235
30
19
596
605
35
234
43
148
387
73
79
414
34
55
152
400
1
363
1
479
71
196
9
120
36
389
287
12
137
90
308
75
38
38
270
46
391
145
106
296
136
10
120
21
72
213
80
108
56
220
87
120
264
248
153
216
114
169
263
15
53
101
282
34
147
158
34
102
39
80
200
4
501
147
23
282
191
59
14
96
128
41
63
137
327
156
156
115
7
239
91
414
151
34
163
18
55
678
154
43
153
165
179
128
400
61
234
34
170
25
82
580
69
87
91
193
281
150
147
192
110
49
18
17
85
153
17
191
45
17
128
45
79
122
237
488
132
253
34
221
78
44
96
104
55
175
3
238
168
4
268
128
137
319
84
92
218
251
140
107
125
169
30
69
19
193
673
164
79
213
138
88
79
184
791
64
7
198
97
137
97
3
152
4
135
52
12
137
276
360
222
118
155
626
56
83
73
10
353
20
60
583
21
23
517
130
23
115
310
12
98
223
12
201
147
22
255
177
24
291
152
132
116
68
97
185
269
186
169
59
29
135
370
67
473
75
273
158
105
328
194
329
85
64
68
441
13
114
84
218
38
96
81
69
176
5
50
491
765
130
42
21
103
404
16
118
166
72
97
129
177
7
374
204
122
44
273
22
163
470
197
203
122
416
457
46
88
410
234
126
93
142
27
183
133
179
133
233
159
143
10
143
18
148
23
404
55
730
138
278
1053
102
282
261
209
161
2
20
214
393
17
258
2
14
2
8
70
696
215
146
269
180
19
61
102
50
18
103
81
8
9
120
34
137
48
46
151
11
96
26
83
88
154
378
134
43
276
418
87
61
86
16
109
280
12
94
36
496
323
47
18
143
7
66
310
129
120
136
2
101
71
57
113
396
31
433
65
101
33
39
90
102
7
309
274
85
288
100
45
22
245
210
56
69
106
225
216
8
697
255
9
132
170
84
70
343
35
336
550
51
77
346
7
105
396
35
270
7
118
44
16
6
67
315
5
228
87
94
373
133
235
2
49
232
309
32
300
56
470
66
25
105
190
466
58
41
157
147
184
270
216
170
82
589
65
17
18
30
237
23
114
206
7
223
73
270
442
19
95
440
23
19
24
225
50
28
7
45
38
508
134
24
101
206
144
264
361
58
45
400
739
341
211
206
10
7
75
198
313
23
317
232
94
96
103
86
215
58
322
420
175
159
246
82
27
184
7
414
333
302
852
353
268
16
131
49
162
142
96
39
18
36
41
124
343
75
324
119
38
170
76
39
121
11
53
232
198
103
295
43
52
104
43
138
20
130
500
15
20
60
193
474
375
37
163
15
50
118
63
43
98
378
8
95
42
204
91
169
152
79
188
117
11
51
490
48
347
106
145
17
310
183
129
1
151
149
386
106
108
256
6
254
170
16
166
149
305
8
39
303
33
68
212
27
194
205
55
17
85
58
221
307
259
298
222
480
188
399
103
133
4
251
413
54
185
264
82
90
146
17
55
158
99
7
490
18
95
194
38
136
133
456
235
376
60
491
362
326
457
163
96
876
2
50
154
10
206
240
160
14
101
5
334
150
124
195
83
176
123
680
272
254
16
330
99
68
68
8
55
163
38
64
41
37
180
1
965
467
311
156
196
15
25
160
6
64
33
5
106
127
118
69
250
60
15
244
43
250
49
71
114
147
98
91
163
214
85
37
66
120
30
149
43
128
188
100
19
625
788
306
260
23
248
107
359
167
30
68
170
169
105
173
71
174
71
24
62
68
63
6
115
117
74
56
266
215
128
102
96
19
207
141
191
136
144
13
15
180
80
369
31
64
182
178
69
115
30
152
60
81
63
84
18
196
24
88
88
86
61
24
32
39
35
202
163
127
541
9
201
454
13
121
7
201
371
203
43
112
24
125
113
26
53
12
125
45
72
78
235
144
535
275
404
70
693
167
131
1
104
82
39
166
85
394
327
47
398
40
373
191
28
113
167
338
33
589
849
64
333
208
79
1
93
256
57
601
204
36
509
220
281
34
73
72
148
261
43
55
103
48
78
54
2
41
13
78
33
41
67
153
390
32
152
134
118
152
293
389
90
162
63
185
104
98
152
378
82
344
58
346
24
126
16
61
120
515
535
158
40
94
484
19
110
486
93
59
212
226
606
11
272
190
5
193
18
46
5
234
123
295
7
396
38
40
92
78
400
179
10
89
209
156
413
691
200
146
225
690
66
139
165
587
40
34
431
16
36
238
128
381
1
20
216
452
196
101
268
677
74
94
49
532
42
5
82
159
4
188
214
170
76
414
105
100
142
23
86
2
41
13
263
27
104
87
28
30
50
71
28
723
13
76
213
89
81
245
120
100
232
100
373
69
53
139
48
110
135
289
26
372
101
144
278
316
122
161
120
108
160
210
28
235
144
86
209
129
63
37
86
141
47
21
124
172
17
126
290
134
251
244
26
141
386
72
459
225
109
30
157
12
11
16
119
88
50
77
411
306
23
329
365
69
176
246
157
17
31
129
20
144
82
20
136
251
191
111
111
50
66
95
13
512
34
98
143
98
77
28
290
262
21
167
109
33
428
258
90
352
134
56
49
22
78
84
30
67
22
306
258
25
7
21
239
10
452
37
160
45
565
91
243
11
37
463
34
65
92
212
51
12
321
175
713
196
281
78
147
137
9
114
26
143
14
68
9
20
118
13
46
126
189
97
122
225
11
226
358
52
264
119
116
64
192
26
346
37
51
79
395
53
214
448
144
28
20
265
205
330
177
969
498
406
57
203
4
79
298
106
96
159
34
57
165
217
277
158
128
215
233
63
278
346
210
46
106
89
215
23
148
39
226
364
92
109
60
26
52
35
73
537
868
426
347
652
22
38
135
85
20
60
37
439
150
46
466
110
100
77
157
143
208
131
361
104
479
4
136
263
23
79
27
98
208
88
298
58
397
214
46
127
7
171
33
199
59
206
244
241
13
101
25
14
35
37
720
95
409
207
90
7
224
78
69
80
62
18
142
57
130
32
371
249
262
167
8
336
79
227
172
385
12
184
177
133
144
35
385
181
114
1299
64
9
21
201
11
311
83
8
157
22
183
109
3
106
43
163
70
366
511
118
217
455
18
79
103
31
53
94
136
112
48
2
82
285
62
33
117
182
20
102
216
117
12
243
165
46
205
162
262
205
92
103
130
21
238
131
60
71
104
179
814
48
341
136
15
215
37
27
53
70
117
405
67
96
65
41
892
52
43
23
325
77
114
165
56
473
283
219
17
174
188
520
201
27
232
45
178
21
395
151
212
12
48
237
576
85
143
25
156
279
235
700
8
238
18
168
8
1
2
82
34
332
11
409
329
216
62
52
143
4
249
8
466
1033
78
37
47
69
7
67
354
258
1004
87
23
346
111
4
33
53
57
180
193
35
38
125
96
146
4
147
168
81
69
284
40
33
410
41
124
366
73
150
179
466
182
4
162
84
5
19
157
75
12
142
399
72
65
327
398
296
30
170
201
65
6
125
46
148
18
100
143
37
526
16
251
378
95
141
247
83
101
45
5
101
10
154
61
67
233
252
12
217
21
104
191
58
60
318
243
11
382
121
390
51
399
129
150
15
30
49
179
5
181
168
82
401
114
225
164
2
139
19
257
359
163
10
260
56
69
262
168
122
4
74
47
41
6
196
307
336
9
205
570
300
169
61
67
67
17
270
218
28
393
102
264
56
50
80
193
448
226
48
214
203
194
35
151
5
462
156
1
529
163
163
26
168
194
27
323
176
11
35
49
7
30
74
178
42
13
90
52
121
296
102
81
19
165
73
22
36
75
476
37
76
148
109
82
404
280
66
50
29
42
269
43
151
447
274
73
113
96
20
221
26
521
57
357
70
37
219
231
171
37
36
117
182
27
20
5
6
671
85
383
504
69
222
61
37
468
281
192
156
221
307
169
162
139
3
142
193
37
194
26
14
227
121
325
270
122
186
107
55
274
205
101
157
37
38
17
87
72
134
328
20
733
73
274
154
145
3
1
46
6
102
11
173
229
78
151
97
25
183
66
21
76
299
135
85
770
34
177
126
133
85
24
8
185
95
44
112
94
204
307
58
262
22
43
186
52
325
311
23
45
527
73
58
47
60
138
258
111
4
180
321
210
167
451
348
116
26
180
350
26
40
3
246
21
21
41
209
702
58
50
276
85
20
314
146
165
71
42
148
97
18
254
403
142
703
11
208
26
255
302
96
153
53
237
605
61
2
33
269
175
159
144
17
185
197
73
238
30
272
58
128
78
48
112
438
736
15
299
57
128
24
90
38
10
88
262
35
816
26
852
56
88
8
295
243
30
11
155
443
305
144
61
454
2
149
473
36
135
135
91
177
144
1
20
67
8
187
129
408
2
170
55
329
92
1
88
289
53
72
100
311
158
211
37
37
280
364
112
80
20
7
301
177
264
139
644
168
195
88
449
145
151
66
78
53
146
15
144
6
14
196
99
711
88
53
380
161
126
4
2
127
431
88
319
57
159
122
296
9
34
53
33
311
79
286
144
89
86
27
5
116
84
658
140
129
499
92
481
500
183
562
260
51
119
223
264
24
52
102
215
572
85
159
330
87
58
80
67
268
154
195
40
127
124
363
316
113
189
34
79
113
53
7
31
256
19
35
217
45
14
31
285
412
69
168
48
336
16
415
76
513
112
164
95
308
97
1
298
121
263
228
128
522
35
119
9
269
194
218
180
263
78
24
406
152
97
3
313
286
321
5
277
21
263
81
21
87
56
71
54
36
50
10
36
40
84
231
277
311
46
414
182
32
28
107
23
31
156
74
72
182
129
40
9
73
7
94
185
43
5
54
574
166
157
9
370
77
133
51
261
131
432
57
76
95
95
36
81
230
153
124
13
472
162
33
205
387
24
343
463
39
210
107
37
55
12
83
45
148
119
524
53
37
104
759
233
182
502
66
61
55
70
83
31
68
4
22
144
113
269
301
410
630
218
144
77
105
107
35
13
2
120
217
189
142
16
51
244
435
15
23
47
207
15
299
257
78
24
120
75
6
51
327
26
123
45
580
43
1
116
91
403
84
251
86
135
95
313
78
154
586
126
57
234
8
190
173
752
16
7
38
183
5
80
223
16
135
104
31
126
197
128
53
25
25
400
148
340
112
387
14
6
72
93
16
34
633
7
371
58
533
88
23
165
38
61
57
57
116
130
150
29
89
149
12
184
65
194
410
47
244
201
210
5
33
3
70
330
107
60
119
139
426
84
63
309
169
14
22
4
192
524
60
131
15
11
242
41
50
40
458
214
50
159
110
46
393
54
177
23
76
218
20
624
29
21
224
26
37
8
49
14
241
107
92
140
30
2
104
62
273
277
214
43
38
1
292
192
24
78
30
366
207
214
20
42
57
392
442
139
65
347
8
17
570
36
18
60
45
219
107
230
397
143
286
15
62
109
76
17
211
98
244
265
112
208
382
48
40
68
135
34
165
65
40
67
82
102
923
130
409
9
3
161
34
222
225
4
122
161
14
375
66
799
172
640
375
147
303
324
109
23
487
234
184
53
221
184
699
36
164
271
39
227
43
122
62
260
51
111
28
18
135
35
54
53
1
7
105
59
181
19
398
73
13
439
189
8
59
203
256
33
279
153
1
80
378
276
252
206
97
89
51
141
10
284
104
4
184
116
30
43
154
52
18
230
67
473
156
123
257
65
279
132
79
12
86
263
433
5
25
278
496
91
51
284
283
30
185
191
5
539
67
55
106
58
132
40
47
65
115
224
52
15
136
66
612
399
216
147
95
124
155
92
321
7
136
6
35
41
179
251
71
3
3
231
90
66
76
20
31
4
136
248
92
35
21
73
16
147
42
444
160
270
144
64
56
167
116
26
5
90
35
44
10
68
227
162
44
397
137
73
38
203
14
74
26
154
37
309
36
119
391
700
261
31
298
172
93
50
65
205
159
38
587
9
77
98
412
46
72
37
125
16
1
297
99
332
90
15
78
137
19
3
284
59
282
74
43
24
28
364
312
55
190
74
130
38
116
55
114
88
200
341
9
172
475
220
31
165
108
259
20
63
222
296
89
418
124
404
122
38
508
107
9
34
5
31
168
164
62
205
16
24
46
31
68
304
83
435
65
221
97
9
257
90
41
286
180
168
40
5
202
488
94
408
174
38
45
155
90
90
746
139
13
128
175
85
221
183
153
126
30
104
104
230
767
176
65
855
9
310
49
4
53
65
72
85
35
89
287
107
97
207
1
281
20
290
81
523
61
33
207
160
41
61
74
62
189
15
262
176
47
128
117
284
465
425
107
168
2
17
73
48
63
211
664
57
363
193
47
158
9
84
44
162
253
338
91
42
59
51
175
301
116
177
407
465
57
129
7
366
32
117
300
93
158
55
244
191
167
277
505
414
401
328
50
19
251
1
24
187
59
37
106
78
69
79
49
273
34
140
344
55
52
374
270
253
81
377
135
170
67
138
293
85
44
208
158
35
27
20
18
269
94
30
267
164
81
29
152
128
67
72
262
84
237
370
679
119
205
128
264
56
152
376
489
25
367
128
38
79
150
462
191
19
255
122
144
31
15
46
30
25
298
19
271
81
1247
384
113
104
7
69
18
203
136
16
82
3
124
121
77
53
82
241
247
115
455
360
258
53
33
15
14
18
29
87
35
38
2
102
263
11
235
57
48
190
340
35
278
12
140
110
132
63
139
94
132
102
183
53
349
82
197
30
18
14
75
444
52
91
24
70
110
277
379
41
140
165
282
39
139
152
95
148
67
132
125
121
164
92
187
32
252
62
575
208
26
54
149
25
778
57
188
88
35
430
22
83
23
216
27
545
4
66
18
74
70
588
22
105
253
93
191
37
84
9
111
70
69
180
785
17
289
173
22
16
92
70
117
342
496
19
98
116
140
2
72
63
7
326
55
116
201
14
165
61
15
212
51
76
99
111
74
151
187
649
79
19
114
125
16
50
247
33
80
377
264
138
78
27
73
57
268
12
130
723
116
70
359
144
213
80
101
105
267
288
165
193
206
31
169
404
7
280
38
70
258
337
188
113
29
135
275
215
102
607
1020
127
347
249
86
327
15
115
7
28
217
227
37
225
41
73
48
53
123
757
30
302
33
435
123
67
208
397
111
569
132
512
52
426
22
242
236
11
202
51
43
32
151
52
375
220
75
486
117
58
152
99
103
102
110
72
17
127
39
24
7
49
71
8
51
3
93
29
38
650
250
286
143
279
89
31
20
264
545
24
454
182
473
40
441
121
176
41
209
51
159
329
830
8
261
73
201
233
286
326
659
188
317
92
2
297
33
111
7
87
595
37
100
86
242
377
37
164
148
92
21
628
201
12
39
12
162
24
253
297
358
770
157
148
8
11
841
725
1
140
563
32
424
153
389
50
228
135
214
64
180
4
906
49
151
81
27
171
55
79
51
290
150
192
12
83
39
364
36
81
7
92
363
105
58
87
341
136
19
125
247
269
257
131
59
296
201
71
57
188
71
34
292
30
177
125
108
63
151
414
29
156
146
161
196
149
43
273
165
386
113
152
43
41
187
32
135
133
127
25
154
163
179
91
96
39
141
20
252
272
60
24
251
55
271
244
56
36
110
218
146
180
59
2
87
263
528
38
141
108
72
58
72
252
260
76
181
50
410
26
40
539
123
67
68
61
385
5
27
323
69
395
97
23
81
21
121
116
465
22
143
222
315
150
28
78
121
230
496
265
111
72
159
66
121
46
98
194
252
145
39
64
133
88
35
132
119
108
68
58
712
22
261
56
105
2
36
593
265
63
27
271
82
161
13
28
312
67
189
164
104
313
25
56
84
21
490
327
383
56
122
305
223
1
46
39
22
69
254
481
288
110
456
32
213
142
239
385
160
32
347
22
50
80
126
88
146
9
113
386
126
179
136
66
125
69
21
178
139
206
61
110
82
132
112
133
97
383
10
220
85
69
122
596
81
308
47
78
345
41
350
89
145
97
86
448
68
276
25
145
352
155
186
23
7
82
15
151
45
52
78
24
89
56
43
181
67
245
20
221
66
205
173
119
58
412
52
178
58
120
64
475
28
178
133
49
460
300
436
46
123
10
6
140
270
32
82
175
32
233
103
38
294
48
68
31
158
45
51
11
366
64
9
47
128
49
67
47
111
16
29
13
62
95
112
23
145
908
202
74
108
45
400
169
99
8
87
136
104
21
591
78
10
254
182
81
224
126
885
109
2
85
130
410
109
157
5
20
330
278
606
223
102
86
2
128
413
31
82
510
133
124
1
135
204
1
74
282
257
22
383
21
5
120
44
8
293
198
43
40
440
502
57
95
31
32
36
21
52
179
80
473
35
60
112
104
182
137
63
75
25
67
277
40
34
78
2
208
158
130
134
150
16
176
199
16
45
267
56
91
14
9
247
328
1010
232
130
78
1
964
186
182
163
193
117
151
415
120
426
78
138
243
363
403
94
61
291
374
987
270
173
591
339
209
29
141
562
88
38
198
38
192
1
338
22
350
450
130
29
153
41
453
280
89
168
11
187
221
7
34
259
58
133
84
104
101
4
28
167
24
67
207
487
345
136
159
397
44
30
123
1
468
64
157
7
185
22
53
97
11
192
117
5
188
63
82
56
6
110
12
76
113
8
6
291
125
127
340
82
430
12
68
40
293
15
228
42
28
18
616
18
16
61
103
73
2
5
241
74
3
96
6
222
23
164
17
480
293
19
257
453
57
70
104
354
57
28
237
42
53
251
39
989
313
96
137
503
53
415
72
96
71
221
58
199
110
8
259
281
210
73
133
236
120
46
321
88
1
333
19
53
89
17
273
243
10
126
128
19
149
198
364
34
352
123
2
1
59
279
89
97
11
287
2
38
1
18
226
173
44
150
363
18
158
114
569
264
120
93
76
141
71
141
6
81
85
22
164
79
628
44
313
26
31
323
444
290
222
527
211
1
99
287
26
340
599
89
17
313
73
45
93
169
67
38
616
85
17
124
148
115
2
69
218
162
97
237
441
84
316
14
221
95
9
337
238
79
131
52
112
111
18
52
261
131
54
134
236
22
118
24
261
13
43
85
336
22
259
285
390
110
25
113
19
496
219
15
31
41
93
54
124
206
96
38
181
65
158
24
114
267
15
141
42
137
47
139
474
582
151
57
117
325
44
152
11
72
23
69
110
278
6
359
152
46
4
113
156
144
386
260
43
152
160
133
107
32
201
662
23
14
13
414
340
39
495
445
5
309
60
15
240
10
175
292
124
14
9
5
59
259
26
260
312
81
141
287
252
43
272
58
96
35
62
132
53
66
133
128
137
42
328
193
211
168
38
357
55
271
171
33
464
446
154
116
68
46
39
152
185
14
4
249
137
30
360
3
233
167
19
31
102
126
68
162
172
42
103
268
200
212
176
97
69
6
192
27
484
50
340
188
258
42
2
354
364
259
30
40
177
69
65
228
83
83
420
69
713
8
252
10
522
314
39
55
119
90
12
50
221
278
97
70
272
50
72
46
317
279
186
82
492
30
589
63
17
260
514
34
133
119
140
105
87
107
186
240
66
172
38
63
99
86
81
22
33
143
307
207
248
39
121
653
108
21
226
9
495
577
167
52
199
33
13
93
252
87
121
216
141
7
75
13
449
327
183
34
247
177
61
121
197
558
38
19
9
137
14
11
271
298
18
61
296
498
56
141
105
58
135
221
274
192
67
245
14
291
98
245
54
113
42
110
116
64
348
194
25
56
92
191
64
58
324
410
43
29
61
61
69
197
16
177
139
41
170
152
530
10
97
478
91
293
68
300
76
511
38
169
383
31
192
274
574
186
1
176
212
837
7
196
22
5
303
118
91
132
162
268
18
26
513
102
179
122
64
214
101
162
5
100
313
84
113
12
362
2
160
25
416
203
157
121
191
339
156
103
43
184
97
98
89
148
36
44
146
281
421
85
57
62
3
2
100
8
45
300
65
116
106
358
28
294
288
9
21
51
129
181
7
320
366
32
51
57
82
217
42
556
83
302
327
84
277
437
206
46
119
22
46
217
260
199
133
6
459
136
277
158
25
307
292
104
8
404
71
232
499
86
226
263
116
57
127
55
133
39
386
29
18
313
177
64
106
190
55
234
279
158
210
6
46
173
27
349
563
173
73
335
88
201
59
51
28
81
44
1
230
17
129
61
73
104
101
54
55
153
58
28
366
5
17
67
140
136
171
118
18
188
13
108
62
301
156
15
68
168
492
154
56
16
284
5
150
84
217
54
57
252
506
303
330
395
32
39
316
33
422
131
96
336
138
12
58
56
88
192
22
110
44
253
378
175
207
227
195
71
248
370
39
25
11
145
95
217
115
454
89
42
15
154
50
168
138
93
51
242
63
78
159
106
127
142
6
558
10
32
123
18
97
833
393
10
24
38
4
414
57
93
82
166
144
16
72
144
309
224
69
87
23
39
70
795
411
326
337
423
250
2
113
11
218
45
139
18
251
117
168
39
212
147
36
54
16
176
489
589
303
54
168
150
91
136
79
382
110
210
2
84
235
112
77
321
54
218
81
116
605
43
170
182
14
135
48
440
332
141
18
29
24
41
162
379
25
85
501
316
159
1278
60
70
22
229
19
304
121
17
745
4
1045
179
127
663
28
302
239
47
128
138
240
112
51
98
15
31
211
33
437
222
167
81
468
20
105
42
244
17
315
232
32
38
176
16
291
124
19
330
59
276
329
71
86
229
121
7
47
273
36
7
135
255
388
41
165
315
77
94
205
7
3
168
674
107
125
118
44
478
486
152
117
1
50
18
291
247
508
3
365
66
105
195
64
63
191
490
406
4
51
264
127
86
630
49
61
125
96
686
322
73
42
42
508
71
79
166
77
186
24
57
147
24
53
53
120
6
12
105
136
12
42
115
34
113
23
179
172
143
47
75
148
566
7
187
457
170
15
288
102
46
328
271
53
269
651
41
40
190
2
34
274
74
54
202
178
1212
166
483
78
110
108
3
229
350
10
139
234
76
123
5
33
131
137
59
193
25
35
228
569
251
172
43
19
308
12
91
261
83
87
15
282
142
124
176
9
149
67
14
115
279
191
33
175
17
21
42
29
39
50
110
131
48
169
263
135
137
175
48
82
40
29
349
52
349
81
106
84
114
205
45
502
192
111
12
185
100
204
180
134
221
54
241
190
253
77
126
95
234
25
176
72
48
66
199
42
89
26
62
562
276
110
260
105
237
101
31
122
78
103
63
148
221
85
320
100
396
74
34
107
358
8
220
317
62
303
66
234
34
52
7
310
195
39
102
586
192
54
344
54
255
49
1206
29
315
111
167
95
298
55
81
145
12
76
247
181
543
487
255
347
44
58
6
40
173
69
36
323
448
295
77
271
69
73
316
52
191
142
22
57
222
233
23
10
75
1221
43
84
34
281
506
97
314
23
6
106
49
472
48
38
370
93
84
14
389
11
137
480
131
116
4
83
83
8
76
209
245
14
231
24
93
109
114
129
281
74
737
51
12
34
456
8
144
99
303
93
82
24
71
402
128
150
226
156
95
4
164
82
224
35
308
47
39
101
3
51
114
80
180
584
20
353
380
364
377
83
181
79
274
94
488
98
233
176
133
51
143
39
11
53
285
273
183
34
33
223
90
15
150
573
122
179
461
19
72
203
52
170
13
34
301
108
75
53
165
11
92
61
54
164
127
19
22
395
233
238
102
7
270
25
197
121
85
53
158
245
334
70
49
56
40
369
39
147
46
375
399
138
90
580
110
65
195
7
88
163
6
162
128
72
160
3
177
52
44
298
341
116
16
154
4
93
913
56
182
51
77
168
76
32
72
62
401
1
19
55
177
58
139
6
148
572
426
258
234
62
105
45
6
81
177
259
65
190
206
59
284
291
537
351
3
167
112
679
90
139
127
36
506
124
14
211
98
34
380
124
34
26
171
171
41
76
147
77
154
36
120
26
72
64
5
94
62
83
106
356
58
65
68
228
20
917
2
94
11
180
118
31
2
480
276
111
114
105
120
110
158
203
258
87
417
223
121
360
401
269
229
4
394
3
170
192
86
69
1
353
37
326
47
173
275
143
184
207
54
20
236
62
291
93
95
75
7
38
103
234
232
206
60
114
113
101
695
81
235
85
151
439
44
319
446
82
47
93
17
12
40
370
232
10
189
83
285
179
27
281
288
200
40
85
512
519
279
29
200
467
245
188
84
141
237
203
97
73
37
25
282
215
176
49
1
463
663
293
31
925
386
165
41
208
347
660
279
25
295
305
12
29
591
3
103
173
54
579
312
136
83
89
124
341
27
53
86
56
32
193
335
42
76
388
1
97
167
276
89
282
25
122
286
160
187
250
335
36
271
478
229
44
17
54
314
212
222
50
149
160
115
5
124
100
262
97
16
276
86
10
119
144
57
87
14
180
50
2
75
245
1
84
96
98
560
70
31
23
5
14
8
19
244
489
56
100
17
47
62
180
88
24
162
155
32
20
311
86
79
339
820
73
12
21
53
100
129
86
439
2
69
83
71
188
50
169
259
400
218
113
184
260
1
257
3
829
325
137
146
48
216
69
533
81
78
80
132
21
206
176
38
6
34
14
47
14
611
285
212
116
194
187
9
34
79
128
66
135
168
130
114
98
188
3
242
20
483
27
340
133
192
13
186
40
27
112
396
195
141
352
68
414
94
29
85
42
64
32
45
325
4
51
533
237
184
214
64
89
140
198
60
230
236
72
70
121
334
31
222
216
42
256
3
155
262
178
397
39
67
259
56
139
570
218
505
17
429
51
99
8
136
118
132
109
114
203
428
23
140
94
63
23
146
179
31
105
174
296
5
195
47
10
123
62
293
85
55
5
48
67
90
70
6
117
2
347
66
14
122
22
11
141
426
11
248
212
10
3
177
114
136
291
142
44
30
26
33
7
63
32
131
111
15
159
57
291
55
317
318
136
76
124
27
18
26
107
47
6
307
214
33
81
266
4
135
88
316
197
83
180
111
294
238
35
103
202
111
93
17
109
266
224
72
88
219
48
11
60
37
4
185
92
44
17
14
133
7
433
180
123
67
202
141
69
24
229
296
275
92
434
292
28
316
43
150
11
48
36
644
12
3
31
7
112
185
38
46
110
13
149
76
213
347
306
139
258
48
79
72
8
254
471
28
55
69
11
3
55
810
96
78
118
353
102
158
11
846
274
519
184
48
482
200
299
120
126
69
98
97
199
25
571
89
27
41
4
146
144
183
164
393
161
50
315
2
114
744
135
373
177
267
84
28
71
116
60
50
14
188
3
342
406
139
22
47
13
335
56
18
166
74
26
430
5
476
4
296
169
22
157
271
49
121
29
22
521
633
139
69
641
421
402
63
6
8
304
190
74
5
713
71
122
87
109
63
340
17
369
143
211
209
181
386
72
624
82
347
145
32
235
19
217
113
85
2
375
60
358
21
179
9
169
128
7
18
50
95
59
90
144
98
186
96
176
130
74
3
486
97
89
161
65
88
37
36
120
376
13
13
17
222
10
309
51
275
153
269
280
81
61
300
88
67
1
1
532
42
254
64
301
38
29
19
19
103
85
63
189
72
113
483
49
11
335
166
55
85
149
235
92
285
159
55
430
163
147
171
153
578
28
108
58
53
3
47
280
242
139
223
48
414
58
99
239
59
84
274
69
53
375
53
349
194
485
129
102
88
94
149
220
444
188
12
3
66
481
91
107
106
66
261
151
192
120
168
174
47
117
19
4
7
104
231
12
39
19
254
60
23
159
336
137
260
41
45
221
146
31
18
5
197
109
7
89
469
211
200
38
325
13
156
155
23
404
210
388
252
91
13
263
112
140
54
824
228
196
47
86
32
435
200
182
271
184
68
198
98
12
119
195
247
131
92
112
161
74
109
49
157
280
326
21
204
458
92
99
4
386
276
213
42
147
39
108
213
43
709
137
122
74
224
153
379
222
46
213
7
121
41
49
514
60
15
35
368
181
77
14
171
82
139
5
380
80
87
375
263
137
246
220
399
108
230
211
499
244
41
70
24
409
380
67
344
593
525
24
36
120
86
18
75
17
251
109
292
11
207
21
445
37
35
233
52
381
175
181
14
48
159
75
180
637
345
505
120
63
298
261
56
114
281
104
302
258
82
77
20
75
25
203
362
193
194
170
91
118
263
203
61
332
32
173
34
53
433
12
3
120
20
71
255
28
39
176
83
67
23
113
374
58
234
198
156
40
41
150
78
99
6
125
46
257
28
14
43
203
213
2
6
83
16
11
97
83
351
197
31
525
81
7
341
93
107
133
66
1
42
775
90
101
85
494
202
61
15
15
227
55
166
92
70
78
172
16
33
204
473
74
45
71
17
13
145
28
199
63
146
423
2
31
112
189
5
28
182
63
84
87
20
2
31
221
341
68
500
406
134
176
240
299
205
243
92
164
123
36
10
515
208
152
87
82
