8
12
26
19
21
42
16
6
51
9
1
6
17
1
25
26
25
26
23
18
56
13
29
5
4
3
24
15
37
13
7
14
25
46
1
6
2
9
38
2
1
18
1
2
10
17
3
5
12
48
10
6
13
55
9
40
5
36
7
13
4
15
16
4
31
28
4
1
15
1
19
27
5
2
5
15
35
1
3
3
8
22
5
7
11
4
10
32
5
13
25
9
25
14
7
10
28
7
19
2
3
11
15
22
14
6
7
5
4
5
3
2
15
16
28
30
14
14
12
5
7
14
12
1
10
18
6
7
7
3
3
18
9
7
14
12
3
4
6
11
35
10
8
14
5
19
25
44
12
8
8
17
3
23
15
13
19
38
10
1
5
34
19
7
42
23
14
1
10
9
18
8
6
35
10
11
10
17
3
18
34
6
19
41
32
77
7
27
24
21
6
5
20
2
10
4
9
14
11
11
17
27
22
8
2
26
14
4
8
12
12
8
14
9
1
25
53
22
22
26
1
18
2
2
10
19
4
24
34
43
29
15
10
2
7
7
11
5
6
1
20
12
29
17
9
11
27
18
9
4
36
23
21
11
3
39
4
28
1
15
2
18
4
32
4
24
5
3
9
2
1
33
16
10
25
10
4
6
4
35
6
41
2
19
38
18
16
6
11
35
5
12
12
9
5
29
13
13
5
42
1
1
31
12
23
12
14
24
13
22
31
7
15
11
12
19
8
5
2
5
15
25
2
5
3
14
8
32
2
15
6
5
3
15
4
5
4
11
27
27
21
21
15
16
3
29
4
3
1
9
12
23
11
10
3
1
13
13
30
8
3
4
41
12
5
13
25
4
12
30
2
19
5
2
1
7
8
25
10
4
8
8
7
2
16
17
12
35
7
2
50
18
4
4
29
7
12
18
17
15
58
6
11
15
40
5
7
12
31
30
46
8
27
13
6
2
21
17
2
11
7
29
8
19
14
15
13
38
3
17
9
35
20
13
13
7
1
6
18
13
56
12
13
16
5
31
27
10
2
12
36
4
11
9
5
31
14
86
13
13
77
1
35
1
20
9
6
1
10
4
3
3
23
29
13
40
1
35
1
4
16
6
9
3
1
21
7
31
24
26
13
14
42
16
2
22
16
12
7
31
8
3
5
10
13
8
2
12
20
76
8
1
9
29
17
6
17
28
3
4
13
9
5
18
10
11
21
19
8
8
2
13
5
25
10
9
27
9
4
34
6
3
25
6
21
21
3
16
8
14
1
29
3
5
6
21
18
12
2
23
10
16
8
3
10
2
4
2
13
21
5
10
4
12
20
13
44
29
40
13
6
6
4
18
22
14
11
1
19
9
1
5
1
1
13
16
2
4
26
11
18
2
15
5
31
9
20
37
4
7
46
6
26
1
6
15
12
5
3
24
11
13
11
10
1
3
16
4
4
1
16
10
52
3
7
27
3
11
5
9
16
24
13
5
2
31
4
6
7
2
9
4
5
11
1
1
1
16
5
3
12
50
18
3
12
42
3
1
17
63
10
13
2
16
12
1
13
3
28
1
1
4
4
12
5
22
8
26
1
14
2
15
7
33
22
1
11
29
14
8
10
9
2
12
9
26
4
1
13
54
27
6
25
33
23
27
5
18
11
12
10
23
6
12
11
42
3
65
18
27
20
1
2
6
4
8
33
4
8
2
14
3
47
25
22
9
17
1
4
1
2
20
32
1
11
9
53
7
11
10
34
3
8
32
4
7
18
22
10
11
16
65
4
12
38
28
15
51
3
15
3
1
11
13
4
24
31
8
4
16
2
30
15
5
13
22
25
42
27
45
13
19
19
16
27
15
3
11
12
1
40
9
20
44
2
3
73
14
5
9
10
12
1
16
6
14
3
12
3
28
15
19
17
6
25
17
1
10
17
12
7
31
10
13
5
34
6
3
12
24
2
9
1
1
13
6
17
22
23
1
17
5
10
20
1
1
5
11
62
10
7
15
8
4
39
5
15
10
5
40
10
13
21
5
4
8
4
24
3
2
2
14
19
10
14
20
32
11
12
14
12
13
21
8
21
12
3
26
8
42
16
46
54
17
3
12
4
2
9
6
1
10
1
3
8
12
20
44
7
33
6
6
7
14
24
2
4
19
13
32
7
2
18
6
7
9
23
19
2
10
17
24
7
25
8
13
55
1
20
1
7
9
8
10
7
26
3
11
12
12
2
12
1
7
5
8
33
20
9
6
5
9
4
18
2
24
11
19
6
13
60
15
11
19
1
11
5
7
9
3
