236
222
246
148
250
243
246
238
189
254
248
277
184
246
177
250
279
255
168
198
290
165
393
216
203
248
169
350
167
194
176
155
175
172
274
257
299
218
277
181
374
218
168
197
263
136
187
201
183
149
162
274
216
217
185
318
144
244
225
150
177
193
342
146
165
214
284
204
218
163
253
229
188
192
187
259
149
190
197
248
179
171
327
187
128
232
203
190
194
145
185
179
218
222
250
186
166
163
274
277
215
246
162
197
178
212
194
191
238
222
220
186
226
195
170
157
255
195
192
237
270
180
204
145
219
307
161
216
185
153
167
222
171
151
198
175
252
144
168
211
193
280
186
231
193
220
194
209
165
200
198
255
212
179
206
140
341
219
188
174
230
164
160
219
213
156
160
222
208
170
197
155
184
210
155
254
151
242
287
209
242
227
172
170
216
221
243
243
167
261
176
178
154
205
227
273
226
209
257
215
222
210
246
209
252
179
130
199
289
201
203
287
176
333
261
170
163
199
233
148
199
235
220
188
239
249
176
274
177
219
203
255
305
202
242
438
208
186
162
247
172
251
158
249
283
170
189
168
149
372
153
243
228
243
215
187
168
171
203
200
154
207
208
247
195
169
249
193
298
123
240
207
225
219
232
183
221
192
210
257
235
207
179
191
206
164
159
206
196
167
206
222
186
217
191
191
205
305
256
180
211
200
171
178
308
300
187
300
264
182
232
155
170
152
297
191
225
268
199
277
156
130
202
175
236
161
203
190
221
221
173
293
205
227
200
258
160
196
172
169
180
205
201
218
208
232
174
241
178
239
185
186
169
204
200
231
203
344
174
216
276
165
168
228
201
270
305
209
225
245
201
190
186
179
211
280
191
256
308
193
207
189
195
233
298
256
276
282
180
200
175
285
216
222
226
244
355
207
314
231
212
275
213
162
270
176
185
212
181
196
198
228
187
363
164
249
167
280
140
194
188
145
222
267
199
203
274
193
271
288
163
207
228
157
244
236
181
175
257
183
289
196
219
153
260
230
173
202
261
174
290
230
171
240
146
196
180
268
156
326
194
216
235
278
190
266
166
221
123
297
144
212
203
169
232
267
387
305
188
151
165
156
159
213
316
174
212
200
260
185
211
240
189
263
214
194
119
163
147
169
195
209
204
254
251
172
261
222
272
188
173
186
183
214
173
170
202
219
193
150
199
236
197
214
196
196
257
182
139
172
146
254
164
220
227
228
196
222
188
224
189
259
229
183
191
202
183
212
173
159
219
209
305
148
155
176
193
185
283
228
284
208
242
160
156
156
155
315
174
167
250
171
242
143
189
352
263
216
192
216
173
361
229
223
210
182
167
241
261
189
223
204
228
277
229
177
196
185
153
197
273
181
210
293
242
213
194
142
221
184
189
195
344
169
166
198
273
253
142
181
229
188
228
183
185
190
195
273
269
212
224
194
331
216
166
222
214
167
244
187
304
184
257
191
185
250
228
197
175
212
279
201
150
181
262
220
291
227
282
197
190
261
203
233
181
178
184
213
146
210
171
242
178
207
169
137
248
242
243
276
210
228
160
321
167
168
127
235
175
192
283
248
188
182
298
291
227
219
224
235
235
194
178
140
206
213
241
210
182
164
215
165
165
212
177
222
231
270
166
182
219
202
214
232
224
290
214
140
235
181
267
179
239
248
264
245
251
264
192
225
189
189
200
153
218
282
200
170
212
169
136
220
201
212
301
247
200
150
255
182
320
210
251
233
285
155
208
164
268
218
173
318
198
232
197
162
227
195
265
215
153
204
216
215
158
213
296
201
192
177
207
190
207
235
222
244
222
192
180
241
247
200
212
353
333
224
234
230
218
273
206
199
198
205
180
243
218
182
245
246
250
225
248
270
174
254
180
242
501
230
230
203
207
147
283
180
237
254
241
371
217
267
198
231
185
173
179
253
219
235
319
198
184
182
353
185
191
233
169
273
188
255
225
229
184
230
191
234
173
182
170
152
345
223
220
286
208
289
255
285
190
198
272
224
336
228
264
301
190
230
257
236
192
215
229
280
254
152
223
273
233
259
213
228
223
247
260
237
208
187
181
283
141
255
162
295
270
155
160
320
210
227
288
145
193
221
154
296
182
213
256
202
204
220
167
184
236
279
196
179
242
235
221
190
231
362
182
202
238
189
191
178
276
174
199
210
245
276
201
210
208
209
188
219
162
183
199
151
187
297
230
192
248
181
195
221
194
252
172
190
285
281
191
197
246
234
189
194
253
211
186
268
309
304
171
212
174
260
211
176
239
307
175
233
247
223
177
246
299
185
220
176
232
207
174
206
218
196
217
321
202
230
189
229
253
165
299
185
228
268
163
220
186
159
207
254
267
145
279
175
147
150
224
234
234
207
289
246
207
185
243
354
250
247
286
170
176
231
260
156
163
315
176
214
154
182
303
149
211
151
234
196
256
198
171
283
213
212
198
146
243
169
183
259
152
199
270
122
238
229
257
233
198
315
168
303
186
176
218
195
259
171
259
179
174
169
198
241
232
166
233
187
188
263
158
177
246
209
276
293
242
242
217
210
211
202
206
215
169
187
282
228
199
226
195
147
202
176
201
150
197
257
226
177
232
239
197
185
205
233
231
155
286
168
152
293
171
238
203
255
253
189
173
179
207
174
220
231
228
212
286
213
187
145
215
273
150
233
198
197
162
186
190
163
202
226
316
204
283
302
186
224
183
225
173
243
171
220
215
291
201
209
195
149
297
260
198
183
201
200
183
263
252
173
225
161
202
153
188
174
194
207
140
209
169
201
146
166
185
183
181
170
183
213
214
193
242
257
229
203
322
259
163
177
186
175
183
187
205
166
223
190
304
183
234
210
222
238
171
157
181
232
178
194
179
202
247
221
182
281
186
212
189
215
145
210
163
200
165
177
204
230
161
174
233
226
268
265
291
199
240
248
238
206
203
183
162
159
271
175
188
246
167
209
231
266
199
275
228
182
230
177
158
205
262
259
281
181
180
380
204
210
238
238
229
184
317
205
202
192
210
191
139
153
247
203
175
254
164
214
297
215
289
280
138
229
294
206
231
185
235
264
218
180
212
239
198
236
233
198
228
188
217
204
227
172
248
250
201
169
291
265
166
280
198
185
212
197
258
190
263
157
240
241
159
265
199
180
199
274
163
154
179
159
221
286
142
244
188
180
314
218
251
211
238
226
174
319
248
187
253
246
189
193
154
186
197
241
323
223
270
202
187
189
218
397
263
234
216
213
327
186
241
172
233
236
227
199
162
187
267
187
199
186
179
168
291
270
249
271
193
169
231
159
188
169
221
204
205
305
236
213
150
286
240
199
223
325
216
241
194
144
158
173
153
226
189
182
205
189
179
273
305
224
186
247
154
197
144
259
277
180
149
268
170
289
194
207
181
214
211
243
210
140
149
212
172
259
200
215
364
189
303
182
168
198
212
329
307
234
190
192
206
229
263
224
329
185
381
190
177
253
255
234
294
191
209
146
188
223
197
284
204
184
195
198
236
325
162
216
309
273
157
238
175
167
201
230
234
191
196
262
170
144
237
163
182
191
280
160
309
254
199
198
231
171
209
225
227
178
218
271
194
190
172
263
254
206
159
238
181
201
213
170
232
207
163
295
168
240
267
174
178
610
174
187
224
217
180
208
199
160
176
168
156
289
168
312
301
170
144
243
234
166
180
218
154
191
229
181
175
186
241
211
259
146
289
228
264
248
158
196
212
238
219
185
440
173
343
291
271
270
226
220
264
223
239
253
168
195
176
156
288
213
204
257
233
191
172
185
194
231
271
181
218
184
227
134
164
139
268
152
144
193
204
263
199
173
229
213
174
269
215
213
206
251
293
289
180
283
192
204
231
249
197
288
167
200
214
160
166
187
235
352
174
337
184
162
213
203
194
312
244
156
177
246
220
165
191
160
176
178
226
232
179
265
222
177
306
158
200
153
193
197
160
170
198
323
230
193
221
192
175
253
180
308
191
177
176
227
191
229
214
286
248
186
180
222
264
197
256
168
198
215
225
162
206
175
245
126
173
159
175
202
210
292
241
200
236
196
209
154
172
257
178
177
194
250
252
173
205
192
253
191
206
177
275
282
236
290
193
218
162
169
156
212
210
163
241
309
169
225
232
252
179
214
206
257
196
314
147
285
214
210
209
217
180
189
156
166
213
199
198
147
166
197
160
336
175
277
173
167
290
194
197
182
278
199
164
213
180
170
180
378
280
254
190
186
300
207
201
195
219
168
287
182
296
212
223
261
265
208
167
203
317
224
199
235
372
215
193
178
360
266
214
297
159
266
216
194
358
181
202
201
195
192
157
239
203
192
221
205
220
166
331
203
144
160
192
284
191
156
208
182
234
293
168
190
271
174
291
142
224
192
328
161
238
204
214
205
221
253
206
195
196
178
131
308
228
233
186
319
271
219
245
165
177
198
204
213
212
194
170
226
208
200
230
255
173
198
145
199
222
239
269
207
244
223
181
161
196
178
301
151
190
209
206
185
195
180
254
278
197
171
189
133
140
188
175
195
213
200
201
237
240
212
177
227
191
231
210
349
240
163
256
157
182
268
238
228
191
223
224
225
316
227
225
195
286
207
183
211
212
174
279
173
224
203
151
189
221
264
271
229
202
183
157
197
189
243
216
177
215
332
208
214
255
281
242
180
186
234
263
204
150
251
244
264
158
183
212
191
191
189
294
404
203
156
235
168
231
152
212
203
147
259
236
166
225
255
239
172
265
252
148
219
239
299
237
210
185
143
238
263
317
213
146
215
227
205
142
172
167
161
198
236
183
222
266
158
203
173
237
189
171
307
169
134
238
400
184
170
213
143
214
181
186
146
223
172
190
200
201
220
231
240
204
217
169
244
298
232
275
222
205
172
196
182
307
180
251
138
283
277
217
200
194
176
326
208
295
277
164
202
206
184
231
139
139
219
158
248
236
175
207
245
153
214
226
210
194
136
183
217
243
182
303
195
180
204
261
246
281
341
292
283
344
195
251
161
165
230
203
205
207
188
200
148
239
159
338
182
169
196
133
217
257
177
167
211
200
199
156
185
241
252
247
212
165
184
198
180
156
219
197
219
209
169
213
196
201
242
194
196
299
152
239
163
277
182
210
241
253
316
154
171
273
155
361
172
186
337
173
194
208
175
327
195
238
176
189
154
209
251
178
210
298
211
209
207
265
251
211
234
212
231
219
221
183
236
241
150
190
189
168
232
160
253
226
155
230
193
195
154
212
185
316
262
184
276
210
189
189
226
232
204
208
145
212
308
273
175
203
249
277
184
207
171
274
225
195
199
178
241
167
249
180
172
234
176
225
251
143
219
177
282
273
149
252
191
216
222
144
257
422
190
167
184
163
192
186
332
186
185
172
190
212
162
165
177
204
176
171
270
205
191
221
188
190
238
160
228
219
188
186
241
186
330
205
189
251
245
221
186
277
175
198
186
448
214
264
276
212
255
240
232
226
158
167
165
238
164
177
234
242
225
259
184
178
299
182
165
262
218
160
261
219
233
201
211
242
254
199
156
224
202
251
176
165
260
188
148
214
145
196
209
234
165
371
163
190
167
181
194
205
188
330
235
242
190
208
236
206
235
192
213
178
183
193
216
199
181
224
217
129
245
244
226
189
157
319
178
150
160
271
179
162
166
232
198
247
187
198
138
189
185
160
308
248
185
244
171
228
184
147
159
343
287
142
149
194
155
191
202
157
165
207
233
220
211
162
162
170
212
239
184
173
200
197
169
163
234
212
192
183
263
144
229
244
146
215
189
166
230
151
300
159
181
230
303
185
190
253
223
418
290
273
212
244
268
201
247
302
290
210
283
249
290
193
205
172
231
178
168
169
226
166
296
165
368
194
148
263
155
271
167
146
147
312
156
199
192
134
247
243
202
319
248
250
199
140
143
182
197
208
237
243
200
295
272
272
182
313
243
221
172
193
216
251
234
160
132
209
256
206
181
231
186
198
181
214
199
267
223
186
301
195
237
199
211
348
250
156
148
197
221
151
204
258
185
201
283
146
231
170
176
161
229
215
214
205
211
223
152
365
287
177
243
123
263
301
281
229
204
201
270
184
237
156
185
173
188
194
252
119
225
176
179
172
191
169
206
309
311
224
298
212
206
266
247
164
215
310
211
178
147
183
188
196
198
240
262
191
190
281
274
191
182
190
266
247
168
214
196
192
220
153
227
226
249
192
303
226
157
301
247
212
223
146
195
446
199
199
222
216
208
282
182
180
289
189
180
306
134
268
254
214
283
169
194
238
215
171
219
211
219
235
197
250
174
182
172
246
190
239
133
288
200
306
249
269
247
318
172
254
173
197
242
195
158
295
176
203
237
218
149
264
171
258
265
462
229
212
182
286
187
288
295
251
175
163
186
229
139
215
171
332
243
145
200
174
312
204
284
174
167
152
188
143
236
200
227
221
192
160
190
228
224
193
206
277
179
215
253
224
539
190
234
183
242
201
167
262
181
181
199
177
179
304
234
250
160
191
241
253
163
243
170
201
283
228
192
181
186
264
127
231
214
233
189
150
225
223
214
156
209
211
221
319
138
160
183
227
165
194
228
267
187
217
208
205
246
246
187
247
211
203
187
202
225
200
187
192
210
204
226
186
182
174
234
199
217
217
166
177
237
296
219
163
238
243
186
203
118
227
161
148
236
229
202
169
189
257
194
179
224
200
153
200
240
238
223
189
338
270
203
287
215
185
264
156
274
268
170
282
245
252
156
162
246
211
235
137
168
349
180
213
237
205
172
205
198
252
195
208
163
200
215
210
207
227
268
186
190
232
203
185
227
190
187
219
257
262
212
262
186
223
227
156
310
277
262
201
202
221
161
182
222
246
172
212
200
167
175
154
241
200
204
184
183
240
231
178
236
210
236
163
257
319
218
218
159
253
269
198
240
271
211
179
272
206
219
181
241
210
221
308
315
226
181
227
238
218
144
323
250
231
205
274
176
191
220
180
198
220
192
163
216
170
170
220
188
159
218
245
249
241
179
154
365
167
199
151
196
218
207
260
311
171
271
182
158
169
202
159
171
301
212
206
200
254
159
221
152
241
160
237
194
161
242
148
225
211
212
246
220
254
179
192
169
193
258
305
289
200
272
315
202
214
215
231
181
200
191
246
168
352
168
311
222
177
144
219
348
196
241
162
263
205
255
195
396
212
170
266
205
189
233
197
274
176
185
206
412
211
183
194
216
178
187
257
173
244
219
172
261
198
205
217
195
140
269
228
225
181
259
244
367
153
252
225
176
167
192
268
217
167
187
257
151
207
232
212
304
206
160
161
345
200
193
196
292
174
157
325
158
341
229
177
169
197
238
255
189
155
171
300
365
171
221
272
201
235
209
170
250
205
196
161
148
236
262
325
152
256
215
244
192
160
178
225
224
225
183
190
296
288
173
206
159
215
206
217
199
306
314
171
182
318
189
176
203
258
200
189
197
174
251
207
178
361
275
179
241
154
207
250
268
205
179
219
186
207
277
172
208
181
142
204
215
264
210
195
230
192
184
224
180
207
314
245
220
395
224
174
155
245
179
230
195
212
248
214
247
221
262
336
201
183
216
249
198
238
168
216
325
243
173
235
350
275
225
258
180
156
185
148
236
198
252
250
200
227
254
179
181
225
200
231
244
279
224
192
203
339
155
222
319
208
172
244
182
214
226
239
254
117
207
158
228
290
348
168
237
221
160
184
167
174
202
165
266
171
203
212
186
145
262
203
242
209
178
186
359
312
224
199
190
172
255
176
296
186
238
192
165
251
172
185
164
332
158
174
148
191
157
202
198
161
224
189
224
187
245
139
238
266
307
212
319
227
261
213
224
187
193
219
161
229
157
201
187
263
286
216
216
297
207
230
259
226
176
175
300
202
179
240
181
208
223
203
232
329
288
187
226
274
227
214
202
179
177
196
194
184
209
217
195
235
224
250
203
172
142
193
198
192
159
208
211
301
218
171
174
267
188
310
205
191
247
232
150
190
239
198
340
167
243
261
184
332
207
198
163
128
199
194
208
154
151
232
200
189
161
173
198
198
192
277
208
256
285
213
235
177
191
209
327
155
199
210
250
216
205
270
199
167
180
185
193
189
336
243
174
242
246
204
224
259
184
283
222
218
184
200
177
256
210
175
209
196
275
189
202
225
183
180
188
367
207
157
318
247
275
162
196
244
229
199
164
189
258
214
344
266
171
168
227
165
223
188
272
224
193
142
293
172
155
211
187
301
160
286
225
140
178
216
205
201
225
205
267
209
203
267
168
187
211
234
317
186
193
250
197
217
264
196
172
228
245
179
201
255
205
211
167
173
172
192
294
259
254
165
285
244
173
266
251
308
288
186
217
193
201
177
190
166
276
236
169
161
185
313
165
285
207
228
270
204
192
235
202
162
295
147
180
145
271
226
185
274
196
211
209
161
160
191
272
187
202
180
226
209
180
208
291
323
285
259
222
210
154
140
289
179
265
192
192
264
233
197
192
242
241
274
246
249
192
196
185
227
237
146
176
197
202
246
192
208
151
189
156
140
239
143
167
155
305
188
216
245
180
159
241
181
223
203
181
188
173
207
166
472
155
200
338
236
214
186
173
170
192
156
198
349
226
256
231
191
211
215
224
242
186
160
170
187
212
234
166
312
213
219
170
176
166
212
225
203
226
161
196
208
154
156
253
220
205
233
263
172
382
273
287
153
198
220
149
221
299
346
351
200
336
208
238
250
185
198
227
186
245
171
249
226
208
242
148
215
203
237
318
200
254
169
278
194
219
230
315
235
271
204
211
188
210
230
300
197
246
170
291
264
191
216
228
181
257
187
203
243
240
185
333
243
188
233
194
202
198
220
285
199
271
230
222
235
171
172
178
180
181
217
216
225
207
229
289
185
243
195
315
166
183
209
221
192
164
212
209
219
143
204
234
191
220
198
194
164
225
177
217
178
182
151
312
154
166
161
246
199
237
215
199
345
163
169
205
195
269
188
242
180
195
234
222
194
252
204
230
179
172
187
270
290
163
231
182
237
161
151
191
246
199
179
285
136
187
267
234
162
171
296
226
215
460
205
372
324
201
426
195
140
232
283
181
277
164
335
228
191
166
241
244
181
182
208
233
218
238
196
276
234
184
178
222
332
164
187
276
195
159
220
212
198
247
251
176
293
251
264
226
179
228
237
126
171
201
198
208
208
184
310
203
177
407
258
236
186
278
194
175
179
242
150
319
223
201
237
156
230
235
172
297
212
184
157
171
213
370
208
246
217
177
214
312
175
170
213
190
254
195
217
228
229
217
182
191
257
180
295
177
160
189
169
205
205
333
210
173
253
234
212
169
191
260
196
180
215
237
179
285
209
158
196
194
155
146
159
252
203
280
303
199
206
172
200
230
153
144
256
192
271
185
392
216
224
218
232
324
189
168
232
307
296
174
212
218
171
209
237
146
184
218
260
215
210
155
205
204
151
341
208
137
332
171
248
256
214
134
145
272
203
205
190
268
164
180
215
252
218
174
241
250
268
199
212
188
155
314
224
187
312
199
243
197
171
165
209
187
165
316
165
200
254
306
177
258
214
196
190
215
205
184
192
236
267
192
334
184
172
283
241
194
209
246
147
252
158
288
169
168
160
242
137
186
336
163
151
207
202
202
213
191
277
234
208
206
222
193
197
161
181
263
208
222
155
317
176
253
183
150
192
142
211
158
250
161
239
207
233
195
188
220
165
199
180
189
204
207
273
186
215
184
271
237
206
263
212
175
208
263
223
190
166
208
211
209
230
210
241
233
308
140
263
155
326
205
189
251
367
259
180
190
261
234
161
191
253
156
244
169
184
171
219
299
202
171
270
226
153
216
217
193
218
212
144
185
171
219
205
208
235
189
149
212
167
243
171
190
223
178
215
164
172
163
217
162
345
306
168
190
162
214
211
215
220
191
266
170
157
167
270
142
254
201
245
226
188
225
203
230
175
215
152
225
161
261
222
206
203
252
175
238
182
240
178
196
195
179
184
130
165
183
174
346
255
161
211
162
208
234
170
223
306
204
208
144
167
186
228
229
218
443
220
227
278
237
298
176
202
333
205
176
251
259
235
233
170
201
243
170
177
140
323
138
321
163
215
259
207
248
251
167
260
174
227
316
146
160
198
170
181
257
149
237
207
224
195
249
279
218
185
247
221
165
219
193
233
164
199
292
268
193
197
175
232
206
230
298
206
244
220
176
188
227
172
195
173
170
180
142
354
284
203
289
240
248
176
190
197
194
305
180
208
192
175
153
312
192
154
164
159
223
285
203
190
190
326
251
239
245
327
228
166
160
201
194
169
207
191
184
196
135
270
258
252
168
288
227
208
160
300
288
180
261
206
280
217
176
250
176
216
214
173
272
191
179
216
147
229
194
245
169
152
184
240
215
194
193
202
295
249
245
180
192
319
206
195
153
194
181
170
166
144
163
231
193
237
171
174
178
211
161
181
184
252
193
189
166
252
187
280
211
343
160
289
182
197
277
193
170
274
149
240
148
328
193
204
211
208
208
179
198
245
206
192
180
194
292
220
230
192
188
235
167
243
175
241
210
206
215
203
177
211
193
249
170
199
181
180
272
183
180
256
214
216
213
152
282
152
182
164
197
201
202
229
193
158
273
190
167
193
197
158
168
171
251
220
155
151
172
275
152
244
203
229
188
211
180
178
171
179
331
256
157
199
185
176
211
224
216
164
290
217
159
304
317
211
215
210
341
283
199
223
234
196
270
268
199
170
214
209
329
158
200
228
199
210
233
173
196
224
210
267
215
351
185
196
253
273
157
231
205
188
314
177
266
219
217
205
169
194
225
248
259
183
190
122
132
332
187
163
252
161
153
178
197
303
204
239
160
229
304
211
299
174
241
180
191
189
159
218
257
192
225
167
167
140
277
202
167
166
282
164
225
308
233
169
178
159
229
153
205
180
126
316
179
233
187
271
196
160
193
160
168
184
324
236
198
306
205
204
240
340
169
196
227
378
257
156
276
220
161
206
247
216
298
199
171
312
234
282
206
253
152
245
159
237
178
205
188
187
199
215
162
180
265
177
232
307
239
211
214
157
258
237
268
221
217
229
191
207
178
282
166
219
184
249
169
159
232
316
238
198
217
135
322
193
248
170
213
163
241
183
189
247
215
165
190
204
248
222
176
303
222
186
285
275
186
280
165
247
197
204
216
225
247
210
237
252
174
256
212
227
174
295
203
210
164
205
199
220
282
217
177
229
241
180
198
257
177
180
217
295
190
185
157
249
169
218
149
194
227
146
334
226
199
192
242
212
206
275
155
165
282
178
319
259
204
345
230
219
212
220
217
205
221
238
150
247
210
222
254
350
173
194
172
259
232
207
202
179
225
194
181
213
220
317
201
189
202
187
217
204
298
199
216
229
224
271
195
179
202
192
187
191
210
210
246
202
189
209
223
196
214
237
166
170
226
238
179
172
180
203
184
153
144
263
279
199
161
245
249
261
283
199
193
132
166
165
207
204
176
238
213
178
277
248
275
170
221
247
205
216
170
175
226
167
175
198
193
224
254
200
462
258
260
259
148
183
277
205
287
323
157
219
227
249
281
272
239
204
197
191
437
182
216
158
183
200
158
433
231
217
191
353
211
208
136
133
179
209
201
158
194
221
203
186
179
233
266
204
233
212
182
224
260
217
233
165
317
197
252
205
178
217
192
328
199
173
187
220
163
205
215
238
174
168
193
180
216
246
168
212
248
345
189
193
189
163
216
217
211
188
207
256
266
232
172
225
188
190
227
268
189
147
210
290
186
271
248
272
209
236
264
215
196
211
182
205
133
210
242
194
168
250
302
186
208
255
258
173
128
221
164
331
230
163
157
239
199
264
149
275
192
255
233
158
330
198
227
271
237
178
222
199
195
331
252
202
170
273
269
187
330
206
213
163
184
189
165
218
251
153
348
169
186
220
188
234
192
265
184
155
190
182
147
174
161
206
281
215
247
246
169
209
192
199
231
183
299
163
230
222
219
274
208
196
224
191
163
204
221
194
192
230
198
252
207
210
219
139
208
184
178
169
165
247
270
176
218
240
139
223
246
284
280
220
215
211
288
182
160
238
147
210
249
281
205
215
189
260
184
187
219
165
186
213
161
194
199
351
204
171
222
268
138
198
166
190
256
201
290
223
198
188
185
250
206
282
174
283
291
455
276
197
305
213
166
169
284
197
169
225
171
186
211
158
169
230
246
148
201
175
240
162
151
232
269
156
156
234
179
170
200
150
193
242
168
196
176
263
229
136
170
201
243
212
233
187
193
294
168
143
326
177
253
200
156
167
265
149
295
224
181
199
218
170
157
171
207
228
435
143
232
169
242
214
169
177
188
245
308
213
220
179
228
222
213
158
190
164
207
207
226
188
227
178
229
222
208
159
220
274
181
250
246
243
237
189
185
186
193
145
225
164
159
187
233
281
196
219
207
267
159
172
255
220
169
147
152
147
225
243
188
191
193
160
245
229
194
209
288
188
134
167
235
195
242
211
194
171
299
176
239
219
189
259
309
233
190
191
223
260
181
246
246
267
239
151
266
219
131
251
223
234
248
183
192
380
217
316
152
212
258
182
264
273
210
261
225
151
186
216
192
190
267
160
168
211
205
172
136
180
187
289
167
189
270
181
241
198
227
248
166
296
167
172
183
176
218
262
248
156
246
190
188
173
220
216
184
290
248
216
301
231
212
337
154
337
245
223
156
298
352
277
171
312
160
211
223
192
248
229
179
221
158
203
239
217
188
169
453
256
305
211
193
231
258
216
182
209
178
142
363
181
256
171
170
196
213
170
187
206
213
179
197
206
193
197
189
168
182
192
195
221
175
224
206
202
244
197
260
220
207
245
130
181
242
184
175
162
235
173
245
177
235
340
249
162
258
292
209
209
276
310
205
180
311
200
203
150
264
167
245
302
274
176
220
221
257
239
152
210
146
290
196
234
292
185
209
187
233
222
200
167
233
172
196
181
169
172
246
151
196
167
171
228
243
212
291
238
176
304
191
186
182
265
261
176
229
219
195
321
189
280
273
183
210
206
242
169
282
297
224
176
196
241
212
208
324
314
225
252
173
197
159
285
197
324
170
216
309
196
307
230
213
135
215
153
186
438
166
314
200
235
192
179
199
292
350
266
195
171
197
198
146
185
198
229
183
195
154
192
233
158
205
193
233
246
343
298
268
185
271
239
156
295
239
224
231
238
160
174
165
230
272
259
217
178
302
200
204
146
193
206
198
280
186
194
266
213
211
147
162
222
165
233
347
305
179
214
173
325
167
293
228
166
220
223
221
161
213
244
187
221
197
224
230
326
263
181
195
160
279
191
160
271
371
167
212
158
174
190
255
221
182
172
160
179
228
271
328
158
233
193
255
209
155
190
295
289
196
210
225
256
341
294
198
300
183
200
189
159
303
202
199
155
186
227
250
179
214
202
172
235
256
173
154
259
225
384
185
187
180
192
173
187
176
251
252
226
168
204
228
154
172
236
198
159
172
287
202
175
176
175
207
271
162
224
247
207
248
178
184
203
265
169
253
200
183
213
233
237
234
349
234
173
204
234
171
220
201
272
316
229
185
226
157
215
242
245
216
210
170
194
165
182
189
217
201
222
231
186
167
272
205
263
279
236
193
234
188
145
173
233
223
163
220
169
250
282
192
166
214
177
258
146
288
188
153
152
146
148
316
242
235
297
164
203
300
208
178
191
182
349
190
247
233
172
307
221
196
173
543
194
370
231
244
265
186
324
163
158
249
198
180
202
239
233
206
183
150
291
180
176
228
236
276
143
177
170
248
212
174
196
241
262
293
257
228
223
416
174
241
179
222
182
240
330
260
247
195
196
214
359
181
322
164
199
196
191
226
204
216
292
189
165
164
258
151
196
356
165
173
298
171
147
236
285
209
286
186
176
183
232
172
293
215
268
169
206
148
224
173
213
245
316
224
198
291
149
270
168
219
269
225
326
172
158
196
203
190
236
163
341
198
255
196
269
144
252
208
183
186
221
221
149
255
146
201
169
217
132
207
245
226
241
213
228
266
173
180
225
187
160
192
203
164
297
228
169
191
252
180
246
201
146
234
172
244
171
291
195
169
124
197
171
211
150
210
212
250
197
161
191
213
218
196
227
207
196
205
219
198
174
190
257
191
254
202
250
204
213
267
192
199
203
212
180
178
214
185
305
193
168
236
149
225
202
234
267
264
150
216
247
221
201
265
255
226
220
174
269
169
186
216
228
188
248
227
187
260
173
230
181
221
221
201
262
339
141
225
263
193
166
359
185
172
273
236
155
209
191
271
279
185
203
151
231
174
235
264
221
148
155
165
191
231
189
190
263
165
188
244
253
239
209
282
288
220
147
249
193
238
340
225
228
207
293
206
187
263
171
189
332
267
201
200
196
289
225
201
212
208
176
166
223
176
169
186
178
227
226
172
121
241
268
257
414
224
170
218
375
216
169
183
227
194
220
170
156
187
180
298
231
163
200
176
158
179
182
173
177
250
188
240
245
165
240
213
207
191
162
243
278
182
171
141
276
214
223
175
304
184
338
177
280
137
171
169
215
151
335
329
235
186
184
151
214
235
203
159
164
178
175
187
204
261
188
180
172
188
182
204
210
165
279
195
218
180
235
180
267
181
173
230
221
219
346
254
221
165
198
225
197
198
199
380
211
203
139
199
197
189
215
196
154
184
180
259
264
212
151
202
217
250
169
220
194
169
238
221
219
181
231
247
302
178
170
272
204
216
241
249
150
275
203
191
171
288
227
221
212
168
216
235
202
218
159
173
237
241
178
171
293
228
204
187
221
176
194
176
166
205
174
156
277
160
250
272
187
266
228
170
137
450
173
221
230
263
178
207
206
226
154
177
317
201
170
188
261
274
221
200
168
187
136
163
239
212
198
211
244
190
293
179
298
221
148
304
178
181
188
215
141
171
226
267
229
176
133
284
228
189
283
180
179
202
146
161
176
144
207
293
205
219
255
195
248
232
216
206
221
160
287
180
180
186
314
265
194
255
238
228
231
182
186
204
200
197
212
175
217
303
195
234
247
225
261
239
213
181
182
196
219
189
240
175
256
236
260
223
183
186
215
180
241
178
267
292
154
210
183
192
231
227
228
184
151
233
206
220
172
262
236
187
174
221
212
201
277
192
239
311
210
300
217
156
169
219
281
222
204
211
132
203
174
227
153
205
176
203
176
293
261
462
227
335
191
243
206
194
196
215
271
275
254
256
243
143
278
153
528
192
193
186
139
463
174
178
164
325
165
339
243
248
190
232
308
262
191
198
324
248
133
190
200
212
202
152
162
188
212
285
158
203
150
195
147
166
185
210
269
194
226
203
289
202
176
191
292
180
192
251
200
241
403
267
263
292
132
166
253
255
126
238
292
280
226
202
191
185
209
255
136
192
423
232
236
186
213
242
207
230
217
189
198
207
147
253
173
153
256
267
210
185
242
197
181
156
158
300
309
317
268
188
207
195
312
163
161
170
259
214
166
188
178
359
233
212
324
195
201
216
212
233
213
191
153
192
272
216
170
255
155
204
176
179
310
213
233
181
184
195
335
173
252
155
204
216
177
247
221
206
248
122
149
203
155
252
249
254
267
177
249
214
161
243
157
255
192
247
398
177
175
253
249
159
200
294
221
228
253
271
237
248
159
175
211
167
174
180
168
218
168
198
198
314
444
229
252
163
480
226
173
208
321
210
159
175
156
240
185
270
164
150
195
328
233
160
197
250
203
218
179
284
233
166
161
216
171
181
309
253
168
200
314
280
192
190
170
226
169
193
174
201
180
204
165
185
167
232
170
389
186
211
245
184
243
257
210
285
143
192
212
247
211
216
256
220
205
205
163
198
271
194
196
220
303
193
198
160
132
130
269
341
217
197
172
161
144
204
206
215
227
209
266
170
243
202
213
191
214
248
170
187
200
229
188
165
170
203
172
162
165
143
257
157
184
196
200
185
235
236
223
166
257
192
236
218
248
171
214
223
150
168
141
217
252
180
140
240
204
193
290
161
229
192
140
209
211
219
266
264
264
206
172
153
174
167
199
239
324
175
336
249
170
421
336
181
259
214
221
242
189
329
179
239
181
195
170
155
165
196
255
196
197
204
184
179
269
144
233
203
176
150
337
192
193
256
255
222
171
222
193
173
219
173
374
243
247
254
243
211
149
309
264
281
151
304
227
160
193
213
231
312
286
220
201
212
166
181
307
309
242
183
206
192
148
188
227
171
199
201
285
205
174
150
185
173
258
159
164
186
172
230
181
227
193
290
214
219
215
193
224
211
215
200
239
300
390
171
273
173
232
241
165
280
172
157
141
189
168
198
211
387
159
308
212
209
197
213
200
183
188
167
188
242
215
212
282
157
178
231
339
163
138
224
163
180
202
225
236
199
197
233
216
278
168
195
232
173
207
217
217
174
289
175
176
162
200
218
237
201
171
201
274
187
222
189
239
205
327
139
295
276
157
179
193
250
413
171
402
196
225
250
180
326
243
209
216
203
145
254
178
216
202
245
294
272
172
225
161
274
199
185
242
203
331
201
164
244
246
225
204
185
174
224
229
228
161
320
247
201
301
184
172
201
301
329
161
374
185
193
269
204
177
233
210
214
208
230
238
186
218
327
272
215
156
256
165
189
197
342
241
218
227
236
158
173
276
133
221
180
241
266
162
169
189
183
230
286
215
134
282
302
232
168
154
246
275
298
247
276
247
245
183
140
417
222
232
214
227
260
194
158
195
267
191
414
293
207
273
209
190
187
161
183
285
205
188
214
223
285
285
192
219
178
252
230
196
152
165
206
174
178
235
149
168
256
176
156
316
185
289
158
203
194
207
187
154
137
291
193
182
231
213
210
187
210
212
178
147
207
241
226
216
221
167
233
199
197
200
228
192
156
241
163
210
225
229
213
193
347
198
184
185
222
184
160
193
329
168
230
209
184
184
174
322
212
172
208
208
151
168
179
160
261
334
161
261
206
251
196
282
235
183
489
152
163
342
197
193
188
166
186
254
163
190
247
158
192
209
202
215
271
241
296
238
173
209
217
162
166
237
272
193
154
280
282
182
144
272
232
187
142
156
180
227
335
230
206
248
238
225
186
160
209
223
204
222
160
263
223
473
179
215
220
170
178
271
180
184
247
166
270
226
203
181
198
219
217
239
306
229
243
322
206
189
256
316
235
142
181
225
237
169
254
186
227
180
343
155
231
223
219
167
234
190
245
209
203
319
212
175
212
172
176
221
148
199
187
333
265
196
180
267
193
247
225
185
198
237
233
204
242
175
208
196
327
222
241
174
226
292
237
349
207
244
204
228
201
181
302
245
322
204
199
177
214
206
230
189
209
185
213
177
146
278
241
224
210
137
196
152
249
264
195
284
192
205
269
211
200
187
141
317
203
222
252
149
268
176
250
170
318
244
195
166
198
245
227
185
245
145
198
197
201
258
263
167
143
287
156
138
180
295
245
205
182
171
240
227
199
211
201
183
215
208
193
222
223
166
209
206
179
177
288
180
233
160
286
181
311
203
255
191
238
159
192
187
203
237
207
201
189
360
176
182
156
279
153
241
310
309
291
189
211
181
322
165
182
227
220
312
178
306
187
259
177
243
174
185
191
181
212
168
253
239
158
140
379
187
186
237
162
170
232
221
193
227
264
177
160
240
254
232
180
180
204
354
255
160
178
185
240
282
215
193
214
158
141
209
245
159
207
269
254
247
212
233
166
186
192
264
246
178
225
179
293
251
214
212
322
210
240
153
143
217
367
234
243
348
263
180
201
190
219
152
197
172
357
471
260
293
169
200
162
218
253
173
241
209
189
288
212
319
249
171
147
253
152
302
204
190
198
251
196
199
233
262
190
173
174
212
223
170
133
193
275
324
192
199
338
207
201
155
218
202
144
209
246
233
182
320
216
192
193
198
211
136
258
221
272
132
148
222
191
285
247
142
212
182
236
229
187
140
128
170
144
197
178
162
216
196
282
200
157
237
222
186
217
238
180
186
183
161
175
225
249
203
277
227
403
193
224
378
227
176
197
331
265
294
212
266
197
233
287
208
251
179
149
306
254
203
195
220
203
165
288
160
159
173
205
211
257
199
199
224
261
200
247
267
177
236
196
185
227
245
203
211
191
206
330
203
182
182
296
190
171
232
148
270
311
217
252
181
209
267
346
414
173
272
179
187
167
184
198
255
202
199
297
229
183
289
170
249
179
195
232
295
183
194
196
265
217
193
218
209
187
217
296
222
239
161
148
252
255
180
215
222
195
234
182
195
169
135
158
345
250
216
247
208
216
225
253
174
162
259
273
202
177
186
194
165
219
466
159
196
232
165
294
237
347
255
188
237
261
159
254
271
185
208
183
146
379
201
272
187
194
180
221
276
227
403
233
167
254
188
139
231
200
225
200
232
176
197
173
152
209
199
262
166
182
215
201
155
208
274
273
229
186
176
219
257
271
188
189
182
199
352
212
286
192
266
206
224
198
131
178
247
247
275
204
160
196
148
172
183
220
279
294
146
191
278
180
181
207
279
199
350
120
231
375
258
350
229
173
233
237
179
192
167
175
318
217
250
295
263
163
240
269
183
142
171
194
208
269
195
235
231
250
217
204
173
211
150
283
227
168
211
280
226
236
156
188
185
263
215
242
288
144
190
185
206
191
173
215
169
142
351
163
268
160
299
224
173
336
213
216
128
272
138
227
237
274
221
155
200
171
196
172
449
221
226
252
270
166
194
225
207
204
255
198
175
245
150
175
232
150
226
128
244
284
184
203
156
227
204
165
195
151
212
212
238
200
209
191
192
186
272
169
234
187
245
280
218
175
263
231
202
238
220
261
206
291
155
211
182
178
365
220
191
147
247
226
197
223
295
145
202
207
260
181
204
220
374
208
262
147
287
204
171
185
155
275
202
245
165
229
228
339
157
178
213
253
225
273
235
260
189
180
253
157
206
249
196
236
221
181
225
237
260
216
315
200
263
301
198
317
249
217
179
186
197
176
166
235
378
204
230
178
179
192
180
165
182
166
203
263
168
218
208
339
158
170
195
190
181
187
269
165
208
217
233
196
201
218
274
191
282
172
217
147
270
231
214
364
245
251
235
166
211
270
212
189
289
198
166
231
206
205
230
193
220
214
273
172
206
202
138
174
180
131
197
246
222
165
250
250
183
219
133
214
205
267
258
184
376
211
171
169
203
223
193
144
218
160
193
205
205
211
272
213
185
250
175
193
269
201
227
143
212
177
276
176
188
195
174
411
212
275
208
178
147
192
203
274
158
269
215
199
158
272
157
233
180
265
203
202
147
189
191
245
173
200
454
196
298
177
329
217
184
240
182
200
191
182
204
207
249
168
190
226
253
235
186
255
189
182
199
144
149
201
187
190
190
186
168
240
151
203
180
175
213
212
187
259
161
244
161
167
224
281
223
333
187
182
279
205
167
202
170
398
256
240
178
191
165
193
156
264
164
245
205
183
197
212
226
185
183
273
185
164
222
240
284
193
306
169
387
214
266
271
170
154
209
209
187
181
168
152
371
238
214
194
157
175
206
244
175
321
216
195
210
196
197
244
137
199
198
177
194
151
193
228
160
190
213
178
164
230
230
189
216
229
293
242
276
225
200
175
196
290
138
180
232
221
153
238
303
185
286
279
215
205
222
177
165
212
245
183
231
218
217
345
173
314
186
180
186
226
221
209
215
223
234
201
218
235
170
221
235
236
206
206
194
223
252
236
208
261
202
251
252
155
201
240
166
210
239
176
263
188
279
167
238
252
173
177
247
271
166
251
230
185
183
214
195
215
212
227
211
207
182
188
191
145
230
153
155
151
205
153
190
198
249
208
181
301
194
174
297
136
194
243
197
228
197
247
271
245
227
260
243
189
266
386
215
227
314
179
303
181
201
237
236
165
310
234
244
219
262
422
293
156
193
252
222
217
218
221
365
486
257
190
181
257
207
189
265
269
234
231
198
221
206
208
325
181
188
258
146
252
156
246
198
213
244
167
223
201
238
228
353
302
199
289
205
176
227
184
219
190
229
204
181
345
201
182
203
186
156
176
225
220
192
225
331
260
246
439
214
256
259
310
172
194
220
222
159
166
199
250
174
170
202
241
242
173
270
176
225
191
204
209
317
186
290
208
234
206
225
199
246
151
259
245
206
512
184
163
211
237
158
189
166
192
213
414
267
188
212
281
176
237
177
216
257
225
182
172
299
327
214
191
244
146
238
159
422
196
267
207
172
220
177
335
173
183
161
212
196
199
317
240
215
148
252
209
187
228
189
224
246
266
174
373
191
143
252
175
224
200
271
180
198
259
252
246
300
299
318
185
227
251
210
222
159
251
277
176
248
199
229
239
193
154
249
176
150
201
198
217
320
229
315
263
224
215
205
261
228
288
162
242
247
180
206
209
169
191
133
199
207
191
213
188
180
173
208
154
178
227
142
315
160
197
218
207
177
152
220
268
515
212
243
263
181
166
312
191
195
238
185
200
171
186
160
205
247
150
250
195
318
287
191
220
353
231
194
126
233
309
208
192
186
202
218
236
320
197
253
161
300
176
233
163
202
238
180
213
245
205
207
159
169
233
296
242
185
246
170
170
218
194
284
217
180
260
234
138
243
229
211
282
311
209
172
192
196
218
169
247
376
174
215
177
196
206
204
144
165
202
180
192
317
187
152
209
225
226
222
223
187
220
168
196
220
189
226
278
187
321
225
196
235
160
196
205
192
244
191
265
280
189
212
244
251
221
278
190
203
191
154
178
232
177
155
161
157
320
250
161
232
253
148
145
211
224
231
225
163
266
220
176
164
187
293
179
226
279
194
146
175
281
194
227
195
168
181
204
214
214
181
159
180
184
196
170
309
169
219
252
248
273
190
291
220
213
184
236
230
145
168
259
212
273
167
252
319
194
223
246
207
131
145
212
203
203
219
213
164
269
224
173
202
246
165
209
231
219
248
220
206
195
338
203
235
285
178
180
188
183
317
211
154
169
212
196
209
183
256
265
267
187
246
301
154
300
140
216
199
186
249
203
179
244
211
218
249
158
365
258
203
171
209
274
176
165
233
201
203
211
302
167
228
291
179
325
177
218
185
255
190
183
192
291
214
237
225
244
176
148
286
139
546
184
285
421
222
169
377
277
148
145
201
285
234
251
148
235
208
301
200
227
167
182
207
183
288
181
223
193
188
237
155
257
153
187
277
143
286
187
219
153
205
171
213
179
175
237
163
257
154
276
350
239
271
226
183
150
216
180
194
472
235
240
199
254
179
196
186
274
291
202
161
188
171
252
131
185
297
186
197
142
214
179
225
293
131
364
264
173
263
186
172
231
167
237
163
198
209
181
189
167
224
302
293
168
211
251
190
372
221
224
215
225
140
184
215
184
165
254
417
287
222
173
198
170
298
206
164
200
158
234
199
172
206
215
180
235
224
223
262
301
222
204
187
288
198
188
197
207
230
177
226
260
283
238
227
195
160
174
231
229
172
195
234
160
206
183
191
224
175
138
286
201
171
205
230
135
195
246
179
253
167
237
304
150
140
166
149
250
185
268
268
220
265
215
217
201
179
417
186
142
293
277
201
236
163
294
168
174
245
201
199
148
164
384
223
191
161
168
264
296
242
206
144
316
213
248
205
232
214
251
210
170
179
212
146
196
313
282
245
370
164
278
240
189
306
211
241
213
206
168
177
253
223
173
245
232
193
326
173
216
203
269
209
256
196
235
247
351
171
277
199
160
367
258
181
165
197
259
167
167
289
239
254
162
224
213
133
208
250
252
217
295
193
210
291
309
198
170
242
236
191
182
194
217
173
214
280
228
158
202
239
203
151
233
197
251
182
187
194
163
176
190
245
308
210
179
239
242
138
312
254
274
156
258
182
223
210
189
151
173
160
162
244
154
220
205
139
190
188
217
166
244
193
210
192
179
266
194
313
167
354
197
288
187
235
195
164
246
189
180
201
235
214
299
188
173
220
220
236
186
202
203
187
294
200
192
217
213
322
178
235
206
162
252
261
202
264
164
354
144
220
174
181
264
218
198
257
175
186
255
204
256
259
152
167
191
159
191
190
312
182
259
228
299
183
177
215
231
292
168
177
220
172
163
239
259
281
260
210
234
198
210
217
180
236
276
179
171
303
178
205
192
160
238
163
260
242
201
187
156
317
158
191
231
182
235
239
311
212
254
151
306
235
373
172
264
278
294
162
211
176
228
246
178
264
146
236
183
217
177
160
169
203
156
238
168
208
199
203
265
154
280
197
161
169
204
220
240
157
222
229
275
146
192
164
166
183
209
212
213
220
179
181
290
183
170
199
172
247
196
152
199
285
235
172
213
223
144
226
374
188
209
263
166
167
229
169
142
145
247
177
226
236
270
204
200
269
221
209
143
200
224
150
137
238
209
294
197
276
188
244
224
245
520
189
185
197
203
184
172
163
237
215
168
174
230
184
211
284
239
171
197
157
237
280
175
174
274
151
247
147
172
196
200
281
228
253
254
161
287
178
309
283
155
266
234
183
186
343
236
174
388
153
295
217
251
196
151
278
198
150
245
192
221
403
201
239
217
219
133
230
204
201
295
185
232
198
165
266
195
258
224
