293
293
268
274
287
293
289
282
301
310
273
271
308
299
274
280
273
272
283
270
290
276
267
269
286
278
276
300
272
264
273
280
263
274
281
250
280
261
261
272
291
275
304
309
319
308
256
298
276
273
298
286
310
333
270
282
265
258
275
298
258
313
283
265
269
298
288
305
301
307
257
265
285
304
321
268
353
273
316
270
281
300
304
306
281
305
266
305
288
310
281
273
267
275
258
272
285
295
325
271
330
315
262
311
301
273
280
272
304
275
302
307
285
298
261
306
284
261
277
268
296
297
309
277
258
272
342
299
267
298
288
313
288
329
266
257
322
315
375
311
275
293
291
310
287
270
239
288
297
342
265
281
268
313
276
247
302
287
286
352
301
338
266
327
269
282
328
317
300
267
312
276
270
316
308
276
318
270
298
290
279
265
285
298
258
278
308
276
294
304
288
287
294
290
272
290
315
319
283
279
261
271
250
308
293
298
293
256
288
318
267
290
348
281
287
283
259
265
304
274
287
312
306
284
279
275
258
294
312
281
270
280
314
287
254
352
282
279
271
278
319
280
280
297
254
305
287
270
306
266
277
312
272
283
297
257
297
258
289
263
292
263
293
264
272
269
294
303
311
289
338
338
268
298
267
275
284
307
300
278
295
292
269
249
297
268
273
288
273
264
258
273
292
281
285
334
301
262
281
264
286
278
314
264
315
280
278
338
280
281
279
283
259
304
290
301
288
282
281
297
273
293
279
261
292
293
317
254
297
329
297
306
282
308
350
288
305
298
277
298
308
325
270
302
275
298
291
270
261
289
289
307
269
292
281
295
292
284
269
304
287
307
266
296
269
269
293
261
302
296
285
262
297
262
292
279
291
324
294
277
293
261
283
260
314
330
286
290
295
281
315
261
310
285
264
272
276
304
307
325
281
284
290
274
289
285
289
263
278
298
291
286
295
309
276
288
302
268
287
286
285
295
274
296
265
261
298
286
256
283
284
284
267
285
286
288
323
295
287
314
256
272
285
292
284
291
306
298
276
282
293
304
275
289
294
275
304
278
294
317
320
269
308
262
289
266
314
300
354
278
304
300
293
262
280
289
281
275
301
265
272
314
313
295
318
287
265
276
271
263
284
280
265
316
311
288
284
351
293
260
294
312
287
291
285
314
278
314
283
337
290
295
305
260
263
408
266
275
273
338
275
295
282
273
271
272
301
296
301
290
286
287
297
271
271
322
298
305
266
284
258
270
280
307
309
320
284
306
300
272
285
263
281
285
304
277
280
275
324
302
312
359
272
320
270
265
280
299
284
307
303
287
308
298
279
259
270
279
270
254
268
327
293
288
273
301
266
262
286
300
255
288
269
276
271
282
282
285
283
288
324
291
286
303
263
260
287
318
317
279
287
265
275
277
274
271
269
295
273
295
308
269
267
270
272
275
277
286
290
279
286
291
270
278
273
287
310
319
309
335
344
266
272
259
278
270
291
310
291
309
315
281
292
296
255
324
313
355
282
335
288
289
256
268
291
286
286
263
274
284
285
309
303
306
316
324
312
277
290
272
284
280
261
259
266
277
275
281
278
295
272
283
284
316
309
284
274
292
281
280
301
264
304
281
270
321
288
287
283
295
285
290
254
249
282
278
258
280
320
276
288
259
278
267
285
284
328
267
337
305
303
284
303
273
283
284
278
270
278
293
304
274
303
281
269
295
271
274
286
283
298
297
299
283
290
273
307
301
276
333
271
311
273
307
276
315
278
310
284
288
298
304
310
260
285
283
296
263
264
305
287
360
281
262
265
326
284
315
303
346
319
267
274
279
280
280
273
284
289
270
303
277
281
326
283
298
283
281
291
310
324
271
272
266
303
275
286
297
264
254
281
318
274
303
280
307
261
270
264
289
279
286
264
367
309
292
276
278
277
309
307
264
259
278
292
279
321
269
276
284
279
280
280
292
251
275
290
293
310
340
283
320
301
270
274
292
314
252
285
305
308
274
318
287
292
269
329
280
277
267
288
268
277
318
315
272
288
282
281
303
325
263
250
267
283
321
313
319
277
279
269
286
285
271
289
275
282
279
288
286
369
323
277
284
303
276
268
282
274
268
275
284
287
272
293
275
246
311
281
283
290
286
283
313
302
326
313
268
276
276
258
266
262
274
295
298
299
301
335
273
291
299
299
298
310
247
318
294
311
274
316
291
272
267
296
275
302
288
302
299
308
253
277
273
295
262
333
273
279
255
359
328
332
278
279
302
283
304
342
271
279
320
278
293
308
309
264
287
298
310
