1164
1833
1347
1073
1223
1102
1302
1276
1559
1594
1783
1700
1678
2083
1124
1322
1201
1626
1582
1211
2424
1128
1732
1792
1622
1127
1643
1780
1631
1879
1717
1458
1621
1148
1366
1580
1230
1200
1908
1298
1405
2289
1303
2364
1780
1609
1486
1578
1709
1575
1317
1149
1375
1456
1667
1910
1240
1413
1266
1854
1310
1630
1290
1429
1680
1768
1273
1402
2150
1384
978
1316
1396
1159
1711
1956
1280
1101
1203
1467
1507
1152
1331
1420
2318
1285
2350
1436
1218
1752
1330
1464
1455
1905
1463
1182
1251
1391
1495
1581
1563
1350
1225
1337
1535
1671
2277
1490
1312
1221
1792
1377
1573
1177
1586
1708
1802
1595
1441
1718
1581
2365
2288
2104
1207
1385
1421
1594
1164
1660
1500
1548
2320
1542
1692
1322
1421
1130
1449
1324
1526
1542
1304
1413
1265
1815
1874
1726
1840
1701
1430
1310
1444
1590
1573
1871
1371
1767
1693
1962
1640
1606
2015
1297
1617
1786
1364
1227
1410
1629
3327
1323
1366
2064
1191
1622
1511
1854
1328
1381
1487
1919
1815
1792
1273
1129
2083
1278
1105
1640
1601
1337
1468
1725
1633
2001
1608
1737
1391
1384
1238
1246
1479
1241
1961
1279
1520
1512
1149
1589
1572
1672
1548
1635
1447
1463
1373
1960
1439
1202
1558
1257
1173
1267
1160
1586
1391
2504
1439
1271
1931
1947
1699
1655
1866
1521
1582
1763
1457
1311
1837
2037
1211
1300
1640
1424
1579
1566
1327
1865
1356
1428
1550
1920
1397
1698
2243
1679
1655
1548
1352
1357
1307
1364
1488
1203
1330
1330
1414
1640
1741
1506
1347
1233
1201
1801
1763
2008
1476
1319
1755
1197
1332
1738
1678
1858
1656
1516
1430
1228
1919
1315
1573
1144
1576
1093
1281
1574
1450
1288
1102
1560
1514
1996
1247
1233
1404
1624
1335
1126
1457
1722
1767
1347
1458
1533
1407
1346
1325
1243
1478
1347
1657
1278
1891
1351
1397
1618
1570
1286
1255
1496
1385
1662
1515
1096
1730
1143
1740
1923
1179
1430
1626
1597
1131
1387
1252
1322
1424
1295
1371
1476
1386
1818
1535
1551
1922
1292
1500
2130
1302
1506
1291
1005
1387
1205
1531
1302
1400
1329
1576
1692
1312
1360
1372
1517
1490
1196
1294
1516
1627
1434
1346
1303
1508
1551
1334
1331
1422
1759
2528
1298
1193
1263
1000
1487
1477
1649
1203
1766
1390
1440
2485
1532
1209
1184
1807
1391
1420
1560
1278
1275
1562
1549
1409
1098
1549
1128
1215
1441
1648
1476
1640
1633
1296
1773
1358
1387
1325
1160
1056
1796
1179
1431
1041
1434
1502
1391
1299
1574
1129
1350
1355
1472
1424
1424
1541
1826
1667
1181
1737
1527
1216
1521
1986
1611
1999
1611
1535
1299
1348
1120
1266
1266
1211
1148
1574
1300
1156
1441
1741
1626
1244
1475
1177
1272
1076
1223
1012
1146
1502
2523
1454
1733
1752
1524
1440
1526
1863
1771
1488
989
2108
1266
1215
1975
1392
1371
1680
1525
1488
1196
1289
1856
1307
1256
1618
1269
1814
2159
1635
1713
1457
1578
1629
1408
1120
1197
1434
1485
1655
1507
1349
1444
1316
1318
1181
1603
1177
1410
1419
2427
1127
1033
1662
1318
1567
1475
1290
1388
1367
1072
2415
1240
1163
1260
1447
1310
1951
1386
1303
1157
1765
1427
1839
2043
2348
1338
1296
1417
1311
1441
1566
1303
2256
1169
1265
1435
1818
1595
1358
2113
1729
1251
1342
1466
1509
1328
1426
3030
1701
1697
1649
1350
1550
1559
1210
1686
1169
1155
2013
1251
1433
1304
1286
1331
1201
1453
1445
1336
1598
1440
1632
1372
1327
1231
1562
1362
1315
1142
1467
1332
1208
1178
1543
1281
1272
1509
1548
1897
1077
1530
1523
1334
1584
1918
1447
1433
1549
1311
1378
2038
1374
1644
1356
1245
1096
1566
1489
2115
1571
1339
1578
1737
1578
1625
1093
1486
1395
1597
2087
1696
1430
1299
1144
1323
1993
1933
1539
1311
1123
1176
1843
1073
1518
1580
1625
1269
1470
1630
1501
1422
1322
1293
1788
1382
1467
1549
1437
1738
1215
1501
1080
2039
1388
1635
1130
1283
1780
1640
1362
1422
1197
1925
1631
1504
1623
1114
1529
1587
1341
1657
1043
1590
1459
1397
1219
1513
1446
1926
1469
1073
1551
1480
1370
1540
1698
1782
1221
1124
1835
1183
1330
1418
1348
1655
1524
1770
1018
1537
1503
1107
1598
2083
1086
1949
1594
1395
1485
1585
2116
1982
1552
1199
1317
1950
1176
1567
1459
1182
2223
1234
1974
1039
1679
1662
1440
1463
1446
1260
1470
1228
1532
1473
1660
1246
1047
1716
1260
1292
1244
1384
1203
1466
2471
1365
1413
1352
1547
1287
1107
1501
1148
1139
1168
1887
1800
1345
1264
1355
1966
1419
1408
1563
1463
1186
1277
1277
1888
1625
1849
1508
1123
1121
2014
1662
1459
1527
1356
1356
1097
1137
1314
1622
1203
1422
1489
1360
1786
1678
1365
1194
1657
1296
1262
1334
1102
1309
1631
1484
1275
1422
2163
1366
1566
1260
1286
1203
1142
1537
1293
1951
1520
1437
1348
1566
1733
1459
1791
1161
1730
1731
1752
1329
1958
2496
1633
1513
1394
1687
1406
1478
1172
1289
1513
1594
1102
1559
1615
1686
1250
1722
1450
1312
1399
1218
1610
1506
1755
1240
2089
1310
1533
1160
2034
1128
1224
1058
1243
1599
1666
1821
1079
1751
1467
1507
1747
1090
1495
1222
1568
1534
996
1282
1464
1326
1558
1279
1528
1857
1513
1713
1905
1524
2337
1331
1436
1513
1581
1485
2828
1778
1369
1528
1484
1647
1587
1240
1752
1317
1641
1446
1658
1311
1498
1279
1426
1167
1293
1389
1573
1637
1951
1179
1187
1333
1498
1379
1878
1329
1759
1478
1432
2000
1612
1605
1340
1090
1379
1585
1310
1474
1278
1192
1366
1634
1697
1463
1343
1465
1662
1841
1922
1183
1582
1333
1554
1442
1200
1616
1818
1703
1708
1607
1525
1519
1371
1158
1340
1690
1542
1371
1433
1418
1363
1488
1212
1334
1703
1062
1556
1459
1463
1414
1324
1806
1465
1195
1393
1513
1389
1500
1652
1671
1162
1625
1291
1558
2189
1062
1290
1400
1878
1964
1811
1195
1550
1608
1297
2086
1947
1331
1744
1742
1251
1399
1482
2468
1161
1819
1672
1692
1414
1987
1571
1533
1441
1650
1369
1686
1809
1581
1288
1813
1791
1611
1568
1116
1443
1370
1660
2168
1177
1542
1528
1424
1403
1296
1830
1597
1250
1746
1419
1460
1266
2239
1763
1489
1274
1356
1424
2309
1437
1548
1297
1607
1444
2309
1162
1360
1494
1263
1388
2159
1058
1430
1283
1641
1354
1432
1712
1465
1726
1056
1171
1420
1398
1205
1450
1276
1415
1363
1142
1678
1902
1987
2180
1296
1620
1330
1566
1733
1513
1391
1450
1227
1766
1279
1975
1494
1469
1409
1614
1580
1512
1951
1585
1371
1411
1324
1167
1463
1538
1446
1515
1544
1246
1790
1118
1552
1562
1877
1825
1391
2022
1536
1565
1272
1313
1235
1560
1351
1457
1254
1234
1471
1158
2156
1464
1322
1810
1528
1931
1148
2049
1130
1686
1658
1299
1345
1319
1574
1374
1648
1391
1136
1435
1555
1682
1267
1304
1431
1130
1174
1341
1398
1237
1247
1503
1730
1280
1802
1410
1248
1137
1159
1338
1449
1287
1979
1546
1627
1645
1397
1756
1203
1546
1062
1626
1224
1149
1348
2480
1484
1588
1600
1108
1505
1664
1443
1422
1538
1503
1389
1670
1387
1454
1356
1380
1295
1939
1134
1635
1336
1361
2207
1350
1736
1374
1327
1498
1180
1438
1636
1330
1289
1472
1396
1508
2025
1339
1601
2080
2055
1769
1103
1440
2765
1941
1428
1586
1492
1735
1356
1308
1369
1618
1547
1339
1562
1069
1324
1453
1467
1243
1573
1297
1600
1347
1664
1535
1175
1251
1227
1652
1205
1442
1250
1471
1247
1191
1408
1719
1517
1928
1296
1674
1536
1242
1430
1007
1877
1673
1643
1285
1635
1428
1548
1235
1219
1162
1806
1352
1351
1970
1161
1358
1252
1454
969
1470
1331
1443
1766
1319
1231
1531
1936
1255
1342
1465
1547
1402
1385
1510
2197
1314
1243
1685
1198
1566
1570
1438
1156
1268
1676
1422
1080
1408
1893
1582
1508
1176
1731
1152
1351
2001
1531
1592
2565
2165
1727
1438
1519
1070
1459
1247
1455
1873
1444
1355
1884
1377
1402
1244
1819
1626
2069
1435
1715
1208
1658
1303
1453
1751
1115
1334
1448
1265
2142
1538
1084
1499
1658
1374
1364
1175
1401
1344
1430
1252
1519
1227
1948
2179
1561
1921
1606
1551
1144
1355
1399
1795
1369
1283
1709
1365
1363
1277
1293
1711
1234
1810
1335
1370
1295
1194
1468
1343
1129
1283
1908
1757
1350
1382
1497
1725
2225
1273
1147
1406
1179
1485
1774
1228
1977
1710
1471
1791
1122
1782
1283
1329
1954
1500
2211
1297
1541
1751
1406
1763
1219
1184
1441
1394
1346
1322
1759
1616
1269
1535
1101
1215
1593
1439
1360
1091
1391
1348
1227
1054
1228
1191
1706
1607
1209
1985
1012
1281
1216
1556
1899
1346
1624
1954
1388
1638
1535
2382
2199
1344
1538
1692
1220
1503
1369
1055
1197
1525
1428
1193
1304
1254
1316
1437
2295
1414
1711
1323
1315
1425
1877
1618
1810
1743
1536
1834
1435
1459
1518
1493
1508
1264
1448
1284
1181
1697
1116
1371
1684
1415
1454
1358
1615
1752
1669
1526
1093
1486
1955
1176
1287
1460
1326
1721
1569
1625
1211
1077
1206
1849
1446
1958
1347
1421
1175
1539
1702
1366
1348
1938
1198
1721
1195
1287
1899
1734
1314
1837
1736
1382
1539
1715
1330
1559
1205
2027
1495
1125
1639
1693
1861
1849
1251
1456
1756
1846
1350
1556
1817
1144
1158
1460
1702
1725
1216
1304
1353
1977
1099
1859
2187
1509
1274
1094
1234
1314
1904
1736
1368
1059
2012
1178
1486
1059
1466
2083
1734
2257
1432
1724
1215
1117
1290
1251
1148
1196
1512
1327
1533
1256
1449
1830
1748
1187
1304
1395
1824
1944
1204
1812
1687
1080
1344
1583
1494
1839
1107
1591
1368
1539
1386
1829
1550
1634
1694
1399
1332
1245
1410
1473
1769
1429
1453
1362
1647
1474
1703
1377
1771
1236
1475
1424
1285
1547
1371
1663
1219
1623
1410
1419
1380
1501
1921
1511
1802
1441
1183
1464
1516
1141
1133
1193
1507
1512
1380
1357
1474
1699
1041
1236
1417
1372
1471
1631
1522
1410
1526
1593
1086
1688
1721
1687
1108
1541
1639
1283
1586
1424
1841
1758
1168
1141
1134
1618
2455
1671
1392
1054
1546
1416
1500
1222
1257
2112
1306
1423
1293
1248
1879
1262
1442
1282
1241
1218
1067
1254
1171
1407
1286
1646
1508
2031
2118
1681
1249
1973
1564
1436
1378
1769
1421
2029
1573
1384
1791
1393
1640
1977
1823
1589
1293
2022
1468
1308
1331
1202
1650
1306
2017
1313
1399
1743
1273
1386
1101
1257
1163
1462
1266
1415
1779
1477
1491
1619
1774
1053
1127
1745
1647
1273
1327
1080
1300
1196
1465
1282
1165
1395
1594
1566
1296
1303
1465
1217
1697
1491
1464
1465
1363
1636
1112
1579
1503
1375
1541
1789
1262
1855
1598
1531
1498
1436
1571
1371
1938
1283
1238
1253
1742
1519
1432
1251
1654
1958
1356
1266
2302
1386
1242
1082
1314
1175
1313
1312
1031
1705
1956
1495
1802
1263
1270
1260
1989
1365
1262
1513
1544
1232
1227
1363
1368
1750
1895
1442
1617
1475
1253
1534
1278
1939
1552
1598
1156
1763
1240
1311
1637
1108
1419
1178
1321
1313
1328
1627
1236
1645
1164
1859
1430
1078
1431
1458
1651
1132
1714
1587
1022
1341
1764
1892
1562
1230
2099
1423
1404
1790
1338
1499
1604
1333
1313
1334
1187
1410
1552
1334
1524
1835
2030
1459
1638
1817
1848
1318
1638
1285
1748
1681
1301
1158
1418
1778
1560
1237
1279
2245
1064
1720
1132
1632
1503
1415
1157
1093
1462
1430
1265
1531
1079
1678
1689
1391
1346
1347
1705
1393
1212
1617
1767
1264
1253
1104
1185
1602
1269
1401
1272
2059
1775
1512
1447
1282
1733
1803
1256
1979
1659
1071
1465
1784
1378
1516
1977
969
1649
1360
1394
1086
1216
1487
1233
1036
1696
1446
1325
1507
1632
1362
1292
1531
1469
1232
2197
1683
1501
1464
2023
1154
1870
1434
1295
1904
1506
1276
1394
2023
1643
1449
1529
1321
1408
1552
1309
1234
1400
1271
1105
1510
1352
1427
1424
1186
1144
1473
1370
1167
1185
1428
1392
1198
1679
1428
1726
1122
1666
1907
1449
1424
1368
1463
1245
1457
1173
1253
1609
1444
1282
1716
1500
1594
1865
1137
1415
1565
1845
1813
1760
1332
1388
1674
1733
2187
1268
1291
1567
1298
2060
1771
1453
1542
1768
2108
1456
1674
1193
1639
1270
1657
1171
2012
2291
1632
2066
1093
1732
1458
2048
1549
2339
1159
1467
1434
1407
1485
1545
2010
1734
1770
1940
1416
1434
1580
1411
1360
1732
1278
1988
2065
1212
1651
1435
1602
1719
1230
1276
1678
1544
1329
1541
1262
1369
1331
1352
1507
1483
2116
1339
1611
1735
1905
1136
2505
1405
1530
1525
1530
1186
1467
1080
1135
1829
1539
1144
1385
1845
1666
1226
1850
1507
1464
1947
1284
1304
1690
1610
1494
1733
1183
1997
1608
1559
1414
1646
1444
1369
1332
1329
1487
1259
1440
1446
1352
1198
1513
1053
1436
1102
1207
1232
1181
1805
1626
1226
1439
1198
1408
1234
1404
1488
1683
1440
1318
1708
1437
1418
1754
1141
1461
1417
1267
1413
1379
1543
1756
1501
1384
2093
1178
1202
1296
1652
1837
1558
1479
1431
1372
1759
1350
1509
1221
1692
1130
1494
1896
1207
1223
1666
1368
2078
1324
1320
1285
1195
1391
1421
1250
1043
1563
1629
1227
1203
1958
1270
1070
1293
1341
1669
1313
1215
1543
1691
1203
1238
1330
1924
1157
1461
2372
1929
1256
1703
1396
1726
1557
2076
1133
1070
1313
1626
1242
1812
1377
1156
1461
1528
1422
1154
1985
1460
1389
1383
1716
1325
1212
1848
1479
1517
988
1526
1646
1278
1134
1796
2319
1548
1708
1588
1102
1330
1373
1253
1462
1160
1276
1646
1405
1584
1287
1261
1192
1392
1256
1403
1134
1723
1994
1319
1641
1376
1920
2515
1894
1540
1581
1285
1318
1655
1365
1855
1324
1467
1452
1245
1294
1429
1524
1342
1391
1750
1414
1303
1464
1877
1459
1481
1870
1601
1090
1993
1420
1355
1438
1269
1159
1419
1216
1680
1508
1573
1590
1408
1257
1289
1432
1493
2043
1327
1423
1440
1308
1677
1426
1320
1633
1253
1431
1325
1375
1398
1152
1087
1750
1594
1371
1440
1323
1308
1121
1286
1271
1714
1369
1212
1324
1486
1248
1369
1645
1317
1701
1273
1393
1868
1272
1364
1489
1309
1152
1416
1412
1428
1380
1564
1510
1354
1385
1987
1292
1240
1181
1831
1453
1357
1416
2064
1774
1328
1642
1376
1237
1647
1379
1242
1386
1292
1697
1511
1348
1545
1206
1508
1361
1234
1901
1218
1381
1340
1456
1156
1821
1566
1344
1499
1329
1266
1213
1445
1574
1375
1221
1505
1771
1753
1586
1468
1288
1718
1096
1221
1368
1217
1167
1535
1328
1432
1155
1400
1625
1164
1475
1325
1583
1546
1588
1169
1390
1308
1706
1493
1661
1345
1491
1755
1225
1085
1885
1224
1650
1340
1129
1470
1159
1519
2047
1431
1554
1351
1242
1483
1448
1524
1359
994
1514
1281
1461
1305
1643
1422
1466
1727
1162
1548
1169
1285
1340
1657
1391
1317
1143
1537
1762
1348
1490
1243
1479
1365
1873
1295
1334
1555
1257
1640
2038
1431
1483
1729
1613
1132
1526
1406
1211
1404
1241
1084
1701
1264
1826
1311
1122
1373
1407
1462
2744
1058
1580
1829
1243
1680
1306
1267
2106
1239
1779
1338
1493
1275
1434
1398
1295
2081
1289
1881
1639
1343
1501
1478
1205
1322
1197
1245
1095
1443
1244
1436
1361
1341
1406
1896
1355
1636
1405
1218
1413
1997
1320
1165
1642
1619
1901
2449
1344
1299
1588
1607
1384
1375
1774
1241
2003
1769
1649
1298
1187
1268
1526
1542
1212
2026
1333
1597
1416
1357
1684
1355
2222
1314
1446
1227
1238
1384
1334
2235
1484
1258
1371
1563
1349
2053
1478
1363
1386
1631
1189
1514
1170
1252
1389
1607
1746
1613
1418
1697
1547
1364
1429
1185
1938
1195
1367
1700
1061
1249
1706
1271
1708
1526
1342
1412
1278
1485
1285
1367
1659
1140
1502
1583
1902
1150
1377
1144
1581
1312
1670
1387
2189
1663
1403
1423
1187
1748
1529
1630
1914
1496
1384
1707
1351
2038
1384
1168
1601
1556
1309
1462
1600
1275
1563
1807
1671
1148
1165
1660
1246
1326
1696
1312
1485
1394
1465
1388
1342
1292
1239
1403
1404
1681
1279
1501
2003
1160
1466
1252
1542
1462
1473
1378
1349
1886
1316
1925
1609
1591
1368
1564
1904
1569
1202
1556
1425
1326
1632
1491
2258
1720
1554
1165
1545
1364
1544
1567
1718
1419
1167
1112
1227
1449
1570
1309
1292
1053
1509
1549
1558
1623
1631
1193
1235
1654
1504
1220
1249
2310
1703
1291
2177
1541
1862
1090
1712
1178
1095
1851
2178
1615
1654
1546
1678
1529
1888
1643
1585
1309
1416
1245
1382
1698
1398
1133
1442
1327
1460
2779
1150
1344
1187
1425
1690
1146
2087
1608
1178
1171
1446
1350
1379
1215
1165
1914
1298
1292
1192
1619
1856
1224
1562
1623
1505
1856
1756
1417
1487
1461
1761
1201
1422
1986
1779
1312
1154
1198
1499
1463
1280
1921
1697
1105
1771
1245
1637
1161
1186
1326
1468
1722
1314
1608
1416
1477
1104
1522
1315
2844
1556
1816
1442
1234
1298
1433
1479
1590
1552
1314
1362
1141
1769
1471
1396
1351
1181
1364
2158
1333
1268
1435
1416
1607
2286
1996
1756
1373
1458
1909
1988
1681
1552
1366
1591
1387
2161
1278
1497
1581
1252
2245
1379
2077
1259
1480
1323
1095
1247
1187
1575
1059
1123
1679
1231
1929
1303
1212
1918
1889
1423
1468
1326
1754
1209
1901
1528
1414
1372
1305
1285
1424
1321
2211
1855
1061
1071
1581
1393
1378
1828
1811
1466
1571
1199
1135
1419
1416
1420
1421
1698
1889
1858
1246
2583
1324
1306
1400
1309
1538
1437
1521
996
1944
2755
1313
1226
1159
1336
1284
1181
1224
1406
1379
1743
2134
1305
1677
1490
1731
1314
1142
1512
1269
1180
1236
1523
1483
1232
2198
1681
1599
1401
1356
1253
2015
1307
1383
1544
1541
1557
2180
1330
1477
2212
1625
1378
1481
1369
1685
1452
1441
1544
1672
1618
1384
1559
2207
1419
1426
1265
1546
1429
1282
1560
1284
1384
1537
1334
1425
1477
1919
1508
1121
1383
2004
1235
1392
1549
1136
1356
1224
2249
1119
1235
1608
1339
1506
1233
1320
1364
1619
1890
1514
1516
1234
1332
1619
1400
1659
1172
1466
1406
1308
1273
1899
1709
1727
1386
1423
1278
1672
1459
1297
1198
1551
958
1483
1358
1569
1180
2075
1618
1012
1453
1335
1495
1798
1543
1703
1206
1304
1545
1545
1425
1713
1961
1271
1219
1046
1690
1483
1459
1318
1453
1332
1456
1957
1679
1670
1514
1686
1716
1230
1463
1482
1223
1225
1483
1798
1552
1643
1204
1614
1340
1163
1913
1078
1255
1236
1101
1893
1433
1777
1438
1630
1340
2056
1365
1681
1985
1657
1383
1077
1629
1328
2008
1279
1183
1356
1809
1628
1082
1303
1114
1248
1877
1351
1406
1442
1942
1243
1843
1694
2184
1305
1606
1203
1274
1341
1424
1541
1475
1378
1263
1500
1446
1681
2254
1409
1686
1580
1267
2327
1345
1276
1220
1376
1651
1688
1562
1270
1526
1629
1374
1649
1223
1530
1978
1350
1748
1257
1070
1732
2494
1826
1969
1267
1335
1450
1586
1173
1545
1241
1072
1291
1800
1425
1378
1601
2016
1265
1249
1182
1159
1400
1349
1519
1461
1690
1700
940
1613
1662
1318
1262
1549
1484
1655
1513
1751
1330
1298
1567
1132
1243
1333
1606
1451
1342
1476
1852
1253
1319
1449
1252
1446
1413
1321
1185
1381
1763
1250
1667
1325
1351
1251
1216
1217
1639
1595
1317
1573
1598
1342
1774
2022
1762
1571
1329
1281
1340
2203
1505
1866
1782
1165
1799
1340
1455
1652
1443
1722
1308
1853
1555
1548
1109
1549
1544
1627
1445
1072
1595
1243
1497
1476
1530
1801
1036
1481
1437
1970
1743
1508
1422
1212
1172
1915
1293
1537
1289
2002
1045
1375
1480
1558
1462
1208
1214
1307
1454
1825
1448
1584
1417
2594
1436
1220
2156
1514
1425
1991
1365
1257
2105
1077
1505
1419
1284
1256
1957
1671
1436
1875
1437
1613
1226
1935
1328
1676
1200
1612
1285
1532
1206
2098
1423
1147
1289
1856
1410
1173
1543
1379
1961
1250
1340
1563
1733
1573
2307
1177
1757
1388
1928
1250
1712
2051
1252
1718
1492
1945
1071
1796
2015
1733
1874
1451
1873
1632
1226
1387
1593
1978
1210
1338
1485
1237
1337
1329
2084
2154
1139
1208
1473
1775
1412
1270
1632
1698
1661
1789
1481
1618
1407
1541
1186
1146
1568
1109
1494
1259
2091
1494
1264
1273
1473
1168
1217
1062
1193
1311
1498
1688
1221
1437
1178
1402
1362
1273
1236
1256
1352
1318
1570
1523
1212
2132
1921
1614
2281
1237
1190
1722
1345
1542
1408
2022
1440
1514
1345
1257
1468
1637
1912
1259
1421
1699
1756
1445
1520
1402
1345
1605
1624
1191
1202
1617
1507
1434
1732
1435
1979
1497
1322
1498
1648
1803
1919
1229
1381
1613
1849
1422
1679
1114
1575
1557
1652
1653
1918
1688
1459
2151
1200
1615
1827
2035
1611
1246
2342
1311
1352
1661
1695
2171
1564
1440
1198
1599
2373
1268
1399
1371
1915
1873
1420
1205
1357
1628
1225
1820
1211
1452
2110
1418
1434
1399
1930
1289
1650
1354
1224
1679
1420
1468
1290
1842
1276
1676
2205
1569
1105
1655
1470
1459
1492
1802
1290
1641
1522
1835
2055
1101
1159
1436
1366
1538
1477
1310
1343
1107
1513
1329
1580
1680
1304
1171
1978
1551
1235
1323
2047
1465
1048
1470
2181
1714
1128
1342
1120
1214
1590
1254
2075
1620
1508
1538
1181
1281
1332
1465
1543
1769
1264
1145
1409
1118
1263
1419
1204
1394
1574
1456
1372
1361
1762
1488
1362
1397
2138
1545
965
1435
1679
1188
1828
1358
1374
1718
1653
1612
1517
1417
1973
1341
1511
1815
1264
1569
1299
1851
1680
1423
1285
1332
2050
1437
1284
1271
1265
1121
1908
1333
1451
1506
1713
1261
1270
1306
1231
1623
1181
1713
1462
1564
2303
1533
1196
1151
1704
1412
1409
1254
1658
1844
1314
1863
1703
1640
1298
1278
1522
1618
2370
1291
1280
1286
1468
1436
1733
1199
1135
1848
1679
1312
1172
1571
1670
1353
1350
1500
1362
1927
1585
2166
1681
1635
1173
1724
1258
1267
1230
1888
1655
1321
1527
1623
1405
1431
1261
1697
1454
1368
1037
1738
1402
1717
1612
1394
1214
1246
1503
1703
1330
1325
1580
1445
1494
1245
1778
1586
1328
1383
1540
1173
1131
1512
1341
1526
1227
1329
1118
1464
1331
2336
1388
1358
1585
2094
1344
1235
1465
1422
1339
1567
1386
1329
1554
1675
1498
2379
1628
1463
1420
1651
1685
1155
1543
1409
1329
1652
1616
1610
1292
1615
1415
1692
1299
1246
1329
1295
1480
1472
1377
1924
1604
1319
1917
1194
1639
1861
1552
1532
1508
1272
1309
2030
1533
1417
1619
1136
1195
1420
1746
1066
1603
1713
1474
2180
1452
1553
1219
1469
1331
1235
1765
1286
1263
1351
1595
1405
1300
1569
1435
1080
1382
1749
1572
1669
1318
1609
1407
1521
1980
1701
1541
1293
1265
1280
1735
1271
1636
1551
1286
1640
1487
1592
1030
1587
1246
1287
1451
1367
1264
1487
1854
1129
1512
1224
1391
1351
1187
1344
1126
1733
1434
1304
1177
1495
1205
1596
1296
2874
1761
2612
1202
1386
1642
1688
2251
1091
1572
1276
1663
1495
1122
1470
1428
1675
1491
1535
1620
1513
1497
1952
1552
1311
1493
1251
1580
1379
1871
1553
1741
1250
1282
2537
1132
2207
1644
1202
1515
1589
1429
1252
1334
1799
1699
1496
1696
1241
1695
1370
2079
1724
1580
1385
1346
1291
1464
1634
1342
1386
2139
1647
1399
1729
1144
1320
1405
1923
1421
1317
1767
1771
1239
1253
1260
1269
1358
1794
1930
1079
1252
1517
1527
1117
1235
1742
1457
1351
1367
1199
1146
1318
2796
2607
1654
1634
1244
1621
1170
1341
1717
1872
1944
1423
1479
1079
1633
1271
1897
1378
1200
1308
1340
2572
1238
1836
1666
1400
1366
1999
1534
1546
1702
2016
1366
1257
1777
1537
2006
1856
1437
1268
2372
1499
1552
1347
1238
1322
1532
1376
1095
1132
1202
1377
1596
1308
1029
1245
1297
1639
1537
1411
1258
1629
1921
1744
1240
1298
1215
1628
1450
1311
1637
1496
1303
1376
1899
1654
1412
1646
1740
1951
1766
1867
1419
1531
1700
1405
1256
1711
1451
1574
1375
1469
1538
1344
1202
2071
1345
1412
1452
1274
1267
1691
1577
1382
1544
1231
1110
1392
1213
1488
2184
1504
1881
1347
1594
1443
1555
1326
1571
1598
1106
1560
1278
1313
1927
1838
1221
1541
1304
1328
1223
1562
1823
1354
1732
1654
1520
2130
1353
1256
1373
2208
2036
1661
1613
1047
1236
945
1420
2096
1138
1524
1614
1321
1238
1678
1678
1638
1735
1338
1351
1541
1145
1434
1413
1998
1270
1447
1704
1222
1693
1059
1657
1832
1520
1474
1448
1212
2634
1381
1016
1297
1582
1200
2602
1804
1487
2001
1225
1627
1447
1183
1640
1559
1621
1420
1284
1417
1318
1504
1235
1268
1921
1136
1193
1420
1394
1461
1062
1160
1362
1169
1791
1369
1966
1418
1234
1569
1379
1340
1099
1414
1254
1410
2048
1314
1254
1646
1549
2346
1872
1699
1829
1786
1510
1526
1343
1529
1350
1441
1605
1023
1241
1188
1687
1344
1410
1847
1598
1276
1236
1507
1557
1482
1531
1408
1317
1495
1553
1498
1620
1272
1363
1202
2174
1509
1295
1520
1490
2751
2166
1131
1412
1377
1329
2907
1389
1267
1110
1126
1912
2239
1228
1413
1238
1314
1267
2090
1503
1196
1838
1143
1438
1340
1930
1580
1659
1227
1742
1518
1584
1172
1580
1673
1054
1275
1551
1431
1348
1582
1327
1584
1606
1749
1327
1316
1299
1230
1540
1483
1363
1645
1233
1346
1915
1325
1578
1073
1310
1102
1257
1461
1532
1439
1306
1791
1426
2004
1232
1162
1554
1647
1385
2018
1516
1364
2120
1618
1208
1734
1416
1898
1629
1209
2131
1615
1612
1131
1581
1769
1660
1762
1403
1324
1686
2489
1406
1410
1339
1451
1540
1506
1736
1370
1287
1313
1347
1767
1334
1466
1588
1592
1328
1278
1408
1809
1557
1381
1404
1301
1433
1091
2057
1171
1730
1553
1518
1435
1883
1277
1414
1481
1565
2442
1427
1653
1566
1535
1760
1322
1751
1934
1254
1348
1602
1507
1541
1418
1658
1654
1475
1748
1331
1503
1472
1816
1805
1521
1187
1352
1642
1450
1582
2272
1204
1076
1569
1560
1288
1592
1463
1096
1340
1396
1348
1422
2044
1242
1477
1422
1352
1713
1584
1253
1634
1758
1542
1694
1526
1137
1043
1102
1501
1597
1570
1881
1310
1503
1960
1392
1320
1287
1337
1400
1315
1231
1765
1334
1283
1643
1901
1601
1472
1345
1600
1238
1257
1350
1363
1657
1723
1580
1901
1250
1754
1202
1540
1674
1653
1378
1375
1491
1169
1786
1386
1194
1367
1139
1414
1292
1195
1947
1744
1229
1280
1591
1444
1754
1703
1458
1511
1145
1532
943
1192
1523
1413
1375
1279
1240
1590
1502
1389
1571
1562
1898
1347
1460
1336
1317
1162
1252
1380
1842
1414
1409
1795
1244
1416
1434
1746
1594
1382
1828
1338
1528
1386
1264
2112
1240
1546
1249
1390
1144
1565
1513
1521
1221
1455
1920
1538
1382
2169
2352
1425
1287
1400
1405
1519
1311
1817
1418
1466
1245
1720
1290
1605
1106
1533
1469
1650
1188
1665
1357
1202
1815
1332
1461
1741
1364
1592
1301
1188
1439
1661
1752
1308
1303
1377
1104
1699
1727
1461
1823
1381
3376
1258
1208
1310
1632
1842
1042
1606
1192
1815
1304
1231
1408
1344
1610
1525
1218
1635
1860
1192
1360
1052
1679
3168
1563
1397
1267
1559
1233
1115
2125
1106
1334
1596
2090
1473
1489
1310
1183
1489
1156
1467
1730
1558
1422
1650
1435
1849
1235
1686
1833
1470
1307
1305
1397
1598
1356
1140
1242
1275
1383
1713
1451
1087
1514
1288
1533
1294
2026
1429
1255
1421
1129
1353
1402
1362
1574
1694
1597
2096
1280
1520
1315
1513
1575
1600
1772
1189
1652
1383
1302
1165
1270
1779
1395
1438
1535
1803
1437
1062
1665
1383
1469
1294
1376
1271
1459
1642
1542
2372
1640
1460
1790
1586
2067
2026
995
1314
1233
1439
1735
1334
1273
1503
1342
1627
1243
1384
1210
1307
1536
1742
1410
1466
1264
1718
2208
1090
1830
1424
1546
1427
1459
1576
1537
1298
1226
1295
1475
1240
2052
1248
1493
1219
1433
1510
1215
1164
1618
1236
1174
1264
1793
1520
1303
1287
1801
1649
1383
2060
1405
1481
1360
1411
1238
1398
1622
1643
1547
1836
1691
1495
1318
1474
1267
1898
1700
2038
2065
1259
1931
1470
1499
1485
1253
1575
1611
1209
1595
1703
2439
1355
1419
1178
1715
1235
1243
1683
1798
1365
1746
1683
2297
1342
1832
1284
1204
1385
1624
1490
1309
1566
1973
1062
1603
1547
1381
1479
1571
1108
1429
1285
1419
1421
1890
1399
1572
1524
1275
2017
1511
1508
1301
1595
1910
1434
1630
1574
1549
1743
1353
1681
1707
1385
1528
1629
1020
1705
1228
1283
1865
1870
1429
1903
1260
1462
1086
1170
1275
1285
1859
1501
1785
2226
1589
1236
1497
1340
1443
1369
1845
1898
1756
1380
1531
1293
1136
1331
1169
1272
1444
1285
1610
1555
1287
1368
1295
1332
1544
1919
1705
1232
1281
1356
2039
1510
1819
1357
1404
1308
1298
1564
1086
1777
1678
1233
1097
1088
1138
1295
1356
1697
1605
1371
1246
1342
1360
1172
1569
1534
2497
1513
1421
2383
1185
1259
1301
1647
1670
1765
1231
1133
1304
1624
1581
1364
1092
1088
1550
1270
1346
1336
1076
1226
1651
1615
1529
1623
1815
1190
1229
1368
1383
1336
1160
1450
1379
1807
1465
1191
1585
995
1377
1501
1127
1419
1667
1449
1410
1304
1478
1730
1798
1056
1764
1980
1500
1765
1453
1572
1003
1389
1298
1150
1551
1787
1383
1217
1382
1238
1838
1794
1494
1235
1192
1630
1478
1314
1989
1601
1528
1733
1524
1599
1790
1614
1153
1735
1410
1219
1752
1415
1158
1228
1645
1238
1396
1369
1288
1748
2018
1239
1320
1439
1867
1328
1291
1251
1645
1281
1235
1740
1748
1277
1214
2505
1735
1226
1293
1379
1415
980
1308
1307
1485
1552
1525
1702
1863
1501
1255
1585
1632
1905
1292
1803
1400
1360
1773
1260
1433
1217
1326
1925
1155
1385
1399
1297
2046
1664
1297
2081
1561
1423
1595
1336
1365
1622
1496
1470
1517
1672
1670
2063
1308
1525
2418
1208
1791
1639
1249
2765
1167
1548
1854
1296
1112
1444
1484
1311
1630
1933
1052
2439
1221
1122
1653
1724
1326
1425
1488
1579
1569
1321
2025
1266
1548
1335
1580
1533
1594
1431
1374
1330
1435
1528
1287
1033
1239
1081
1253
1078
1528
1255
1180
1394
974
1497
1966
1328
1312
1395
1260
1483
1255
1105
1465
1830
1383
1299
1955
1584
1214
1635
1534
1783
1349
1751
1999
1423
1661
1430
1215
1392
1529
1253
1198
1238
1660
1359
1405
1587
1280
1331
1321
1408
1215
1644
1626
1306
1452
2055
1597
1536
1472
1160
1187
1284
1498
1939
1352
1260
1593
1633
1122
1177
1410
1267
1529
1276
1931
1335
1386
1187
1265
2338
1610
1767
1027
1368
1193
1565
1452
1310
1649
1033
2188
1406
1166
1661
1378
1395
1378
1967
1785
1793
1975
1320
2033
1444
1547
1478
1360
1203
1925
1905
1260
1633
1536
1272
1481
2054
1758
2122
1286
1836
1236
1737
1568
1593
1533
1482
1413
1590
1445
1718
1836
1375
1421
1839
1157
1271
1473
2228
1919
1394
1580
1473
1350
2094
1344
1855
1343
1747
1116
1244
1167
1715
1452
1748
1120
1665
1821
1365
1495
1658
1142
1546
1913
2320
1307
1262
2608
1563
2226
1667
1695
1414
1713
1343
1165
1405
1371
1259
1967
1257
1408
1357
1187
1041
1544
1426
1353
1499
1244
2090
1346
2026
1345
1476
1576
1170
1358
1413
1193
1782
1787
1514
2556
1431
1626
2075
1565
1363
2101
1368
1768
1277
1121
1355
1372
1684
1796
1272
1457
1568
1234
1831
1489
1577
1184
1619
1517
1294
1574
1706
1533
1450
1531
1724
1008
1476
1202
1652
1515
1344
1575
1638
1468
1529
1710
1431
1223
1724
1951
1520
1829
1140
1441
1337
1827
1346
1579
1865
1691
1600
1453
1571
2085
1208
1704
1606
1642
1173
1698
1477
1499
1257
1262
1401
1767
1428
1900
1566
1342
1227
1556
1590
1450
1390
1436
2193
1485
1542
1400
1318
1968
1323
1287
1539
1680
1956
1920
1323
1104
1401
1200
1131
1321
1796
1272
1511
1483
1625
1785
1490
1251
1592
1291
1473
1492
1450
1496
1598
1212
1451
1276
1525
2086
1223
1703
1830
1539
1643
1483
1257
1162
1182
1170
1654
1445
1517
1134
1629
1569
1289
1015
1162
1157
1620
1498
1496
1578
1690
1173
1413
1630
1566
2561
2105
1317
1595
1493
2151
1262
1643
1297
1491
1290
1591
1469
1494
1511
1734
1262
1233
2110
1534
1328
1204
1098
1798
1783
1420
1319
1071
1600
1366
1707
1162
2447
1333
1378
1765
1258
1581
1142
1393
1225
2077
1557
2199
1235
1486
1306
1211
1267
1673
1796
1286
1480
1378
1758
1110
1599
1801
1283
2135
1208
1297
1594
1498
1429
2511
1472
1366
1271
1397
1183
1450
1298
2032
1396
1265
1276
1381
1707
1420
1290
1559
1754
1455
1361
1441
1482
1360
1643
1597
1373
1445
1441
1697
1272
1579
1721
1655
1201
1316
1320
1141
1199
1581
1052
1509
1595
1883
1462
1301
1407
1667
1800
1510
1384
1579
1418
1181
1515
1414
1916
1799
1728
1725
1217
1910
1319
1431
1963
1428
1270
1475
1579
1407
1185
1193
1691
1401
1642
1446
1165
1929
1223
1333
1492
1646
1342
1418
1299
1716
1613
1597
1597
1619
1182
1261
1783
1675
1414
1892
1343
1284
1285
1597
1373
2232
1203
1357
1366
1047
1866
1900
1156
1937
2236
2229
1709
1275
1198
1118
2028
1270
1929
1243
1346
1926
1415
1466
1541
1438
1632
1394
1471
1433
1968
1213
1567
1507
1823
2156
1637
1265
1290
1310
1338
1624
1380
1928
1490
1650
1081
1330
1678
1641
1696
1385
2490
1133
1272
1591
1338
1428
1150
1184
1419
1732
1288
1285
1697
1882
1265
1433
1587
1725
1493
1173
1166
1356
1338
1116
1491
1271
1550
1638
1476
1510
1469
1365
1213
1213
1728
1495
1908
1136
1215
1450
1102
1471
1559
2521
1316
1294
1166
1096
1399
1203
1250
1399
1416
1277
1264
1618
1617
1026
1294
1290
1286
1416
1374
1630
1501
1611
1487
2095
1491
1482
1564
1428
2562
1650
1147
2243
1414
1437
1180
1221
1312
1353
1281
1430
1517
1385
1528
1310
2179
1244
1561
984
1425
1622
1581
1879
1259
1630
1586
1876
1629
1226
1075
1485
1363
1313
2342
1958
1465
1469
1424
1499
1276
1840
1919
1772
1357
1846
1477
1330
1244
1786
1298
1585
1498
1670
1240
1430
1303
2139
1264
1622
1305
1348
2127
1434
1431
1500
1496
1347
1289
1628
1497
1335
1822
1285
1097
1345
1746
1566
1228
1364
2055
1426
1420
1200
1573
1509
1518
1595
1232
1428
1518
1572
1145
1376
1321
1480
1532
1587
1463
1170
1196
1480
1285
1781
1066
1964
1166
1853
1063
1352
1800
1733
1413
1572
1403
1400
1371
1413
1419
1345
1545
1575
1614
1291
1159
1443
1342
2147
1570
1107
1401
1548
1400
1225
1665
1382
1162
1510
1808
1933
1477
1094
1383
1462
1383
1157
1223
1440
1983
1517
1436
2042
1650
1341
1442
1378
1525
1370
1647
1929
1403
1291
1309
1097
1536
1025
1359
1146
1159
1877
1222
1642
1587
1424
1206
1628
1528
1529
1232
1192
2137
1792
1446
1332
1617
1738
1192
1990
1500
1806
1651
1762
1129
1441
1488
1824
1076
1429
1609
1710
1526
1210
1327
2076
1628
1846
1025
1636
1303
1540
1361
1470
1389
1467
1322
1450
2203
1454
1191
1746
1258
1390
1325
1505
1474
1493
1576
1356
1556
2025
1240
1538
1182
2173
1166
1499
1198
1322
1437
1482
1533
1624
1634
1684
1366
1623
1312
1399
1110
1400
1722
1650
1700
1565
1758
1549
1395
1770
1303
1293
1272
1066
2068
1443
1470
1939
1341
1415
1237
1627
1302
1592
1922
1095
1880
1563
1146
1714
2030
1800
1191
1066
1925
1699
1537
1265
1935
1665
1460
1527
1429
1494
1275
1444
1325
1475
1452
1836
1361
1381
1521
1221
1247
1467
2878
1336
1406
1546
1340
1517
1830
1448
1571
1765
1642
1020
1173
1744
1039
1932
1692
1637
1286
1638
1128
1514
1839
1391
1481
1250
1176
1657
1289
1495
1641
1385
1350
1391
1310
1235
1235
1052
1110
1963
1418
1499
1510
1400
2027
1286
1425
1124
1459
1730
1695
1395
1431
1205
1326
1250
2001
1252
1660
1209
1092
1425
1739
1409
1445
1345
1513
1891
1688
1418
1653
1276
1481
1503
1679
1417
1317
1147
1214
1314
1660
1193
1202
1621
1342
1322
1527
1461
1814
1761
1401
1028
1435
1162
1945
1069
1944
1466
1183
1806
1608
1915
1684
1698
1469
1098
1405
1549
1313
2004
1602
2202
1012
1536
1087
1442
1221
1490
1516
1411
1256
1459
1499
1569
3162
1467
1242
1492
1686
1289
1438
1585
1851
1190
1400
1260
1624
1545
1348
1181
1099
1485
1102
1426
2087
1253
1576
1801
1194
2098
1232
1396
1182
1582
1217
1573
1479
1389
1188
1592
1531
1330
1280
1471
1602
1527
1073
1903
1548
1951
1501
1661
1572
2062
1261
1499
1481
1594
1487
1383
1343
2270
1529
1211
2066
1487
1618
1668
1491
1356
1757
2050
1360
1501
1143
1262
1438
1507
1421
1436
2139
1231
1828
1143
1580
1536
2358
1455
1668
1563
1683
1225
1375
1374
1164
1245
1730
1734
1314
1264
1313
1866
1706
1571
1429
1856
1552
1619
1167
1646
1738
1347
1048
1127
1719
1599
1561
1585
1136
1523
1663
1211
1046
1725
1708
1484
1532
1397
1527
1187
1479
1221
2075
1750
1207
1584
2237
1739
1516
1202
1051
1763
1233
2126
1443
1489
1171
1883
1888
1994
1638
1649
1279
1664
1780
1521
1711
1565
1302
1484
1343
1263
1228
1240
1630
1861
1905
1632
1733
1494
1599
1427
1400
1591
1511
1134
1583
1405
1301
1506
1729
1578
1508
1473
1366
1462
1307
1404
1884
1748
1403
1272
1925
1109
1438
1237
1435
1326
1617
1330
1190
1148
1479
1882
1474
1174
1585
1284
1185
1314
1397
1821
1184
1343
1326
1326
1240
1374
1163
1470
1506
1760
1235
1912
1746
1814
1296
1327
2013
1423
1646
1710
2727
1737
1353
1849
1720
1068
1511
1487
1438
1041
1625
1643
1441
1329
1345
1280
1596
1426
1276
1217
1550
1246
1617
1960
1434
1339
1196
1675
1190
1662
1658
1077
1415
1408
1191
1518
1603
1876
1186
1372
1274
1288
1355
1494
1303
1396
1395
1231
1225
1499
1939
1475
1240
1412
1038
1413
1433
1442
1423
1637
1573
1351
1806
984
1057
1400
1563
2084
1971
1389
1530
1513
1098
1351
1317
1812
1591
1143
1789
1352
1684
1433
1370
1671
1216
1271
1480
1462
1285
1323
1765
1238
1818
1434
1498
1962
1476
1585
1439
1444
1338
2393
1598
1591
1315
1413
1139
1952
1420
2090
1901
1251
1811
1633
1739
1329
1702
1204
1055
1437
1369
1330
1928
1468
1327
1637
1223
1355
1732
1535
1253
1561
1597
1321
1280
1771
1629
1038
1286
1815
1580
1581
1932
1107
1373
1438
1475
1030
1373
1634
2275
1454
1795
1989
1581
1442
1352
1922
1705
1517
1492
1437
1360
1246
1846
1883
1425
1451
1477
1397
1668
1600
1740
1244
1112
1220
1477
1320
1663
1445
1461
1118
1689
1386
1775
1160
1233
1521
1952
1734
1221
1174
1249
1484
1270
1421
1471
1208
1311
1371
1342
1337
1331
1540
1211
1852
1182
1025
1832
1277
1285
1432
1449
1322
1155
1216
1643
2068
1395
1982
1303
1147
1260
1626
1049
1132
1332
1498
1307
1103
1398
1371
1509
1512
1567
1536
1564
1585
1442
1428
1581
1474
1513
1617
1602
1649
1169
1365
1258
1102
1904
1294
1421
1215
1658
2092
1411
1432
1733
1344
1257
1448
1466
1720
1413
2370
1173
1376
2197
1851
2016
1827
1455
1755
1239
1650
1260
1334
1794
1749
1222
1248
1401
1168
1401
1659
1375
1218
1146
1647
1613
1159
1533
1560
1245
1665
1382
1464
1302
1599
1390
1820
1259
1907
1999
1212
1295
1577
1256
1642
1307
1108
1159
1401
1400
1322
1749
1425
1199
1445
1232
1400
1659
1247
1390
1346
1433
1202
1307
1470
1442
1138
1684
1442
1262
1988
1511
1268
1553
1800
1492
1336
1469
1012
1634
1354
1090
1248
1932
1945
1355
1425
1141
2911
1256
1240
1121
1626
1395
1365
1879
1319
1314
1282
1697
1782
1126
1230
1108
1236
1168
1232
1277
1276
1195
1986
1540
1441
1132
1861
1305
1698
1209
1430
1481
1234
1550
1241
1388
1543
1955
2034
1149
1228
1102
1514
1408
1996
1567
1233
1394
1458
1452
998
1224
2488
1203
1386
1470
1270
1636
1651
1420
1281
1374
2900
2079
1602
1644
1859
1873
1115
1501
1286
1885
1359
1446
1334
1751
1541
1958
1185
1681
1326
1386
1687
1268
1682
1529
1217
1724
1614
1144
1836
2002
1483
1487
1492
1406
1881
1699
1539
1132
1571
1506
1243
1303
1472
1101
1423
1150
1452
1308
1426
1268
1430
1238
1309
1583
1858
1363
1285
1062
1244
1230
1368
1232
1737
1806
1182
1096
2688
1251
1506
1678
1238
1035
1382
1435
1660
1487
1465
1457
1450
1174
1394
1410
1727
1416
1201
1513
2075
1280
1055
1270
1445
1422
1804
1567
1695
1548
1617
1567
1503
1757
1676
1281
1617
1508
1460
1319
1241
1420
1373
1237
1098
1522
1791
1223
1745
1580
1578
1280
1133
1462
1290
1555
1975
1362
1600
1198
1566
1287
1054
1266
1305
2547
1272
1526
1418
1165
1140
1432
1189
1755
1466
1034
1360
1202
1431
1479
1535
1406
2148
1181
1503
1738
1349
1363
1175
1408
1213
1304
1835
1326
2617
1338
1664
1020
1583
1358
1333
1778
1336
1797
1366
1262
1672
1455
1237
1461
1199
1376
1358
1240
2023
1534
1276
1109
1102
1627
2111
1387
1194
1506
1385
1673
1530
1674
1639
1280
2168
1233
1776
1618
1414
1344
1550
1241
1125
1476
1489
1147
1224
1177
1531
992
1478
1296
1324
1689
1767
1178
1170
1350
1504
1370
1231
1438
1265
1847
1318
1407
2034
1659
1537
1312
1101
1180
1550
1678
990
1619
1126
1335
1290
1588
1776
1431
1396
1166
1315
1900
1202
1295
1390
1195
1908
1410
1364
1187
1781
1408
1479
1352
1288
1582
1262
1467
1060
1302
1489
1312
1490
1419
1218
1368
1492
1234
1281
1304
1268
1232
1377
1218
2307
1455
1507
1371
1527
1092
1692
1404
1208
1249
1631
1389
1307
1177
1110
1265
1782
1288
1522
1240
1788
1298
1404
1290
1885
1273
1343
1380
1909
1803
1550
1238
1334
1832
1152
1138
1721
1993
1409
2303
1603
1055
1251
1323
2120
1202
1216
1493
2199
1728
1383
1420
955
1497
1315
1482
1245
1491
1792
2574
1163
1860
1503
1263
1197
1097
1534
2662
1222
1075
1361
1126
1890
1170
1527
1926
2218
1651
1987
1269
1343
1229
1892
2228
1305
1075
1395
1362
1725
1455
1238
1409
1738
1350
1240
1324
1226
2073
1301
1346
1511
2000
1536
1284
1259
1136
1202
2405
1274
1797
1351
1200
1343
1649
1332
1409
1497
1196
1394
1871
1876
1372
1335
1304
2400
1514
1290
1321
1232
1637
1404
1371
1737
1143
1744
1981
1412
1307
1393
1201
1379
1255
1757
1704
1142
1811
1272
1098
1963
1394
1787
1384
1323
1717
1536
1361
1498
1664
1390
1961
1423
1504
1516
1751
1081
1339
1568
1537
1622
1312
1173
1450
1527
1627
1223
2273
1657
1975
1074
1337
1469
1077
1336
1521
1328
1637
956
1543
1065
1688
1603
2030
1106
1349
1948
1657
1531
1040
1523
1934
1569
1158
1526
1198
1677
1320
2868
1529
1687
1523
1556
1549
1481
1199
1633
2483
1942
1301
1554
1628
1402
1116
1472
1297
1187
1508
1499
1100
2454
1754
1818
1620
1672
1635
1342
1694
1240
1546
1283
1476
2083
1137
1485
1513
1542
1221
1339
1296
1301
1422
1522
1322
2033
1770
1197
1495
1117
1373
1325
1750
1306
1497
2061
1592
1816
1274
1451
1370
1455
1986
1279
1241
1028
1978
2058
1251
1368
1568
2121
1389
1328
1427
1165
2001
1259
1632
1477
1369
1545
1246
1190
1458
1493
1329
1198
1083
1961
1516
1276
1513
1207
1653
1203
1638
1422
1435
1510
2051
1222
1404
1330
1205
1327
1454
1540
1653
1811
1237
1513
1126
1223
1234
1378
1317
1802
1825
1483
1074
1315
1335
1948
1503
1413
1602
1505
1412
1475
1291
1521
1513
1262
1721
1653
1098
1280
1603
1418
1254
1776
1532
1519
1347
1172
1444
1239
1692
1208
1143
1371
1503
1957
1765
1677
1498
1394
1710
1692
1361
1422
1240
1314
1308
1422
1139
1128
1399
1319
1210
1527
1462
1385
2095
1208
1513
1295
1428
1597
976
1491
1439
1397
1270
1887
1189
1469
1858
1451
2159
1457
1606
1722
1520
1219
1627
1534
1212
1668
1348
1388
1739
1441
1635
1950
1155
1239
1302
1373
1387
1241
1666
1924
1421
1453
1338
1289
1751
1734
1261
1381
1697
1210
1394
1165
1101
1295
1391
1522
1166
1327
1435
1309
1750
1589
1354
1331
1273
940
1436
1416
1718
1327
1249
1702
1495
1234
1206
1476
1192
1303
1061
1024
1291
1435
1237
1941
1319
1973
1215
1720
1959
1346
2318
1419
2399
1276
1909
1467
1587
1395
1996
1975
1403
1453
1303
1300
1770
1440
1565
1844
1462
1340
1871
1219
1182
1413
1350
1121
1266
1530
1119
1097
1660
1295
1370
1526
1346
1336
1362
1702
1882
1245
1325
2228
1775
1620
1506
1389
1418
1350
1220
1332
1127
1501
1343
1931
1368
3001
1178
1424
1419
1366
1471
1448
1801
1834
1610
1376
1730
1261
1349
1491
1246
1772
1448
1134
1557
1565
1490
1378
1294
1152
1361
1469
1646
1287
1781
1722
1132
1302
1545
1809
975
1627
1319
2104
1441
1227
2050
1376
1333
1549
1547
1468
1690
1232
1523
1454
1350
1374
1814
1609
1261
1513
1990
1868
1102
1172
1206
1700
1624
1711
2057
1338
1186
1269
1326
1293
1560
1542
1410
1378
1198
1648
1435
2075
1252
1681
1141
1367
1791
1241
1172
1324
1579
2187
1384
1221
1528
1095
1136
1871
1414
1743
1231
1417
1212
1799
1351
1612
1132
2026
1255
1526
1885
1315
1199
1313
1276
2109
1871
1334
1637
1208
1335
1675
1883
1554
1608
1457
1222
1447
1230
2303
1130
2328
1169
1623
1204
3210
1403
1662
1245
1246
1559
1743
1411
1661
1371
1453
1600
1277
1679
1974
1226
1402
1727
1567
1377
1540
1207
1265
1253
1598
1234
1342
1301
2279
1246
1132
1489
1269
1171
2223
1415
1302
1575
1750
1344
1539
1664
1328
1380
1429
1314
1633
2648
1277
1389
1546
1757
1377
1592
1441
1632
1602
1616
1804
2164
1372
1470
1398
1596
1685
1094
1240
1330
1184
1574
1318
1340
1410
1493
1543
1609
1365
1257
1322
1255
1683
1207
1342
1199
1154
1654
1281
1427
1465
1562
1619
1924
1259
1532
1607
1331
1499
1672
1449
1640
1180
1413
1389
1688
1311
1648
1218
1267
2186
1235
1242
1234
1471
1546
1392
1252
1954
1853
2000
1271
1406
1705
1264
1472
1454
1414
1304
1411
1142
1439
1619
1117
1571
1247
1343
1488
1713
1938
1717
1774
1704
2226
1118
1868
1093
1344
1220
1372
1656
1649
1343
1266
1352
1215
1433
1546
1835
1975
1714
1628
1861
1950
1302
1439
1571
1586
1219
1596
1549
2060
1148
1546
1288
1225
1137
1112
1395
1192
1400
1861
1362
1085
1555
1737
1635
1937
1761
1785
1566
1367
1004
1269
1295
1582
1222
2255
1179
1613
1698
1823
1670
976
1278
1274
1310
1360
1486
1102
1200
2376
1610
1143
1453
1618
1173
1646
1321
1969
1322
1230
1479
1553
1381
1659
1138
1556
1792
1111
1438
1586
1087
1277
1268
1368
1757
1471
1155
1334
1180
1942
1387
1333
1453
1733
1486
2102
1236
1541
1432
1178
1235
1601
1319
1220
1280
1655
2003
1400
1456
1660
1547
1515
1812
1091
1452
1266
1201
1557
1728
1419
1604
1409
1581
1582
1313
1561
1573
1230
1153
1362
1466
1720
1362
1526
1503
1714
1818
1601
1737
1455
1614
1541
1142
1689
1854
1949
1444
1458
990
1468
1430
1739
1446
1088
1334
1430
1378
1340
1325
1778
1231
1312
1263
1610
1464
2721
1248
1305
1494
1320
1238
2183
1761
1221
1586
1303
1463
1271
2155
2277
1582
1570
1107
1344
1309
2154
1512
1232
1258
1433
1280
1126
1196
1945
1454
1214
1288
1589
1173
1324
1592
1388
1604
1064
1311
1132
1345
1185
1728
1884
1080
1206
1165
1710
1392
1523
1728
1864
1908
1278
1092
1230
1432
1478
1341
1346
1188
1371
1310
1353
1218
1164
1400
1522
1616
1419
1692
1163
1782
2166
1852
1453
1238
1535
1333
1185
1200
1140
1183
1131
1349
1424
1239
1355
1525
1048
1604
1231
1186
1671
1193
1635
1156
1445
1374
1642
1452
1382
1098
1410
1311
1031
1547
1321
1237
1300
1487
1464
1700
1294
1399
1193
1358
1311
1251
1314
1469
1192
1323
1256
1367
1382
1340
1208
1600
1642
1427
1071
1775
1127
1302
1262
1270
2121
1285
1205
1496
1505
2432
1386
1200
1730
1693
1898
1637
1519
1694
1333
1180
1393
2177
1184
1459
2222
1921
1764
1498
1282
1178
1296
1318
1514
1777
1367
1702
1461
1263
1292
1499
1297
1617
1449
1340
1488
1112
1785
2319
1467
1368
1573
1166
1110
2032
1402
1471
1460
1265
1172
1358
1350
1902
1522
1338
2039
1557
1713
1515
2695
1283
1492
1486
1482
1270
1294
1909
1247
1594
1329
1317
1418
2390
1423
1348
1235
1346
1234
1657
1354
1922
1425
1208
1468
1603
1833
1364
1622
1170
1381
1774
1463
1487
1497
1072
1671
1088
2049
2280
1785
1765
1790
1531
1153
1352
1294
1160
1299
2003
1584
1619
1249
1553
1347
1266
1499
2036
1282
1104
1482
1327
1494
1736
1530
1787
1503
1233
1252
1418
1535
1065
1126
1497
1267
1547
1414
2136
1596
1222
1629
1945
1413
1529
2017
1646
1373
1355
1239
1350
1318
1189
1587
1665
1437
1268
1307
1255
1139
1450
1054
1543
1395
1442
1492
1273
1307
1213
1548
1419
1243
2014
1579
1260
1557
1630
1339
1286
1419
1183
1629
1576
1396
1302
1787
1181
1471
1627
1232
1495
1505
1416
1359
1151
1221
1400
1367
1886
1304
1322
1358
1248
1528
1705
1252
1184
1680
1543
1371
2009
1597
1372
1363
1439
1635
1396
1552
1461
1716
1190
1407
1626
1468
1390
1515
2041
1190
1623
1197
1441
1642
1871
1212
1290
1385
1343
1353
1563
1225
1299
1097
1803
1315
1328
1630
1588
1076
1297
2402
1783
1647
1466
1525
1263
1367
1787
1385
1297
1349
1433
1313
1770
1554
1726
1731
1158
1396
1521
1703
1499
1397
2017
1914
1705
1071
2181
1314
1707
2098
1538
1105
1623
1373
1587
1402
1645
1266
1499
1368
1337
2012
1361
1323
1337
1552
1429
1235
1934
1704
1475
1401
1659
1304
1306
1372
1124
1355
1289
1127
1391
1616
1353
1341
1567
1208
1809
1433
1323
1330
1482
2544
1450
1279
1147
1564
1147
1432
1780
1228
1231
1453
1199
1490
1389
1280
1342
1069
1134
1198
1417
1326
1387
1222
1945
1013
1602
1645
1801
1556
1611
1859
1296
1470
2215
1202
1254
1561
1396
1878
1571
1486
1505
1546
1466
1170
1585
1793
1476
1385
1676
1158
1304
1576
1910
1585
1168
1560
1530
1247
1804
1424
1310
1490
1805
1647
1785
1584
1525
1707
1921
1776
1391
1621
1102
1425
1467
1636
1031
1256
1132
1321
1434
1784
1576
1503
1241
1886
1543
1243
1133
1557
1795
1521
1642
1278
1231
1951
1921
1523
1091
1333
1521
1298
1299
1335
1428
1482
1438
1590
1442
1459
1244
1425
1327
1299
1788
1083
1181
1448
1289
1464
1498
1903
1347
1779
1502
1291
1193
1289
1341
1414
1430
1840
1425
1338
1229
1869
1395
1525
1377
1826
1227
1564
1426
1077
1349
1457
1485
1390
1301
1293
1923
2557
1182
1403
1503
1447
1751
1088
1540
1283
1226
1453
1813
1276
1315
1269
1401
2101
1490
1644
1285
1126
1358
1342
1177
1333
1390
1316
1330
1172
1432
2035
1211
1386
1336
1232
1304
1128
1354
1178
1989
1358
1364
1459
2218
1347
1322
1398
1250
1369
1216
1194
1197
1352
1413
2256
1300
1501
2062
1506
2179
1438
1581
1412
1209
1599
1542
1676
1320
1653
1529
1898
1293
1280
1625
1142
1284
1208
1888
1693
1446
1482
1346
1306
1687
1146
1506
1252
1716
1059
2350
1962
1381
1566
1797
1933
2207
1118
1504
1493
1489
1470
1440
1367
1519
1334
1220
1813
1731
1108
1364
1580
1559
1549
1848
1443
1714
1792
1585
1323
1193
1358
1355
1341
1461
1139
1438
1419
1411
1310
1454
1414
1530
1619
1444
1549
1657
1640
1519
1495
1514
1652
1494
1458
1331
1611
1518
1341
1692
1376
1640
1505
1331
1877
1769
1235
1155
1842
1233
1375
1552
1531
1597
1483
1512
1346
1660
1187
1102
1415
1627
1374
1291
1819
1311
1324
1341
1866
1236
1530
1385
1581
1436
1571
1232
1438
1047
1400
1264
1604
1660
1198
1350
1319
2057
1055
1344
1588
1462
1096
1367
1677
1164
1398
1346
1217
1480
1732
1566
1237
2043
2159
1349
1755
1822
1538
1574
1750
1631
1388
1946
1171
1359
1468
1767
1410
1009
1374
1257
1288
1189
1428
3022
1316
1616
1578
1311
2004
1285
1287
1208
1201
1733
1287
1331
1988
1514
1085
1655
1226
1728
1445
1100
1452
1097
1189
1682
1463
1299
1221
1221
1304
1738
1065
1206
1264
1745
1481
1719
1292
1146
1479
1874
1200
1735
1422
1233
1174
1351
1483
1447
1521
1211
2256
1336
1642
1388
1926
1540
1340
1947
1314
1912
1126
1691
2050
1433
1201
2402
1407
1369
1715
1775
1557
1353
1302
1318
1412
1760
1573
1695
1516
1244
1271
1441
1489
1511
1390
1212
1412
1452
1554
1695
1498
1253
1501
1718
1340
1618
1916
1404
1409
1339
1284
1057
1680
1203
1810
1112
1233
1854
1619
1524
2076
1695
1638
1001
1282
1288
1330
1894
1152
1673
1122
2602
1323
1195
1635
1960
1359
1309
1164
1462
1457
1622
1378
1156
1418
1517
1444
1382
1641
1161
1353
1770
1827
1184
1800
1786
1195
1245
2282
1240
1366
1421
1274
1051
1709
2162
1389
1124
1805
1801
1728
1540
2040
1418
1358
1167
1526
1398
1555
1499
1370
1453
1546
1464
1206
1433
1458
1739
1991
2252
1428
1259
1466
1537
1372
1949
1295
1327
1158
1439
1149
1819
1404
1878
1307
1411
1414
1630
1761
1680
1629
1177
1453
1632
2033
1489
1840
1200
1711
1480
1294
1898
1307
1379
1270
1401
1772
1954
1195
1421
1409
1415
2038
2620
1204
1622
1283
1364
1313
1377
1489
1481
1540
1521
1372
1455
1167
1444
1436
1517
1351
2088
1123
1658
1382
1597
1163
1415
1159
1437
1304
1446
2306
1172
2197
1275
1273
1261
2458
1918
1503
1325
1362
1255
1249
1887
1459
1209
1226
1798
1211
1880
1397
1244
1540
1207
1260
1282
1261
1566
1893
1202
1738
1548
1299
1313
1254
1464
2349
1374
1041
1375
1970
1164
1660
1530
1293
2174
1566
1326
1376
1541
1446
1119
2079
1439
1244
1559
1801
1440
1544
1552
1411
1298
1155
1788
1613
1572
1635
1767
1296
1488
1108
1554
1572
1092
1209
1532
1309
1288
1192
1515
1313
1518
1406
1255
1677
1303
1417
1291
1465
1231
1440
1330
1476
1591
1899
1496
1266
1490
1326
1250
1268
1848
1170
1196
1942
1366
1629
1274
1923
1726
1492
1252
1371
1301
1399
1935
1152
1245
1463
1297
1674
1335
1635
1305
1393
1292
1704
1359
1473
1502
1117
1365
1267
1294
1103
1293
1185
1909
1215
1509
1169
1244
2029
1396
1414
1860
1937
1843
2261
1449
1332
1198
2215
1949
1642
1334
1562
1081
1388
1657
1300
1425
1410
1374
1289
1256
1529
1351
1928
1550
2019
1796
1373
1105
1357
1604
1828
1486
1134
1418
1449
1338
1618
1570
1698
1552
1258
1358
2259
1640
1868
1757
1314
1797
1159
1761
1183
1228
1248
1813
1282
1846
1450
1603
1464
1655
1807
1245
1671
1512
1572
1535
1795
1339
1185
1229
1697
1312
1259
1298
1190
1495
1305
2966
1237
1383
1318
1301
1142
1222
1745
1498
1516
991
1651
1232
1224
2009
1499
2585
1355
1653
1585
2206
1415
1126
1249
1490
1442
2156
2193
1406
1134
1250
1483
1550
1328
1659
1368
2349
1825
1552
1749
1395
1521
1195
1110
1493
1431
1837
1311
1544
1889
1993
1423
1242
1331
1294
1777
1973
1528
1752
1266
1527
1042
1218
1342
1500
941
1272
1354
1282
1508
1504
1850
1276
1205
1800
1643
1866
1392
1660
1784
1282
1473
1472
1125
1673
1257
1294
1941
1458
1343
1244
1388
1115
1386
1413
1553
1705
1330
1369
2533
1560
1318
1377
1338
1454
1398
1735
2119
1595
1124
1549
1767
1791
1297
1522
1508
1560
1310
1561
1642
1435
1387
1461
1411
1410
1600
1206
1381
1217
1175
1496
1433
1146
1415
1482
1227
1852
1212
1968
1538
1577
991
1165
1383
1633
1399
1340
1373
1620
1238
1508
1532
1368
1879
1346
1533
1525
1025
1343
1112
1058
1738
1322
1477
1229
1584
1879
1766
1372
1195
1152
1159
1192
1516
1465
1274
1144
1801
1294
1214
1422
1146
1304
1202
1304
1446
2068
1286
1163
1478
1556
1358
1649
1614
2275
1266
1233
1525
1502
1172
1509
1887
1519
1602
1315
1113
1705
1624
1806
1541
1239
1610
1329
1613
1325
1366
1477
1913
1465
1378
1334
1027
1340
1506
1599
1307
1398
1502
1564
1788
1265
1666
1193
1572
1896
1768
2011
1683
1518
1869
1648
1508
1382
1900
1569
1240
1376
1439
1500
1093
1217
1623
1865
1416
1534
1351
1354
1467
1350
1699
1374
1241
1270
1482
1261
1489
1779
1657
1274
1354
1554
1308
1162
1750
1508
1696
1652
2166
1370
1600
1416
1913
1360
1589
1796
2186
1220
2262
1575
1302
1212
1856
1656
1956
1957
1382
1627
1263
1435
1328
1672
1556
1614
1240
1655
2048
1535
1417
1385
1352
1342
1548
1257
1327
1697
1705
1219
1328
1124
1323
1700
1227
1261
1449
1540
1618
1211
1514
1414
1749
1561
1237
1354
1233
1284
1369
1314
1163
1579
1434
1219
1916
2275
1207
1918
1414
1307
1452
1563
1470
1861
1522
1713
1506
1158
1415
1356
1405
1263
1385
1359
1387
1764
1282
1246
1190
1191
1537
1402
1351
1399
1600
1524
1535
1147
1737
1622
1601
1241
1431
1687
1307
1519
1898
1232
1301
1458
1626
1982
1413
1430
1424
1623
1589
1787
1926
2394
1748
1331
1728
1249
1389
1563
1466
1143
1429
1394
1510
1654
2146
1068
1800
1538
1798
1621
1141
1555
1468
1451
1527
1679
1687
1444
1912
1703
1139
1668
1323
1344
1639
1738
1224
1268
1180
1181
1232
1059
1376
1162
1414
1551
1115
1859
1573
1590
1561
1179
1340
1387
1510
1412
1562
1431
1339
1321
1567
1480
1813
1278
1738
1484
1027
1646
1239
1317
1177
1268
1592
1124
1224
1505
1537
1607
1362
1708
1367
1493
1441
1612
2033
1995
1366
1323
1210
1286
1386
1324
1632
1253
1359
1286
1583
1291
1503
1599
1355
1697
1354
1354
1394
1326
1741
1626
1564
1192
1945
1713
1476
1486
1828
1422
1855
1349
