22
3
11
49
105
110
165
47
22
129
55
13
255
91
269
199
287
284
130
207
15
85
91
6
30
179
63
169
108
137
29
7
123
49
33
22
35
35
33
135
173
49
61
4
146
84
658
145
47
80
61
16
116
10
45
104
55
20
342
61
63
187
522
24
42
421
730
136
50
125
430
104
200
18
12
69
168
389
131
19
57
10
57
273
69
20
85
24
94
174
56
218
128
51
44
234
29
230
410
51
133
179
318
71
67
68
5
17
77
114
20
20
56
103
20
87
42
17
32
238
11
227
24
32
12
71
215
23
136
77
485
109
15
97
257
118
152
91
118
45
57
267
581
71
136
100
62
24
250
35
250
493
552
45
421
57
124
138
10
130
23
37
99
14
32
67
17
75
31
83
316
69
52
165
28
21
77
22
58
132
9
130
284
487
102
15
477
42
91
223
14
100
352
458
1
129
172
12
25
201
5
225
152
134
52
64
227
33
77
45
18
90
15
25
45
79
1370
18
111
173
40
337
52
93
7
50
24
118
128
72
79
77
137
95
50
119
59
146
136
6
20
122
67
22
296
143
5
16
69
431
22
273
208
116
71
345
74
7
80
32
36
343
239
250
19
59
30
12
221
80
12
11
130
285
93
315
4
145
103
27
136
436
19
49
238
59
4
2
189
275
10
53
36
123
82
28
126
53
79
23
385
86
23
47
62
353
20
126
20
149
132
294
112
711
8
132
80
4
112
150
83
109
513
32
96
95
209
74
87
117
241
94
90
41
773
221
174
176
19
115
49
21
307
127
109
19
108
656
333
192
194
301
166
66
165
250
181
137
6
31
49
22
580
114
1
74
193
2
28
38
19
60
270
61
35
76
284
176
56
237
66
66
95
1
80
77
483
197
32
8
108
7
139
165
36
28
105
112
47
87
239
36
356
81
67
13
100
112
471
21
126
353
183
125
49
251
202
77
69
190
131
7
49
193
387
31
92
128
49
75
57
99
177
34
97
55
250
316
155
101
9
35
20
73
43
142
700
16
172
106
89
20
94
36
444
25
181
53
65
155
103
17
23
129
56
26
59
96
176
72
36
100
137
117
63
27
149
14
130
83
133
45
31
98
118
74
100
6
102
114
266
65
167
158
70
87
146
91
249
83
64
250
72
45
26
237
142
48
6
120
439
48
119
190
153
313
45
223
77
175
8
33
136
302
221
107
42
77
3
158
33
182
10
179
129
102
216
129
94
109
100
158
161
128
33
27
47
76
609
146
310
41
228
23
87
113
99
403
457
58
225
68
4
163
26
2
140
16
58
25
124
18
144
82
27
293
77
172
61
325
109
35
105
27
80
120
20
6
60
110
143
46
19
135
96
141
31
81
204
371
181
235
239
79
41
83
216
163
34
32
44
24
76
70
118
55
89
32
15
147
147
13
6
2
150
78
205
17
181
85
71
109
123
152
185
191
110
16
17
120
563
67
601
16
123
253
111
669
56
271
68
74
52
155
58
9
96
27
241
49
267
100
18
107
129
165
44
41
36
11
9
12
291
137
228
137
126
722
134
153
112
288
201
99
63
28
107
620
202
44
66
85
104
219
185
5
68
16
3
268
60
461
139
132
70
126
9
103
230
58
44
88
166
1
42
131
111
172
87
34
595
172
112
54
28
108
53
47
365
126
91
65
40
481
1
40
15
51
45
184
50
127
66
175
172
115
329
39
164
533
39
29
138
73
216
16
32
58
177
227
39
14
104
86
94
66
65
205
9
115
145
27
324
37
312
59
22
77
18
514
47
8
123
429
36
51
42
475
11
208
84
158
177
170
148
138
220
148
114
142
22
85
110
116
42
292
287
172
140
27
433
186
12
38
100
111
175
10
62
109
343
181
176
114
68
42
4
65
100
141
124
47
51
237
150
90
70
88
332
93
47
367
55
138
182
55
173
44
619
144
23
38
82
28
78
15
2
50
94
14
9
12
72
55
29
356
37
68
38
46
57
334
133
234
1
358
4
91
35
42
98
145
140
104
293
133
5
1
55
133
98
91
27
145
29
58
76
82
191
111
102
34
165
128
51
586
301
200
6
304
33
332
269
167
47
83
162
272
14
9
13
119
97
72
98
83
113
25
264
154
44
117
140
69
807
127
34
28
75
40
92
32
266
78
75
148
47
74
319
116
50
23
132
239
108
153
169
140
154
319
99
16
25
1171
85
178
69
34
446
44
3
840
313
53
25
207
7
70
127
130
11
26
116
109
28
151
112
726
330
12
37
43
28
150
505
141
51
10
162
114
417
16
151
104
12
42
55
5
40
51
60
72
131
193
113
82
131
43
30
18
149
103
47
515
557
103
6
21
49
46
42
177
22
83
79
78
105
52
24
51
27
17
12
37
587
61
119
67
138
100
51
64
163
104
299
404
273
22
281
57
20
355
76
97
219
478
169
19
78
194
111
130
107
101
63
51
29
367
447
40
82
56
36
35
16
174
112
359
365
28
46
53
25
139
58
32
207
56
61
4
202
189
236
228
123
108
44
69
161
275
156
5
65
67
22
113
149
161
86
148
16
111
263
174
45
111
134
30
37
248
74
79
109
9
65
73
90
53
140
132
9
50
164
149
39
49
9
647
191
64
20
14
396
142
35
78
279
132
123
312
5
90
67
227
224
213
66
298
69
41
392
83
60
624
214
319
40
82
83
169
66
29
55
163
17
31
123
526
34
187
10
53
87
81
124
6
23
186
12
69
5
136
294
78
36
147
32
86
17
88
88
76
312
76
120
48
70
47
195
135
144
77
124
143
494
57
605
5
60
90
199
122
39
50
169
43
29
6
177
157
11
126
10
133
1
27
70
174
148
32
21
84
22
177
43
63
47
35
566
22
167
128
89
117
43
143
33
17
193
328
655
214
12
6
152
61
94
1
135
330
101
98
665
140
38
50
339
119
51
151
41
183
137
128
168
156
196
867
40
1
60
71
44
3
163
124
56
111
59
128
228
126
9
141
158
129
16
9
132
118
6
5
129
45
169
43
32
114
243
401
31
297
32
97
67
174
82
208
246
38
151
80
201
154
80
292
108
311
94
132
478
12
20
176
152
198
142
64
48
107
29
64
171
160
144
17
110
87
328
8
131
226
63
174
65
145
30
297
46
67
19
516
75
366
721
146
214
102
267
98
3
115
96
60
118
123
27
41
210
24
58
95
16
352
151
109
4
4
126
23
21
46
58
138
46
59
125
752
123
212
3
138
158
74
138
142
2
240
16
54
43
97
13
63
319
98
398
22
141
110
246
69
62
48
55
359
73
10
90
415
59
8
161
100
84
54
36
10
4
90
58
122
247
266
29
101
93
47
96
56
35
350
249
108
138
50
61
50
24
48
197
403
118
107
102
83
5
33
33
66
38
409
526
105
139
14
278
19
33
77
144
94
77
130
176
5
122
59
405
36
98
85
27
318
126
148
793
99
39
63
67
8
362
25
117
123
149
62
62
509
274
8
152
83
44
191
47
31
93
102
17
344
284
122
32
115
77
21
534
44
110
139
313
97
148
49
119
4
522
180
159
124
127
243
18
109
148
149
5
50
24
40
64
47
345
192
131
68
6
718
402
137
36
67
101
67
303
132
8
304
134
326
233
64
78
115
176
117
36
45
6
19
116
23
9
87
24
33
187
52
135
355
46
83
61
21
32
155
167
257
109
19
120
127
141
36
53
80
47
56
82
529
50
25
21
90
31
31
226
198
143
51
73
88
246
78
143
344
222
266
149
21
116
95
85
155
195
53
728
14
523
62
34
39
75
108
67
9
174
273
18
110
56
108
8
12
419
302
457
119
52
4
233
20
66
89
49
99
20
46
19
4
26
60
47
164
88
186
78
185
75
452
429
94
39
72
554
31
34
125
29
51
185
111
117
88
33
255
46
74
150
70
326
34
13
2
292
35
7
103
11
48
50
3
147
50
64
15
47
134
68
38
164
21
69
443
238
102
337
242
105
9
41
165
19
40
162
78
68
116
12
228
59
137
77
172
44
73
122
95
4
54
19
47
89
99
153
561
91
125
15
25
50
74
281
167
39
165
8
397
7
5
79
51
20
584
146
29
53
31
424
17
123
29
18
383
173
246
62
47
74
80
25
107
123
113
262
8
9
462
72
495
96
28
75
79
89
14
394
145
230
185
42
32
304
143
87
58
67
85
25
403
144
237
59
17
16
116
126
21
82
16
84
81
156
17
90
37
10
127
58
39
38
6
109
98
253
350
25
160
64
14
66
102
168
155
55
381
52
59
60
142
81
25
21
72
65
59
66
270
122
165
104
6
19
99
47
105
5
99
97
492
78
138
158
44
154
104
1
15
162
149
108
322
70
126
294
24
156
63
100
90
72
61
431
101
266
697
96
80
145
442
199
52
44
219
37
42
85
2
137
488
58
8
186
9
197
191
19
45
166
53
74
91
40
29
82
32
78
58
184
79
128
326
135
212
16
47
383
99
159
188
6
212
82
173
118
21
149
54
97
136
128
89
62
490
34
141
137
100
162
53
122
145
496
84
17
327
16
48
126
103
107
98
21
461
6
748
131
118
229
144
89
131
160
27
70
212
105
109
107
488
5
128
114
158
84
7
234
126
149
196
38
108
42
120
394
357
9
34
41
331
76
127
84
156
57
11
126
273
105
279
9
136
23
38
89
13
115
35
199
127
294
90
376
31
68
32
146
6
82
82
60
57
112
134
34
41
168
164
113
11
4
167
237
41
136
162
59
28
248
74
427
11
242
92
427
8
77
94
235
158
104
180
268
119
105
13
44
188
115
57
107
146
226
38
254
183
130
475
76
437
340
112
15
48
338
1
2
29
56
28
74
27
42
356
264
50
103
287
41
166
132
7
178
59
308
77
2
110
28
59
428
81
4
103
42
363
161
132
20
30
116
299
250
35
48
81
89
101
74
36
204
37
51
116
9
262
269
129
134
103
5
179
127
75
357
313
8
83
183
433
103
26
35
301
75
146
81
113
18
41
17
127
207
609
63
20
10
35
169
138
79
106
80
111
204
113
258
116
89
90
1
30
652
58
444
34
202
57
121
68
225
102
9
43
92
57
141
60
299
97
71
98
9
43
66
24
72
51
121
172
249
148
12
2
462
494
120
174
632
188
18
132
35
150
12
166
353
206
141
367
101
3
369
75
58
64
20
267
88
34
98
75
351
103
253
50
142
124
29
18
134
183
52
23
36
105
692
168
11
40
72
38
97
41
50
236
123
736
1
3
17
143
107
37
63
660
93
53
89
254
34
20
124
120
83
87
24
266
93
62
150
95
151
61
133
125
151
81
101
59
244
10
71
375
55
78
299
74
90
31
271
48
288
79
12
256
116
184
74
53
32
85
82
103
18
36
137
85
105
48
75
34
713
150
221
8
11
23
46
433
73
100
75
48
94
39
39
95
159
231
5
181
39
270
37
359
80
222
33
94
93
36
231
57
125
691
49
101
9
69
732
337
8
109
6
90
285
150
116
582
57
157
10
48
155
4
553
188
225
11
123
3
104
88
84
80
117
90
52
2
109
48
85
183
300
79
78
29
24
158
14
226
37
128
142
11
71
1
920
40
117
127
137
78
44
11
349
63
26
58
118
140
91
326
175
117
412
70
67
143
111
12
63
87
9
16
185
270
61
369
113
59
416
71
359
91
151
30
101
60
248
154
132
181
15
138
7
17
50
44
160
2
27
233
93
364
499
358
85
108
146
285
43
387
169
123
62
45
6
64
250
182
589
168
79
39
28
130
14
37
26
31
638
43
29
166
104
59
81
95
81
65
96
43
274
173
162
14
192
142
16
98
61
108
7
194
53
232
36
129
359
14
33
8
224
6
40
36
48
70
20
170
94
126
110
44
33
192
26
108
144
61
32
67
20
342
62
13
424
14
64
28
64
119
72
137
58
84
5
124
56
101
85
256
117
29
224
81
140
23
192
70
22
138
206
126
145
16
136
60
19
216
19
165
67
13
519
58
52
133
169
149
320
80
18
26
276
146
113
83
14
82
259
41
69
526
248
74
104
29
85
74
40
30
29
180
153
130
384
14
26
32
142
59
80
105
184
360
10
639
189
84
62
81
109
30
141
65
18
50
76
264
144
83
216
127
11
28
11
168
32
39
52
7
83
57
202
61
85
97
372
80
26
1
44
1
108
79
360
35
94
49
265
99
9
68
30
37
231
495
127
11
266
193
51
91
63
160
261
66
91
381
40
48
837
68
128
45
104
75
130
103
236
97
49
307
576
109
13
532
55
30
68
60
113
36
2
22
98
83
43
141
337
155
81
89
44
105
89
123
378
189
127
121
250
10
77
58
30
107
344
117
99
28
25
75
57
121
750
163
149
18
401
8
18
26
50
394
9
38
128
46
245
65
462
65
86
172
34
94
104
550
74
127
24
75
311
168
93
44
13
39
75
44
39
11
41
118
53
53
261
147
57
343
104
17
96
140
127
156
109
196
11
70
133
63
115
67
13
21
54
120
277
4
5
48
120
319
35
29
316
89
34
15
158
96
59
74
25
266
68
13
18
640
32
9
255
47
288
193
334
57
115
180
52
321
328
36
224
28
26
78
374
293
104
16
24
56
32
128
17
161
58
52
124
553
14
79
292
559
130
140
51
346
122
350
86
42
45
254
149
123
52
29
3
216
7
48
190
33
86
259
201
74
9
172
422
174
4
23
89
217
527
168
125
16
241
209
426
30
91
1
112
224
114
394
12
261
63
69
122
343
6
124
494
39
2
309
38
39
33
36
64
23
163
706
275
94
108
40
807
130
16
99
41
311
49
35
69
114
147
148
62
30
397
85
116
205
240
393
163
589
114
68
186
46
72
210
45
501
214
19
51
16
96
88
116
17
70
192
126
106
94
494
114
65
105
132
13
90
95
103
219
88
126
109
7
14
168
133
111
247
246
19
157
141
58
45
11
129
150
27
32
157
61
37
175
71
192
148
228
28
391
46
75
78
13
84
160
165
25
11
54
245
358
107
165
47
143
49
172
102
15
143
64
67
67
73
32
77
36
97
105
361
491
176
110
157
113
60
357
23
100
7
45
40
18
1
173
246
461
20
129
97
137
133
127
253
17
32
48
206
40
67
35
76
83
71
129
22
330
157
66
14
175
216
81
39
42
72
51
59
157
31
12
21
162
15
43
593
583
199
89
25
644
41
134
48
125
164
135
53
36
35
264
300
78
180
215
104
23
75
434
539
56
80
147
8
46
56
35
122
86
93
157
7
130
9
75
31
160
205
15
150
191
144
139
164
96
1096
35
55
2
6
295
204
35
53
197
107
46
127
12
32
18
7
5
79
175
107
87
133
50
189
38
423
26
78
43
28
104
103
51
102
6
206
19
407
185
57
373
68
56
810
18
148
25
87
61
49
98
84
170
70
119
19
113
185
415
21
90
159
158
584
91
97
85
517
58
394
334
123
97
139
83
96
194
35
356
161
50
3
165
84
26
326
162
4
106
69
103
86
80
150
35
162
216
28
26
82
18
67
111
103
129
188
129
3
44
107
278
110
33
17
22
26
221
90
24
20
76
3
57
38
122
55
207
25
54
232
79
244
252
21
599
223
77
319
100
11
73
436
304
24
235
128
172
108
101
88
232
16
914
71
47
514
74
193
55
45
93
58
292
142
8
80
53
148
82
43
229
6
101
55
21
85
47
217
139
90
32
132
95
287
5
387
103
54
38
50
112
205
347
7
257
61
110
135
133
28
43
27
174
96
12
144
619
89
130
49
96
24
125
162
95
11
7
109
72
85
2
136
118
353
423
231
86
426
166
594
63
30
33
138
59
94
581
183
2
282
16
437
562
107
151
32
94
70
14
179
80
48
39
252
368
72
166
107
191
43
56
100
274
58
146
39
155
292
536
104
17
658
49
370
105
82
77
297
85
63
66
122
66
18
137
646
501
127
40
231
123
45
5
241
177
197
58
41
20
29
6
24
46
24
36
54
439
115
134
154
115
66
111
44
122
96
5
2
87
143
28
5
40
320
67
131
152
273
124
121
23
12
185
319
82
177
3
142
50
260
24
337
111
9
385
82
26
164
42
66
55
49
1
78
82
608
275
122
48
138
94
154
24
216
109
10
451
104
65
181
96
431
170
478
109
24
255
379
193
50
41
54
49
2
2
541
159
25
33
157
7
37
166
115
91
74
124
113
255
268
165
32
300
103
80
119
109
496
134
28
131
147
80
254
84
108
98
209
325
20
29
26
193
75
6
40
66
178
103
10
159
62
64
30
80
30
69
468
396
37
136
206
116
569
72
107
21
4
40
114
67
1
37
58
35
5
106
81
163
51
1200
299
125
176
180
71
105
107
116
54
252
217
78
278
292
20
197
48
80
42
6
152
27
102
275
157
4
35
2
37
72
71
112
42
161
142
263
117
91
148
141
33
2
76
141
17
61
109
49
109
174
70
63
395
163
49
26
44
109
88
15
13
322
61
112
114
86
60
121
229
66
175
140
70
51
155
28
158
18
116
58
25
63
37
149
239
143
52
28
31
30
15
1
6
81
19
81
11
452
73
74
3
136
227
115
65
18
127
27
157
83
27
49
222
35
66
233
834
128
18
91
270
7
51
278
13
230
89
30
360
108
661
60
16
159
21
770
129
258
49
71
17
99
114
29
209
138
75
329
52
356
173
88
62
362
48
159
331
34
54
415
6
157
98
140
188
33
65
199
352
148
129
131
169
38
79
378
66
313
123
47
233
106
395
176
504
70
37
22
412
215
319
66
61
244
158
110
96
24
84
4
250
97
220
50
209
276
155
13
25
30
29
59
28
114
42
77
154
148
209
72
34
43
32
117
130
68
38
14
108
199
104
23
40
188
8
162
562
57
516
98
78
52
99
625
40
36
178
146
68
298
158
90
2
124
402
65
240
113
375
79
253
26
293
73
32
92
9
49
57
19
25
10
129
110
158
143
102
210
417
717
91
91
24
188
7
153
100
46
133
36
89
45
36
16
260
90
143
125
37
78
41
111
255
392
46
109
214
177
181
123
8
48
43
306
36
671
5
67
53
81
12
69
11
147
88
43
119
344
510
53
85
268
443
107
160
34
102
52
347
315
95
58
54
4
175
275
32
449
156
66
61
111
71
79
140
9
16
62
40
34
55
72
94
52
56
48
77
550
46
78
9
221
162
227
433
27
84
62
163
128
161
364
24
6
28
10
115
71
791
58
60
285
222
45
232
91
14
153
418
67
79
87
38
108
47
341
2
93
395
28
69
49
12
125
3
47
230
51
69
471
249
110
33
95
16
20
253
93
62
78
144
107
76
159
24
135
216
135
17
70
219
128
119
607
81
149
150
108
92
91
100
127
15
27
114
159
66
315
18
71
204
81
14
265
253
168
100
153
22
197
109
115
319
36
59
120
39
34
152
53
7
179
117
143
84
86
106
47
193
2
36
82
130
45
80
130
858
309
76
5
183
52
18
6
40
32
121
120
252
29
7
4
144
1
112
59
67
75
227
58
6
145
201
54
26
255
82
75
6
31
12
2
524
73
44
68
31
114
149
94
147
106
298
262
194
134
12
46
11
155
61
855
4
129
131
119
762
79
27
55
306
143
41
416
25
138
108
65
37
533
48
25
7
9
129
243
279
272
192
302
179
143
18
41
45
235
28
16
55
112
337
106
47
146
173
35
225
139
178
311
104
303
589
77
754
157
8
105
61
315
78
7
46
52
783
2
155
243
63
153
255
22
356
28
29
22
13
60
14
404
115
14
128
485
209
54
162
46
837
75
38
95
88
123
32
123
15
63
122
37
136
1007
135
1
394
265
13
33
149
138
87
131
276
55
140
141
55
599
680
58
65
89
222
94
5
126
63
35
324
81
443
44
107
108
167
51
55
188
311
23
184
128
151
219
44
7
20
649
32
60
15
102
213
407
58
377
58
109
230
19
251
126
108
4
170
64
398
35
314
132
162
56
212
75
34
720
7
25
3
109
117
86
210
13
193
432
45
31
23
24
236
101
144
121
328
17
117
26
605
16
95
34
107
273
45
206
1
120
62
44
35
144
92
62
257
171
20
141
63
36
32
64
186
1
8
64
542
27
26
66
46
140
134
40
72
26
110
134
65
143
456
56
85
20
41
313
71
186
141
123
513
50
7
315
188
33
71
60
69
152
126
39
18
77
44
244
56
427
49
153
695
65
269
30
12
42
84
3
195
10
78
350
21
42
142
140
196
95
189
66
79
386
131
222
188
28
173
113
29
489
13
64
82
105
71
75
154
128
458
140
125
56
142
57
149
171
205
33
180
101
130
190
30
63
162
68
1
333
94
166
580
221
63
167
85
190
143
28
159
68
319
66
131
20
145
126
684
53
19
447
38
338
247
90
402
60
109
69
101
295
104
69
171
203
124
77
46
15
76
91
105
124
79
97
318
49
102
209
66
32
293
54
93
337
109
32
28
75
295
103
335
28
131
19
77
76
114
229
143
34
42
85
70
187
38
55
89
384
59
155
233
37
156
31
239
109
40
48
36
396
43
49
47
24
136
173
135
46
95
29
8
12
150
89
78
87
92
69
8
17
42
85
81
77
16
40
72
92
538
554
32
250
145
41
58
278
36
74
104
62
83
73
35
69
44
186
32
114
74
250
3
43
35
38
51
13
11
716
93
7
112
373
201
123
93
384
73
231
9
74
114
83
106
151
21
91
168
167
30
161
972
20
42
208
31
146
11
216
55
44
165
28
20
79
63
81
355
276
221
26
84
111
44
295
98
190
418
63
141
231
84
75
53
151
230
28
655
20
72
89
123
41
115
157
667
13
44
30
15
12
11
160
114
35
199
50
32
62
78
66
56
170
87
549
189
93
132
179
38
255
35
33
93
127
82
12
61
68
102
136
253
48
48
33
110
88
48
110
490
25
38
17
175
81
48
116
125
171
101
79
63
77
166
19
88
180
11
221
50
341
86
35
15
108
17
72
88
122
110
257
69
99
54
392
8
250
181
94
807
266
203
138
10
79
22
264
56
107
14
10
171
37
94
28
221
78
59
27
33
248
31
3
537
19
324
149
38
13
15
286
169
76
236
168
312
46
139
41
35
122
120
8
99
152
20
81
36
145
6
109
153
466
41
63
923
335
5
128
144
136
73
188
5
20
50
110
102
184
109
33
187
183
418
131
39
35
27
238
589
73
161
104
272
97
16
47
402
57
78
134
27
69
58
180
94
23
224
60
127
58
4
121
93
128
77
38
222
74
431
26
282
3
117
56
72
228
252
132
27
224
135
617
21
124
143
389
331
32
98
172
41
268
52
71
70
32
40
31
145
121
3
5
99
138
12
401
144
56
79
156
306
24
82
55
58
85
13
138
41
151
128
151
123
53
393
25
406
70
138
65
49
140
154
69
201
133
209
83
72
8
10
17
237
7
520
95
192
92
131
309
111
52
48
67
482
363
440
20
150
601
68
116
109
209
111
22
31
67
53
441
81
38
88
60
325
20
67
24
3
67
230
298
218
74
41
177
153
190
125
24
39
17
57
28
473
120
113
134
283
99
43
9
76
85
58
11
339
76
4
81
104
73
59
29
24
5
57
407
18
25
265
71
133
5
352
107
184
3
270
222
39
355
78
82
30
28
21
5
21
14
133
185
55
65
11
67
9
45
55
77
17
1
43
1
23
135
13
73
107
654
324
39
66
99
5
552
407
66
90
24
92
47
63
85
140
8
220
98
103
16
280
201
256
119
135
248
202
72
214
603
205
52
156
105
188
438
73
779
313
132
102
122
6
465
120
389
41
5
73
19
549
35
104
64
91
127
519
46
93
26
477
67
109
36
184
223
90
78
97
83
20
8
9
72
152
99
64
1
96
47
203
85
99
113
125
496
60
31
282
214
6
76
213
158
633
48
24
54
254
80
102
224
56
31
88
126
170
127
3
178
206
5
297
51
25
73
8
129
104
31
69
97
38
58
141
80
11
94
57
140
119
58
533
99
218
254
121
62
43
123
130
38
325
111
58
11
89
29
110
60
120
111
123
81
31
234
240
115
411
64
113
51
30
250
364
38
204
92
46
103
122
236
151
98
811
175
223
9
105
88
92
69
58
45
17
93
24
53
294
161
408
92
311
152
65
362
13
129
88
12
151
138
36
110
77
74
93
31
387
79
106
36
83
293
41
152
628
203
109
10
17
71
141
164
26
127
212
9
10
337
97
73
168
148
244
117
73
146
85
32
167
65
130
26
120
25
194
22
87
24
131
88
248
25
110
79
28
7
64
335
38
376
57
113
159
89
591
132
47
464
104
54
47
38
24
26
162
331
262
425
45
92
131
85
30
156
70
107
117
3
64
148
76
113
295
43
7
2
250
133
364
122
69
43
96
108
426
38
48
436
186
124
132
87
115
7
13
304
78
20
64
597
99
78
330
116
172
203
125
186
13
2
36
58
41
99
29
228
52
44
27
102
13
128
95
105
47
49
53
198
387
2
31
113
7
76
125
16
120
74
32
29
100
1
26
44
137
113
188
142
71
160
211
126
101
149
55
114
82
15
14
45
54
87
106
57
26
67
69
780
125
351
389
42
166
501
23
73
54
573
72
201
70
7
122
113
2
144
89
49
24
102
44
20
99
27
73
217
248
191
207
66
94
191
130
139
647
118
246
17
13
201
169
6
78
55
53
538
21
150
2
45
18
45
43
205
68
66
144
126
157
43
53
11
30
23
110
439
104
52
2
86
76
235
162
72
37
64
113
102
128
39
318
153
28
281
75
38
219
44
128
70
131
82
115
74
10
318
642
32
45
211
127
348
37
108
63
44
380
67
514
33
26
68
54
59
55
8
482
459
71
35
35
48
18
27
41
134
54
422
1
16
74
17
99
88
58
135
177
113
41
39
35
25
24
80
354
274
70
26
151
60
104
275
113
53
5
228
56
170
66
89
173
43
87
171
13
59
67
236
186
526
154
18
6
36
36
135
11
11
120
66
95
12
66
21
13
106
11
16
56
105
98
245
331
114
6
145
273
78
101
123
209
8
592
209
238
6
439
87
102
92
58
95
117
146
105
248
14
186
88
89
6
2
257
13
89
10
84
164
113
66
39
12
78
147
167
37
178
54
49
177
37
192
132
58
158
115
102
12
20
112
307
131
152
86
153
77
188
40
77
241
165
1
77
85
170
324
16
26
33
38
290
188
71
34
80
91
297
3
484
142
41
453
16
94
217
194
24
57
96
40
112
129
114
46
144
130
375
104
197
285
421
348
23
23
112
143
98
182
491
81
262
192
28
15
22
132
428
111
101
138
14
85
75
435
31
32
3
211
30
33
26
27
14
104
47
135
88
347
81
14
28
86
231
103
129
85
19
49
165
142
163
126
477
81
236
10
205
46
517
772
53
70
40
104
108
18
573
311
264
104
56
141
14
5
109
108
63
108
83
86
92
213
110
123
28
231
57
650
594
23
133
88
106
44
673
15
72
223
175
36
46
42
40
11
89
60
64
55
121
350
69
104
39
31
85
82
237
70
658
86
60
77
122
115
33
114
56
126
216
104
18
23
245
83
37
66
55
276
6
137
101
139
28
29
197
396
55
138
81
142
116
70
109
18
357
97
30
63
684
253
158
23
53
92
298
38
256
47
71
44
269
12
28
155
199
25
157
134
85
28
161
65
82
59
14
22
70
77
16
176
18
128
27
27
4
299
153
181
29
261
24
27
85
156
31
63
239
109
1
76
66
121
128
530
350
118
106
53
21
391
234
23
42
71
51
29
3
78
3
152
151
415
2
173
56
35
92
130
89
208
18
117
64
85
212
407
157
59
99
147
35
190
584
490
144
25
18
130
2
49
169
2
138
132
39
148
88
57
83
227
142
119
469
111
107
133
120
96
190
17
81
121
59
120
90
58
46
9
71
11
31
392
69
118
182
217
54
4
21
17
104
1
164
239
307
153
378
33
160
290
105
347
111
74
353
31
57
19
327
165
83
65
169
192
117
278
41
54
34
33
79
154
108
79
251
136
21
9
58
29
42
65
46
70
53
126
69
314
168
95
61
10
70
157
42
4
18
43
119
135
488
436
37
51
86
27
114
253
54
42
292
83
34
131
114
232
37
125
12
120
107
117
37
100
128
43
174
156
155
155
25
3
51
101
332
384
12
288
297
82
273
122
520
120
20
70
53
158
151
70
137
165
36
68
9
281
27
45
62
64
75
6
203
328
232
131
122
179
78
241
206
379
7
28
379
51
79
77
16
549
136
36
30
191
234
22
35
3
124
304
129
3
51
49
174
7
162
313
77
3
124
331
53
91
4
88
2
12
263
58
267
116
3
171
4
42
17
180
115
100
158
706
5
124
156
46
86
104
58
105
103
46
14
107
32
126
34
616
120
287
183
122
133
52
1
28
19
112
21
94
26
385
119
481
24
476
152
46
84
44
145
139
169
103
210
121
74
159
53
241
64
289
37
130
95
33
81
41
35
29
51
5
218
2
157
146
102
463
210
118
3
51
65
22
152
39
138
96
55
53
103
38
14
101
1
33
3
17
9
339
68
56
9
17
10
109
401
87
176
11
5
30
50
5
79
65
10
20
810
51
29
140
147
114
109
130
68
339
235
222
42
181
62
100
65
129
76
69
26
178
121
70
32
63
115
99
215
228
305
51
2
7
59
51
253
50
27
101
13
168
110
42
20
77
60
76
250
14
31
60
3
423
95
16
159
373
41
64
34
249
95
47
56
228
126
48
22
75
292
156
524
55
96
33
143
105
25
99
42
11
564
224
146
81
121
265
99
44
113
86
34
325
131
274
84
145
36
56
15
119
359
74
13
50
45
298
60
87
41
167
70
125
135
58
161
273
120
110
78
403
176
42
514
31
160
49
57
68
27
151
63
106
134
22
40
91
17
30
292
5
52
69
575
82
56
198
232
194
87
36
86
22
107
166
59
206
75
288
405
244
143
7
46
152
18
137
317
255
97
33
157
100
57
177
461
168
37
4
27
289
225
179
109
98
82
439
300
115
112
375
115
39
105
3
52
703
124
60
178
13
67
11
204
108
36
199
77
127
10
108
204
47
6
109
336
190
9
38
101
54
83
69
430
123
453
169
386
34
148
45
19
194
18
293
51
121
188
6
108
19
96
68
14
64
467
82
269
10
391
71
77
25
341
49
156
94
115
19
21
119
42
146
354
26
13
127
171
46
135
259
260
102
178
29
31
316
43
173
29
5
84
140
64
14
92
86
478
97
4
187
30
368
5
121
193
12
2
5
173
16
16
123
168
229
1
33
132
112
92
30
19
13
59
463
486
42
27
166
84
15
32
159
146
12
36
125
198
110
16
99
248
100
15
54
9
622
196
401
268
103
679
307
138
135
4
285
136
87
133
118
16
44
95
519
174
214
38
228
131
48
244
5
108
47
167
74
125
207
84
50
6
98
141
37
25
38
293
43
63
134
464
45
44
92
83
32
110
94
259
102
22
21
38
320
2
72
24
121
350
150
4
20
276
52
32
119
67
98
156
175
100
179
150
125
1
13
306
579
67
106
110
154
38
40
152
180
118
18
73
22
6
2
8
371
61
36
14
22
101
17
66
105
25
123
145
143
56
35
28
19
71
111
87
104
76
79
71
77
23
229
36
23
139
260
12
18
248
750
656
24
27
599
109
434
36
53
242
165
85
14
262
93
94
69
19
118
47
156
110
214
22
36
22
7
47
96
237
112
476
58
163
15
52
61
136
1
371
46
82
55
21
103
110
41
83
113
159
68
25
10
100
46
44
50
129
31
106
85
51
136
109
3
433
94
6
93
107
278
66
30
146
46
192
209
19
48
187
46
49
430
2
122
32
100
851
290
43
107
50
52
255
85
167
665
129
95
68
70
107
98
43
169
121
719
2
60
14
174
72
23
34
73
210
106
462
70
62
17
5
89
108
46
100
31
167
84
104
46
143
210
262
574
69
91
170
116
51
71
54
3
412
151
25
79
142
173
127
86
157
1
94
12
253
37
172
6
110
19
57
14
137
109
17
40
54
85
75
63
166
103
114
26
57
71
32
349
1
53
32
86
93
563
10
121
88
64
45
20
151
28
72
21
101
77
31
17
56
76
127
636
425
144
75
163
181
436
227
104
9
130
118
16
332
58
28
35
92
69
208
63
29
74
387
19
135
98
153
97
114
76
6
228
91
62
124
411
101
263
33
56
57
51
161
94
145
167
305
30
78
67
87
45
140
15
25
82
9
18
27
58
557
63
155
96
40
25
287
236
25
42
219
599
65
26
11
208
359
48
2
56
638
43
133
416
113
153
67
217
70
36
237
125
72
259
39
684
145
73
306
99
36
104
117
136
93
190
65
125
172
199
46
73
47
41
10
77
46
151
146
410
121
92
69
19
38
108
258
88
140
130
124
158
115
10
84
72
91
14
61
128
123
167
195
13
126
306
114
22
84
1
115
63
14
318
184
1
155
148
115
176
184
375
153
77
17
23
228
442
45
66
70
134
39
43
192
15
38
206
207
263
132
49
8
174
71
107
90
26
8
46
85
427
111
62
158
73
21
176
147
41
109
190
89
241
219
39
123
29
19
193
118
53
150
80
167
114
69
15
79
189
427
165
5
95
12
285
147
30
148
171
43
21
42
3
234
42
49
6
6
38
94
50
72
245
421
2
128
8
124
244
264
109
39
75
330
54
4
98
54
20
298
111
138
165
111
144
144
24
1
48
117
36
136
69
1
32
90
115
202
199
93
392
149
3
32
355
22
27
169
20
21
55
94
117
317
122
404
51
60
27
74
80
73
329
13
24
126
306
15
290
274
115
152
3
160
189
138
2
64
123
228
137
12
272
131
32
104
294
26
3
114
299
322
112
59
109
111
355
106
100
253
45
362
10
227
13
113
106
81
256
12
20
346
1
227
181
359
188
9
205
497
504
51
90
9
684
52
45
120
57
68
79
4
75
125
94
66
252
50
12
6
129
124
73
9
63
559
83
127
26
34
22
8
258
93
121
3
338
125
42
189
128
115
7
95
44
47
205
386
29
17
5
36
117
36
65
130
145
80
17
42
247
126
363
133
19
82
40
58
86
66
114
1
202
71
74
148
627
45
27
5
42
628
91
127
634
440
99
79
646
249
50
135
401
61
181
137
67
109
156
84
209
92
19
68
37
122
78
93
17
170
86
126
57
270
221
307
50
24
144
135
63
99
231
61
81
323
13
106
147
290
69
163
73
22
46
176
45
122
343
8
55
112
231
8
109
54
17
4
538
59
7
148
70
28
459
28
183
30
120
15
101
86
31
71
109
49
99
70
161
77
5
45
22
191
102
105
135
64
47
385
129
93
94
155
81
54
149
1
67
312
308
15
98
181
44
46
53
49
93
18
41
436
17
121
8
8
29
183
47
164
570
112
23
160
92
44
173
292
171
27
115
30
164
164
46
171
149
465
190
243
162
27
111
100
662
369
151
50
24
14
6
288
275
75
62
254
8
5
113
680
503
12
110
36
79
320
111
64
178
56
174
4
135
29
45
67
174
19
112
868
175
241
87
78
76
170
608
380
22
97
249
50
385
139
23
57
44
149
184
356
8
270
44
6
89
134
223
9
84
119
161
68
613
171
40
14
59
310
122
289
7
35
186
1
63
40
9
25
95
64
315
71
318
34
87
72
18
49
184
28
4
79
19
75
3
169
38
106
193
141
83
134
28
164
337
36
77
172
71
5
23
149
248
75
76
265
93
39
108
143
149
119
41
67
107
17
149
604
82
169
73
84
253
108
418
159
136
147
34
42
163
19
585
112
453
8
396
57
33
4
50
291
22
28
145
213
212
37
161
169
83
67
100
32
42
69
30
29
158
196
71
233
67
22
91
12
21
60
99
40
3
15
231
130
4
64
116
40
17
185
99
227
568
43
319
149
57
114
174
573
108
99
21
144
52
148
62
279
61
134
331
549
34
109
40
49
194
148
79
249
143
329
77
159
82
856
109
43
106
26
82
187
170
22
353
25
57
237
8
184
12
84
63
52
67
34
150
127
106
482
181
222
96
110
43
146
339
193
471
608
63
17
46
57
64
47
42
24
318
135
17
92
51
12
434
34
47
159
17
10
147
258
3
39
214
64
151
150
234
18
202
118
10
632
144
328
373
105
105
50
452
71
288
32
93
119
15
70
267
121
237
5
330
57
121
92
140
118
7
70
448
24
54
23
88
222
76
141
91
120
104
81
71
219
295
66
99
98
67
316
107
73
22
172
169
103
126
3
17
24
8
31
50
66
75
75
109
56
36
369
19
99
30
47
58
27
72
170
8
27
1
99
272
205
139
9
103
16
259
26
155
145
235
64
53
207
28
211
143
45
22
156
95
18
24
108
49
110
122
97
251
49
21
47
238
93
176
30
436
489
63
129
42
16
146
51
121
11
307
109
57
143
3
42
151
96
13
43
102
30
118
67
53
173
154
31
77
63
5
197
344
239
122
75
48
13
73
64
138
138
141
84
63
237
108
134
115
88
33
1134
210
105
427
537
264
26
352
158
9
5
137
34
144
54
292
76
243
68
55
38
10
98
210
34
179
82
73
4
395
337
62
91
42
348
355
152
98
43
209
43
129
153
189
36
2
18
13
11
215
105
81
230
34
107
122
4
138
25
65
8
88
16
141
85
36
87
170
40
32
564
365
166
201
86
66
315
32
48
79
56
20
125
225
14
127
58
340
31
684
150
36
53
234
1
50
171
77
116
22
2
145
73
18
99
5
97
42
92
81
33
145
109
132
59
145
117
117
350
22
81
43
96
266
264
74
83
28
48
10
148
41
93
116
48
135
1
663
40
159
218
118
30
53
26
39
76
116
35
103
97
50
216
126
79
382
104
131
142
310
30
129
319
96
503
27
205
136
87
38
44
48
69
24
683
71
20
90
371
75
350
59
243
75
102
180
114
100
613
34
134
114
17
15
290
45
140
45
101
200
17
286
103
41
69
192
102
300
694
46
23
45
4
153
302
8
39
126
13
703
3
69
3
30
143
33
161
174
45
252
86
122
140
33
38
458
115
410
16
163
55
83
47
21
24
44
106
161
119
121
96
38
65
47
65
125
26
51
119
146
342
95
79
95
96
72
44
74
155
1
39
91
40
22
22
12
123
70
147
49
36
84
256
191
23
42
16
95
103
223
57
114
34
12
155
118
45
91
44
90
30
85
312
16
12
1
3
352
170
64
79
118
55
48
143
18
8
232
116
40
122
267
35
80
7
59
72
278
37
93
24
157
88
23
76
90
345
6
141
511
26
50
196
155
24
286
502
311
128
294
45
73
35
65
1
52
9
73
338
91
56
51
1
21
36
85
268
100
86
67
47
44
7
157
167
4
97
370
47
239
63
11
100
199
153
192
33
21
61
290
74
142
150
92
131
59
83
179
55
84
302
91
51
14
19
38
84
115
25
254
21
84
452
98
71
22
77
142
45
13
164
135
45
183
19
126
149
102
97
46
96
117
146
36
465
100
32
36
28
19
154
105
142
6
124
777
6
127
23
17
346
25
52
371
116
234
304
181
203
179
398
21
47
229
117
62
118
136
78
23
116
25
41
63
95
224
167
66
53
137
39
259
165
20
195
262
113
26
85
52
238
150
281
35
73
28
4
69
156
140
120
83
22
185
253
204
148
106
170
40
65
12
183
41
118
41
161
666
35
74
1
186
270
302
93
14
45
56
156
65
260
706
68
250
156
160
148
228
124
625
145
84
32
41
442
136
85
10
77
42
48
176
50
131
36
133
126
107
325
27
280
312
35
12
80
160
105
9
156
160
276
201
219
69
1
67
47
110
170
275
120
43
98
75
27
225
80
45
24
28
83
67
413
475
139
63
166
20
241
21
68
318
50
322
361
316
79
89
158
81
117
4
13
48
71
219
24
40
150
25
239
17
42
133
53
238
73
217
81
86
54
38
45
5
109
26
831
34
45
25
74
58
137
72
21
142
122
239
6
285
144
2
69
105
114
76
6
21
136
24
407
107
46
88
80
37
167
129
537
63
26
88
331
172
160
111
55
205
49
75
286
252
162
617
119
25
785
237
20
111
72
128
74
67
190
142
494
38
95
104
38
29
169
76
86
39
144
22
198
169
187
95
140
379
32
10
182
69
53
161
127
60
189
941
17
15
35
27
281
197
192
211
166
20
88
67
300
37
17
221
72
381
158
21
165
30
237
9
188
218
18
197
119
100
62
43
283
49
278
120
95
64
28
104
13
81
127
80
45
3
153
9
88
93
71
788
147
375
23
169
122
227
89
16
115
103
219
167
379
130
24
86
50
74
57
125
298
71
16
517
82
37
120
50
139
23
299
275
58
40
493
93
115
15
108
52
190
61
136
119
128
55
266
57
324
32
122
44
272
97
83
59
118
22
3
41
1
16
144
9
248
88
107
90
219
436
73
48
274
578
18
87
29
33
81
36
296
122
88
36
159
65
84
194
47
443
29
21
68
40
12
100
237
78
388
58
408
38
44
103
363
184
90
87
182
3
93
55
24
60
5
379
367
87
272
136
76
221
12
113
95
1
249
8
286
256
38
1
15
140
70
19
27
28
2
108
86
111
135
22
12
250
41
57
78
112
312
8
88
111
33
39
161
344
287
182
133
18
430
169
228
166
120
11
86
213
52
170
250
56
72
169
149
66
6
272
71
357
48
335
44
170
92
51
96
55
208
186
330
78
63
81
88
241
126
19
131
29
101
12
173
100
36
117
196
74
81
97
563
159
183
226
67
41
98
51
146
77
161
75
73
65
111
350
107
9
185
462
4
223
85
154
123
104
99
168
187
57
15
103
112
303
65
52
67
92
25
540
127
13
527
110
183
75
38
136
33
54
333
12
102
113
75
145
175
447
110
968
17
263
13
103
175
4
69
138
58
70
179
129
233
78
262
90
106
27
209
54
24
173
60
105
92
113
185
133
144
98
20
87
72
95
348
63
49
240
16
44
78
715
21
95
317
181
13
307
283
95
244
165
63
118
109
273
248
15
73
6
438
5
314
26
83
84
44
80
399
96
327
905
54
44
58
63
77
51
214
609
281
198
166
146
48
256
138
54
13
6
1
388
153
69
32
87
38
28
27
122
125
10
263
165
442
5
22
30
69
80
144
8
139
43
25
73
110
212
80
63
80
251
139
93
18
77
232
56
327
65
20
181
129
122
55
17
239
82
44
5
13
33
275
77
78
274
195
70
233
80
518
72
225
23
14
492
230
200
62
25
97
68
97
132
17
157
24
121
166
78
97
52
8
88
7
13
8
25
96
185
102
178
12
110
164
82
376
242
7
49
82
146
5
90
63
224
2
67
86
545
59
31
18
106
62
161
166
81
79
10
74
59
21
325
625
129
67
123
98
122
9
77
178
99
191
202
24
26
15
76
153
188
141
202
42
10
28
14
2
102
11
9
20
140
21
160
44
9
57
47
100
83
115
73
707
124
102
63
26
72
363
76
143
9
65
124
273
18
56
211
112
73
118
122
161
292
166
3
55
68
218
229
38
71
70
208
823
15
80
136
106
36
16
68
62
100
99
9
102
47
656
412
115
20
191
8
1
181
45
127
233
76
461
5
14
302
130
168
575
76
102
22
78
61
147
147
266
101
247
158
421
37
73
83
120
109
30
189
97
34
147
23
31
194
219
351
191
35
134
70
33
110
148
124
84
63
5
86
140
111
163
45
71
55
16
412
116
18
5
29
25
26
125
44
42
106
58
136
255
69
101
76
543
48
12
43
90
17
158
110
62
87
306
47
57
33
123
55
97
68
67
74
90
301
51
114
43
13
10
49
14
132
161
284
43
54
388
33
84
122
286
264
56
147
60
270
22
33
212
396
40
497
281
87
344
153
17
67
259
7
146
79
66
23
15
11
16
80
29
94
164
49
347
120
90
215
25
164
51
71
341
288
85
90
87
11
159
167
395
155
49
75
131
62
129
34
28
26
76
94
146
315
79
185
20
35
95
84
762
27
437
149
73
151
136
696
116
427
5
63
33
503
256
78
24
20
3
266
160
87
108
58
141
32
63
8
133
33
39
302
83
108
107
53
48
81
4
43
67
69
244
133
141
211
71
90
119
236
122
81
89
5
68
259
40
177
115
472
70
58
8
46
16
101
7
21
129
45
41
141
341
99
10
114
35
181
296
476
118
141
6
70
127
106
14
100
268
60
55
62
136
65
147
134
103
71
17
279
143
193
42
183
55
593
128
273
78
157
475
40
30
35
197
434
229
44
244
23
5
4
176
77
169
62
233
28
297
30
182
166
239
25
29
37
10
37
90
98
193
164
35
170
83
191
32
96
68
55
16
19
73
84
47
4
241
115
83
154
86
11
141
384
117
115
68
20
140
273
22
1
346
15
60
331
61
113
54
53
95
60
172
99
89
113
252
67
75
7
24
985
233
16
154
217
32
11
147
15
69
111
79
38
356
174
50
44
155
54
27
52
574
92
69
76
157
322
119
86
10
887
101
124
4
58
445
3
171
11
333
92
294
408
360
51
169
39
152
63
142
52
24
152
23
9
20
6
279
197
141
175
9
44
93
113
30
67
371
41
93
284
253
12
108
41
111
19
65
508
98
17
185
361
247
30
164
128
110
72
5
69
25
57
165
11
40
23
77
156
570
47
522
9
50
251
327
111
81
