733300
731300
751900
834800
754200
720300
717000
717400
718800
715500
715500
715800
729400
719500
712500
712300
712400
716300
713300
714300
717400
720400
715500
715100
714500
722300
712800
715400
721900
712600
718400
713100
711900
722500
712700
714600
718400
710900
780900
762300
713100
719400
716800
714100
716800
1469000
852100
859700
844700
718600
717300
722600
733000
814700
756800
794200
754900
767100
790300
791000
881600
822300
819800
805800
801800
764300
844400
816500
883900
797600
799800
817200
821700
836900
785300
808000
753200
724500
769000
870600
888300
719300
714900
727900
832600
774300
716400
757200
774100
717400
717100
722800
725700
719700
740400
741200
721100
729400
720300
719600
755700
715300
720400
718200
711600
714900
716000
712700
1262500
728200
718500
716700
722300
716300
724800
716900
716500
725500
712500
712900
758600
715100
729000
724000
725500
715800
726000
717800
714100
720800
717900
715800
765800
825700
715700
721400
718500
719800
760500
720100
721300
721300
713600
764800
725300
729200
739400
720500
719800
728900
721900
717500
725800
716700
722800
734200
756300
730600
732500
719300
718900
726600
717500
715400
721100
725200
713300
719000
716700
1036000
861700
715000
730400
717800
719700
716400
718400
721400
726200
716400
720200
729100
721800
720000
808400
817400
721400
858700
812200
720300
1430300
751600
729600
726000
735700
728300
778600
763900
745600
746400
725900
760600
745300
737400
762600
761100
745400
724700
745100
724600
751000
716100
731800
715400
740500
733500
744700
821100
742900
770900
820000
809500
828500
785300
800400
813900
790400
854600
852100
853900
862600
872600
895400
927200
887400
895700
894100
912300
895200
905600
890700
896300
901300
907900
895200
916800
906500
888500
895400
880600
915100
915200
908600
913900
921600
888900
920100
910400
945900
920900
958500
922700
925100
895100
917300
937700
927500
903300
898100
888200
889300
915400
902800
873100
919700
887000
908400
915900
918300
906900
921700
912400
904200
920600
947800
923100
923400
911700
860600
718100
754700
753500
742000
753700
776800
746400
750000
874200
713200
738700
760700
747900
783400
721900
764400
815900
770500
729800
871800
751000
719000
746000
758300
811200
840100
837100
820300
824800
849000
714100
716700
714800
714900
721400
713000
833200
790900
857000
845700
832800
864100
876200
842300
852500
823600
1368100
777300
791200
833600
825900
765300
763000
753100
853800
827600
867900
812800
803700
795600
778600
768200
848600
775400
839100
846300
823400
820500
796300
792800
767800
747000
862000
830300
905600
925200
885000
883000
892200
835400
904700
752700
848500
823300
911400
845600
899200
869900
795800
830300
715900
791800
754900
719800
822300
878800
880300
817300
827500
791800
745800
721800
792900
734800
747500
735400
722500
716400
753600
790600
827200
718400
781500
733200
762200
717700
750300
726700
717200
748600
714100
715900
761500
717600
723800
747500
712900
718700
771700
980700
806200
714100
720400
722600
728400
727700
717400
772900
781000
843200
869600
849400
881000
830800
816400
741700
744700
827200
733100
859000
834800
721700
797600
735600
716900
715300
862100
713500
720900
794500
737500
760900
953400
1768300
1965500
774300
747600
767600
768800
714500
785100
782900
758100
768200
716000
729300
726100
760800
735200
747900
746400
733500
774600
902500
813400
741100
908200
853900
951100
954200
1747800
739600
748500
831400
849200
755700
781300
718100
750700
900300
863000
764900
817400
780400
792300
867900
812700
1024200
957000
774700
848600
777300
887200
1066900
797700
822500
849200
827800
765600
784500
729600
786600
867500
902600
731000
808400
830100
869500
814000
921000
762600
733300
781000
760000
901100
1024200
877600
892800
864900
910700
914200
873300
858200
903900
874800
945500
1132200
862800
898700
848100
779800
836900
804900
737300
821300
762700
765500
858000
917400
732800
855600
719400
782700
875500
863100
754100
835300
722100
801400
866600
751200
751400
803300
747000
843900
833800
789700
766400
752600
754500
815700
792600
746700
813800
721900
819100
809600
804000
787200
964800
938300
902300
933000
907300
845700
873200
864400
948200
895200
921200
891200
962800
935500
908700
758000
741400
819600
768700
837300
851000
857100
748200
914500
738400
822100
843300
777800
931500
780500
959600
1144700
1177800
1223500
758100
784500
829400
809900
831600
1141500
1176000
769200
781700
1119400
909400
736900
1611300
715600
815500
823200
734200
801500
828400
870500
878400
935800
933600
882500
945600
887200
896200
870000
809900
909600
854700
867500
819100
846900
846800
813900
743000
756700
726700
759600
822200
805700
758000
728100
784000
915200
921000
920700
836600
816000
860300
731100
1000200
851800
910800
1001300
1081200
1193300
871000
771400
822200
911100
829900
910000
925900
823600
834900
887400
812400
893000
886700
807000
820600
802900
826200
858300
832100
817600
1199800
1181400
1266200
1173500
1132500
1150600
4183400
2900400
2814200
975700
896600
940300
966200
934000
861400
971200
878700
966500
883800
914700
855800
985700
870100
873700
834400
856300
795400
810500
743200
905400
858600
792900
751700
803200
822100
813500
931000
785200
782700
805700
927400
817700
816000
740900
793000
749200
847200
810000
801200
761300
795000
782200
833700
780700
826200
792300
953300
717900
855300
836700
813700
790000
762900
853600
765800
825500
768800
824800
783500
744200
866300
939400
908900
903800
889500
877600
959600
935000
927400
1715900
729500
840700
891300
856000
777300
846700
860600
897800
899900
884000
822800
861600
789800
828800
809200
805500
781700
864800
749300
780100
886400
831200
795200
789400
900300
855400
820300
817000
767400
841200
774300
790600
756000
831400
797400
792700
783100
848000
757200
771800
800000
830500
789600
776000
866600
838400
775600
782400
744100
1043200
775900
790000
753300
718500
791200
803700
804100
801300
814900
810200
936500
916100
873900
917800
899200
911500
893700
887500
896100
896200
890200
883500
846900
880200
902700
979400
903100
884200
870900
898700
916400
887000
909800
937700
867000
934500
925000
931400
909500
926900
917800
886600
888300
832100
845600
791300
856200
831400
782900
788900
856400
777200
781500
842300
814700
832100
809000
822200
812200
815800
836900
844100
798800
801400
817700
738600
711900
841700
741600
791400
720600
831100
765600
798500
854200
817400
738700
750800
717500
766700
884100
756200
757100
774300
716300
779800
772700
776800
882500
715700
732100
775700
820500
846500
1656000
847000
831100
828100
733600
845200
865700
731200
776700
847600
872700
836600
800200
816400
879000
869900
895000
897900
826700
732300
796100
753600
753600
872700
797300
773700
796600
809500
883500
863200
797700
849200
794600
770600
817000
752700
810200
821700
851500
817400
831900
856800
742000
726300
869800
787900
777000
851400
905000
926600
784500
733000
753300
761400
773000
743000
718200
744500
848800
825400
770200
766600
719500
743700
773300
726200
717000
721100
714400
715500
786900
777100
736100
723000
735700
761600
772800
750600
717000
718800
758200
714800
741100
714700
714100
714900
712600
720700
714400
715700
720900
716500
713900
717000
712500
718200
714900
715800
714700
719100
712400
712800
715100
714800
718600
713300
712200
716000
715100
726800
715400
715500
719800
724500
718600
716100
800100
715600
748900
743800
715900
742800
750800
713700
716800
715500
715700
715800
718800
715000
711900
722400
757600
719400
741200
713500
722800
763900
836500
772400
719200
720600
720100
752000
918600
1666700
823000
748200
805000
875300
832900
878700
848200
945000
810700
786100
829900
935600
813600
863000
839500
837500
806300
719200
730600
720600
747300
720600
740800
809000
760500
792000
731000
844600
776700
829000
805000
822700
832100
826500
858300
804900
821800
844200
836200
792000
782900
825300
811800
768500
785200
854800
765700
868500
751700
754200
730100
726500
801800
738200
755500
733100
725400
747700
726900
732800
729500
736300
735900
727500
739800
761200
752000
860400
742000
733400
793900
811600
1081100
747100
794500
811200
1054500
1049200
788100
869700
749800
729000
784900
812400
846700
899100
764300
723800
768700
726600
718700
719500
720900
734000
713900
723600
763200
723200
717400
717200
721200
715000
720200
722400
714300
758500
718500
720000
820500
867900
922600
948600
909600
888200
904100
921600
874100
908400
963900
918900
904900
901900
915600
868400
846400
935400
916000
912500
929800
865200
853900
848800
862000
826600
781700
942400
730100
778000
848600
765200
845100
794400
822700
835900
1523600
797100
821000
843100
790100
804000
713100
886800
872100
830900
805100
937600
838600
931900
950300
942500
920600
962300
845800
951100
945900
925500
885100
928900
878700
875200
916700
919500
918600
879800
718300
831000
850500
812600
839600
833800
784300
760600
825000
848400
851800
785800
724200
823600
828800
821700
724100
831100
718800
717200
762800
719900
724500
765400
716500
724400
717600
714100
717000
714300
718400
713300
715100
716000
727700
765300
723800
716500
717100
722800
715800
716100
724800
718700
714400
722400
715900
1603900
1178300
726300
722500
720600
721900
721400
746800
721200
721300
719200
718100
719500
724800
715800
737100
719700
715300
717600
712700
733300
726600
715600
751600
726800
719900
890000
737200
746000
717700
726300
716900
719300
729500
1013900
1046700
751300
739900
798900
830500
1027600
1143700
1084300
1079600
725900
726400
727200
729900
716700
725300
730000
717500
717600
717200
718400
728600
720000
731000
717900
832100
714700
720800
718900
715900
721100
818800
718400
991000
1306400
715000
711700
716400
714700
722700
718100
712500
714800
717200
717100
719600
722400
717000
717600
716700
713600
719500
713300
714300
1015900
727700
730800
755600
730200
714500
715300
711100
714200
713100
714500
711900
717600
712700
721700
718900
860400
766900
720500
715100
739900
715500
715600
717400
716300
713500
719300
716300
720600
716000
716300
713400
718200
711900
734600
744500
713700
711700
713000
715200
716200
755000
747500
717700
715100
714500
716900
716700
716600
715800
714500
725100
717500
717100
891100
720300
718100
749500
720100
718300
712700
715200
713500
716300
716000
713000
715600
714100
709900
713400
718400
714100
729500
711100
713400
717300
712300
714400
714900
714700
717700
722000
718100
720200
732800
728800
715600
725200
719900
720500
716000
719800
715500
766300
786600
718000
720700
718600
757400
772200
721000
763200
733600
731200
752800
726900
735200
809100
729900
716900
722800
714300
715900
714400
711200
715100
856800
855700
841200
844200
837200
834900
844600
843000
853100
1316400
717200
897700
1177800
1189700
1187700
1391800
1385400
1491200
1432200
2002000
1285500
1730400
1436400
1506200
786800
747600
733100
726800
716200
924700
717400
715300
720000
721400
716700
726700
717600
715300
723600
1116600
719800
881500
874800
786100
717300
737700
740100
772000
759100
764300
791300
725400
725400
712400
712200
717200
713100
714400
714700
717700
747100
724900
768700
1108700
1397000
1271600
1147500
1081500
1077500
1070900
1003100
715100
725000
719300
718800
732100
732700
711800
716200
740100
717400
722900
712800
715700
723400
720700
718100
720300
720000
726800
727100
725800
723000
728000
713100
711700
717000
724400
721900
718700
715200
720900
715700
714000
723500
715300
711800
714900
713500
716700
740800
801900
725600
732900
714100
713700
716600
710700
711900
726600
713200
719700
719600
713500
717900
716600
721200
843600
837200
833500
838100
832900
836100
840800
898300
719600
723100
714300
729300
745300
769800
771800
765400
779600
776800
777200
793600
788000
875800
715500
716500
725800
715800
1520600
714700
712900
716700
711700
713900
715600
714400
714100
712700
716500
712700
716400
712200
713000
715700
715700
738900
716900
715700
717800
715800
717100
713200
714700
713500
714600
713800
712100
716400
727400
712900
718700
710800
713400
718900
719500
713900
717500
714400
713000
715700
713700
732500
767600
798100
711500
730000
717500
713000
719800
715500
713300
714200
713100
710600
717400
720900
715600
714200
719400
795000
746800
714300
719600
721400
716900
719100
785300
875200
716200
718200
719800
716000
714600
713000
714200
714300
713400
716100
710700
710500
717200
713000
715000
716300
718200
717300
712000
711700
715700
712700
723500
721000
713100
811900
852300
911500
863800
867000
736100
731200
778400
766600
720300
739500
717000
717800
720100
766600
785700
718000
712800
716100
774600
775100
722900
724600
756500
802100
712700
717200
786200
772100
711500
719000
710800
715400
721600
713900
729900
713200
711600
713300
716700
716000
711000
717800
713000
715500
715900
712500
718700
716000
716100
1487000
710600
713600
726100
715900
712300
714100
713300
714600
1002500
1071100
1046300
1047000
1072800
1040000
1047000
1039800
1045300
1045300
1054600
1061400
1095600
1065600
1079600
1139200
807500
782800
765300
775400
915000
835500
829900
907500
826100
862100
840500
718700
858700
861300
820000
865300
874100
854700
804400
763800
726800
753400
741900
724200
768600
730400
771300
776200
720000
723600
720900
714700
765800
807300
738900
718800
727500
747500
713800
782700
714400
714100
731000
714700
715900
727600
722500
717000
720000
715000
720300
726800
721500
714900
719900
722400
716100
724100
718600
728400
717400
716300
731300
713700
715100
723200
764400
722700
717800
729000
713400
722500
717900
716300
722900
716500
711100
754900
755700
730800
725100
722700
718800
732000
716700
724200
724500
728800
726700
719200
733300
740600
776100
721200
755800
724900
716500
847100
1098800
743000
733200
722400
763400
723300
744200
792500
797100
716200
722900
722600
759200
748400
726100
722900
745600
735300
767400
719800
717600
714000
1490000
714400
713900
717700
764900
714600
723900
715600
715800
721000
715400
716900
723900
714000
718500
719400
715200
715400
714400
711000
715500
713900
713000
712500
713200
714800
719400
715900
712800
734700
712000
713700
713100
714300
711900
713500
713500
716900
722500
711800
711100
723400
728600
723700
716400
841100
724900
792100
769300
740700
718700
769400
790900
727100
728700
727100
716200
711200
718500
713700
713200
716700
711800
714000
719100
715800
715900
738900
785500
721200
720200
785800
746800
711900
716600
720100
724900
746600
713800
736100
762100
805800
798600
826600
872500
781700
817600
741700
760400
785000
814800
805700
784100
802400
783900
718000
817800
800900
818700
834000
826400
750700
753300
719200
720400
718200
791100
718000
725400
778400
1035000
781700
793600
785100
902700
806700
752900
755600
817000
719300
798400
820100
725200
718000
789100
744400
751800
808100
791200
868200
738500
773800
722300
764400
817200
803000
725400
788900
717900
837500
835000
792600
733100
753800
1676900
833400
802600
737800
789100
716100
812000
777800
748400
763400
716700
896500
1107200
986800
802100
792700
731900
840800
825800
788000
732900
801800
715500
846300
794000
769900
736300
766000
740600
836000
960000
857000
757600
717500
811400
1639800
1448700
1680300
1788700
1523800
1524000
1048100
796200
715700
728400
717500
764500
833200
830200
737500
771800
718900
794600
925900
882000
855100
781000
714700
781700
831200
730700
737200
746300
739000
829300
775500
713400
786700
715300
784500
818600
809400
750200
732900
719100
847900
842300
763800
747100
783200
741500
842600
830200
778500
719900
754300
729600
841800
817200
788600
722600
759000
743100
828000
845600
782200
748900
756300
743500
844800
789400
741000
759400
715800
770500
802200
808900
747000
813000
715300
794100
798000
743300
722900
751200
727800
827600
808300
758500
745900
762100
737400
828500
830400
755300
776800
717600
790200
832700
759400
756100
713800
715200
735700
715700
1208700
1570800
1585400
1550800
1489400
1649200
1478700
734600
711800
1532900
713700
711100
715500
713700
712400
721800
712700
714000
714400
753700
991000
850500
837600
833500
836600
837900
838300
837900
837800
834800
836000
848800
829100
837500
845900
842600
836400
837400
840800
838800
862900
846500
853400
838600
837800
715300
718800
715300
722900
716100
716100
718000
732200
714200
714000
719700
715500
713800
712900
716900
714700
716500
712000
715900
736900
720400
736200
760100
714800
713600
716600
714600
713300
718100
710900
711100
749500
712400
711900
715900
716500
715500
715100
713000
713600
714600
712600
717700
712100
709900
715800
713800
715400
713900
716700
714800
719400
712900
711600
713000
713000
719200
715600
712700
710500
717800
720200
817500
826400
715700
715700
713300
714300
716400
710800
713700
713100
714300
712900
713800
714000
713100
717300
713200
712900
720900
712200
713600
717200
711900
711900
715100
713200
715500
716300
712500
718300
713600
711500
723300
713900
721000
719800
716000
729700
727000
733300
713800
726500
715800
727500
720400
749500
748800
1414700
875800
843900
895700
841100
841300
841300
876200
861700
873200
878700
872100
846600
838500
845300
837700
884600
851500
861600
871500
877200
856100
834600
834900
837000
834100
838600
831200
723000
718600
718600
724300
720300
715600
721700
713000
717900
719200
713200
719200
752300
720800
719300
727700
713400
713800
714700
714400
714100
720000
714000
724100
715700
728400
730100
750000
713600
731000
717000
718900
724700
712500
718200
724600
715200
710900
712800
720500
761200
728100
711500
719900
718400
715800
713800
718400
714600
719600
714000
729700
750300
723700
719400
791100
720500
716600
730800
721700
725800
762800
738700
731900
741600
734900
750200
718600
724500
766200
771800
739300
734500
734800
720800
772700
751400
727200
748000
734300
729500
734700
735400
716400
719200
722900
713400
762300
757700
753700
827700
794000
759300
724000
715400
716400
719500
719900
718100
715000
711000
718100
712900
713900
723100
712800
711500
714400
713700
712200
715600
718600
710500
720900
713400
715700
1343400
713600
709800
716500
715500
716800
713400
714500
714800
738000
713200
715700
716800
711200
717500
714900
715100
718300
711600
720000
715200
721800
723600
715400
712300
716000
745400
754100
727800
739300
720900
768300
766200
730000
734200
762300
738300
725500
723100
764500
717600
769400
770400
725100
741900
734300
773800
731800
713300
784100
785600
784700
723400
717200
783700
748000
753200
729900
716000
712000
721100
713800
715400
723300
734100
715200
717800
717700
714400
717300
717300
712500
736300
786900
730100
793700
719900
828000
810600
836500
879400
859600
848100
878000
728000
768100
802300
855700
870000
901100
856200
831300
811700
717100
714900
717100
723800
715800
725800
714500
716300
736100
714600
721900
730200
716500
727500
717900
720300
722700
715400
723900
732100
777000
810900
729200
733300
725500
726800
763300
732900
740500
724600
746300
723600
725600
717900
735500
723900
768400
739300
723800
777500
808900
723800
730600
716700
714600
720500
729000
715100
724900
717700
719200
1308100
723100
715400
742100
721400
729100
721100
730400
721600
717300
714100
721700
714600
713700
715400
715100
729200
725600
713400
848200
743900
750600
714100
721000
733500
714700
720000
714600
736800
720400
805700
725700
714700
715000
722400
715500
715000
725200
718500
714000
731500
713200
712200
742800
723100
714600
715500
827000
747300
728700
719900
731000
878000
724600
715100
731800
748000
737000
745900
717700
717600
714200
753600
729800
713500
731400
856900
812400
853100
830400
718600
850000
843800
812100
761700
810200
854800
834400
831700
747900
733300
842300
792500
842500
816000
766800
864400
765000
862100
876600
884200
822800
867400
837700
835500
807100
854200
855200
854400
1657500
1345600
1333400
1055600
1056500
767400
763900
723200
931100
866500
879100
912900
860000
777200
854900
856700
875900
864500
852600
854400
869300
877300
812000
803100
906400
735200
886100
873600
803500
753400
857100
831100
839300
784100
783000
784200
827700
800500
790600
785800
811400
934000
959600
892300
899800
1663600
772100
776300
794500
754200
792200
828000
971300
781700
825700
762000
823400
773200
762100
787200
776300
716600
721700
723900
714900
716900
729600
714800
731400
720700
717600
723200
718500
730200
719200
719700
787100
719900
714400
725900
715500
776800
820800
846900
738200
851600
775600
812500
804500
764100
803300
839900
904400
847200
872900
818300
851300
785500
805700
796400
853100
775200
736700
726300
723500
720900
722800
716400
721100
925000
714100
723700
860700
796600
884700
905700
926900
935000
913900
906600
756000
797300
783200
803200
814700
835600
794800
829800
812100
853900
800000
823600
739200
714800
726000
716200
714700
719500
713200
712900
715900
716600
743300
723700
839700
712300
719200
716300
713800
721900
711900
712300
715100
717900
850400
828500
815200
838400
825700
830800
824900
777800
850500
726300
712600
713600
745000
714300
720600
720300
722300
715800
716700
711700
713600
717300
712100
715800
714100
771200
829000
842400
802000
820800
867000
715900
791700
815100
830000
1543000
803700
795800
774300
819100
783900
835400
887200
859100
805000
738800
719400
712800
721100
791500
723900
743800
808000
858100
836300
762500
857000
800000
840900
843900
904300
871400
876700
843700
916100
859700
827300
809300
837000
811000
849000
784400
802500
818900
835400
898100
879100
819300
800600
761000
815100
845600
809300
827800
813600
824100
813400
838100
837600
825600
840000
888500
895500
895400
876400
856800
877500
858900
899900
899700
868400
820900
891400
843900
765300
816600
863700
778100
843800
916500
867800
921800
859800
834600
894100
916200
875600
874300
868800
883300
804400
858900
836100
806900
786300
869900
906200
866200
818500
820700
841700
859100
854900
904800
779900
856100
836300
752100
890200
868900
855800
867600
888500
825400
875100
860900
823300
878900
854800
841300
856500
908000
857100
880500
865000
899900
918700
877000
930900
934900
951400
917500
949900
853100
951400
898300
773500
773600
871400
723300
736600
715800
717800
720300
715900
865000
861800
904400
827800
1490200
713300
718400
718300
726600
820600
777500
822100
786800
772900
820400
836500
790200
828300
827300
834100
782900
816700
842900
746900
788200
787700
824000
801400
811500
816500
790200
755500
836600
833500
775200
815700
784600
804800
798600
783200
789800
778800
806200
741900
816300
839600
814100
873200
866800
863800
868700
874900
871100
875700
878100
863600
890900
879900
848600
844400
894700
893700
836400
890900
868800
868200
862100
884700
889100
835000
848000
845100
855000
862000
816900
848000
834500
870100
876000
839300
774800
833300
848600
813400
849300
855400
754800
845400
843200
803700
862600
848500
800100
822700
870100
860300
842200
907600
911500
929600
807400
867100
885600
905100
901200
869600
924200
971900
898100
876900
838400
806500
894300
877000
882600
834100
885500
903100
835900
873300
866100
913300
905700
938700
892700
931400
921100
839100
863200
842000
923200
961900
950800
976800
971000
891600
869600
990500
908100
860700
835300
837400
839000
976600
919100
918000
917200
896500
1833100
926100
924600
942100
927600
925500
917900
938900
901000
920600
888000
895700
938800
876700
898800
913400
911900
896700
920400
925500
873700
909300
918200
903000
904200
916900
935500
896500
856900
947900
904400
933600
976600
896500
872100
788600
794400
807900
791200
807700
833200
796000
778500
784400
847000
786000
803200
848600
774200
828500
824400
819600
827800
831800
821800
922100
879500
908400
879600
824800
918600
934000
921500
829000
862000
798500
906400
895100
891100
805700
859900
900700
809900
919200
931700
878700
899600
793900
780400
887400
815300
876700
962400
932900
888800
936900
881100
863700
844000
802400
867200
796500
908900
813800
872100
906600
922800
844000
830600
860100
830500
774000
794500
823900
821900
836400
899400
831000
775600
774400
749100
717900
727800
742000
770900
810500
849100
810400
781800
801300
815200
815700
806200
794700
837800
856800
832700
864900
875300
917400
841600
843900
816900
799300
773800
838400
873600
824500
849100
812100
815500
796700
826600
770800
817600
1567200
792900
782800
721400
794700
715200
808100
764900
857100
901600
892000
801300
908000
890800
907400
882600
897700
821200
855700
883900
880800
855500
871600
894800
884700
854000
877400
849100
847700
837900
857300
800300
882100
876600
804000
803200
842300
720300
806300
907700
772100
844700
893300
961800
946000
935400
969800
953100
956900
967900
955700
890100
964600
957100
921700
946800
908500
923400
932800
899100
950800
928000
919600
936000
937500
913400
903600
925500
887100
935200
1158300
939700
939600
898100
921700
874500
949200
926600
897900
923600
868200
844200
893400
921400
917300
935900
843900
909000
743000
726700
797000
805600
802200
763900
778300
844600
809300
804900
828700
763800
796600
791600
842900
780500
786400
870500
782500
833800
832200
826800
846900
859700
815200
804300
814300
784500
755700
781700
792400
786800
753900
826600
774800
836100
809800
779500
753400
832700
850000
835300
892500
837600
841500
853900
791800
849200
826600
777500
866100
867200
855900
913700
931100
885500
1721100
906200
781800
868700
816100
846200
844600
866000
799800
897300
861200
847900
848800
882900
873400
843300
839800
896000
862300
899000
913700
823900
892300
901200
838200
1006800
871000
893700
934200
776500
900400
811900
902600
837900
864200
870100
798600
876100
802100
799800
845900
810200
889900
824100
786500
890500
776700
896400
814800
810900
816100
857900
723800
718600
719700
718300
719300
742000
719200
714700
716000
717000
713400
743800
760800
853100
823900
853000
805700
730100
718500
711000
722200
795300
857700
858000
775800
811400
811800
876600
844300
758500
807500
851000
905700
802900
851900
826600
826900
846700
867600
893900
889300
855900
891700
875400
842100
899600
864200
861800
834500
835200
846000
831000
838500
844700
816700
850300
824800
826800
882400
888300
850800
965300
901300
920900
799900
880100
910600
891600
850200
926500
815600
890100
867600
786900
837300
840100
762000
843300
848200
828500
883100
841900
788900
943500
865600
814600
947900
798100
774800
914800
905300
819400
1661200
850000
860300
850600
852800
789700
816500
878800
898400
958800
975700
970600
986000
980800
951200
921700
947700
920800
972700
984400
919200
954700
934000
984900
966900
955400
953500
913400
973100
953500
934400
955000
914700
914300
864600
752600
783700
768400
776000
834300
781000
807700
720700
717100
716300
721000
774200
799600
795200
752600
758700
789500
853400
776500
862900
836200
821800
798300
812700
784100
882400
882900
794900
784700
807400
893800
743100
793700
796200
765300
866000
812800
786900
781500
809500
793500
815300
791700
817000
750100
796800
793100
797600
842300
839300
848500
841700
819300
823800
765600
846900
842900
877800
794500
856500
832300
813000
832000
857800
840400
836700
810900
791300
815300
774700
841000
862100
871600
814800
834500
853000
834000
804700
863000
862700
820500
850800
790700
851300
797200
795800
849500
833700
868100
864000
809900
805400
887700
820700
859300
882800
893100
885600
913700
801900
852700
846200
890900
892300
802900
884700
862100
882100
764100
862100
1505400
758200
817200
780900
794300
800200
799200
825600
787600
772300
829600
806600
811300
754700
759600
831800
776100
724800
729800
716900
714400
710400
710600
716500
717300
714800
714300
711800
710900
715300
741000
713100
738500
716300
714600
721600
714900
713300
716700
749500
790400
871300
850900
787700
789000
712600
713700
715200
730600
859600
788600
766400
784000
761200
821900
788200
822100
746700
833500
817300
800700
858000
820900
788400
833400
847800
785200
817600
1524500
1334700
829700
810100
802500
829300
796100
815300
806600
811300
755100
804100
822100
821000
802300
827000
788600
1005800
806300
903900
849600
906500
906000
907600
866500
826100
884000
872100
877600
828400
829300
878100
840900
889600
894400
906000
836500
903000
859900
807800
886800
873000
898300
887500
889800
890100
880000
837400
884600
854400
876500
873000
846300
869300
872100
825600
823800
837400
764200
836800
841900
765300
796100
961700
801900
849700
865000
865800
871500
846500
853300
841300
803700
884700
863500
847100
909700
1600200
945600
879600
759900
916700
929900
936400
886500
860500
920800
910900
910300
918400
798700
834800
821400
865200
927900
833700
836800
807600
719900
717700
743900
716800
857600
764100
852800
866600
823700
826000
866800
944500
860000
848500
820500
854600
891500
871600
800500
859700
827400
863100
862200
831800
784700
870700
819500
854800
789800
846900
898900
806600
807400
798700
784300
798600
736100
815500
798000
808400
823800
808900
854800
800100
826400
776100
780900
853800
845300
827200
810100
867100
1065900
815700
868500
810700
795200
843000
868000
854100
827400
819500
832900
840200
895300
860500
846300
885500
848800
854500
855400
875100
786700
847400
839800
868100
814300
846300
792200
885900
847200
854600
858200
840700
818200
1308500
812400
775600
837600
856700
801500
886900
810200
785100
857900
785800
855600
833900
851100
852300
853500
859500
785400
861100
867000
826800
822600
786200
944400
856800
772700
770300
739300
717000
719600
739600
768000
725200
1897600
801300
751200
749600
715500
824300
1585800
839800
779500
805700
1200000
987400
867100
908500
885600
935900
889000
939200
925700
942400
967300
938800
922200
929200
935900
978800
1005400
932900
889600
950900
915700
914500
900600
912000
874600
946900
903400
889300
899000
966200
954300
954300
967500
870300
1008600
883200
900800
961500
904900
917000
886500
923300
908200
875000
897200
916600
895500
901200
905300
843700
823700
813600
771800
810400
861900
748600
745400
845400
792100
821000
801100
814400
786400
800500
748900
810900
780700
811400
849400
808800
784600
778200
747700
842900
816200
820900
819100
806700
808200
782400
783500
787000
743600
951600
806100
778200
836200
794000
834700
858500
863600
747500
835500
721700
834000
746900
792100
822600
785900
747300
762300
791000
797600
818200
797000
799900
818800
820200
796000
759800
853200
749200
874300
842300
824000
784000
751900
740200
842600
718400
857100
843000
839600
800800
799000
847000
849600
808600
774300
824200
806500
773200
816200
816600
826500
810600
773700
782000
817700
774700
761200
1596700
785200
818400
788900
803600
830700
802000
856600
796200
808500
798900
798500
814700
786200
830600
903900
876700
845500
826200
808000
867800
876100
817600
853300
836100
810400
821200
844600
851100
858700
838700
937500
897700
760700
935500
933000
943800
802200
895200
926700
946000
899700
911800
936200
833900
888800
923500
911300
797300
938700
863100
911800
846200
854000
916600
953200
885900
913600
859100
832500
895800
920900
846700
800900
865500
771800
885100
870900
874500
853800
840900
848300
805900
801200
833400
867200
821100
869700
733500
888100
819400
863300
881300
896700
789700
754100
728900
714000
868600
768100
817400
851700
820700
806700
824200
793900
819600
804700
811400
838700
888600
1003700
833000
786000
793500
832300
826700
817200
815400
763000
781900
820200
836000
829900
822000
764000
739100
793500
777700
816100
806900
814800
777000
763600
764300
812300
794400
843300
810200
859200
860200
808400
870700
868400
841800
900500
800200
848600
823100
779300
834000
820000
794400
867400
857500
1565400
909800
881500
826600
903400
879200
904200
912000
935100
909800
858500
821300
900100
906400
867200
848200
832900
865600
859500
803700
859300
823200
866000
838900
888600
816100
863500
826000
874400
898300
889400
840800
892700
796800
895400
861800
874400
876700
840200
820900
789300
858200
860100
830800
842600
806300
949100
890600
904200
1582200
846100
830300
835200
844600
895700
823500
794800
944600
834600
877100
876400
865600
880300
879500
926400
904000
872800
773200
766700
860500
789400
858900
889400
874600
913200
860800
847100
821000
839700
838100
786900
827700
829100
815500
840900
744800
841500
830700
779400
802700
806900
788500
794600
819200
734600
858200
791900
779300
822700
798400
930300
897400
860700
755700
887500
897600
900400
848800
872200
833500
809400
877000
849000
794500
857200
856000
785200
863700
849300
816100
846400
855100
851500
948300
819100
777700
929000
959100
876000
958800
991800
951600
931200
837000
852600
841400
859700
858800
853400
844600
834700
807400
788200
805200
792400
1463800
750800
800100
892900
819800
826200
778800
713900
717600
711600
715400
887000
821400
881400
876700
804500
824300
865700
907300
935500
911400
943600
927200
939300
896600
905300
920400
885900
899600
819700
806300
761300
814000
795800
817300
815400
818500
773300
752200
792800
795300
785000
722000
787700
810900
716000
799000
850600
720600
857600
845500
872100
952500
863300
882200
889800
884800
880000
832400
878400
839400
855800
822500
848300
828300
847200
846200
830400
843800
766500
823500
865100
862700
814400
799900
853300
824200
828900
863700
841300
831300
813400
852000
842600
840100
857600
868100
848500
859700
857300
802700
863000
858300
857900
845500
848600
865700
862600
845800
844100
785300
839000
930100
858200
928000
815800
847000
823700
850000
851500
838800
802100
733600
858500
808700
903800
823600
885400
772600
872500
790700
874600
803900
812600
730200
786800
785500
728500
809600
877100
850800
829200
837000
787200
829200
840800
830900
996000
862000
858600
829200
838200
895000
818600
806600
879400
890600
891200
877700
883500
908400
896100
877100
888300
880900
848100
824700
830100
863100
901000
885500
853800
933600
869600
850000
943800
992000
972100
959200
873800
906800
920200
935000
821200
882500
894500
914100
895300
838500
833900
810100
866600
849800
795100
847100
855200
795100
840700
897400
784200
812800
861100
873400
804400
868900
817100
842300
804600
778400
817600
832100
838900
805700
827100
821700
870900
835800
849500
889300
861600
770400
883500
946100
752000
876300
777700
875300
786300
852300
815800
871000
817600
809300
859500
849700
782700
872800
840700
819900
869700
826700
827800
771900
857900
815600
781600
830100
803800
818200
873400
848600
796000
814600
844600
716400
721200
742500
840400
885700
883500
855800
873500
805600
854300
874700
887600
827100
835000
821500
821400
851000
827300
774700
820000
840200
816300
838300
815900
834900
823500
854400
858400
808600
824000
842500
880800
798900
832100
804500
834700
808900
876500
828600
810300
863600
853300
855400
853400
792900
1774100
835900
802200
826000
860800
772300
849300
827400
838600
842100
847200
771200
862900
872700
748100
818700
860600
796000
789400
870600
865800
825300
857100
780800
855800
855200
846100
862300
874400
864200
863200
840500
862600
770000
863900
834100
784700
798000
897800
819400
899400
874800
906300
933800
892800
888700
873400
880100
830100
836900
892400
924700
866400
886000
902700
854600
930500
794700
875800
864500
784000
884100
868100
752300
838300
754800
882600
883600
857000
788100
768000
832000
757500
749300
840600
924700
874500
772200
777700
940900
824300
803800
857000
877600
859400
879700
824500
831800
841000
839800
836600
854400
831400
835000
823100
850700
873300
849400
875100
869100
855400
794200
815400
818900
823100
824300
800400
750700
774900
787600
814700
840200
868700
886000
877600
766700
847400
868300
884500
831800
736200
834100
769000
762000
835000
1129100
997100
793500
835500
831100
789200
869800
802000
804100
859400
1352400
1405700
1375900
1282200
953200
960900
966600
973700
983000
1828500
858700
863800
1006900
835500
801700
855200
845200
849200
853900
793900
889200
746100
871300
856400
881200
866100
800700
885200
831700
839100
850800
824200
898600
853000
831000
868100
825500
827800
851100
779100
1018700
771600
836600
855600
850500
717400
717900
716800
722600
716000
864000
833200
857700
831900
773100
880000
809100
800500
810200
856800
790700
845600
846200
781900
861100
812100
773200
803900
809300
834700
825900
817700
739000
818500
871200
749800
797300
802200
801100
788100
765300
803000
745300
817700
783200
862400
820100
1010400
852700
862200
876000
843200
821500
816300
800300
1027500
793900
804500
837900
752200
766900
834500
835800
792200
838700
814400
835200
788400
849800
864000
873100
845800
858400
869900
797100
839300
849900
826400
869400
866200
828700
823600
857400
881900
895800
818100
858800
862900
832000
882300
1047900
845600
872300
901200
883200
891700
817800
868800
818900
915400
907000
841600
859100
896400
902900
804200
899500
923600
980200
863900
788300
880600
901900
1659300
804300
808100
876700
829800
836100
745200
714100
772200
783100
818700
853300
1130000
1118800
1116400
1098100
1171000
1185100
1199300
1149200
1144600
1041100
800100
891600
847100
822700
833200
849000
832100
790200
866000
840200
840900
845000
790100
893000
938900
800100
842400
829300
797000
835300
795000
789700
795300
801200
846900
802000
853300
949000
914700
935800
848600
953000
915300
878600
903900
777500
877100
890800
801900
897100
898800
878700
891400
904000
833500
924400
835300
890800
867100
898000
893800
879000
900200
814800
896000
830400
783900
797700
846100
854400
830400
863200
836300
921200
895600
932300
796700
867700
871300
844500
887200
871900
891400
882500
825100
866700
891100
822300
876100
863000
854300
839900
853900
873300
862400
813600
828300
878400
881400
770600
870200
790000
842400
766500
815000
830400
817000
726800
772300
835800
720100
763200
769200
856500
733000
805800
855900
772900
820800
800300
751600
767700
798800
823200
873500
793900
852200
747600
787000
801900
843800
892300
1754500
787200
870500
804500
815200
875000
873400
783300
846500
748600
861500
883200
865200
846900
836500
796300
845400
824700
818000
795300
794500
891600
720200
790300
803400
781400
754000
759400
823200
762600
819200
751900
826600
809400
781600
828200
810500
780000
895100
862100
797300
1014100
855000
864600
799700
831300
830500
828500
815700
800500
717200
717500
756900
746300
807000
782300
750900
847700
815000
806200
825800
772500
817800
942000
852500
829700
829400
798100
785700
791200
781400
781500
1095800
804200
731400
799400
833900
803900
899300
814600
810600
828300
824500
817100
788400
724700
780700
795300
808500
866700
816200
792700
815900
778200
805000
833600
806600
795400
814000
819400
750600
804400
761000
774800
782700
850200
822500
802400
892500
799200
811900
911900
845900
850100
854100
895200
911800
946300
928700
902400
879900
906400
917400
896500
936500
892600
869100
845000
801000
1116700
941500
904700
777000
769300
827900
754900
816700
827700
796100
822600
942500
873600
913100
854700
1783500
830500
784500
886700
931600
897700
932100
932100
894400
867400
811600
895000
870200
893000
819500
881100
850900
824700
795700
793200
827500
816500
763500
814500
791800
802000
820700
803000
838100
824400
837500
907100
883000
905400
891900
852200
898300
926200
904400
796500
885600
837100
844000
861500
943000
866300
892600
856800
1187300
1192400
828500
849800
883300
1090700
1007200
857900
835000
837800
811900
824700
874700
865900
872800
783600
867800
782000
840300
880500
878000
817300
823100
809600
822500
860900
855700
832100
912500
799700
877800
853600
887100
792600
781400
963800
900400
890800
880900
998000
870600
848200
870000
905200
891100
883200
890300
834200
837900
860800
866000
780200
895700
800200
834600
831000
800100
822700
746100
761300
715300
730700
858800
841100
758000
923000
818000
870300
885300
886500
868000
832200
775300
812100
863300
864300
841600
844700
844700
868000
855500
838100
856200
800600
850400
875600
829100
817100
890300
834500
837100
848100
875800
790400
761700
773800
1685300
862200
894200
891500
963700
910300
846000
739100
857700
901600
866500
860600
866000
872700
901200
890900
933200
779200
950900
869500
911900
894400
864300
907300
884100
911000
895100
896200
884300
903400
907800
888000
875600
893300
913300
898200
900100
868900
903400
929500
906000
930300
818800
819400
908400
910300
864300
877400
885000
872200
889500
915500
959800
878600
885600
913900
946000
885700
881700
834800
865500
869400
836200
829800
893100
858500
809300
881300
855100
849300
891500
900800
816800
898800
864700
866500
911700
882100
824300
858300
888700
839600
795000
962100
1134800
886500
776300
851200
849300
782200
806300
788400
806500
775400
818200
794300
811300
845300
1047700
1055600
1053900
1050100
1109900
1086000
1096900
1083000
1069100
1349700
1350000
1282600
1264500
1154600
917700
897800
993600
874700
828700
834800
836300
887200
904700
904000
923900
845500
921700
923300
937700
861000
823200
912400
841700
784500
876900
884700
851700
874900
867600
854200
859700
882700
847700
860400
928300
847800
1741900
838300
874200
927700
899600
897900
852900
895100
872900
890900
1019300
813900
836300
839700
810400
886300
876700
835900
905700
902800
853600
866100
856900
907000
876900
879200
861900
854400
806400
766900
883600
772100
1080900
802600
902600
887600
850800
886400
887900
917200
918400
791400
939800
938500
828200
926200
902500
902600
824700
774700
724100
717000
719500
864700
882300
899100
867200
829200
827100
900400
877400
874800
838800
886700
887100
856300
909000
908000
834700
901700
855800
857800
876400
834000
801400
849700
846000
806600
854900
804200
779000
852800
830000
789500
816400
811500
813900
769700
811100
821600
840300
1075400
847400
878600
808800
952500
920600
863000
880700
784700
822200
892500
851400
878900
824100
857800
870500
864000
848800
875400
808700
852300
862600
903000
984600
1033700
950400
970100
934200
946300
973000
945000
870000
858900
853800
848300
987800
853800
824300
879800
852600
832500
892800
973900
862400
1094000
963900
849400
849700
869500
896500
808700
851300
1057100
1944700
824300
861700
920000
897000
794400
934100
885600
858300
944300
868400
861400
869100
875700
922800
854400
945800
887800
851400
821000
898200
825000
908400
911600
931300
813100
900500
808300
880100
895000
892700
1101000
862900
1798000
1254900
977900
880400
844600
809600
804800
765600
781700
817200
782500
775000
737900
811400
773600
787000
760900
825700
793000
788400
764500
772600
782200
872000
873000
909300
932900
834100
950600
1098800
1126400
889500
768800
824500
865100
754700
872400
916900
837800
859200
786300
936700
790700
782200
939000
866100
883500
910400
878900
867700
971000
866300
857100
777000
839000
864500
855600
829100
937400
982400
817400
798900
844200
851800
801100
881800
871700
860000
2248000
2062200
1656800
833000
830500
811400
849600
792500
775400
840600
837500
837500
815400
891100
827200
869600
841100
913200
827800
794600
790000
813900
824600
828100
836800
786800
816400
872500
759400
799600
852400
829700
742600
820000
772900
790200
832600
783600
893100
904700
919100
894000
879500
1816400
881500
883400
899900
907500
940800
1104300
1159100
833100
803900
815900
830100
793300
782300
825700
799400
753800
823200
824400
842800
776000
856800
752000
808900
899300
880800
865300
824100
831300
779200
809000
792800
802000
793600
790300
869500
889500
778300
837300
794400
834100
838200
935700
824100
881100
1405800
1314800
888500
894700
863200
788000
858900
886000
813200
892400
855500
830500
888800
900200
806600
829200
849100
792200
788900
869000
846900
843300
799100
861900
820100
854300
854600
792500
852700
860400
853800
788600
882600
908400
859900
914300
837600
790300
841200
874900
866500
827600
1064400
885400
897600
946300
1053900
956300
926300
935500
853800
899400
987200
919700
909400
901200
969600
909400
933400
909500
923900
877900
931300
927100
935600
826700
819500
770000
868000
836700
819900
813200
798800
901800
831700
823700
804500
785000
810600
804000
792900
756700
784700
815600
986100
736400
774200
921900
796900
1077000
725200
922900
870600
888600
817800
866200
878400
885900
899800
1909300
852600
861800
829600
884900
785600
842300
863300
795100
891400
894100
835600
875200
869400
850400
926100
907400
876000
815100
873200
856700
840900
767900
846600
805000
865800
869600
852000
796600
891700
904500
851900
872600
844900
894500
812400
852900
841600
941000
930500
918400
928100
923300
898300
1020800
906100
934300
892500
909500
933600
907800
933800
909700
933600
904400
950200
946000
968300
832100
834300
795100
775200
769700
771100
812500
792300
787700
787400
1044100
953200
799100
792100
723300
728800
767800
783500
790300
863300
847700
804600
826800
835900
857300
852800
840200
831600
849900
804300
779600
888900
832900
803200
822200
836400
822700
819900
777800
831600
839700
848500
834000
756100
848500
853600
765100
823700
761300
861500
834000
805300
796600
812900
815300
872700
905000
869400
881400
792200
855300
907400
916500
855600
866900
894400
930900
860300
788000
805600
859400
862000
910700
800100
830900
928800
899400
810000
837800
865200
878000
813500
795300
821500
876200
853600
1725100
823100
876200
927200
840800
858000
925000
796700
975900
855500
778900
783500
810000
861600
877000
859800
851700
846900
855700
888600
798400
845700
843800
866000
793900
885300
858700
806600
814000
842300
837900
820000
785300
840800
834800
808600
864800
827400
796600
865400
853800
824900
775400
754500
786500
718900
727900
714500
725800
782300
714600
721900
811500
733800
876900
787100
716200
776100
765800
854900
714900
809300
840600
812900
793800
724700
720200
747500
738000
745500
726800
751600
723700
753000
714500
767100
832200
793300
848600
795700
713300
717300
724800
715900
719500
711900
714300
714600
712300
711700
719700
714400
714100
714300
712500
712600
717000
712100
714400
717800
716500
719900
713600
712700
720500
714100
716800
725500
719100
714200
718400
713800
726000
717300
714400
712900
718500
719700
718300
722600
994800
733000
714300
715800
737000
716700
717000
715700
718600
723200
719400
715800
720000
718200
715000
716400
715000
714900
722300
720400
718900
714700
726500
715400
1585700
710900
727600
717300
718200
714100
722900
712700
714400
716000
713500
714900
718700
715100
715400
717400
713800
712400
721500
711000
716400
715400
712200
717100
712500
715600
716900
714200
712900
716000
708600
725700
721300
713300
715200
716100
714000
714600
737200
714100
711400
720400
716200
713700
715400
722900
717300
718200
714900
716900
744200
713900
718500
716900
825200
721800
718100
724700
727400
718500
714000
717500
713000
715800
719300
712200
715400
725400
714300
712300
739400
712600
722100
715000
717000
745900
714600
719600
716600
713400
717500
715800
1034400
1038800
1032200
793400
726300
725400
716000
714300
721600
713500
713900
741400
718200
716500
714200
713200
716800
717400
712000
714400
721200
714200
718700
753600
716400
716300
713200
714500
715300
716000
711300
717300
713800
717500
715000
712400
723600
723200
712800
723200
714900
716300
737100
719800
718000
719800
765400
717900
720500
738800
714800
716200
709800
713100
741200
719900
723200
728200
760100
768100
808000
782600
1602000
725300
799200
828500
806400
781600
841700
729400
757300
740700
740000
725700
780900
781500
720700
751000
746300
725500
726600
714000
779100
778200
788800
767700
743600
724800
899300
838900
846300
842800
717500
717800
725600
841400
790100
805900
767400
825200
770500
742600
720500
720600
717500
733600
735700
717200
720800
715200
731300
726900
737600
716900
768100
736800
827300
723000
714200
712000
724600
711000
712000
716600
719900
713100
715600
710400
716500
715100
724200
720800
717700
734700
744900
724500
713200
723400
712500
714100
717900
713100
714600
719900
714600
713600
728100
711800
710400
722100
721100
797600
902300
811200
715800
722000
715400
717500
713800
746300
732200
725800
733600
758900
718900
711600
769900
712400
714800
724500
713700
727100
747000
775500
769300
724900
725400
717000
718700
714900
717300
753600
724200
769700
718000
717500
772200
715100
715700
723500
719000
764900
747300
756100
755300
742600
716800
786700
718000
713600
842900
728700
722200
714600
769900
723900
1582700
716700
711200
728800
715200
713500
733200
713800
716500
722200
713500
717000
738800
725500
755000
721400
721500
721000
736000
720700
725300
736400
714800
718600
717300
713600
727500
800000
746000
727800
715700
714600
717300
724700
717900
734700
1109000
1104200
831700
728900
733000
730300
722400
716700
722900
715900
719700
715900
726300
717400
712400
857700
849100
835500
840700
840000
839900
835900
839800
842000
847900
840800
851200
836900
840900
833600
842300
941300
843200
843200
842400
837300
841300
840300
716700
725300
715200
717900
715700
714900
718100
714300
723400
719200
720800
712200
734200
717800
714800
716800
715900
716600
722600
714900
723900
721200
704100
712200
717300
737000
714800
715900
719800
730500
728500
716700
716400
719200
715100
714700
720100
756300
718100
721500
719100
719700
722900
714900
714700
719700
713000
720100
717400
724800
739200
760500
729800
857800
748800
849100
917700
871700
893500
928300
888300
892600
794300
786600
808500
879300
858100
817600
785300
809500
1538300
715600
721000
754200
716100
714100
747100
776000
858800
862900
757000
716300
724400
716600
735800
715200
718500
724500
715400
714900
718500
720100
717900
725600
714900
714100
725000
717400
714300
736600
731600
716000
725800
717300
719700
718600
713700
741400
716600
714300
1133900
757100
718100
715800
722300
711600
720500
715400
717400
749500
714100
713700
720600
714600
832100
724700
716300
716900
767500
720000
713600
736400
719900
716900
727300
715100
715400
719100
716600
717300
722300
720600
732000
722500
714300
725600
721300
722000
735900
715800
715900
726200
720500
722400
732100
720400
718800
727400
715400
732700
782000
726600
718600
718200
722800
718500
714900
718300
749800
717200
722800
718100
721400
718900
722800
717400
719600
718300
726600
715800
722100
726800
726900
730900
720400
715900
715500
722800
717900
716600
719200
725500
717700
720900
726500
716200
719600
738800
748500
717300
725700
714300
720900
728500
718200
714900
722400
717100
720100
719400
720400
764800
744300
721600
1667100
846700
849100
849900
849800
841300
849700
897500
889200
842000
908000
847600
875400
862200
841800
839600
845500
844100
842300
848000
843600
836200
837300
833900
833200
810000
725700
717700
733200
717500
712300
735900
745000
750200
718800
737300
731200
736500
716700
736000
712300
723900
734700
753000
718500
730700
751800
726200
750200
749400
741600
762000
726600
775500
923000
741100
727300
740400
733800
721200
749300
738900
738900
729400
763800
718300
716800
790200
721200
782200
746800
748600
733100
748700
738100
727500
733200
742100
740300
718100
757000
752600
718300
733500
747100
719600
733800
734800
715500
716000
722100
727800
716800
724800
715000
723000
717700
718100
721000
716500
714600
716200
717500
713700
827600
725300
727800
720100
728000
745300
729500
760600
717700
762100
720300
715500
744000
768500
724100
730200
766100
728400
966800
1038400
747700
728900
740900
938000
780500
823200
743800
751000
732400
781000
782800
735800
743000
764000
762700
767800
722100
725300
784100
848300
1585200
734000
734300
725900
731800
745500
727800
753300
781700
737700
719300
730100
717700
732200
711900
748000
724500
724800
720700
728700
755800
731900
722700
734100
752900
751300
719100
726700
726700
729400
712900
713300
731800
715500
792400
729700
741400
728900
754200
734800
730100
736900
785600
717100
718100
726000
760600
755900
715200
746900
714400
739600
726000
725900
716000
721700
719600
738300
788500
734800
731700
766900
711500
715100
772900
715100
728400
780500
715100
729200
729500
723500
762700
769200
722900
724100
714200
716600
727000
715200
726900
721800
797300
745100
770300
753000
713500
723500
778300
717900
744600
713700
735500
721500
711300
718000
716600
712800
716400
712700
714600
719800
719800
711900
721000
752600
737100
753200
722500
725600
726000
725100
717000
716400
724800
716400
742000
734400
742300
812800
720700
719500
713100
717300
720700
713100
716800
716700
715300
715100
728100
704000
713600
916400
721800
715400
723300
718600
719100
715400
723800
729800
764300
719900
1551000
721900
731700
727100
728500
726200
723600
727900
722800
721700
747900
730000
728200
732200
720800
722000
720900
733600
723600
721600
725100
721700
718800
733800
720900
715000
726300
716300
750300
771800
734100
711900
712700
716900
723800
746600
721200
744100
729200
721000
729000
720400
722300
721700
726600
721600
728300
729800
718700
744800
712000
710700
739100
716600
717800
723200
712200
723300
723200
719700
716100
721500
716800
719800
713300
715700
717800
717000
720300
729500
730700
719300
722600
767000
734900
752800
731700
744500
742400
726700
714100
732200
739100
733600
737700
726600
728100
754300
719100
766400
744400
715100
716700
722000
759100
740500
747500
725300
743600
717300
712600
720100
714200
714600
720700
715800
714100
717300
712700
718600
721900
719600
713600
724700
716900
712400
716000
715100
828400
713300
713700
719600
713400
714600
745800
713400
715400
717500
716500
713300
713800
709500
711700
716100
716800
712100
714900
711900
717800
713500
715500
721700
713900
714200
1523100
730900
772000
727000
716400
714500
719600
714400
730500
739300
738200
725400
735400
718700
726300
733900
751400
728300
724900
739400
715600
720300
725400
731400
722000
727800
730000
719300
741500
720100
726300
713000
723200
726700
715600
722800
744800
715900
713900
716400
719800
756200
723100
735200
747500
723800
744100
755900
721400
763700
715600
717500
719400
820100
836500
719600
718900
713000
719300
716000
711500
721700
739600
738900
748000
736600
716900
765700
740800
758100
718400
737100
764400
743100
733300
722100
734900
733400
720600
730900
715000
723800
783600
723900
725200
716500
716700
719800
718100
715800
719700
718800
715700
750500
724500
754800
760100
729100
720100
729300
777000
731400
717500
747800
722600
760400
717700
724800
724600
717200
722900
720800
716200
752800
726400
752900
884600
776600
731800
783100
790900
762800
716600
732700
752600
727500
749000
756200
744400
763100
743500
764000
724400
748600
741500
726100
754400
759500
719600
784600
726600
733200
720500
753400
1533700
713700
722800
734000
743500
730200
728400
713600
732900
751800
725100
730000
765000
732800
722600
719500
718000
730000
735200
738600
716700
838000
761700
812900
723000
768200
745400
732600
758500
773600
774700
723800
733700
726000
735300
759900
760200
758900
766400
731800
808100
764900
732000
749000
747700
749200
739200
781700
778300
772800
791300
713500
776500
735700
710200
716500
713000
744300
720900
724700
714000
722300
744200
788900
806100
752900
810300
829000
839700
879800
868600
849900
864100
830400
859000
803800
819000
835600
867200
841500
850700
844200
861400
813700
830900
826900
711100
721800
719400
716300
763800
716800
719300
780500
780100
721600
810400
822000
975900
738400
742800
723000
787200
735100
750300
730300
756400
768300
757700
723700
762600
713200
756300
791300
788700
818400
725500
760800
717200
763200
730500
753400
789200
727800
726900
759900
759000
724500
714200
712900
726000
763500
714600
720500
709300
804600
719700
808300
716500
836200
756500
733600
735500
734900
1685200
715400
717100
717700
723100
718900
725500
713100
714200
717200
711900
717500
717900
715200
738600
715400
714300
714400
722200
725900
712200
715800
720700
720400
807500
718300
754300
738700
717700
761000
733300
757700
724700
746900
717900
744700
720800
714500
736700
733900
779500
724300
719900
814200
722400
714300
717700
718600
714900
728700
724100
733200
740200
718500
827900
723500
757000
716500
720200
723100
739300
728800
749300
713900
737300
714100
758100
722800
718000
820700
734200
735200
720600
753600
715000
726800
715100
731200
752500
713800
742100
713400
730100
729400
734800
728700
733900
714000
754600
714200
725700
713300
730100
717000
726500
717000
731800
717200
771000
726800
749000
718200
745200
725400
744300
729800
715400
837600
791700
846400
804500
815700
816500
725500
722100
739700
731300
713700
770000
728500
712500
729700
722700
737700
723500
718800
723200
743000
743200
731300
729200
756500
772200
790200
715300
718400
724500
745100
767800
740100
730500
730100
735800
739500
1674200
777500
791400
751500
741200
806200
724800
722500
774800
776100
733400
730400
778700
797000
789600
804900
752800
724400
717700
714100
712300
714300
731800
719700
716700
717800
718400
712200
716400
718300
716800
717200
714200
723400
746400
715800
734600
731700
718900
756300
728700
728900
717300
722500
729200
721900
732100
715600
730900
751300
730800
715200
719100
771500
741800
728900
769100
731600
1034800
742100
735300
743500
736000
737300
725400
714700
714500
718700
714800
715300
724000
734300
734000
733000
776800
815600
722400
742800
758900
738200
745400
730500
780800
754100
765100
765200
773000
732700
715300
716900
730500
731500
733300
740400
713300
716500
746500
793600
726400
718300
720200
745000
730600
731900
718400
734500
738300
730800
720300
732700
725500
714900
744800
742000
737900
735400
716600
714900
720200
776400
739700
780200
761200
738100
748800
722700
726500
728200
728900
719100
733900
737600
724200
744500
712000
727700
727900
737300
719300
746700
721200
737700
725200
733800
1481100
752600
740500
730300
720300
717900
1150700
896300
713200
729600
714700
757100
727500
715300
735100
728400
714200
729000
734400
717700
751700
721100
715000
736200
724300
733400
766800
718000
718300
721700
740000
718800
732800
755200
724900
717700
729500
712400
729600
712700
742300
725800
747300
743200
744300
720700
720200
713400
721500
722800
743600
717900
797500
738400
827100
719800
735000
765800
722700
731300
738000
724500
721200
748400
761300
714300
747300
719800
749900
722100
733900
721100
718700
713200
726400
730600
714000
731800
718500
729200
715800
740200
727700
737600
747500
752700
716300
747600
718200
746600
716800
716100
727700
721800
717000
740700
717300
717000
742800
715400
741600
716100
722500
733600
744900
714000
713400
714900
713900
719300
809600
715500
714700
766300
733700
730900
850700
796300
715300
736200
714300
735200
721100
741000
744600
714100
754300
739500
752200
718500
746600
716000
727600
716900
722800
714500
723300
736100
715000
741700
768500
725000
725000
727500
1540200
714300
717100
720800
718100
711000
717800
713000
721000
716100
711600
711800
718400
710900
774600
719900
718100
714200
722700
714600
714900
751600
713300
717000
716700
713100
718600
774900
717500
717600
716700
718200
715500
716700
730600
773600
715100
714300
719700
720900
718100
722200
718200
717900
724700
713800
728100
718600
712100
717900
718500
722900
724600
728500
715200
723100
721100
716800
727400
747400
721100
736500
714100
752100
719600
717600
725800
714200
717200
714500
733700
758500
738400
716000
736700
724300
737500
711500
752800
755200
712100
716900
719400
717700
1093900
1096600
1097200
1102500
1102900
1126900
875800
841400
839000
836000
830900
840400
835700
839000
840900
833700
833000
835800
832900
837300
833200
850100
715200
743300
716400
715000
723400
713500
712100
718000
720300
712900
716500
711300
714500
715600
796000
748300
714800
747500
734200
714800
718800
727500
734800
720100
771100
716000
731300
721800
754500
716300
738600
735800
718600
735700
719700
757100
725500
739700
1583300
716100
731200
716600
712800
713400
728800
746500
713500
740000
730800
738600
738600
804900
812300
864700
751300
747700
768900
838600
813200
727700
719700
723800
717300
714500
812400
717100
715200
722000
736500
717100
743600
714600
714500
745800
736200
850200
732500
732700
730700
713900
740300
725000
730600
732200
721600
708300
713900
721500
718200
715200
745700
715800
714700
715800
720200
743400
725600
726500
714400
778800
756200
744700
738000
739600
715800
735600
733300
743700
776800
734100
763000
728500
739000
733700
798200
722900
785800
736700
778300
751500
720200
739900
744100
716500
727500
725200
753300
736800
732800
713200
712800
719900
713400
717800
711000
710400
723400
712200
714400
713400
714000
713300
714700
713300
714200
717500
711500
712700
714300
713200
713700
714200
712800
715400
720100
717100
719500
719000
716000
726600
726500
721200
725500
714700
718500
715200
713400
715400
713100
712200
715100
752600
715600
712100
718700
720900
714600
712300
742400
802100
736900
833400
1582700
886300
851700
879200
849600
852100
871100
871200
769600
897300
862800
792600
846900
772400
855700
821700
763500
742200
725600
756600
815700
741300
719000
813000
774100
782300
768400
728700
748700
763900
875100
753800
739100
720700
717600
804000
837800
856100
721100
722800
715900
715900
717500
713000
715600
711100
719500
716900
720200
715600
711400
713800
720600
721600
714300
715400
713500
712400
720600
718200
712500
727400
874800
814000
880300
773300
797700
795200
880600
856700
826900
856800
883400
720400
741300
789200
715700
718200
760600
753700
740700
731500
727600
712100
734300
712700
713900
728300
742400
781400
799500
802000
720800
744100
724500
724400
832100
1051500
988600
748600
772100
726000
747000
716800
723300
719800
719600
725200
715300
717200
724300
712900
721400
893100
713000
713500
721400
726500
714300
717100
717500
719500
716500
719600
721400
715400
717100
718200
714500
715500
716000
716400
771700
722200
748700
717200
742800
721400
721100
716000
757800
726900
730400
713400
1563000
709300
729800
717800
731300
718500
740200
713700
713700
728900
721100
726800
750300
777700
763400
734000
726100
744100
781300
724600
790800
778800
731400
732000
801000
737800
761600
730000
811100
794800
747900
727100
815900
768300
760100
723800
756100
933800
722600
741200
718500
740500
715700
719100
724600
735900
722000
715500
725500
718200
714400
712000
715700
721300
712400
717400
713300
745200
715900
716900
712100
724100
1083800
908300
815100
717100
718500
721000
750500
720500
716400
786000
725000
756900
717100
743000
715900
712500
724100
731800
734700
716500
712300
734800
719900
713600
813600
743000
712100
714400
714300
733300
712600
749100
714200
719900
718000
725300
725000
771800
803900
721500
756300
713100
722200
746000
719700
717800
715400
717600
720400
713800
722700
721400
721300
723400
855600
723000
758500
724100
748800
789600
718500
794400
754000
717100
747700
723100
731500
740000
835900
753600
770200
741100
1024100
959800
753700
747300
754200
720800
756200
711900
731600
715200
1655600
716200
714800
734400
721900
714400
719900
716800
717000
714800
713100
716500
721600
714600
717800
713600
713200
718700
715400
715600
722200
722500
717600
718600
716200
719900
722700
728100
778600
734700
715400
722600
757000
717800
721800
728700
718300
836500
725700
723500
774000
730800
724800
728300
735600
719900
730300
721600
722000
736100
722100
805900
753800
742600
724300
724400
745000
719500
757200
720100
714000
734000
715300
744900
766200
719900
796200
739900
872900
736400
781900
831800
740200
714700
718800
721600
721400
716300
850800
860700
735900
747500
805000
869500
855100
717800
740400
723200
745700
752600
737600
717400
714300
740500
712600
739300
736500
734300
723200
713900
712900
740000
805600
718000
752600
714800
715100
721600
722700
716100
721300
718600
720700
719800
718600
714800
725700
714900
722100
717400
716500
796900
719500
725300
777900
724900
746200
719000
731200
714400
744500
722600
725700
762900
716800
715600
730300
755300
716900
755500
732700
737900
732400
746600
1689900
884900
788300
743600
718300
749400
729100
717300
732500
750700
774000
742200
742200
724900
735100
713500
714400
720400
751200
713600
723500
714900
717800
743200
715400
723900
750300
731600
717600
738600
718200
733000
725000
748700
733000
739800
715300
825500
719900
729700
713200
718700
716200
717400
725500
720900
716300
715700
715900
731200
714400
714200
725900
712600
711900
796400
711300
710400
721800
721300
713000
720700
711400
798200
747900
735800
735700
735600
732000
749300
761000
739200
730800
745000
716900
745200
726200
716400
723600
728800
716900
721100
718400
715500
784100
747400
718200
750800
716300
751800
720500
719000
894300
906300
837500
846700
845300
835400
894300
832800
838000
842000
835300
907000
837000
833500
840200
843200
838200
846300
848600
834000
874700
767200
763000
725900
720400
958400
721300
714800
717400
719200
713600
716700
725100
803400
796500
780100
782300
822100
727300
762200
775800
878500
838000
917100
866900
802500
810300
907800
845700
824900
875200
862100
1520600
719800
713200
724600
720200
715700
719400
712000
713700
764900
781000
752200
725900
718600
709800
715700
713400
729400
721700
715400
715300
720700
715000
740300
761400
714800
727200
719900
714900
730200
711100
723500
723200
731200
797000
810100
745100
862600
763200
793100
756600
833600
798600
723900
743900
736900
758300
757300
788400
734400
726700
721700
724700
763000
719400
718800
779800
762500
763700
716500
756000
768800
755200
737700
761700
757600
735100
729300
725100
718800
715200
714700
719800
732200
713000
726800
714800
713000
728900
712700
712900
716900
714300
758200
724100
723200
719500
749700
714800
718300
720900
721800
715400
719800
711800
716900
734500
733000
725200
713900
719000
719400
717400
726500
751300
716100
714400
719000
711200
713600
720900
712800
713500
717700
748200
715200
728600
720400
719800
777100
744800
731800
725600
731700
818300
717300
714400
723100
762200
854000
837900
758000
773800
827700
820200
771000
724800
726100
715900
731600
721800
717700
750100
749300
1608100
714900
712300
723400
713200
710500
716900
997100
1389300
1304100
1197200
977800
885700
713300
716100
723300
716600
721100
721700
718100
715700
716600
715800
721900
731400
778600
886600
764300
722300
816000
858000
724500
718200
748700
718400
721400
717100
828400
730100
720300
715300
742700
717400
710900
774700
727500
729700
712400
711300
724600
736500
714500
721000
723500
744200
722100
758800
724400
772200
779300
760300
730300
754200
776200
813300
826700
777500
790600
762600
852200
867100
832600
832800
796300
767600
810500
877300
822600
830200
830300
875000
873700
840000
715300
721900
720700
718700
760300
714900
714600
716100
713200
764800
720300
747100
715600
713200
713200
718400
761200
849000
719400
718300
711600
929500
931000
755000
717000
717900
713000
722200
748400
713400
720100
714300
713100
715400
711500
714100
714600
711500
718800
711900
746700
722500
712200
712700
714800
711900
709700
739100
712200
712600
716800
712600
726400
715400
712500
709800
712200
714100
712300
715200
712200
1486700
715000
715700
744700
754400
715400
726800
715900
730000
729200
730000
718500
784500
755200
776000
741700
714100
788600
766800
735800
717900
752700
772900
754100
726300
713800
723500
724900
715100
719900
719000
716100
720200
742400
721300
717600
715700
837100
722400
722800
714500
720500
764600
715200
725600
715100
728100
744300
716700
717800
712500
712000
730300
712500
710900
717700
712400
738100
720800
715900
715000
720700
739300
714500
717300
729500
713200
738700
714100
712000
715300
712100
714600
713700
712400
718800
713200
711400
720900
764400
730800
718200
713800
750400
717300
717900
720800
721300
718500
723700
717900
722600
729400
721100
712700
718800
746200
710500
713000
716600
733400
720600
712700
714000
758700
716600
713200
717700
711200
713500
751900
714200
718600
721700
732600
718800
718500
715700
717200
735100
714600
725700
755100
717700
729700
714800
735600
721000
715600
729300
714800
711200
731300
723100
714300
712600
717800
714700
717800
718400
720600
717500
723200
737000
1513900
724300
716200
723200
719000
714200
723600
716500
715400
719900
877800
717300
727100
717900
715800
723800
725900
719600
721100
734200
717600
734500
724800
722000
713200
713200
726400
720700
720900
720600
726200
713100
728200
714200
718700
724300
719400
827300
726500
715600
713000
739000
719700
718600
724100
753500
723200
726900
714300
725900
763500
713100
725200
742800
717500
718700
732700
788800
724300
725600
727600
720500
726000
1028300
918900
770700
733100
740200
729700
733400
791000
724700
756600
743100
731200
745800
732100
738200
732800
741900
723200
738500
763600
726200
741200
724800
724100
731600
752500
734800
767600
719300
718900
726200
774900
725200
711500
720600
741800
716500
714300
725800
713200
713200
724300
753400
774900
778000
758900
723700
729100
717400
737300
722600
719000
721200
762800
717300
764500
754100
719200
716900
713900
715500
720500
712600
712800
713300
719200
714200
712300
717800
720100
754200
766500
716300
727000
731500
779000
766100
721500
764100
839900
727100
1613600
781000
726000
735400
793000
786400
730700
725000
717900
721200
807100
806400
742200
716200
741800
746600
717800
719300
717500
713700
739000
723600
712100
728100
1470100
840500
846600
833000
838100
720600
714700
736100
721800
746600
713000
719900
712500
713500
718000
715000
738400
715700
713700
726700
729100
714800
721400
714100
714500
740500
717400
736300
726700
744900
715800
727000
743700
716500
727000
715900
731600
722500
717900
720000
717900
713400
714600
716700
722900
778500
769800
713200
747600
792900
807900
725700
723300
728700
737200
775800
787300
834900
719100
725600
745000
724300
724200
725500
731900
720800
726200
740000
731100
730700
748100
777900
717300
715200
720400
731300
715700
720100
716800
756600
721100
715000
711800
715400
713600
714800
717200
713500
719300
715300
720300
723700
715400
710900
724100
716400
715400
720300
738100
715100
725600
719400
752500
724300
714500
714200
759000
715400
715500
723600
718000
716700
721300
714800
719900
719700
743400
729400
722100
714000
1525600
740500
717900
721200
716700
725400
720100
726000
722700
721500
713600
712600
765300
718500
716300
769900
720100
721200
718700
755500
711700
728600
723300
848300
760200
714500
772100
738300
732100
721500
711600
719200
720500
716100
712800
735100
713100
824000
718600
851600
715700
717200
720200
721200
731000
714100
722600
745100
713500
729000
725900
729900
723700
715200
717100
720000
719100
718000
720500
739700
712500
719500
717800
718600
721400
717400
714100
718400
730800
738300
729800
717800
742300
717100
715600
729000
715300
751000
795600
716900
715400
720800
739500
712500
725800
714700
719400
722000
731000
716200
718600
718300
751400
729600
714200
737400
716400
736500
745500
714300
737400
726000
739700
713700
763200
720900
722800
722700
722200
719100
728800
755900
714300
719500
716900
713900
721400
712700
718300
716800
713100
720900
715700
712900
723300
711900
715100
720600
715700
711000
714400
760500
737400
751500
711600
714000
722600
718900
717300
716900
719600
752400
728000
719100
1522100
716200
720500
721500
714100
710400
719500
951000
723300
730600
715800
716900
726900
730800
716200
721900
716800
715500
719800
714200
717700
715300
713500
719300
712700
733900
729100
721800
714300
763200
714200
718000
723400
715600
757900
719800
714000
833700
718500
714200
712800
714000
739200
722000
782600
719100
725700
718700
761700
725300
715100
732800
767400
731600
799800
756300
713800
714400
727300
717800
715100
727200
718800
718300
764600
722300
716400
725000
713300
756700
717500
716400
725100
781500
723500
725500
721800
715500
777300
712200
712400
716000
718300
713200
743100
738200
718000
729000
722000
717600
720600
718800
718500
720500
715300
740100
747800
717900
756900
726600
1066800
728600
750900
739500
739300
716400
719800
721100
715000
719500
844600
832800
710400
717400
713800
717100
724300
731100
713800
719400
716200
723600
737500
732900
746500
716400
718600
722300
719500
728700
727300
716400
716700
732800
715700
715800
717300
721200
763600
792800
722400
812500
767100
