71400
71500
71200
71200
71200
71500
89300
71300
71500
74400
71600
71800
76400
72200
71400
71300
74500
71400
71700
71300
71500
71400
71200
73300
73200
71400
71200
71500
71700
71900
71800
74000
71300
71400
71900
72900
71900
75300
71300
76200
71800
71400
71700
71400
71800
72200
71600
71500
71400
71400
71300
71700
71400
74800
74700
72200
71300
71800
71300
71700
71900
71600
84100
71600
71700
75400
71700
71000
71400
71700
71400
74200
71600
71700
71500
71600
71500
71400
74700
71600
71700
71300
72500
71300
71500
73000
73400
71500
71600
71300
71300
71600
74800
71800
71900
71500
71500
72100
71800
74600
71200
71500
71800
71300
71400
73000
71300
71600
79900
71400
71500
71800
71600
71300
71500
71300
79700
71600
71400
76200
71800
71600
71400
71300
78100
71200
71700
71900
71300
71400
71500
71200
78700
71300
71200
71400
71600
71700
71600
82000
71100
71700
81600
90600
89400
71500
77600
71400
71000
71700
71500
76900
103500
71300
71600
77700
71400
71300
81600
71600
71900
71400
71300
71600
71700
71200
71400
71300
77800
71500
71400
72200
71300
71500
71600
71600
71800
71400
85300
71500
71300
71400
71700
71400
71000
71600
71900
75500
71200
71300
71700
71800
71800
71300
71400
80200
71500
71400
72100
75500
71800
71900
71400
71200
71400
87000
80200
72300
71300
71700
71500
71500
71600
71700
71800
71700
81500
95500
71900
71300
71600
71500
71500
71900
71400
77900
76500
71400
71300
71700
71100
71400
71400
77700
79800
75700
72100
71700
71600
71500
72100
72000
71600
71200
71300
71500
71400
78400
71600
71500
71400
71700
71300
76800
71600
71500
80400
82600
71700
72000
71200
71600
72300
71600
74700
71400
71600
71500
71600
71700
73000
80600
79900
71400
71700
71600
71400
71700
71500
78900
78200
71800
71000
71500
71400
71600
71800
71700
71500
71900
71900
71300
71800
71600
71500
75100
71100
71400
71000
77700
92400
85300
85300
71400
77100
102900
86500
90100
85600
71500
78000
71700
71900
84100
92000
79900
73300
71300
71500
82500
78800
84100
82900
85900
89600
71300
71300
102400
80000
77700
77500
79500
71600
80500
71700
71600
71900
71600
71400
72400
71700
71800
71200
71500
71500
76200
71300
71300
71500
73000
71900
73500
73800
71500
72100
71800
71700
71400
71200
71500
92200
74700
71600
71500
71100
71500
71100
71400
71300
71400
71600
71700
75400
71500
71300
71700
71700
71700
71300
71600
71500
71600
71400
74500
75100
71400
71200
75800
72100
71600
72200
71600
71600
71200
71600
71800
71400
71500
71900
71600
71300
71300
72000
71800
72100
71600
71400
71400
72400
74200
71500
71300
71600
78000
71500
71700
71600
71600
74600
72000
71800
72400
71400
71500
71600
71200
74600
72600
71800
71400
71600
71400
71300
71500
71300
71500
71800
71800
71700
72000
81000
71500
71800
71300
71800
71600
71100
71500
71200
71700
73700
71400
72100
72100
71400
71400
71400
81000
71500
71500
71600
71400
71600
71400
71700
71300
73500
74700
71800
71000
72000
71700
71900
71400
88200
71600
71300
73800
81000
79900
80800
71400
71100
71700
71400
71800
72600
71400
71900
71300
71400
71800
71400
79900
79800
71200
71400
71500
71300
71000
76100
71500
72200
71300
71100
71300
71500
71400
78300
80200
71500
71300
71900
72000
71300
75900
71500
71700
71400
72400
76200
75700
75500
71700
71500
71400
72100
71400
71400
79300
71700
71400
71500
71400
71700
71600
71400
80100
72100
71600
71300
85500
71600
72400
71600
71300
71600
78800
71400
71700
71900
72100
71800
71400
71200
71500
80200
71700
71900
71400
71700
71500
71200
71900
71700
74200
79900
71500
71800
71300
71200
71800
71500
71500
81100
71500
71500
71700
71800
71500
71400
75700
72100
71900
71800
71700
71400
71500
78800
71700
71700
71500
71600
75000
71400
72600
71800
71200
75300
71500
72300
76000
74400
71700
71600
71400
71400
71600
71000
71500
78200
71500
72100
71100
71300
71700
71400
78300
71400
71300
71400
71500
71600
71700
71700
78700
71600
71600
70900
71600
71500
73000
1606500
71400
71700
72000
71500
75200
71400
71400
71400
71500
71100
71300
71500
71700
71700
71300
71600
72800
71400
71300
76700
72400
71500
71500
71300
71400
75600
71300
82400
71500
71100
71700
72100
71600
71400
71600
71600
72200
71700
77600
71400
71600
71500
71700
71200
78900
77200
71400
71400
71500
71100
71500
71400
87200
76100
71600
71500
71500
71500
72000
71400
71900
71500
76000
81100
71100
71600
71300
71400
71500
72000
79700
71600
71500
71400
72100
71400
71500
79100
78400
79400
71400
71400
71500
71300
71400
76600
84200
71300
71600
71200
71400
71100
71500
80800
80100
71400
71400
71500
71500
71500
71300
80600
71800
71400
71500
71900
73900
71600
75800
71600
71500
71500
71600
71200
71700
71300
71500
80800
72500
71600
71400
71700
71800
71500
71400
71400
79700
71300
71300
71500
71500
71500
71600
79200
73900
72200
71500
71200
71800
71500
71800
71300
75900
78900
71400
71400
71400
71400
71600
71300
78200
71800
71700
71300
71800
71300
71500
71300
79100
83400
71400
71500
71400
71400
71500
75600
71300
71900
71300
70900
71500
71600
71500
74800
79400
71300
71500
71200
71900
71000
71400
75500
72100
71500
71900
71500
75900
71700
71600
104600
71800
71400
71500
71700
71500
71700
71500
78700
71500
71300
72100
71300
71700
71300
77600
79100
71800
71400
71400
71500
71300
71500
71500
75000
71700
71800
71900
72300
71900
71700
71400
71200
71600
71400
71700
75500
71500
71400
71800
71400
71400
71500
71200
71700
71400
71500
71600
71300
71200
72000
78100
71300
71400
71200
71500
71300
71400
78000
71800
71900
78900
71400
71200
72000
77500
71600
71500
71300
71400
71400
71900
73000
71400
71400
72000
72200
71500
76800
71200
89100
71500
71300
71600
71300
71600
71500
71200
71500
71600
71700
71600
71600
71600
80400
71100
71400
71700
71500
71500
71700
71600
71400
80600
75600
72100
71400
71700
71500
72600
71800
71300
71500
71600
71500
71300
71600
71500
71100
85100
71800
71100
92200
71500
71900
71800
72200
72100
71400
71300
79700
81200
71700
71700
71400
82400
71800
71400
71500
71300
71400
71700
71600
71700
71500
74800
71500
71500
71100
71400
71400
71400
71400
71500
71400
71400
71300
72300
80300
72300
80300
75400
71300
71400
71200
79800
77100
71500
71400
71600
71700
71800
71200
71500
72800
71300
71600
71500
71500
71700
80500
71400
71700
72100
71400
76800
71400
80000
71500
72200
71500
71200
71300
71500
79700
71500
71600
71400
71500
71500
71400
72000
79300
71200
71500
71500
71500
71800
72100
79500
84700
73100
75500
75200
71700
71800
71700
71300
71400
71700
74800
71700
71500
72400
72000
71500
72000
72100
73700
73800
71600
71300
71100
71600
71500
71700
73100
71600
77100
72400
75800
71800
71400
71700
71500
71700
71700
71300
71700
71500
71700
71500
75800
71300
71600
71500
71800
71600
71500
75800
71500
71400
71400
71600
73100
79200
71500
71700
71800
71400
71400
71600
72000
71500
71800
71400
71300
71400
71600
71700
74900
74200
71400
71600
71500
71400
71400
71700
92800
71600
71500
73700
79500
71500
71800
71600
71700
74400
71700
80800
71300
71600
71500
71500
75500
74900
71300
71400
71700
71700
71100
71600
72800
71400
71200
71900
71900
71200
71500
79300
71600
72200
71700
71500
71300
71500
71500
74000
71400
71600
71400
71700
71200
71600
71600
71600
71500
72000
71600
71300
86300
71600
71600
71400
71000
71900
73400
72000
71400
71500
74300
71100
94600
85700
72300
73400
74900
71200
71600
71700
71500
71800
74900
71400
71700
88900
76100
71700
74600
74800
72500
71300
78200
71600
73600
72500
71400
71300
71600
71500
71400
71300
71700
71800
71400
71700
74400
71500
71300
71600
70900
71600
108200
110300
120700
71900
81700
71500
71500
80600
72000
71700
71800
72100
79800
71500
71200
71500
71600
71800
71500
71600
80300
71900
71100
71000
71500
72000
73400
72000
71700
71300
71800
71400
71500
75100
78600
71400
72200
76300
76100
71700
72200
71600
71700
71700
71700
71500
80100
80000
71500
71500
71500
71700
71400
71400
81400
71700
71600
71700
71600
71600
72000
76300
71600
71500
71600
71500
71500
71100
71700
71400
75300
71800
71300
71400
72200
71700
71900
90500
71600
72500
71300
91200
72400
71900
71500
71600
71400
71500
71500
71700
71700
71700
71900
71900
86200
71500
71600
71400
71500
71600
71700
71700
81100
76500
75700
71800
71400
90900
72200
72200
71300
77100
78200
71500
88200
71600
71900
71500
71700
77500
116300
71700
71600
85000
71100
71900
71600
71500
71700
71300
71600
74300
72000
83800
84100
83900
84000
84300
84000
84000
83900
101000
86500
89100
94900
86500
84000
84200
84500
83800
84400
95800
100400
83800
96400
95000
92700
83900
96500
84500
96200
93000
96100
88200
89500
91900
99600
92100
90000
88500
76800
93800
71800
82400
89700
71700
87200
71600
81000
76200
71700
71800
71900
71700
71900
77800
72300
71500
71900
71800
82500
71600
71800
71400
78800
78000
71600
106900
104000
71600
71600
71400
71200
71600
90300
71600
71800
111800
114400
108500
116800
105900
105400
106400
108800
110400
107100
103000
107000
103700
108400
110100
106200
109500
107400
107500
80900
71600
71300
71400
75100
71700
71500
75400
71400
102900
111900
80500
74100
79200
121200
71700
72100
71600
71400
71700
71500
73800
78500
72800
71800
71500
72000
71500
71400
72000
71200
72200
71600
71600
71400
71500
71500
71700
71900
71400
71600
71400
72400
71900
72300
71900
71900
71200
72000
209000
71500
71600
71400
71100
71200
73700
71900
71400
74700
71500
74500
71600
72500
71400
71700
71300
71300
71100
71600
71400
71800
73700
71300
71800
71400
89400
79800
71500
72100
71600
88700
73100
105100
83100
107000
71500
102500
71400
92800
101500
98800
103500
71700
71500
71700
71800
71700
89800
83400
97300
90500
92300
93700
88100
71400
93400
80100
91100
80700
106200
97700
92900
71600
71900
72100
75400
71700
72000
81000
71800
73600
74300
73500
71300
71500
71400
71400
72200
71800
71700
72400
71700
71400
72700
71500
71600
71300
71200
71300
71500
71600
71900
71700
71500
72100
71400
71600
72400
71200
73000
71600
71300
71300
71700
71400
71500
73300
71800
71700
71500
72200
71900
71700
71500
71400
72200
71800
71300
78600
85800
78500
74200
71500
71600
71500
71400
72600
71500
71300
72300
78900
78800
79700
80600
71800
71500
71400
71500
72100
71200
71400
71600
71300
72200
71500
71500
71600
80700
80300
80000
71300
71400
71400
71600
71500
71600
71600
71900
77800
71800
76700
71300
71300
71500
71500
71400
71700
75400
71900
71600
71900
71500
71800
71500
71500
72600
71600
71300
71300
82700
72300
71400
71900
71400
71400
71300
71400
74400
71300
71300
82600
71500
71700
71500
71500
71600
71600
71300
75600
71300
75500
71500
71600
71200
71500
71300
71600
71900
72200
75600
71400
71500
71400
71300
71600
71400
71300
71500
71500
71100
71500
71400
71600
71300
71800
71500
71400
74300
71400
91300
71400
71700
71900
71500
71700
72900
71600
71800
71500
74000
76100
74300
71400
71600
71400
71600
71600
71700
71600
71500
71700
71500
75400
71800
75200
71300
71700
72600
71500
71600
72600
71700
71400
71300
73100
71200
72900
79700
70900
73100
71800
75400
71900
71800
73500
71500
71100
71400
73200
71600
71700
71500
71300
71200
71800
71200
71800
71100
82500
71400
72100
71400
71600
71200
79500
71500
71400
80700
87400
71500
71700
71300
71500
71400
71300
77300
73600
71300
71600
71500
72200
71700
71300
74700
71300
71600
71500
71700
71500
71800
71200
76300
76600
71700
71500
71400
71100
71500
71400
71400
87000
75700
71400
71600
71600
71300
71500
71500
74600
71800
71600
71400
71600
72100
71400
71500
71500
71600
71300
71500
71300
72800
71300
71400
74400
71900
71400
71200
71500
71100
71700
74300
71700
71800
71600
71400
71500
71500
71200
71400
71800
71600
71600
71300
76600
71900
73900
71500
71500
71600
71500
71900
87700
71400
71900
71700
71400
74600
71300
71500
71600
71900
71200
71700
73100
74500
71700
71100
71500
71500
71500
80300
73800
71200
72200
71400
71400
71700
71500
77800
71400
73900
73600
74300
73600
71700
71300
78600
77800
75200
72200
79400
72000
71500
71600
71300
71600
71600
79700
81700
71500
71700
71700
71300
72000
71500
82400
71800
71700
71800
71500
71500
71400
71800
71400
75500
71500
71800
71700
71200
71600
71700
71300
78300
72100
77200
71500
71300
71800
71700
71400
82200
72000
87000
71600
71400
71200
75300
73800
72600
71700
71700
71600
71600
71300
71700
80700
81100
71800
71600
71300
71500
71400
71800
1278800
71500
71700
71600
71500
73600
73400
71400
71200
71300
71700
71300
71600
71600
73900
71400
71400
71000
71800
71700
71100
74300
73500
71700
71400
71500
71200
81200
71100
71500
93900
71200
71500
71600
71500
71500
71600
71800
72200
71400
78100
74600
71600
71400
71200
71800
75500
74500
71300
71600
71700
71300
71500
71700
76900
71800
71500
71500
71500
71400
71500
71900
71800
74800
71300
71600
71300
71300
71800
71500
74100
74300
71500
71400
72400
71500
71400
71500
73100
80500
79600
71300
71200
71400
71300
71600
71800
73100
73800
71500
71300
71200
71600
71500
71500
74500
71500
71600
71200
71400
71400
71600
75000
71800
71400
71400
71800
81300
71500
71200
71300
71800
71700
71600
79700
71800
71700
71500
71900
72300
72300
71400
80400
71700
71400
72100
71500
71500
71600
71400
71200
71600
71600
71800
76900
71700
74700
71900
71800
71300
71500
76800
78300
71700
71300
71800
71700
71500
104500
72400
71400
72300
71800
71700
79800
71700
71400
71400
72000
71900
71400
83800
80400
71700
71400
71400
71800
71500
71500
78800
79800
71800
71600
71400
71500
71600
71400
71400
71400
74300
71900
71400
71200
71400
71400
71900
71000
78600
79400
71800
71800
71900
71500
71700
71800
78600
71500
71400
71800
71600
71200
72300
71700
71400
80100
71500
71500
71300
71600
70900
71500
71700
76100
71600
71300
71500
71400
71700
72500
75500
71500
71400
71300
71700
79600
71200
71800
71600
71800
71300
71500
71300
105400
71600
72100
71400
71500
71400
71300
71600
78300
75500
71400
72000
71800
71700
71000
74500
81900
76100
71900
71100
78100
71700
71300
71500
71900
71200
71300
80400
71400
71500
71300
71300
71400
71500
71200
81100
75100
71500
71600
71900
71500
71700
74700
71800
71400
71400
71700
71300
71400
71500
71300
72200
71300
71500
71600
71200
71500
71700
71500
71400
71100
71400
71600
73300
71500
71600
74500
71800
71500
71300
71500
71900
71200
71500
77800
71800
71600
71600
71400
71600
71500
80500
87900
71400
72000
71500
71500
71500
71300
71400
87700
79900
81300
79700
79300
79600
71800
71400
71400
71300
72600
71600
71400
71600
79400
78800
79200
78400
71400
71600
72100
71300
71500
71600
71500
73000
72600
80700
71200
71900
71700
71300
71400
72000
75000
79100
71500
78500
71600
71400
71100
71800
71400
71500
71100
71300
71400
71600
71300
71900
71300
71300
71500
77300
71300
71800
80900
71500
71600
84000
71700
80200
74300
71100
71400
71300
71600
71500
71400
71500
71300
71400
71400
71400
71400
76000
71400
72400
82300
71500
79600
71700
71400
71500
71300
71800
71400
71500
74700
71100
71900
71700
71400
71600
71600
71600
71500
71500
71500
75900
71400
81200
76300
71200
71900
71400
71400
76500
71900
71500
72100
71600
71500
71800
71600
80000
71500
71500
71700
71600
71000
71500
71400
71500
72000
71600
71700
71400
71500
71200
71600
71500
71500
71500
75800
71700
71400
71500
71400
75000
71600
71900
71800
71500
71500
71900
71400
71300
71400
71000
81800
71200
71600
71700
71500
71500
71100
71900
71900
71300
71500
89100
71400
79000
71600
71700
71400
71500
71300
71800
71200
70900
71700
72100
80500
79500
78300
91500
71600
71200
71400
71700
71700
71600
71500
71500
71700
71400
71900
72100
71200
71500
71500
71600
71500
71300
81200
71600
71600
71500
70900
71300
71400
71600
71100
71700
71800
71300
78500
70700
74400
71300
71400
71500
75200
72200
71500
71500
71800
71500
71600
71800
73100
71400
71800
71500
71700
71600
71500
71700
71500
71400
71600
71000
71500
71600
79800
71700
72000
78300
71800
75400
71500
71600
71700
71500
71800
71600
71300
71500
71300
71500
71700
77300
71800
71900
71500
71600
71200
71800
71300
71700
71400
71500
71400
71500
71700
71300
73300
71300
71500
72300
71300
82600
71700
73100
71400
71700
71500
71400
71200
71900
71500
71000
71400
71600
71500
71800
71400
71600
71500
71400
71600
71800
71400
77100
71900
71300
71600
71400
71600
71600
71800
71900
71800
71300
70700
71600
71800
71300
71300
71600
71600
87600
71400
78700
70900
71200
71400
71600
72200
71300
76700
71400
72500
71100
71600
71500
71300
71300
71500
71700
71400
71500
71400
73000
72800
71400
71500
71300
71600
71300
71500
71300
71600
71400
71400
71400
76200
71600
82700
71900
71900
72300
71100
71500
71400
71600
71500
71500
71700
71600
72300
71500
71600
71400
72200
71800
71400
72300
71900
71600
71400
71400
71300
76400
75700
71800
71400
71500
71800
71600
71200
71700
71600
71700
71700
75000
71500
76300
72000
71500
71400
71400
71400
70700
81900
71400
75300
71500
71700
71700
74700
71600
81300
71800
71500
75700
71400
71600
71900
71400
70800
70900
70900
71400
71700
71400
72000
71400
79800
71800
83600
71700
71400
71400
71400
71400
71400
77200
71400
71200
71500
71500
71800
72000
71100
79300
82000
79700
107000
71600
71300
72000
71500
71700
71100
71200
71500
72100
71200
71900
71500
71700
71700
71900
78200
71200
71300
71500
71600
75200
71600
74500
71300
71700
71900
72000
71500
71500
72000
71400
75700
71100
72000
71500
72000
71700
71400
71400
71500
74900
71800
75500
71100
71400
71600
71300
71200
71800
71100
71500
71300
71500
74700
71300
76000
71800
71700
71000
71900
71400
71900
71700
71300
71400
71500
71400
71600
73800
79500
75500
79400
71300
71200
71600
72100
71500
71500
71300
71700
71300
71800
71400
71400
71500
71300
71300
71500
71200
71500
71600
72100
74900
71200
71600
73700
71700
71300
71200
71600
71700
74900
71400
75400
71500
71700
71500
71400
71800
71300
71300
71600
71400
71400
71900
71600
71400
71400
71200
71400
71700
71600
73900
75200
71900
75500
71600
71700
71400
71300
71600
71300
71800
72000
76100
71000
74200
72200
71600
71500
71300
71000
70600
70900
70900
71500
71200
71500
71200
79400
71300
71700
71700
71200
71500
71600
75600
71300
71600
71300
71400
71500
71400
71600
71200
71400
71400
71900
71300
71600
71300
71700
71700
71500
71100
71000
74200
71700
71600
74800
71800
71200
71200
71400
71400
71400
71400
71200
71500
72000
71500
72200
71000
71400
71400
71900
71800
71700
71400
71800
71500
71500
74600
74600
71500
71800
71700
71800
71300
71600
71800
71400
71100
71500
71700
71800
71400
71600
75100
71300
71800
71700
72200
71600
71800
71500
71300
71500
71500
75300
71300
71300
71700
71600
72200
71500
71600
71500
72100
71400
71300
76100
71600
74900
71400
71300
71400
71700
71500
72600
71500
71200
71400
71500
75800
71300
108600
191000
98900
123400
126900
119200
128700
122000
96800
71700
71600
71300
71300
71500
71700
71700
71400
71500
71400
72800
71300
71200
71800
71500
71300
82800
71600
77200
71500
71500
72000
73200
71600
71800
71400
71600
71500
71600
71600
72000
71600
73000
71400
71700
71200
71500
71300
72000
71300
71500
73600
71000
71100
71400
77400
71800
72200
71500
71600
72800
71700
73100
71400
71800
71700
71400
71700
71300
71700
71500
71400
71700
71500
71500
71400
71300
71200
71500
71200
71500
72200
73600
71600
71400
71500
71600
71800
71500
71700
71200
71600
71400
71300
71800
70900
71700
72200
71500
71000
71300
72200
71800
71600
73400
71700
71600
71300
73400
71900
71600
71300
71600
73400
72100
78300
74300
71500
71800
71700
71400
71700
71000
71500
71400
71500
71600
71800
71200
71600
72700
71300
82300
71800
71400
74900
71500
71500
73800
71700
71500
71500
71300
71500
71900
71700
72000
71500
71400
71700
72800
71700
73100
71500
71500
71400
71500
71800
71400
71500
71500
71400
76200
72100
72000
71700
71600
71200
71500
71100
71500
71700
71700
71400
71700
71600
71600
71400
71600
72300
71800
71500
71400
71600
71500
71300
71500
73400
71500
81000
71700
71400
71500
71700
71500
71900
71400
71300
71600
71400
71600
71800
71500
71500
71900
71300
71600
71100
71400
71800
73300
71900
71800
71400
71600
71100
76300
71500
77200
72900
71700
73100
71300
71200
71400
71300
71500
71700
72200
71500
71400
71700
71600
71300
71600
71500
71400
71600
72400
215800
81700
82000
91600
76700
85900
80000
80700
75400
71500
71500
79900
71500
77500
79000
71400
71300
71600
71100
71500
81000
80000
78100
71400
71500
71700
71300
71400
71400
71400
79300
71500
71600
83400
71500
71400
71000
70800
72100
71500
71400
71600
71500
71900
71600
73500
87000
117700
104200
97100
99100
112800
96900
90200
75000
71500
78300
93600
100700
71100
90700
94400
84300
80600
116700
109200
113900
103100
91900
93000
72500
92800
81700
71600
71700
89300
76200
94200
86500
94600
90800
78300
80300
94300
93700
79200
71900
71600
73100
71900
71500
72900
71500
71500
71700
74200
71600
71600
71400
71600
71700
71400
71700
71600
71700
71300
73300
72100
71700
71600
71400
71600
75000
71500
71700
71500
71500
71600
71300
75700
71700
71800
72200
71400
72000
71300
71100
71100
71400
71600
72000
71600
71600
71900
71300
71400
79000
71300
71700
80000
71800
71700
71200
73100
96500
71300
71500
71800
71800
72200
71600
71300
71700
83500
78100
71700
72200
102400
71800
71300
71700
87700
71100
105700
89000
71600
76200
71300
71400
71700
72000
71700
71800
71500
71800
74900
73800
74000
71700
71500
71300
71400
71700
71600
71800
83000
74700
71800
71900
72900
72400
72200
72800
82600
71500
74700
85600
75200
71700
71800
71500
72800
72400
82400
72300
75100
71500
74200
71600
71400
71500
71300
71800
73200
71600
71800
74100
71600
93300
86300
91400
94300
92300
86400
107800
71600
71600
87400
80200
71100
72000
71400
74600
89900
109300
71900
71400
88300
87600
71600
71600
93700
107200
89700
71600
83100
84300
94000
71700
108200
88700
73800
74000
72600
72100
71600
71100
71600
71000
77500
71700
71400
71700
72000
73400
71400
82200
71200
71400
72000
73300
76700
71300
76100
71600
71400
71300
71300
71300
71300
95500
112100
71600
72000
72000
91100
71400
88000
71700
71700
71300
71700
75100
75100
74900
71200
71400
71700
71500
72100
81200
71800
71900
72300
72400
71700
71800
71300
71300
71400
71700
105300
71900
71600
71400
71600
71600
71300
71800
71700
77600
81000
82000
81200
81200
71500
71700
76700
71400
71900
71600
71400
81400
71500
136000
80900
72200
71200
71400
71600
71500
71500
78300
71700
80900
71400
71800
71300
71600
72000
71300
77300
72000
85900
79400
94200
71100
71700
71600
71500
82200
103200
84400
71300
74200
71500
71100
71800
71600
71400
71100
71400
71400
71500
81400
88200
71500
71500
71300
71800
71000
75300
87100
80600
71700
71700
71300
82300
71700
71800
72200
83200
72000
71600
71300
71400
89600
71600
94100
71000
71500
77100
71300
71300
72200
73800
71600
86600
71400
71500
71800
72000
71500
71500
71200
71500
71500
72000
71400
74700
71500
71400
71600
71600
92400
71400
91100
71500
90000
71400
79100
71600
71800
71400
76100
71200
73800
71400
71300
70900
71500
71700
71400
73200
71400
71400
71500
71600
71900
72000
71700
71500
75500
72400
72200
71400
88000
71800
90000
71600
94100
78600
74600
71000
71400
72000
72000
73300
72500
71300
71300
71600
71400
72800
83700
83100
84100
84700
83700
84000
83700
85000
83900
86600
82300
83800
86800
84300
88400
88700
83300
86100
83800
82700
71400
77100
71700
71900
93800
85400
71400
78000
71400
71600
71800
71900
71500
76800
71500
71500
77600
80600
73000
71300
71600
95100
71300
71400
71700
71700
71700
75900
71800
80000
77100
81800
72100
71300
71500
71200
71500
71600
72100
76100
71400
71700
71500
71300
71300
71300
96500
71500
77900
74700
78400
71600
77600
71400
72200
72100
84400
100200
85300
71900
71400
73500
71400
71400
71700
80200
81900
71700
71500
71400
76500
71200
71500
71800
80200
71500
71400
85900
71500
76500
71400
71500
71600
71400
82900
72200
71700
71700
71900
71500
71200
71500
71400
71600
71500
71800
71600
71400
79300
71700
71500
76400
71600
72000
71500
71600
71500
71700
77900
71500
71600
80000
87200
84300
84100
83900
84600
92200
96300
83800
71500
71600
71300
71500
71600
70900
71600
71700
79900
71600
74500
75600
71900
71500
71400
71600
71600
96400
71500
228300
97500
71700
87700
71700
71400
74900
71500
71600
72100
72100
76100
76900
72500
82600
71400
98400
72500
91000
71300
83100
85400
71400
98600
71600
74000
83800
77600
71700
71900
71600
71300
71500
71600
71800
71000
71300
71600
71200
73100
71400
70900
71200
80700
71800
97800
71700
71600
72000
71300
72500
71200
71600
71600
71500
71400
77500
78200
71200
75100
71000
75100
72000
71200
71600
73500
71600
71300
71500
72800
76300
71300
74600
71400
71300
71400
75200
71800
98400
71700
90000
71600
72100
81200
71400
71600
71500
71500
72900
71300
72000
71300
71500
72000
90500
73300
75800
72000
71500
71600
71500
82200
71500
99800
71400
71400
71400
71900
91700
82100
71500
72000
71400
71700
71100
71900
71600
71300
71700
71500
71500
73300
71500
75500
71800
71300
71800
71700
74400
74800
73600
74000
71500
71300
71500
71800
72100
72000
71700
71500
73000
72500
74300
74000
71500
71600
71400
71400
71500
71500
79500
71500
72300
71500
71800
71600
71200
74900
71600
73800
72200
71700
71200
72200
71800
71800
76500
75800
89300
71500
71300
71400
71500
84100
72000
71900
72300
76100
71500
71900
71900
80500
71400
79600
82500
71300
78600
71400
71500
71800
71600
71400
72200
71500
71600
72000
75600
71200
71600
71300
71500
71500
71800
71500
79900
71500
71700
79800
79900
72300
79800
71200
71400
71200
71600
71700
71400
71700
72200
75800
72100
72000
71800
71900
71500
81800
79700
71900
72100
78900
71800
76500
71400
72000
71400
72000
71700
71400
71500
79700
81800
77600
71300
71400
71700
71600
71300
71600
71500
71500
71700
80200
71700
71600
71300
71600
71500
71500
71800
71600
71500
71600
71600
71400
72000
71800
71500
84400
71200
79200
71600
71500
71600
71600
72300
71400
71700
71400
71400
79700
79700
79800
72000
71700
73900
71700
71400
72100
71300
71700
72000
71800
71500
71400
71700
78500
71700
78000
71600
76900
71500
71700
71600
71800
71400
71800
71600
72000
71200
71300
71200
79700
71600
71200
71900
79800
71700
71500
71400
71500
71000
71000
71600
72000
72200
71500
71000
83200
71400
71600
71300
72100
71000
71200
71000
71300
71700
71300
73900
72200
71000
71500
71600
71300
71600
71800
71700
74800
97000
71800
77300
83300
71900
72000
71200
72500
83700
71300
71400
71400
71400
71900
71400
71400
71900
81100
71400
71700
71500
71400
72100
71500
72100
81000
84400
87000
71400
75600
97500
71400
71800
71200
71600
71800
71600
74500
71800
71500
72200
71400
81100
82100
86300
71200
71700
71800
71200
71500
71500
71500
71800
71400
71500
73900
71700
72200
71200
71400
71800
71500
72000
71400
71500
71400
71500
80900
83000
74500
74400
75500
71600
72300
71500
71200
72300
71500
71500
71300
82800
71500
71500
71600
71400
74500
74600
79300
73200
71900
71300
71500
71500
71200
71300
71500
89300
75500
71600
72100
71600
83100
115200
98000
71700
71200
74100
71900
71400
94100
73700
71500
71600
76300
74700
71500
98600
71500
83200
102300
75000
71800
72700
75900
86800
79000
71600
71400
71200
78400
73100
71300
71700
71800
79800
79800
83900
76100
72100
71600
76900
75700
71700
71200
71500
71200
72000
80200
74000
79200
72100
75700
71300
71500
81800
80300
77400
71600
71500
71700
71500
71300
71400
71400
71600
71700
71500
71600
71600
71400
71700
76500
72200
78500
79100
71400
71400
71400
86300
71500
71000
71400
71600
71800
71400
71300
71700
72200
71300
71300
80800
91200
84100
71700
76700
76500
71800
71400
87900
76300
71700
71800
94800
71200
72600
73400
71500
72000
71300
71600
71500
74900
81000
71300
71400
71100
71600
79500
78900
79500
73600
75600
71400
72300
72000
71300
74100
74000
71900
72500
71300
71500
84700
71400
73700
89900
72100
71500
71500
71400
71200
71800
71500
71600
71500
74600
73500
71500
71600
71600
71600
71300
72000
71300
71400
74300
74500
71600
98700
71800
95500
72200
87900
75400
73700
71800
71700
71300
71500
95700
71400
71500
71100
71400
74200
78800
71500
72200
72400
71500
74200
84900
71300
79700
71300
80800
92100
73600
89000
71300
71700
71400
71300
71800
71500
71500
71700
71300
71300
71700
74500
71700
71700
71200
100500
76100
71600
71600
91700
71600
90300
74600
75900
71200
78800
87200
71400
77400
72000
95300
71200
96100
74900
74600
71600
71600
72000
71400
71400
71800
71800
71400
71600
100700
72500
73600
71900
72300
71800
90500
71300
79200
74400
71400
71400
93500
71500
85400
73300
79900
71600
71400
71600
71500
71300
71300
71500
71600
72200
73100
71100
71800
77400
71400
71400
71800
73200
72400
71600
71900
84100
71500
75900
71500
79400
72200
71700
71300
72100
71900
71300
71700
71500
73800
72000
84600
75100
80400
188300
115000
112200
71400
71700
71300
71400
71400
72000
91000
71300
81500
71400
71800
71700
71600
71800
75200
80000
76200
79100
71600
71800
71300
72300
71700
77200
88200
71900
71500
71800
75400
71300
72000
71100
71400
102600
71500
81500
71600
73000
77100
71300
72500
73000
71600
75200
75100
74700
71700
71700
71400
71800
71600
72500
84600
71200
88700
85900
1282100
84500
84900
71400
71100
88700
71100
71800
71100
71400
71400
71300
71700
71700
71400
76100
81900
71400
71600
71300
71500
71300
72000
71600
71600
71600
80500
82200
90600
71700
71400
87200
71300
90600
71600
72000
71700
71800
71900
71500
71700
71200
71200
71500
78600
72100
71600
71600
71600
71800
72200
71400
71500
71900
79500
73700
76600
73800
72900
71700
71400
74000
73800
71400
71900
71400
71500
71600
78500
77700
74400
72200
71400
71700
71400
71400
71000
72600
71500
71300
71400
71400
83200
71200
70700
71500
71300
76900
71300
86300
81100
92300
71700
71800
71400
71500
71600
72000
71700
71800
71400
71500
71600
72200
71400
71300
74600
84300
71500
76400
71500
71700
85900
71300
89000
71400
71400
72000
71400
71300
72600
72000
71600
74800
71600
71200
71500
71600
72600
71500
72000
71700
71500
71400
80800
71300
71700
71400
72900
71900
71500
70800
71900
71200
81200
93600
79500
77400
71500
71600
71700
85100
72200
76900
83000
71500
76800
75800
71600
72100
71500
77700
72100
71500
71500
71700
87300
71600
75600
81800
71500
71400
71600
71500
71600
77400
71600
88700
80600
79900
77700
71600
71300
71800
71700
71900
71600
71300
73700
71300
71000
82200
71700
88000
71900
76400
71400
82500
80600
71600
71400
71900
71400
71400
71100
87000
71500
71300
72100
71400
91400
75900
71300
71400
74100
79200
71800
71300
72400
71400
71500
72000
71500
71300
83200
71200
77900
71500
71400
73800
73900
74700
86700
71500
71800
71400
71600
71500
72100
71500
71000
75800
74300
71700
71800
71900
87400
71700
71300
71800
84500
71500
71400
71400
71200
89600
71600
71700
71500
79900
71500
85500
71500
71700
71500
71700
71600
73800
79700
71400
71600
72000
71600
71600
71600
87700
76400
71600
71700
77300
71400
76100
91300
72000
97500
72900
71400
71500
92400
71800
84900
71700
71100
71800
71400
81300
71600
71300
71700
75500
75500
72700
71400
71400
72700
74600
76000
71100
71500
71300
71300
71700
71800
71300
71500
71800
76600
71300
72500
71900
75200
74300
80100
72800
71300
71300
71200
71700
71300
71600
71000
71800
72700
71600
71600
85300
71100
82300
74400
71100
71800
71500
71500
71400
71700
77000
72800
74700
72200
80200
71300
71400
71900
71500
82400
75000
76400
77000
71000
71600
76100
72100
71300
71400
71600
79000
75300
74700
72000
71600
71400
71500
71700
71700
71700
182300
123500
115600
72800
75300
71200
72100
71500
72000
82200
79200
71700
73300
73100
86700
89400
71000
71700
76400
75300
89600
103900
73700
94600
85200
71500
75200
100200
93100
99600
92800
91100
107400
84300
96900
71900
71200
71700
88200
103000
96300
83100
96000
100200
90700
83800
95000
95300
103500
88800
98900
103200
87900
86400
88800
83300
98500
84000
83600
88700
98100
83200
83900
94100
83900
84200
94700
88200
89500
83800
83900
83800
73300
71300
71800
71500
73800
73900
71500
74100
71800
80500
71400
71300
71400
71300
72100
76900
71700
77400
71400
88200
71300
90100
74900
71700
74300
95500
71500
71700
72200
71500
101400
71500
74400
71400
71700
71600
83300
71500
72100
71700
71600
71900
71400
71400
71700
75600
71400
71900
71600
72900
75700
74100
73700
71500
77500
71900
71600
71100
71700
71600
86400
71300
90400
78400
71900
71900
72200
81300
71000
71600
75700
71400
71400
78800
71500
71600
73100
72000
71500
71400
71600
81800
89700
83800
71400
71900
71700
72100
71800
71500
79000
77500
71300
78900
71600
72000
72100
78400
71900
71500
98600
78800
86700
71700
91300
71700
71300
71900
107200
80700
71800
71600
71800
72100
82800
71900
71600
79800
71600
71400
76400
71500
71700
79500
71500
71400
74800
71500
74400
71400
94500
72100
71600
97100
81000
79200
71400
71500
71800
82200
71600
87700
71400
91100
79700
74900
72200
75300
80200
79100
71600
71600
72100
71700
71800
71400
80300
71700
73800
71200
95400
71500
72500
72000
90200
73400
71700
73800
71600
71400
76100
71100
71100
71700
71400
71300
71700
71500
87000
72300
71200
72600
97600
71200
94200
71500
76700
92200
71000
78900
72200
71600
72000
71500
71500
73000
71300
79700
71300
71400
71700
71700
71800
71500
71700
71700
71400
81200
87200
72400
75500
72100
72000
71600
77500
71400
87100
84300
88500
71400
78600
71800
71900
71700
92000
71700
71700
71700
72500
71400
71700
79200
71300
71300
71800
71800
71800
80700
71500
71500
71500
71500
71500
88800
80200
90500
71300
71400
71400
74200
80800
75400
88200
72100
71300
71400
72200
72200
71500
71700
72100
71700
79200
86200
71700
89800
71300
91900
72800
87000
71700
93900
71700
92300
71700
71500
71300
73000
77000
71400
71500
71500
71600
87300
71500
71400
92400
71600
90700
71000
81200
71500
99000
94700
72200
71700
95200
71400
78600
71200
74900
71200
71200
71600
76100
71700
71900
71700
74400
72000
71500
72000
71500
75400
71500
71700
71700
71400
71300
77300
73500
91000
71300
75700
71300
71500
71900
78200
71500
71500
90900
81000
71400
71500
87700
71500
78800
83900
71100
71400
85700
72200
86200
71700
89300
71400
71300
91100
71500
79700
71700
71800
79900
71400
71100
71500
71400
71600
78400
71400
71900
71900
71900
71700
81200
86600
71400
71200
71700
82900
86100
76500
71900
71800
71600
80200
71300
76200
71400
80100
71600
83700
71600
78700
79100
76100
71600
71500
77600
71000
84700
82000
71300
71600
71400
71400
71600
108700
80100
75800
92000
71500
71400
71600
71400
77200
71700
77000
80100
71500
71700
71200
77300
71600
71400
71400
71400
78800
71800
82600
71600
71400
71800
77300
71700
71300
78300
78700
71500
81800
71400
71600
71500
82300
71600
71700
71300
71300
71600
78200
71900
71300
71600
76400
80500
105500
71600
71500
71300
75100
71200
71900
77600
71400
88600
80900
91700
71700
86200
71800
71200
73300
98500
76900
88600
78600
71000
82900
72300
71400
76900
71100
71600
81200
71400
87900
71300
87800
89700
72100
71300
84700
71200
76900
71600
71500
73800
72100
72100
72300
71600
71500
76700
72000
71600
71600
71300
71400
71400
71500
73500
71500
71500
71500
71400
72200
71400
71200
71600
75700
71300
78000
71300
71600
83900
71400
71000
71800
71400
77500
71600
71600
72300
71500
71300
71700
92800
71500
71800
71500
71400
76100
71600
72500
218500
111900
115400
73400
72300
71900
71400
71500
74400
71600
85400
71500
79800
72500
71000
71900
71500
71500
72100
71500
85400
71500
77900
71600
71500
73400
88600
75000
79100
88400
79200
71200
83100
71100
71600
71900
71700
75000
75100
83900
72000
71400
71300
70600
71300
71500
72000
71700
72800
72000
71400
71500
71400
72000
74500
71500
76000
72000
71400
73800
72200
71600
94700
71300
88200
73400
82200
89000
72500
81200
71700
71200
71700
71600
71500
71500
71500
91000
71700
79200
71700
87800
75600
88300
72000
80700
71300
71200
86900
71500
79300
72000
101500
72000
71800
71300
71400
71300
71400
80900
71800
71800
72400
80500
79900
79500
90800
79100
71500
71600
71700
71500
71500
72000
71400
72500
71500
72000
72000
105100
78200
71600
79200
84600
71500
71800
71600
85000
71500
75800
71600
80800
71400
71500
82100
79300
80100
80200
81800
71600
86400
80500
84400
71500
94600
80900
90500
71600
77400
71600
77700
72200
71600
77800
71400
91000
80300
71900
71400
71500
83700
71400
71500
71900
71700
71600
71700
72200
71400
72300
71400
78500
71700
79800
71800
71700
71300
71700
71600
71400
71600
71600
76000
72100
74900
88600
71400
71800
72300
74100
71600
77500
71300
71400
76300
72300
71600
71600
71500
71600
84100
80500
71800
85600
71500
71800
85200
71400
71800
71300
71900
76600
71600
80900
71900
95400
81300
72300
72800
71600
71200
71900
71900
71300
71600
71800
71600
77400
71300
71500
71300
71300
72000
72100
71600
77700
71100
80200
71900
71400
71600
71700
71500
79700
71600
71800
72300
71400
71600
72400
71500
75800
83800
71600
71600
74200
71400
71400
71300
71600
71400
72100
71200
71400
71700
72800
71400
71500
71600
71700
71500
71400
97700
101100
99300
93600
94700
92800
93100
92800
152200
80600
71500
71900
71500
71600
86600
72000
71700
71500
79700
74600
72600
71400
71700
71600
71400
71500
95500
84000
71600
71700
71700
71700
71700
71500
89200
83800
74300
71600
79700
71300
71400
71700
72600
71400
71900
74700
71900
71700
71400
71500
71600
71900
71700
76700
73000
74100
71100
71400
75100
71400
71900
71500
91600
71700
72600
92900
71500
71500
71900
71000
71600
71200
71500
71400
73800
72100
74800
71500
71800
197300
116900
110100
86900
71600
98400
71400
88600
78100
71800
76500
1315900
71700
72100
71700
71600
73000
71600
71100
72500
76900
76500
72000
71600
71400
71800
77600
71400
71500
71200
89300
71500
71800
87800
71400
71000
82500
76700
71700
71800
71700
71700
71400
71300
71900
80900
82000
80800
79700
72300
82500
71200
71700
71200
71200
71500
75700
71400
71700
75100
80900
87100
71400
71700
74500
72300
71700
71100
71700
71600
71700
71200
71500
71300
71400
71400
71400
71500
71600
82400
74600
75000
71800
71300
93200
71200
71400
71200
84700
71700
71300
77500
94000
71500
99700
71600
94400
74300
74900
71500
71800
71200
71600
71500
71500
71700
80300
71600
95700
71300
71500
79600
71400
90700
71600
73700
71500
71700
74800
71700
71300
71500
71800
71900
71100
71300
71500
71600
71500
71900
72600
71300
82300
71600
85300
71400
89100
71400
74400
78600
74500
96600
71700
78400
71200
101700
72100
72000
76200
71300
72200
71300
73200
71600
71500
72100
71400
71700
71400
71400
71500
72900
71800
71900
71700
71900
71700
71400
76800
74700
71600
71300
76800
77900
71100
98500
75900
75700
72300
71600
85000
71300
93500
71900
71500
71500
71200
71500
71800
73800
71300
72000
78700
71500
71700
71200
72300
83600
73100
77600
71400
71200
71700
71300
71600
79600
73200
71600
72500
72200
71600
71300
72100
71500
71200
71100
72600
72700
71700
71400
71500
71600
71400
72000
71600
80200
71400
71500
72100
72100
71300
75100
74800
71700
71500
71200
71400
71300
71400
71700
72300
71200
71900
78300
73200
74700
71800
71400
71300
71600
71600
71500
76400
71400
71500
73900
71700
75300
74900
71400
72900
71900
71800
71400
71300
71400
71200
71200
72000
71200
71400
71500
73800
71600
71500
71300
71400
72000
74400
78200
71500
71900
72000
71400
71500
71400
71300
71400
71100
71300
72000
71400
73500
74900
71700
71400
71500
71500
71600
71400
71500
71500
71400
72300
71500
71300
81600
73800
73800
77900
72500
71500
71800
70900
71600
72100
71200
71600
71400
71100
77300
71600
71300
71500
71400
71500
129400
72000
71700
74900
73100
71700
71700
76600
71800
71400
71500
71500
71800
71400
71200
71800
71600
73100
71200
71300
71400
71800
71500
72200
71700
71300
71400
71500
71400
71300
71700
71400
74000
75700
78900
72000
71200
71500
71500
71300
71500
71500
79100
71600
71800
71300
71500
71800
71700
72300
71300
71500
71600
71400
72800
71900
71200
81100
73400
81000
80900
80400
79500
81000
79600
76600
71500
71400
71600
71400
71400
71800
71500
71500
71500
71700
76600
71200
73800
71900
71600
71300
72100
71500
71800
71500
71400
73800
71300
77600
72000
71500
71700
71800
71700
72000
71600
71200
71900
71700
71400
71300
71500
71700
71400
71400
71000
71500
71500
71400
87500
91800
71500
81200
76500
71800
71600
71500
71700
71800
71400
71700
71500
71100
71800
71200
71300
71500
71400
71600
71500
71700
71500
71700
73900
71400
71100
72000
71800
71300
71600
74900
71700
74100
71400
76500
71900
72000
71100
72000
71500
71400
74600
70900
74800
71400
71800
71700
71700
71500
71600
71600
71500
72300
71200
71400
71900
71600
78600
71300
71400
71700
75700
71300
74900
71400
71300
71600
71400
71500
72300
71300
71800
71400
71100
71600
71500
71400
71400
71200
71700
71600
71500
71800
71700
73600
71800
71400
71400
71400
71200
72000
71300
71400
72000
71500
71400
71700
71400
71300
71300
71600
72500
78900
71700
79400
71100
71500
71800
71300
71600
71700
84500
71400
79300
71400
71500
71400
71700
72500
71400
83800
79400
71700
71500
71400
71500
71700
71600
71000
71800
71200
82700
82900
80800
73200
71300
71700
78300
71800
71900
71700
71500
71400
83200
71300
71600
71500
71600
71600
71900
72100
71600
71100
71500
72100
71300
71300
71500
71700
84300
71500
71400
85600
71100
75500
80500
81200
75300
80800
71200
79200
93600
74700
100400
89100
71500
71700
90000
74700
92600
101000
72100
87800
103900
71800
71400
71300
86700
71400
73100
71400
76800
71600
75600
80400
90100
80500
96500
71300
72400
106100
76300
71400
71600
70900
72700
72200
71200
71200
71600
71400
72300
71400
71400
71800
81200
77200
78400
112000
101500
71500
82000
71800
86400
84900
82700
109300
102900
71400
79900
103200
85600
72000
79000
84800
71400
93900
97000
100900
71700
100200
77200
77000
71500
71700
88000
71700
71800
71900
72400
71500
71100
71500
75600
71500
71900
71400
71500
71700
71400
71500
72400
71500
71900
71400
72000
71700
71500
71300
71300
71400
73000
79900
72200
71900
72000
71400
71500
77200
71400
86100
77400
71700
71400
71500
71700
71400
71600
71500
71200
71800
71400
71200
77000
71500
71300
71400
72300
71500
71700
71300
71800
79000
71600
74700
71500
71700
71400
71300
71300
71500
71600
71900
71900
72200
71700
71900
71500
71500
72000
71500
71800
71700
71500
71500
76100
71400
71100
71500
72100
72100
71300
71700
71700
71600
71900
71200
71400
71500
75400
71400
77300
71400
71500
71700
71800
71600
93000
82900
72100
85900
89100
98900
71400
78600
94800
76600
92200
71700
71800
88200
71600
72800
72400
90600
75900
76600
71400
71600
71500
71400
88800
75400
71400
72900
107400
97200
71700
80300
96200
88500
71500
103100
91600
100900
92200
78600
104900
82500
92400
73100
95700
74400
78900
96700
92200
88500
90700
92800
71600
71400
77500
71900
82500
97600
89500
104900
89200
86800
103100
103200
82100
86500
72100
71200
71400
71500
71500
86000
71600
71900
71400
71700
71700
71700
72400
72300
72200
72800
71500
71300
71500
71700
96200
71200
78100
71300
75300
71700
71200
71600
71400
91000
71300
76900
71300
71400
76700
71300
90200
71400
74000
74400
71200
71300
71400
71600
72400
71700
72600
82200
71900
71700
71100
71300
77000
72100
71700
72200
71800
71100
71600
71300
71600
87100
89300
75400
76800
98800
93900
75200
86000
72700
75400
74700
71400
80200
71600
71500
71400
88900
71600
71300
72500
98300
96100
72000
84500
75700
71900
84700
89000
79200
71300
83100
71700
93300
90500
89800
99200
75900
87300
71600
103100
82700
71400
71400
72200
104300
87100
87300
78300
83000
95200
96200
85900
76300
81700
80900
91000
89800
87500
84000
71400
86800
71400
71600
93900
91700
89300
92800
78300
116400
80200
74600
99300
90100
85600
71700
71900
85500
71500
84100
71800
71400
71200
71500
71600
75900
80400
71200
76900
71400
71400
71800
82200
95900
80700
71500
71800
71500
80100
74200
71800
71600
91100
76800
86800
71500
72100
71600
71200
71500
78600
80900
71400
85200
84700
71900
72200
95400
83300
91800
71600
77000
77500
87500
86300
75400
88900
110000
71400
94500
99200
71400
87200
86900
80400
91200
71400
89200
93100
71400
84800
80300
95100
71800
92400
90600
111600
101000
92500
71600
71500
85100
71400
94000
85800
75300
71500
71600
91900
94300
85600
84900
109500
71500
87800
77900
79100
72400
93700
80300
92800
72600
99000
77500
85000
91900
71900
91900
71400
71600
98000
72300
95600
71800
84200
83900
74500
88300
78800
79500
101200
91200
87000
110100
102900
87000
105500
72400
84000
94400
72500
93200
92200
71300
100000
85300
102900
97400
102500
96300
71500
106300
99400
109600
89100
87200
99300
108200
103600
72000
103300
99800
104600
76300
91300
92800
71800
71200
80000
72100
71000
74000
81500
71300
71500
75400
71300
71500
91500
106700
83300
78100
111700
71600
85200
98500
71100
103500
71800
107400
71200
91900
96200
71400
72000
104100
94600
99400
88200
92700
71700
89100
106200
77600
71600
81400
79800
71500
74500
84300
73400
96300
102400
83100
94000
78500
102500
100400
101700
75000
102100
99800
93900
74500
71400
98100
91100
85200
89600
85200
85600
90700
95400
93800
96500
105600
90900
91900
89200
100000
90500
98400
111000
71300
101500
101200
87100
102900
96200
103200
97200
99900
86400
71400
72100
72000
71800
71600
71600
71300
90400
102100
86300
85900
94100
83100
71400
93600
71400
86700
71500
71600
71400
71300
105500
93300
78100
81800
78100
71700
80600
71300
95400
80000
75300
78000
77800
72000
71900
72000
87800
92300
71300
71900
71600
84500
84900
71400
84000
84100
71300
76700
88600
80900
71900
71400
71300
83900
71700
87800
97500
73000
71500
85800
81800
83900
85000
74000
74500
103900
86600
71800
75200
71500
71500
71100
71500
71800
73700
75700
71600
89800
71900
71100
80700
71800
72300
71900
71000
71900
81400
77300
79300
79700
81400
71500
73500
79700
71700
71600
81000
99200
72400
71300
77500
95500
95800
72200
71200
72300
71600
106100
84400
92400
85400
100500
89800
97500
86200
85800
78700
71300
77500
71300
71700
91800
82200
71400
71600
72300
71900
71900
84400
1295700
82500
71600
71400
71600
71300
72400
75800
91800
71600
71800
71400
71300
71500
71400
78000
71700
71700
71800
71500
71500
75200
72300
75400
71800
71500
71700
81000
72500
71400
71300
71700
71500
71400
71800
74700
72100
87800
84200
73500
72200
71700
71700
87200
71300
73300
71400
71400
71400
71700
72400
77200
83900
71800
81800
77200
92800
71600
71500
71600
72400
72000
77700
72100
72000
72200
71900
73100
77800
71900
79100
72400
80600
72800
71400
88200
81800
72000
85200
82900
77500
82500
85100
93400
87400
87300
146500
90900
72100
80300
88700
83300
90900
88900
83800
101700
71600
91600
89700
98800
94600
71900
95700
75500
72100
71100
85700
72400
87100
74800
75800
71700
71700
75300
78000
74300
72100
71600
71300
71500
72600
71600
93400
81000
81400
82700
86000
80500
71800
71200
71300
79100
83900
75600
71500
72700
71900
71000
71800
77000
71100
71600
71700
71900
76100
71300
71400
86900
78500
77000
72000
79600
89900
99200
76700
80300
76200
75400
83300
88100
82600
92900
94500
71700
91700
94400
84900
72000
90300
90100
102000
71700
71500
87200
93400
79900
82400
71600
71300
71500
98700
71300
71400
71700
71500
85200
74800
82200
81600
71600
71500
94800
80700
81900
71200
90000
71400
71300
71900
71600
71500
71300
90000
80200
92900
71400
71200
71700
71500
71900
122800
110200
88500
85000
83600
94200
83900
82400
84400
83900
84000
84000
104900
83900
92400
85700
83900
83800
84100
84200
83400
83900
84000
84200
82300
84300
84100
84000
84300
84600
92400
83400
93000
94200
82500
108800
84800
86800
85200
85800
84000
84600
83900
86000
116800
90400
83700
82500
84600
97800
87200
96700
95700
89300
71600
87700
89700
72700
88200
85300
95000
94300
100400
80200
74600
71100
90300
98000
79100
85700
75200
77500
112400
79300
87100
82300
95400
89700
92300
89800
94200
88500
91800
93800
105100
71600
88200
111200
87500
101500
91700
99400
102100
90400
112700
104300
88600
97400
101500
101100
77400
95600
76100
104000
109500
93300
103100
98300
100300
90200
94700
77300
101000
101900
91800
97900
99900
94400
110100
90600
108400
104000
91900
93800
104900
107800
99600
96400
102900
86200
104400
98200
111300
84200
105700
71400
71700
71800
71300
76600
72800
71800
85600
83100
98400
106700
102500
102100
72300
75700
98700
75300
86500
90900
85500
94500
98400
93200
71800
96000
91300
101700
89600
75400
80500
76600
95500
71600
103100
71500
71900
102400
102900
104400
102600
78800
80900
101400
84900
71500
107500
103300
82100
101700
98800
91500
92300
95800
88500
75600
85800
89300
86600
105800
102000
111700
87500
103700
88000
108200
96000
86800
101000
99800
103000
102600
97200
99500
105800
88600
90100
94400
71300
74500
71600
72800
75700
71300
71900
71800
80200
75600
94200
104200
71400
71500
77200
93400
92900
71700
71700
108800
71600
73700
71500
72100
77800
71500
94000
75000
72100
88700
71800
85600
76500
77300
71500
102500
74700
79300
71200
71300
71700
72300
71700
71600
82000
81000
75400
75100
71800
71400
71200
71800
71400
71400
79200
83200
71800
72200
108300
93400
76700
78000
83600
71500
71700
71400
71700
71300
74700
90100
71700
71600
71800
72500
71800
71600
71400
71600
88500
71900
71200
71400
71300
75200
71600
71500
86700
82600
75900
102600
73400
71300
71300
71400
71400
71300
71600
71600
109100
107900
108100
108600
108100
112600
108300
112700
113000
111900
107500
108800
88500
87800
102300
71300
90600
109600
87100
76900
97400
121700
72400
75200
97200
89800
77700
94700
94900
74900
93000
99000
72700
120200
99800
115600
75000
93600
99300
71600
86400
72100
91800
104400
113400
89400
71700
92500
71500
71400
71400
89900
94300
71100
92500
87700
73100
83700
108200
98500
72600
71600
71400
71500
71400
71500
71100
71300
71300
72600
74800
81000
71100
72300
71400
71500
71700
71500
74300
77300
72700
71600
71100
71500
71100
71800
71500
71000
71900
71300
74900
71800
71300
72000
71600
71600
71300
71500
77400
72400
74500
71600
71300
72000
71600
71500
71500
71200
71300
82500
71600
73500
75000
74200
71500
71000
71500
71500
72100
71500
71500
71400
72600
71800
71500
75600
88500
71300
92400
72500
71500
71600
72200
71100
71700
71300
71300
71600
71100
72100
71900
71300
71400
74700
71400
71500
71300
71700
71600
71300
71600
80000
71700
71300
71500
72400
71500
71400
71400
71400
74400
71600
71700
71600
71700
71400
71300
71700
71600
71900
71800
71500
71400
71300
80900
74700
72300
71400
76900
76000
71300
71400
71800
101000
71500
110200
76500
72100
71500
71500
106200
75800
71800
71900
73900
71600
71500
71500
71400
71500
71400
71800
70900
71600
71700
79500
71700
73800
73900
177400
71600
71600
71600
71400
71400
71100
71600
71400
71100
71300
71800
71600
71100
74900
71400
71400
74600
71500
71200
71500
71400
71500
78800
73100
72000
71700
71500
71600
71400
71300
71400
71200
71900
71100
71400
71800
72800
74200
153300
71500
71700
71100
71800
72300
71700
71100
71500
71300
71100
80200
71600
71600
71600
74000
71500
71500
75000
71700
71400
72300
71400
71600
71600
71400
71200
71500
71500
71400
71300
71300
71600
71400
72200
71800
71600
71600
75500
71400
71800
71500
71500
72900
74200
71400
71600
74500
71300
73300
71500
78100
71800
72200
72900
72000
71800
71700
72000
71600
71500
71700
71500
71700
71200
96800
71600
72100
71700
71600
72300
82100
72100
71300
71800
71400
71500
71400
71900
71400
71500
71500
71500
74600
71400
72500
71400
71600
71700
71500
71900
75700
79100
80200
71800
71500
71900
71400
71500
72100
78100
78000
71300
72100
71700
71400
71300
71700
74400
71400
71600
71600
71700
72200
71500
78700
71500
71600
76500
71800
71200
71200
71200
77300
71400
71500
71600
71300
70900
71800
74800
76200
71600
71300
71700
71500
71700
79400
71700
71500
71600
71000
71600
71300
72200
79500
81400
71500
71900
71700
71300
71700
72000
71600
71600
72000
81500
76200
71600
72100
71400
71500
71600
71100
71600
77900
78300
71800
71800
71500
71500
108300
87100
79100
71200
71700
71400
71600
71600
71500
71500
72000
71000
71600
72000
71500
71200
71700
80500
71400
71300
71500
71500
71100
71100
71600
71900
76800
77300
76800
71500
71900
71200
71400
71400
71800
71700
71600
71800
71400
75100
71500
71500
71300
71600
71400
71800
75900
71500
71600
71400
71500
71200
71400
82300
71200
75200
71800
71600
71400
77800
71300
71800
71600
71600
71600
71300
79300
72300
71700
71600
71500
71500
71600
71200
79300
71400
71600
71100
71500
72000
77600
80700
71200
71500
71300
71500
71400
72000
79300
71700
71800
71300
72100
71400
72000
80100
71500
71600
71400
71500
71800
71100
80200
71600
81400
71400
71600
71100
77000
71400
71500
75000
71500
71300
71400
71900
75600
71600
71600
71400
71500
71500
71600
75600
71000
71600
71700
71500
72000
71300
71800
72000
71300
71400
71400
80900
71600
71400
71100
71500
71400
71400
71400
71200
97800
94100
89000
71500
71100
87800
83500
86200
71500
71900
82400
106800
95800
90200
96000
83500
107100
87100
103800
96600
83800
93600
91000
93100
98200
97100
95900
93000
79400
71500
71500
100800
86200
75100
82800
97300
99500
89000
94900
86800
92000
98400
97500
75900
95700
76100
75100
71400
76500
72000
71900
80800
71600
80300
71700
71400
71600
71400
71400
71800
71300
71800
72000
71600
71600
71600
71600
71500
80600
71300
71300
71600
76400
71700
71200
71500
71400
71600
71600
71300
71500
71700
72000
71500
71500
71600
71900
71600
71500
79100
71600
75500
71400
71400
71500
71400
72200
71500
71800
74100
74100
71500
71400
71600
71400
71600
71900
71400
74400
71300
71400
71500
71900
71500
71700
71200
71400
71200
74600
74900
73600
71600
71700
71400
71300
76100
71400
71800
71800
73200
71400
71900
71300
71600
71400
71700
71500
71600
71400
71400
71900
71100
74500
72200
74800
74200
71400
71700
71100
71600
71500
71400
73800
71500
71400
71400
71400
73900
83300
71800
71400
71200
71600
71600
71600
71300
71700
71400
75000
74900
73000
85000
71400
71900
71900
71600
71500
71700
81900
85100
80200
99100
85700
96100
71400
89700
99200
71600
77800
99700
89000
94500
81000
89900
91900
71300
78600
93200
89000
85200
84100
71200
71600
71400
71300
71600
80400
71400
71200
80200
71500
74800
71800
71300
71300
72200
71600
71300
71000
71400
71300
71600
71300
78200
71600
71000
71400
71900
71200
72000
72200
71800
71500
75700
71500
71400
71800
71600
71500
71300
77100
71500
76700
71800
71800
72800
71100
71800
71400
71400
71600
71500
71400
71500
71600
71400
81900
71800
71400
79200
1245000
71500
71700
71600
71300
75800
75200
74900
71400
72000
71400
71900
71500
71700
71300
71600
71400
71500
74700
71300
71600
75900
72000
71800
71800
71200
71100
80100
71200
71700
71100
71600
71400
71400
74000
72400
75900
71600
71900
71800
71300
71300
71700
71400
71600
71300
75000
71500
75700
72300
71900
72000
71300
71200
77700
71400
71400
71600
71400
74600
73600
74600
71600
71500
71500
71600
71300
71000
71600
71800
71800
80500
75300
73300
74500
71100
71700
71700
71100
71400
76300
71800
71400
71300
71500
71300
71800
74200
71400
71800
71600
71400
71700
71500
71400
72000
71200
71700
71400
73300
76600
71600
72800
72100
71700
71400
72400
76700
71300
71500
71500
71400
71400
71300
71800
71300
74500
71400
71600
71700
72000
71300
71000
71400
71700
71300
71600
71500
71300
71200
71800
71300
71800
71800
78300
71800
72400
71800
71200
71900
71500
71300
71500
71600
71300
71900
71300
71600
75600
71400
73000
71100
71800
71400
71600
71500
71400
71500
71500
71400
71600
77300
71100
71500
71400
71500
71200
71400
71500
71500
73000
71300
71700
71700
71300
71300
71600
72400
72000
71400
71700
86500
75100
102700
96600
114400
97000
81600
85500
103800
84900
85300
87400
89300
85600
95900
97100
81700
103000
95000
92300
72000
99600
71500
71100
89000
71200
71400
71800
71600
88400
100300
71400
71700
98400
105800
108300
71500
86800
81800
91600
101600
83900
97800
95200
102600
89000
106100
83300
92300
92500
71400
84100
90000
71900
71500
92900
72900
98900
94700
93600
84400
96100
77800
71500
71400
104100
79000
76800
97100
72000
78900
100400
99000
71600
82900
93500
91700
71700
87300
71600
111300
71500
91800
103100
95200
107400
71500
116600
109300
79100
90900
101600
84900
92000
82200
96800
89500
71600
95400
101800
91400
93700
87000
75500
84500
71200
102600
71700
92100
82400
86300
80300
78500
71500
92300
96600
111400
71700
92700
95500
96300
91100
76300
99700
98300
96000
97300
85400
81800
71500
71400
71000
71500
71500
72000
71300
98800
84100
79900
71500
99500
97300
87900
91800
95900
77400
90600
106600
107000
84400
81900
93700
71400
91200
88900
92700
87700
103800
97000
82800
105100
96700
71800
73800
87400
91100
82500
72400
87100
89500
79300
97500
87800
94100
93400
99200
94400
95300
96900
71400
83000
71400
106400
71600
99600
95700
102100
83000
86000
87900
71600
102400
71200
94900
95000
103800
98500
95100
90000
101400
96400
91200
94400
90500
99800
94800
71900
96600
101900
77700
71400
93300
71500
71700
71300
71200
73100
71600
71300
71300
87300
77700
80200
71600
71300
71200
87000
78600
71700
72000
75700
96700
81100
82400
86800
85200
86500
72000
71300
71500
76100
79900
74700
71300
71700
74900
71100
71900
71300
71900
71800
89000
91400
99100
71200
71500
83100
98400
111900
109400
97800
101100
71400
86300
88600
95300
71400
91500
80800
71700
88400
111400
88700
71500
96800
76800
71500
71400
71600
99700
99500
72000
80300
102900
71800
90000
104700
95300
102500
105000
88800
111500
101800
71300
71700
106000
101700
91000
102900
77900
78900
102400
80100
71600
71200
71700
71500
79900
80000
87800
71300
81000
71500
71800
96900
95100
105400
94900
80200
87000
94200
71500
87600
71400
90900
98300
71400
71600
87300
99900
72600
108000
72700
71300
84300
79900
77400
90500
93000
102100
93700
92300
98500
96100
94900
93600
86700
102000
96700
94000
103500
83100
91900
95100
106800
92300
81300
102500
99000
102700
117900
92400
106400
89000
96900
118200
112000
71400
82600
99300
71700
100200
87200
95400
99500
90800
104300
71900
71800
71800
71800
71600
71400
92500
93000
85300
72000
71700
79200
88800
86700
86600
71300
92800
104700
96900
72600
95800
110200
71600
71300
93200
99800
71700
71400
71400
71300
91600
71500
92700
91000
86000
83400
76900
71300
84000
80300
97900
71700
71200
92500
84300
71600
71300
99900
71500
80900
71700
87900
71700
85200
89200
101500
71600
81400
74600
76100
71400
71600
91500
78000
71400
91000
73700
71500
72000
71500
71600
109600
86000
71300
71500
71300
70700
71500
71200
73100
71400
71400
71700
71000
71900
71500
91600
81600
75000
71500
89000
71900
92700
71600
73700
103400
105300
78300
81200
103900
83300
79400
83600
72700
71700
100900
71400
106200
71500
88900
99400
71600
71600
79600
71600
81700
74500
72900
71400
71400
72900
71300
71100
75300
90000
95900
97300
100600
101800
96100
103300
81100
89000
80600
83300
81500
80300
71300
71500
84500
81800
80200
87900
89000
87600
85600
72500
71100
71600
71900
71300
71600
71300
71400
71500
72100
71900
73100
75700
72800
71900
72000
71600
71200
76700
71300
71700
86100
94900
71300
71800
71500
71500
71500
71500
71300
71800
86000
71800
71300
71700
71900
72600
72100
72300
72200
72000
72000
71400
71800
71800
71800
73400
72100
77000
79700
105400
81700
81600
76000
74100
109700
71500
106000
93100
90300
71300
71800
98000
94900
90100
71800
71100
90100
74100
72000
74100
71600
72200
92400
77600
76300
96300
100300
71400
71800
77300
76600
82100
95600
71800
86200
84900
96800
88200
117700
103600
76200
79000
99400
88200
77700
96800
85600
71400
71400
71400
86400
72000
98500
80500
76800
78700
105700
76300
71800
87600
94400
91200
82400
93400
84600
72200
71700
80500
71400
71700
76800
71100
71500
82300
88100
71600
74900
81200
71900
71400
71500
71400
71400
72400
90600
71600
71700
71600
71800
116700
71300
71400
71800
71400
71800
72500
79000
71400
82500
76100
71600
71900
105900
71600
81900
84600
108000
76100
92700
78400
71600
83900
89500
92400
71800
72000
74100
71600
71600
71600
72000
77400
76700
71300
71900
72000
72500
71400
71600
93700
71700
83800
72900
79100
71800
74200
81500
71400
71600
102900
75500
74600
75000
70900
71400
72300
71400
72600
72200
72100
72700
72100
74900
96600
72100
74900
90700
71700
80200
83800
81500
93900
71800
90900
72100
71600
71900
71700
71500
71300
71800
71600
75600
71500
71900
71700
73100
75400
71500
71500
71700
78100
73900
71600
71500
80100
71600
71200
79900
71600
71500
71500
71500
71400
71300
71100
79500
73200
71400
71600
71500
71700
71600
71400
71500
71600
107300
96600
91300
97600
71600
71300
71800
71900
72200
71500
71800
78800
78900
71600
72000
71500
71500
71300
71600
71400
71400
71500
71700
71400
72400
79900
71500
71600
71200
71400
71500
71400
76100
80100
71700
86700
81900
71500
71400
71400
71800
80200
79800
72200
71600
71500
71500
71700
71800
80800
83500
72000
72000
71800
71800
71700
72400
72000
86700
105700
71600
71900
71700
71400
123300
71700
73900
71400
71500
71500
71600
74200
71200
72000
71700
71800
71400
72300
71200
187200
71300
71500
71700
72100
71400
71500
81000
71300
71800
72400
71600
71200
71400
71700
71200
78500
81400
71500
71700
71500
71200
71400
71100
71400
71400
73000
77700
71800
71400
71800
71500
75400
71500
80200
71400
71200
82700
71500
71900
71800
71700
71100
71900
71700
71800
71600
71700
71600
71400
73600
74100
72100
71500
71300
71400
74800
71400
71500
71700
71400
80700
71500
92300
71600
71100
71400
71300
71100
75100
71400
71900
71500
71400
71400
71800
71400
71800
71400
72100
71500
76600
71500
71500
71600
71300
71200
71400
75500
71600
71500
71600
72000
71600
71400
78000
71400
71900
71700
71300
77100
78400
72400
71100
71500
71800
71600
71600
80500
71400
71800
71500
71400
72000
76000
79400
71300
71400
71600
71500
71500
71500
102900
72600
72500
71700
74000
71500
71700
70900
71200
71400
71500
71600
74000
71500
71500
71100
71500
71400
71600
79200
72000
71800
71500
71500
71800
71300
71400
71700
71300
74000
71400
72100
71800
71300
72100
72800
71400
71700
75100
75100
71400
71600
71600
71600
71700
71300
78800
73600
71600
71400
71600
72200
76400
71300
75100
72600
74900
71600
71300
71600
71200
71600
71300
71300
71500
71500
71300
71300
71800
71300
71400
71600
71400
79100
71500
71500
71500
71400
71500
71900
71400
71600
76100
74800
72600
71500
71400
71700
71300
71300
71600
75200
71400
71200
76600
71900
71300
71900
71500
74100
84000
71900
71500
71400
71700
71400
71400
74000
71400
71500
71000
74400
71600
71300
71300
71800
71500
71600
71500
71500
71300
71400
73900
71700
71100
71000
71400
76500
80200
71300
71300
71600
71500
71800
71600
71500
71400
71700
71500
78400
71500
71500
71800
71400
71600
71800
80000
71800
71400
71600
71400
