133
138
33
82
97
113
47
48
187
79
14
194
305
217
23
120
64
46
197
139
35
33
345
67
27
3
108
113
4
61
249
189
9
112
225
351
62
58
383
105
4
238
595
85
50
241
195
185
86
157
144
121
72
189
136
45
116
77
42
225
281
158
217
430
222
291
96
2
189
45
52
123
331
25
198
246
174
369
39
84
333
261
1
132
92
213
222
88
20
289
101
109
68
181
9
255
26
97
142
23
159
168
79
167
25
94
252
56
43
79
30
39
187
51
274
10
254
151
125
243
18
158
58
45
180
110
26
254
78
279
74
57
193
64
16
41
9
150
132
96
31
221
153
33
164
1
96
178
33
217
126
21
21
63
317
137
166
2
133
73
15
26
73
293
247
172
64
36
149
29
138
226
327
257
197
6
152
113
1
314
81
103
267
51
38
133
62
36
51
108
3
92
47
67
136
30
50
376
192
9
201
238
216
128
35
48
288
39
66
61
100
47
17
36
87
292
58
160
28
110
96
71
68
88
175
139
45
295
257
176
3
135
65
284
66
141
48
126
126
59
14
283
98
134
193
83
39
240
86
3
3
251
163
91
52
178
88
120
415
73
217
76
113
113
283
89
20
157
207
51
563
101
73
152
221
129
17
126
113
58
165
222
22
122
407
71
289
95
189
62
64
133
115
58
73
89
187
67
117
87
2
215
177
115
12
62
159
37
220
59
128
266
26
212
167
98
24
3
148
180
81
89
205
34
30
21
196
113
137
189
523
10
66
66
322
72
7
101
97
232
363
161
24
6
37
236
239
94
113
196
76
61
105
247
94
87
2
90
45
189
32
376
166
97
203
44
6
107
53
51
141
49
26
72
82
169
224
174
227
203
7
286
27
77
51
14
43
58
295
70
22
104
15
145
120
180
224
144
196
6
21
5
143
99
76
28
73
15
168
112
8
191
28
87
439
218
78
70
56
186
53
226
2
81
290
67
163
75
334
21
40
43
324
30
4
57
99
105
72
20
98
12
36
194
33
232
259
249
479
66
48
129
246
54
102
193
37
267
235
178
158
43
29
164
438
14
270
108
96
2
65
309
83
19
219
70
4
63
107
6
37
17
46
242
61
316
105
160
248
65
156
12
39
186
121
31
265
160
125
39
25
12
97
300
165
196
178
57
11
53
186
112
7
168
173
230
179
147
81
32
26
121
89
151
194
431
32
7
342
198
109
94
386
4
16
186
32
29
480
68
349
141
170
41
188
6
370
156
4
112
99
122
29
24
150
88
96
26
180
16
8
29
112
67
96
56
22
679
15
89
67
163
96
129
54
158
245
14
47
117
233
107
188
64
230
32
170
59
99
106
268
52
66
3
5
206
186
179
82
260
13
219
210
119
85
134
206
230
271
21
5
162
240
88
135
192
259
149
89
215
104
270
377
80
251
87
160
11
6
39
81
225
386
272
183
81
6
94
185
41
33
23
203
105
6
87
230
89
94
39
12
41
58
94
187
130
66
217
14
205
36
299
153
236
39
41
229
75
38
184
274
177
73
131
9
222
18
143
223
19
187
162
22
36
133
9
127
148
166
188
80
248
76
2
185
37
346
33
83
151
76
49
148
206
7
108
39
103
101
129
184
134
57
21
10
8
316
9
14
28
111
100
251
74
324
64
3
55
79
51
384
39
53
169
155
8
215
317
239
32
149
235
55
12
104
18
127
76
283
269
10
240
37
227
70
130
179
20
408
131
100
142
110
30
25
90
104
19
110
96
81
37
233
169
194
54
124
39
163
73
66
48
41
99
41
49
47
41
24
75
55
72
296
68
15
182
126
1
42
110
131
86
2
68
200
1
120
72
112
120
381
25
114
56
72
335
46
49
71
50
17
305
356
6
103
111
28
15
57
452
90
189
109
108
99
182
168
25
151
110
218
230
41
39
44
37
106
198
43
177
240
246
319
82
99
60
299
144
116
241
186
12
141
112
96
132
255
273
84
131
16
385
114
110
5
57
27
211
216
66
84
82
116
77
90
513
45
122
185
40
250
240
113
107
190
18
16
109
285
114
538
77
99
64
26
24
445
220
132
141
136
95
137
113
262
93
92
47
108
58
131
298
30
214
25
405
323
153
122
100
178
122
116
177
169
24
176
47
443
112
10
54
112
7
249
171
198
153
256
38
11
30
188
382
294
426
145
118
22
265
18
59
99
18
39
88
133
36
139
12
47
23
231
36
14
106
125
403
14
70
17
92
327
25
76
9
75
161
211
75
6
32
199
208
120
70
189
46
148
404
316
17
279
220
186
31
168
107
242
108
37
28
45
121
152
137
138
120
83
202
207
44
34
117
169
13
2
37
76
23
185
60
79
183
40
30
49
155
4
33
114
139
118
45
243
111
63
170
26
229
74
431
264
171
193
87
106
94
332
72
105
19
46
76
123
92
78
53
45
90
73
127
342
203
163
56
151
117
44
301
23
67
246
74
118
93
157
209
88
47
152
34
67
273
81
13
224
212
34
440
103
64
2
104
196
67
26
19
173
94
13
73
65
53
25
93
82
2
16
28
37
21
152
5
143
21
22
129
257
12
62
4
190
154
268
518
162
622
50
17
10
138
305
384
169
127
56
70
114
127
166
60
3
413
119
385
114
192
26
125
213
54
198
28
126
7
98
287
30
42
105
192
88
10
31
223
87
24
77
23
50
69
23
23
199
70
26
89
207
26
34
75
65
178
173
69
51
158
103
156
104
3
34
89
446
62
92
40
65
166
164
224
170
16
162
51
104
30
542
175
126
5
248
310
56
27
51
151
32
58
25
38
79
90
22
92
31
271
41
14
121
157
235
83
399
339
354
220
93
37
53
3
123
81
86
51
29
98
323
67
76
14
291
133
47
39
44
144
242
240
48
176
227
30
96
108
94
61
13
205
295
126
77
124
203
604
322
93
68
180
316
197
8
83
17
56
36
37
232
29
148
79
507
173
40
132
8
176
53
78
50
6
118
102
196
211
10
25
139
85
124
111
243
87
5
73
264
118
199
15
77
163
56
27
292
16
342
415
93
13
382
18
163
119
30
96
113
18
94
71
14
336
69
168
317
344
219
19
74
14
36
63
13
52
64
46
118
228
140
103
224
66
2
70
64
86
334
231
76
100
44
234
309
62
123
51
278
166
195
72
209
319
91
76
250
34
118
281
471
10
40
47
201
45
63
163
11
222
231
58
466
72
139
163
162
119
9
165
290
152
97
423
165
67
102
65
53
226
14
161
22
70
73
480
49
28
45
306
311
80
432
69
70
105
93
40
87
78
30
303
6
17
68
294
273
144
39
575
137
74
32
42
226
333
126
144
111
25
49
16
77
302
54
104
247
117
8
144
124
160
9
50
222
142
85
17
14
85
242
4
101
15
388
130
137
1
68
111
73
56
393
178
153
37
540
170
243
326
135
10
26
120
96
90
41
35
22
253
24
89
124
95
40
73
300
30
23
35
17
332
73
384
304
54
100
2
70
61
308
141
137
239
43
215
53
21
111
7
372
98
6
46
61
144
182
94
64
34
61
65
89
71
12
70
186
86
108
90
46
140
246
61
24
80
185
134
12
47
22
166
82
124
18
144
29
83
123
82
365
285
61
51
124
6
149
37
63
66
64
272
9
171
47
22
134
35
86
76
196
125
92
39
130
70
273
222
122
181
169
243
26
88
276
118
4
17
113
36
95
469
92
198
3
55
124
222
26
160
96
147
38
256
12
275
154
118
24
1
14
192
247
67
128
85
160
11
86
29
33
101
30
45
130
48
153
262
23
16
121
182
42
429
209
104
20
446
345
125
224
93
41
93
122
159
96
24
219
42
174
84
66
53
192
36
418
283
59
148
30
129
142
57
92
354
85
103
204
104
125
81
205
85
25
219
83
193
13
36
8
190
36
58
185
28
17
186
15
91
86
195
48
53
70
72
33
152
2
22
43
314
174
174
88
161
194
1
125
193
10
10
19
84
146
258
28
173
192
8
261
118
206
25
13
6
54
170
209
181
8
132
17
295
64
54
17
41
199
88
55
202
271
42
515
31
275
293
43
189
156
157
211
95
23
41
177
274
77
215
65
6
9
383
20
42
44
225
118
159
456
23
118
48
54
111
493
92
122
128
30
375
162
129
249
218
57
68
146
329
12
82
71
106
31
233
179
23
152
128
270
107
118
52
124
5
473
87
66
184
144
209
134
66
190
15
43
182
72
220
38
131
20
95
74
28
29
93
300
90
32
27
165
104
60
43
106
475
22
36
57
153
298
14
228
2
11
312
285
269
336
105
407
238
131
300
71
90
203
57
124
21
96
6
39
82
66
182
42
77
184
109
99
7
250
61
85
35
55
96
95
53
127
16
112
35
116
22
23
53
447
18
132
112
217
111
5
112
25
346
222
19
79
89
558
7
420
73
121
88
223
144
303
101
122
208
107
111
24
53
85
252
125
186
57
319
13
170
250
147
58
105
10
11
105
21
42
74
132
258
277
5
63
56
167
34
45
89
126
65
40
12
64
258
185
135
25
472
38
35
205
28
45
86
39
66
233
182
124
179
312
30
7
192
159
217
201
64
69
633
183
14
46
28
189
220
65
1
308
89
52
191
90
136
338
30
39
43
30
334
56
227
34
246
88
88
192
105
75
342
134
392
45
207
69
102
265
66
471
222
37
28
278
63
114
105
543
178
75
12
298
64
69
64
3
140
187
21
37
111
86
15
207
217
200
30
62
2
33
211
25
436
64
210
301
232
138
58
209
120
85
113
24
79
7
10
67
214
18
29
10
11
144
155
8
145
163
260
56
252
20
29
55
340
41
60
87
8
239
24
558
169
12
71
334
96
16
39
224
265
379
148
158
141
169
109
76
177
44
164
205
260
28
46
65
58
281
431
111
71
370
23
357
59
30
268
24
9
115
69
4
84
37
159
51
19
191
11
83
100
82
209
128
238
93
71
139
78
168
98
417
120
132
107
94
100
8
132
37
41
325
52
3
44
31
87
147
55
133
268
315
58
43
263
236
78
253
287
194
48
408
368
136
284
34
24
168
93
12
12
225
242
233
26
207
305
171
202
130
194
66
4
84
227
188
144
146
14
288
8
60
39
7
117
190
167
157
306
71
43
54
92
82
204
73
66
90
74
65
211
351
150
77
8
21
73
31
4
204
157
127
29
103
22
161
207
21
14
297
36
160
76
49
54
181
232
140
70
121
99
144
41
98
319
183
76
286
334
68
27
443
165
124
117
25
101
194
145
100
109
206
273
174
115
181
249
13
51
121
8
44
137
283
172
177
33
40
54
48
355
84
350
78
65
14
44
386
123
52
70
72
113
220
77
111
131
272
508
273
103
186
127
189
21
75
117
130
13
38
75
76
63
1
50
69
39
78
108
99
152
12
141
211
128
140
73
1
319
61
289
194
122
168
279
103
22
5
64
22
220
97
238
53
10
87
124
48
130
56
54
92
70
34
135
268
125
160
105
272
143
33
48
53
60
45
133
50
324
52
111
2
118
40
131
3
39
139
399
63
89
16
115
239
64
168
20
148
144
54
71
23
242
114
37
89
62
67
14
9
11
136
270
124
288
38
274
53
14
226
80
84
109
21
146
38
16
176
27
40
148
27
182
92
18
121
77
44
28
437
3
214
100
171
30
71
213
32
233
178
289
59
28
32
7
334
100
45
9
68
10
197
65
7
7
148
45
86
184
253
259
544
25
97
54
108
110
47
30
67
63
72
171
236
209
10
28
36
134
346
46
155
63
23
117
436
209
120
149
366
26
11
243
219
384
15
133
137
2
72
41
51
72
113
185
44
38
198
147
58
220
16
359
131
37
144
242
90
46
212
35
152
91
37
34
110
162
25
55
190
41
367
19
42
156
97
200
31
7
75
170
155
106
163
39
15
144
23
180
85
321
1
135
45
56
26
127
11
4
100
80
99
25
137
110
57
142
293
146
94
59
156
306
56
118
257
137
47
208
11
120
95
75
252
31
186
110
250
279
42
51
151
132
21
41
92
346
73
10
177
32
61
95
104
91
233
59
29
18
112
278
143
57
21
100
106
51
389
312
306
25
437
98
164
173
128
320
188
1
25
239
183
199
38
193
58
24
40
87
362
95
76
60
16
178
86
43
222
72
334
63
155
22
19
89
97
177
119
123
76
61
169
419
38
45
153
367
144
93
189
175
33
83
130
107
49
55
244
264
74
33
256
48
31
135
280
432
316
54
435
59
9
302
108
107
243
66
3
9
105
112
55
489
38
411
22
63
68
118
72
10
137
204
134
253
67
27
157
213
225
44
145
117
55
18
40
183
571
117
162
457
303
389
130
98
113
155
172
55
164
152
133
148
70
106
97
218
189
66
231
476
117
34
119
14
291
349
100
309
225
315
50
64
40
132
123
5
100
20
14
36
331
9
1
191
103
108
97
59
2
143
251
83
107
43
82
184
152
78
183
97
54
311
40
233
230
87
212
59
70
397
13
165
137
8
68
44
49
1
145
27
8
78
162
52
180
159
21
29
125
299
367
288
27
165
193
111
289
44
18
224
101
206
15
46
119
329
294
89
19
75
14
112
135
25
47
166
109
184
111
47
18
109
117
85
231
29
335
36
484
167
271
197
217
45
362
123
156
109
45
21
298
214
53
287
175
135
30
58
101
42
8
89
132
174
178
3
167
31
34
68
14
39
51
73
142
81
61
286
310
74
40
17
140
172
62
80
255
71
18
40
59
52
78
72
99
28
205
224
179
259
9
80
50
50
27
181
222
205
71
157
294
269
199
131
39
142
57
131
118
278
64
117
224
19
244
120
118
96
537
27
239
47
9
329
41
416
59
101
20
31
76
161
33
21
226
21
21
141
157
8
185
128
136
67
141
27
24
349
93
82
137
43
57
154
161
131
293
125
350
49
59
525
133
36
83
31
17
21
4
38
170
30
164
141
68
123
188
43
333
114
23
223
95
145
198
14
285
272
92
185
55
18
144
216
44
105
142
41
62
75
90
51
18
389
326
46
154
217
134
79
93
225
377
155
63
137
11
47
16
1
18
71
73
226
155
9
286
350
158
4
41
252
121
131
30
76
18
94
167
102
170
65
347
133
60
123
232
160
3
185
101
4
103
101
81
94
67
62
164
51
12
4
231
352
84
102
285
54
253
202
119
155
490
205
7
32
77
74
93
53
208
157
9
76
16
332
42
240
71
163
40
181
19
130
199
81
18
12
135
125
133
133
248
189
35
125
51
348
508
3
128
60
96
212
345
50
202
191
1
67
234
32
107
65
182
115
119
40
40
223
20
20
105
128
6
467
252
230
143
378
5
159
70
278
135
111
19
45
33
41
4
237
327
61
30
403
26
131
73
182
1
50
115
208
203
9
169
5
380
194
19
34
58
62
6
85
3
148
288
19
63
145
15
16
87
8
132
63
279
215
1
190
43
133
95
122
129
222
46
48
10
58
79
79
442
64
69
17
99
58
123
53
44
128
47
163
101
4
27
275
251
169
49
64
105
97
211
199
135
102
127
30
17
99
92
116
79
32
84
165
260
102
200
253
84
158
153
5
13
152
199
281
172
305
133
213
163
248
55
51
158
4
235
47
68
266
137
15
66
469
226
181
256
41
308
49
141
471
92
194
196
38
300
26
40
46
168
190
327
24
99
228
223
3
75
74
49
45
20
118
262
67
90
21
61
99
46
195
311
536
23
388
347
335
106
66
22
10
98
23
95
134
55
96
90
101
181
50
45
1
159
39
219
200
105
1
186
7
248
132
168
413
234
47
2
2
96
314
54
50
45
141
125
49
22
267
156
156
137
35
107
158
159
54
28
146
147
27
69
296
714
172
238
35
81
64
30
51
7
67
359
46
47
376
31
429
44
147
49
78
121
21
141
69
2
153
337
50
343
190
525
57
40
212
44
306
250
77
297
35
5
129
181
31
37
135
70
18
113
272
44
313
16
484
245
140
65
236
142
60
70
271
83
17
11
154
81
49
131
60
223
135
46
197
14
76
185
339
142
114
292
25
176
64
18
25
162
260
14
1
170
59
305
273
538
2
18
194
45
107
150
47
66
271
14
45
95
195
204
2
195
16
61
92
274
84
65
237
289
177
25
84
101
308
343
40
18
189
23
8
135
87
154
346
481
261
5
348
45
53
390
19
103
197
39
89
85
186
239
237
89
137
50
229
17
27
294
276
26
1
152
61
184
3
131
48
169
107
142
72
16
36
76
105
89
68
45
100
85
202
45
73
48
35
51
65
174
278
233
237
145
183
13
32
28
31
15
55
46
92
286
76
96
113
32
152
16
87
69
4
86
92
176
32
102
263
217
15
123
86
231
30
9
124
25
146
123
158
70
46
272
17
183
3
159
55
129
109
158
98
128
251
176
67
461
195
21
226
186
62
38
298
132
100
42
42
91
12
80
12
106
183
3
136
237
3
386
396
39
48
4
171
233
166
10
175
301
8
230
83
392
4
245
168
128
367
33
144
46
122
147
10
137
101
80
116
219
110
122
34
246
6
239
89
87
67
1
12
47
99
48
74
481
81
119
58
26
130
275
203
41
114
163
11
2
188
15
26
142
4
26
92
276
45
31
139
49
49
165
186
88
150
58
71
221
33
98
82
129
65
37
222
227
100
336
67
17
186
52
86
47
159
39
108
213
168
167
93
82
207
25
151
37
7
178
116
178
72
55
163
142
92
234
62
197
203
239
171
224
124
86
21
203
138
86
214
78
159
106
6
41
8
268
30
67
51
18
38
299
80
39
133
148
252
539
159
10
536
3
186
61
13
38
319
63
179
88
179
155
23
35
128
314
83
170
153
252
179
192
369
168
15
99
157
94
75
195
18
170
34
19
93
389
20
196
212
34
110
73
6
342
323
281
117
116
7
60
138
180
5
119
203
165
81
40
60
17
29
289
279
184
10
202
164
66
47
23
72
165
128
45
279
109
173
1
51
169
10
66
68
418
315
63
97
152
59
90
214
483
80
97
281
249
372
401
416
82
86
302
10
46
118
346
43
211
360
160
110
36
49
335
47
150
60
17
96
335
14
368
237
29
112
178
103
116
133
49
199
237
7
163
54
268
91
93
168
350
408
60
37
60
8
182
44
65
121
97
19
18
127
87
201
44
110
139
105
21
279
141
53
105
71
23
148
156
51
130
239
17
67
399
115
224
74
48
80
444
38
155
5
12
190
80
148
350
164
30
219
87
106
169
48
37
27
94
213
215
39
46
134
73
209
90
53
13
37
9
32
350
79
227
6
81
1
209
98
97
116
60
6
45
360
215
7
44
256
109
139
60
69
150
212
9
166
24
245
200
280
49
63
215
114
268
277
81
90
31
210
173
77
108
37
245
7
249
91
115
45
6
258
48
72
96
35
29
300
118
48
214
29
340
48
113
1
49
74
260
227
235
10
250
246
177
59
74
23
422
153
23
182
92
67
97
94
14
118
238
78
342
224
26
172
90
48
8
139
269
52
359
17
64
318
147
100
75
431
22
109
78
567
247
164
105
22
1
15
12
135
100
85
30
243
181
105
133
26
36
73
102
105
34
54
592
160
180
126
61
30
201
3
61
4
82
212
110
98
146
154
52
98
34
111
345
3
51
120
17
85
174
115
36
222
174
135
183
144
270
65
63
12
23
103
109
10
188
32
385
122
16
99
216
141
20
4
82
33
47
53
15
19
385
17
14
20
7
275
135
256
31
256
67
229
28
146
247
72
263
114
160
23
197
65
212
116
30
61
139
65
433
300
35
176
166
258
78
234
9
245
1
270
62
144
47
18
128
74
110
39
57
186
422
51
39
95
57
3
126
98
174
51
180
68
20
205
29
662
114
128
235
77
39
145
35
99
49
9
144
29
125
32
22
118
215
86
130
17
109
161
312
212
23
233
232
211
72
273
393
175
369
29
35
256
30
204
125
27
81
235
42
177
8
102
46
41
443
18
105
13
140
290
47
84
42
145
6
50
69
57
123
108
113
21
93
186
79
86
129
194
225
8
55
297
374
5
264
168
79
48
60
105
53
14
7
75
33
32
95
497
105
590
33
19
290
142
8
84
9
149
28
74
92
110
182
53
44
254
89
42
142
2
289
77
106
204
163
86
51
149
51
78
187
331
18
140
180
30
209
70
110
32
89
106
46
76
192
48
19
33
20
286
324
84
91
225
63
268
21
152
21
107
226
83
1
374
13
96
2
20
28
35
42
267
32
138
47
36
47
113
279
311
14
158
46
98
174
2
88
59
163
333
6
271
55
14
85
44
20
85
36
223
122
186
214
76
46
35
40
94
185
85
45
53
201
2
222
51
162
2
225
128
100
158
23
31
31
146
58
151
209
70
178
120
52
131
312
47
18
266
10
10
24
136
129
38
274
228
82
79
64
241
252
318
789
20
29
47
28
227
23
98
157
54
269
180
193
15
75
52
32
34
219
27
148
100
199
12
51
267
76
19
169
81
180
7
103
266
377
300
38
120
61
122
23
96
171
49
42
2
96
11
11
277
79
136
63
263
33
212
220
171
21
264
84
11
35
452
5
174
7
564
53
159
139
29
28
56
10
86
25
80
68
112
102
196
122
82
360
2
154
223
27
46
321
171
171
120
159
92
200
40
71
191
148
35
252
116
128
49
120
52
386
135
105
47
47
43
14
226
334
149
12
399
125
42
50
345
346
245
119
97
56
324
124
16
239
10
130
284
128
19
177
179
166
18
90
186
284
14
7
57
152
167
169
76
149
66
10
146
15
143
25
19
475
128
152
36
108
61
143
14
35
178
10
64
71
135
130
81
162
21
95
169
282
66
183
45
364
4
231
181
193
147
65
44
27
368
28
71
134
6
98
61
32
115
405
43
90
169
315
219
17
152
414
283
91
208
46
33
84
58
271
60
100
68
26
63
162
10
18
432
24
142
47
228
73
5
13
44
135
6
17
241
215
6
115
70
66
166
265
44
51
140
212
52
133
120
107
5
51
130
191
176
108
159
274
229
1
71
30
56
65
11
213
106
157
37
36
86
166
45
161
110
22
9
100
46
45
148
55
168
319
176
175
405
34
50
57
117
206
453
92
276
34
59
101
78
68
9
82
55
24
4
8
51
166
117
108
270
171
127
80
12
144
9
450
159
2
27
33
229
81
105
133
41
10
91
4
154
22
177
55
171
28
34
93
152
43
105
145
34
146
232
174
190
187
16
3
82
41
32
111
104
110
43
17
459
74
139
37
191
3
97
113
13
206
81
511
124
182
9
44
59
43
201
13
2
40
78
34
321
219
357
94
18
147
376
33
13
233
104
95
50
62
157
226
283
419
397
6
67
33
191
62
53
84
164
159
24
63
2
230
36
173
291
34
8
16
130
463
175
15
233
127
254
13
67
13
235
186
110
198
5
23
208
39
93
57
196
107
132
258
140
100
89
188
239
845
41
15
85
168
132
104
81
192
137
197
165
436
2
229
19
42
30
43
209
152
191
184
93
83
85
24
116
80
55
144
117
55
34
140
58
207
180
151
233
46
36
113
84
90
50
68
172
29
75
152
47
213
209
241
180
54
19
324
110
52
85
152
118
158
76
76
123
219
167
55
249
10
117
76
106
77
114
136
244
11
5
53
29
147
300
231
16
42
35
149
482
157
122
35
359
47
17
129
43
3
51
100
35
130
104
69
196
235
4
224
34
197
177
199
229
93
2
183
48
34
55
39
51
142
49
165
196
17
33
62
45
136
61
25
42
34
7
99
107
647
74
53
27
92
104
50
60
63
216
183
105
198
50
108
127
3
294
72
80
204
91
142
59
26
173
93
237
99
490
24
155
154
248
462
517
55
125
216
118
12
119
19
13
178
301
274
62
268
4
181
89
282
11
259
345
108
174
131
197
300
12
269
46
45
21
36
70
252
128
150
80
79
173
305
197
14
18
72
223
116
15
75
134
1
83
123
81
209
226
35
160
299
91
24
211
117
320
110
131
172
54
1
29
61
23
45
272
72
59
80
25
24
12
25
24
7
53
41
221
40
112
87
232
15
67
13
54
110
80
160
20
355
198
419
356
195
12
48
251
155
101
318
129
89
191
178
36
28
64
67
103
138
7
38
178
201
134
52
47
61
245
124
101
161
44
139
10
10
210
68
308
149
293
178
147
72
164
136
127
88
5
78
206
126
12
267
159
120
151
83
180
209
147
96
85
42
68
157
189
149
23
83
42
77
107
74
52
478
107
319
74
31
148
336
165
40
45
182
99
124
81
232
154
93
189
139
20
10
73
34
67
26
1
164
418
248
284
36
19
464
79
4
119
141
201
44
247
267
132
31
54
289
9
44
19
65
36
21
231
243
45
190
77
90
94
34
115
64
215
20
379
207
517
125
1
4
47
8
156
213
75
92
166
83
91
27
66
38
123
6
155
86
157
50
4
111
345
12
59
45
224
142
35
155
20
172
246
328
174
112
157
86
318
156
125
226
423
2
167
137
8
14
17
59
87
51
183
67
67
153
244
146
94
126
222
46
290
2
124
91
151
255
90
89
326
79
216
64
155
296
243
155
126
65
36
29
295
43
95
493
285
173
32
128
30
118
23
89
19
75
92
49
38
121
131
177
116
217
74
23
102
202
155
149
109
238
222
5
14
206
2
232
74
8
87
104
42
220
136
125
13
6
139
106
169
60
12
13
57
52
128
47
84
53
92
53
39
129
114
171
88
261
40
3
25
243
15
219
8
6
34
20
9
18
33
91
20
237
22
196
74
66
5
268
169
70
76
93
115
119
10
47
53
62
117
85
345
24
56
318
264
158
150
157
77
13
15
164
136
131
109
65
138
25
142
21
66
273
77
123
219
177
2
82
20
85
63
58
76
42
187
75
24
95
47
159
444
129
249
75
221
13
96
85
89
23
52
196
63
30
18
123
288
344
369
55
653
240
190
223
50
84
153
57
312
90
7
354
20
46
97
9
37
98
80
351
256
12
438
100
247
291
282
2
25
121
61
215
32
37
281
158
284
299
221
15
146
78
22
381
78
363
141
17
199
194
157
251
17
95
40
142
88
258
28
244
7
56
73
221
27
211
428
203
92
79
112
206
98
32
145
54
268
101
259
117
120
75
85
220
212
298
97
325
156
80
1
220
27
258
86
28
64
505
232
9
150
1
83
179
121
124
70
71
70
93
547
202
7
46
15
26
525
29
187
109
45
102
7
40
16
69
102
131
134
147
11
70
32
95
220
20
41
93
14
99
87
312
138
94
14
21
2
204
54
129
60
241
19
148
157
167
193
133
328
60
90
65
48
26
48
160
18
43
52
192
106
45
279
14
74
100
37
132
69
117
41
178
223
65
116
44
108
118
47
85
204
50
146
195
155
20
17
351
59
184
60
519
346
244
15
36
238
87
143
3
20
55
120
188
7
22
293
100
159
164
58
109
64
73
25
55
56
26
15
200
32
54
180
13
24
1
1
127
506
10
122
19
54
64
32
356
81
73
269
29
208
211
211
93
203
84
73
224
309
35
294
8
28
375
14
299
130
247
98
93
217
157
38
92
216
236
293
72
24
315
93
137
209
86
46
176
2
112
63
340
28
178
198
152
69
67
99
233
3
218
79
187
215
49
45
55
489
129
150
360
192
178
162
56
73
241
4
25
71
658
346
367
117
58
287
210
417
20
120
14
171
8
9
79
275
22
167
102
68
86
100
73
68
288
9
383
20
146
78
117
107
170
59
143
50
95
41
297
46
157
6
136
62
273
35
184
24
103
70
125
207
75
340
84
85
142
24
7
80
34
112
110
331
64
74
2
137
5
128
64
196
176
173
146
112
50
95
353
42
27
143
67
6
86
66
19
97
33
119
55
30
79
115
297
36
383
58
6
168
101
30
193
29
12
105
53
178
26
21
96
18
21
293
207
389
370
309
15
103
226
48
46
221
14
73
49
160
21
134
192
208
251
103
3
95
215
133
75
35
18
302
7
264
234
8
203
294
33
102
72
425
76
199
115
230
88
207
13
58
366
67
89
69
137
159
64
86
311
94
1
229
22
93
173
19
125
91
95
87
228
73
62
52
77
10
191
3
191
122
322
67
41
11
137
158
244
296
52
105
181
1
87
67
124
115
354
45
85
102
461
250
20
113
123
157
70
87
40
155
167
35
27
76
63
237
57
170
19
101
84
26
84
33
38
183
52
97
16
73
366
322
106
162
226
75
124
351
298
126
240
130
37
133
181
18
268
547
289
6
225
172
6
19
76
198
44
92
263
76
26
229
262
89
144
291
57
312
145
11
211
68
113
132
103
7
70
99
129
40
61
32
27
31
87
128
16
132
67
25
292
147
86
61
287
190
86
19
30
329
20
67
125
135
61
295
7
49
90
194
23
141
202
81
72
90
108
3
43
36
170
68
84
258
154
282
299
137
90
223
107
55
501
26
152
95
258
127
212
240
143
7
54
81
22
219
84
350
60
136
138
43
211
417
247
95
123
261
118
193
27
153
11
28
87
4
42
172
86
287
50
77
74
17
19
35
219
96
102
62
3
433
327
53
146
92
158
32
56
67
197
118
4
37
48
52
316
145
4
296
123
44
191
90
114
172
155
187
13
303
69
190
259
149
275
1
177
103
111
352
118
28
36
357
71
128
394
178
2
72
119
84
320
13
69
270
121
29
222
65
26
196
153
74
194
111
257
7
480
487
106
30
73
66
28
84
63
149
20
114
38
150
83
51
334
409
111
183
164
17
141
162
175
453
222
167
174
122
231
178
200
16
27
40
411
133
324
133
347
1
25
70
63
35
19
3
16
58
355
124
110
46
38
415
66
1
29
121
125
194
393
91
366
144
226
165
238
115
372
177
332
59
44
67
354
99
99
55
56
29
223
51
20
65
13
174
62
58
77
246
240
248
24
134
69
54
149
179
123
57
285
88
27
18
112
131
279
36
130
39
53
61
73
38
81
166
88
95
112
16
32
37
30
319
126
43
88
32
340
56
91
9
117
169
136
127
73
155
24
46
162
21
2
15
100
240
186
100
127
262
153
56
120
151
72
120
284
49
65
197
42
421
81
7
45
53
34
310
96
301
61
150
17
48
36
99
267
80
88
338
14
59
114
222
100
34
67
25
83
143
175
17
132
271
35
134
93
80
83
102
474
15
347
11
147
99
96
72
89
349
33
76
159
36
74
44
66
147
35
45
159
218
28
245
363
145
14
119
206
161
24
126
238
22
66
8
152
31
143
212
84
282
179
100
12
17
321
136
403
189
59
112
53
30
105
14
22
53
43
20
58
322
37
82
261
60
24
294
72
108
487
225
177
87
35
3
39
32
116
167
84
6
61
81
106
216
134
91
47
76
44
151
56
11
75
58
233
68
374
71
32
117
231
25
76
534
193
132
147
176
188
68
1
9
241
103
11
56
78
45
24
116
86
61
224
314
25
8
93
124
7
4
58
42
146
61
78
20
143
42
48
9
32
165
174
27
69
78
50
283
280
104
89
93
155
93
115
162
309
79
18
109
83
58
33
265
193
5
132
11
465
20
187
145
29
16
253
134
57
176
79
78
11
58
120
79
38
16
223
423
5
27
58
108
13
184
217
91
44
56
16
51
56
106
77
105
130
61
167
18
112
237
39
29
90
124
43
114
152
184
51
68
119
217
139
94
62
6
116
69
193
81
122
24
88
77
233
7
58
30
53
118
256
65
38
176
206
100
181
48
184
265
45
307
6
57
246
200
219
65
163
41
1
27
35
60
172
258
60
7
8
212
125
117
117
69
97
112
72
96
86
291
45
217
116
4
66
376
65
148
54
217
282
87
145
190
248
93
114
86
379
184
176
288
29
32
80
55
48
27
38
275
36
571
253
79
58
97
238
101
232
105
249
18
137
114
138
39
5
131
41
24
24
101
179
131
19
208
10
51
174
44
108
85
420
356
95
36
79
106
81
29
67
92
71
21
33
230
32
2
210
17
114
149
19
194
134
184
37
7
597
227
164
93
106
95
198
185
52
134
57
200
116
121
24
3
131
401
11
102
6
175
64
67
102
86
134
162
232
397
20
39
69
249
268
255
242
18
340
37
25
102
18
25
451
86
155
35
147
66
230
97
348
65
12
212
195
81
61
55
125
63
145
11
1
6
50
218
46
44
6
241
73
296
190
52
112
268
404
80
62
5
49
151
40
409
464
242
8
29
139
223
46
204
10
58
154
21
264
89
25
33
20
1
182
16
240
115
4
270
113
1
245
111
393
180
261
169
96
25
53
69
34
63
110
88
282
251
52
302
190
76
69
163
180
65
475
315
27
171
119
33
64
47
119
114
43
120
89
4
77
110
226
20
416
288
48
287
102
24
12
150
224
161
153
61
102
132
160
289
35
71
147
6
87
2
29
9
190
94
86
74
154
147
56
94
131
109
101
61
202
4
50
133
151
145
12
24
74
290
190
322
31
52
51
106
320
213
119
71
145
70
113
23
104
145
61
307
75
82
194
45
74
19
5
243
122
159
5
395
18
30
138
178
21
34
144
16
28
28
203
84
157
230
184
130
201
3
394
142
162
34
15
194
35
82
185
281
319
77
101
3
240
46
54
38
61
181
235
83
172
125
337
62
19
130
118
42
8
35
117
63
22
25
200
8
351
91
62
122
48
32
181
78
6
113
218
13
78
1
44
110
14
64
240
100
7
18
177
395
90
51
117
81
94
506
55
153
71
45
146
52
129
28
82
22
170
436
3
142
152
73
137
70
4
256
186
333
33
39
14
200
87
102
18
104
4
163
67
69
285
7
168
1
231
92
50
3
10
214
197
217
129
140
129
127
269
72
117
148
145
77
258
70
105
233
327
67
12
303
212
201
23
46
44
53
49
283
268
27
82
60
76
49
101
87
278
133
142
30
51
87
111
383
32
15
523
375
104
222
42
26
159
201
38
138
62
96
243
35
213
149
68
6
4
69
239
235
105
28
74
23
163
9
155
121
64
103
61
162
135
382
116
368
369
71
57
7
291
175
147
51
170
64
204
41
242
54
83
75
59
40
7
107
321
82
20
161
108
27
249
14
16
24
129
57
15
139
401
26
236
39
134
9
54
213
143
22
17
107
178
120
476
58
55
14
52
243
203
219
196
46
105
84
18
15
84
178
190
85
167
5
230
153
2
34
285
34
244
284
168
46
191
204
82
6
84
97
54
196
196
77
58
201
43
172
73
100
186
323
75
145
171
15
79
223
45
86
44
56
43
108
5
67
222
145
146
239
196
238
29
41
183
198
10
139
252
39
174
120
1
6
55
162
198
80
41
9
56
274
40
69
33
443
91
37
85
475
3
55
220
28
197
87
148
48
43
26
37
142
41
28
37
45
29
174
26
103
8
116
5
239
43
111
23
42
109
23
262
63
34
101
97
63
84
65
24
26
245
136
93
193
27
64
13
56
74
170
29
63
79
65
56
187
1
71
557
186
141
84
70
220
32
63
353
150
132
366
185
138
119
162
18
52
272
114
142
127
141
47
18
157
250
123
79
25
352
100
84
24
29
80
396
397
92
93
241
175
28
217
131
51
236
17
92
21
194
4
217
49
109
286
21
89
263
15
132
40
60
171
69
272
59
79
139
12
11
262
31
26
46
90
86
22
21
137
134
30
3
192
173
96
170
257
660
267
26
236
49
188
139
7
105
368
4
98
33
384
57
242
91
125
147
31
39
8
285
93
22
83
164
127
155
34
57
96
135
102
10
24
83
200
63
190
105
268
78
76
63
224
120
303
48
83
30
394
21
210
95
72
15
61
134
125
141
187
269
149
6
37
3
162
116
221
54
33
132
270
60
169
82
172
92
39
59
136
154
399
107
143
171
61
243
196
62
15
62
198
316
54
10
108
66
62
77
66
199
32
52
14
269
27
140
194
109
534
59
97
1
120
13
38
98
73
196
90
61
204
84
73
265
120
4
5
14
341
453
68
27
15
50
91
28
101
12
20
102
85
34
92
114
261
127
14
100
174
206
101
10
50
95
24
19
121
85
191
64
23
26
12
443
201
138
63
20
193
40
159
88
65
294
22
137
357
310
127
120
492
55
19
71
86
227
30
57
73
166
5
163
35
38
52
239
98
271
9
230
26
53
124
192
6
181
6
157
40
89
104
101
96
66
27
28
43
117
46
169
16
112
279
55
23
143
56
201
226
60
26
32
243
190
70
155
133
29
172
191
201
178
24
23
8
197
59
17
62
37
308
19
121
309
91
214
83
28
94
108
8
98
106
269
87
152
37
60
45
141
25
92
179
30
31
63
90
89
223
26
392
279
381
219
59
325
5
42
46
138
29
10
437
54
6
71
125
144
121
89
29
30
22
110
106
90
220
67
159
175
145
110
242
33
99
32
220
69
55
38
220
65
159
112
99
172
170
97
39
7
31
227
131
63
99
104
200
15
88
113
4
146
379
95
256
209
297
210
52
4
323
331
89
37
42
222
63
72
15
56
148
13
120
201
61
6
6
58
14
29
122
154
149
151
12
74
36
20
197
2
151
8
184
747
91
172
172
84
49
481
158
44
254
171
92
96
183
137
158
43
116
252
549
23
388
21
75
28
357
155
281
440
63
30
7
74
7
392
180
147
160
1
200
28
91
4
236
35
33
133
326
71
18
34
228
98
61
134
242
93
21
161
86
112
15
74
23
114
36
196
112
84
107
53
31
272
282
20
364
43
100
78
37
80
97
35
111
138
4
70
171
10
264
36
33
109
85
37
104
154
175
131
49
452
17
66
155
35
97
58
64
26
25
43
142
32
164
48
126
21
534
102
166
117
40
303
205
89
17
117
99
91
414
117
5
4
146
344
107
37
120
153
66
346
130
19
12
328
47
118
212
179
45
18
26
329
181
19
71
180
51
70
111
6
11
155
57
144
64
44
171
21
129
51
31
188
208
93
88
76
108
276
2
61
177
19
24
21
58
324
516
97
205
39
181
59
12
16
404
164
170
60
102
67
78
126
177
12
72
193
18
31
181
84
51
111
16
30
51
330
4
20
184
78
48
59
160
186
121
105
54
142
318
200
48
109
33
133
283
9
217
114
125
73
7
6
194
9
132
38
6
17
256
129
42
236
41
95
11
282
131
207
14
108
96
76
39
113
99
32
63
73
140
162
117
105
73
34
105
54
28
61
95
169
47
144
19
84
82
58
11
71
182
142
341
155
242
212
220
9
77
67
134
24
40
65
343
217
85
367
25
72
84
58
17
56
28
130
12
82
239
19
275
56
236
126
130
5
9
115
17
175
49
58
77
249
301
402
57
150
79
119
32
46
21
103
147
48
167
92
164
37
304
183
2
91
12
375
165
25
211
109
211
212
126
51
53
23
39
17
157
321
300
83
7
116
84
105
99
473
111
39
77
148
230
20
113
82
192
100
460
1
76
274
39
83
49
99
32
83
114
14
11
105
73
199
113
126
65
128
47
150
21
69
134
79
220
22
77
102
125
187
33
665
108
280
30
44
85
361
38
79
129
23
108
49
253
106
20
173
236
131
175
188
173
397
133
249
115
247
449
1
73
188
164
214
124
23
98
61
174
13
86
263
69
50
34
165
46
68
343
73
104
262
42
410
32
45
134
115
169
419
28
312
106
184
26
24
73
33
118
144
35
74
32
354
114
205
25
291
262
96
6
200
36
7
25
26
216
104
573
68
85
104
258
63
135
40
123
83
349
60
360
276
163
96
64
201
31
30
119
3
72
27
84
208
104
232
226
452
261
78
268
59
32
5
179
7
86
136
1
15
24
55
152
86
35
311
53
10
37
38
117
30
123
89
143
63
31
3
125
69
329
46
141
206
99
140
212
36
263
7
406
45
11
42
22
194
72
136
110
127
167
75
124
149
135
10
30
4
105
65
66
146
59
159
459
313
138
45
89
4
214
112
57
73
3
212
17
45
83
19
61
4
190
297
30
23
34
111
174
139
15
220
13
286
4
142
194
158
88
71
237
9
123
312
433
1
266
171
399
112
190
180
114
93
134
36
40
130
75
69
178
12
105
163
195
15
66
225
54
92
59
24
318
109
28
232
126
144
102
273
473
43
163
178
30
254
106
286
40
97
110
71
70
296
175
102
116
7
68
91
325
144
657
25
11
340
37
23
159
70
88
103
33
105
85
28
37
24
251
38
44
68
165
77
15
123
80
223
233
170
59
70
87
164
81
159
94
44
29
26
36
32
297
142
88
186
201
27
243
182
32
16
267
45
281
24
53
2
87
11
33
172
312
46
98
69
44
22
178
50
33
278
7
50
149
286
132
167
56
89
203
128
41
96
162
84
7
36
178
138
290
234
19
452
142
111
72
26
162
9
42
298
119
118
21
54
118
514
71
1
210
59
160
150
155
648
143
101
161
63
94
299
371
143
140
10
13
108
102
70
98
6
133
11
11
20
14
54
188
83
46
20
84
15
87
82
219
4
95
7
166
212
233
25
348
92
55
48
522
44
66
42
89
193
126
166
366
33
10
84
49
12
39
50
136
158
18
24
363
73
46
108
53
41
177
103
87
116
70
5
273
80
17
16
149
83
111
63
361
350
91
71
28
241
2
54
70
30
275
133
16
15
62
115
278
121
70
12
49
86
20
39
28
84
26
193
256
14
259
7
202
6
20
140
222
38
305
51
101
233
24
95
32
111
12
274
31
428
60
178
231
25
206
89
31
8
216
159
28
54
180
280
7
48
255
38
17
4
23
284
44
115
205
60
81
149
129
44
325
10
69
44
53
10
70
75
91
42
47
133
137
35
5
2
75
123
10
18
121
230
5
27
81
409
178
6
17
296
123
37
145
68
164
45
249
113
45
169
436
39
290
96
60
199
99
10
25
36
216
78
69
219
44
323
17
162
127
128
86
41
238
100
59
385
53
17
116
13
200
62
52
44
199
345
84
39
49
52
384
150
213
232
357
280
37
14
14
65
22
51
45
425
216
51
94
139
223
215
258
65
34
113
31
150
28
67
27
22
301
135
29
28
1
33
48
30
137
20
42
59
3
260
245
168
255
14
39
8
22
117
181
167
90
131
53
150
195
97
169
516
118
1
35
100
185
257
113
8
15
41
38
279
26
145
56
89
287
46
268
34
20
85
60
130
196
15
12
72
165
28
178
199
43
23
12
603
210
58
331
62
117
110
81
10
192
79
216
153
20
246
87
404
199
78
116
108
9
168
64
267
75
163
86
111
10
80
126
66
24
48
26
235
188
78
8
23
45
13
143
58
104
1
195
73
53
107
133
452
20
14
48
41
526
195
45
36
58
179
39
71
384
155
22
271
46
57
119
6
138
177
34
30
65
134
81
52
32
321
206
124
165
229
167
169
38
170
88
363
12
153
330
22
19
170
55
200
13
89
66
46
192
324
56
231
16
243
443
344
192
323
17
48
168
109
138
366
80
3
16
95
240
22
17
37
148
256
121
92
37
137
139
123
118
93
167
180
185
182
20
216
89
84
112
76
175
2
126
26
233
155
20
114
40
210
362
91
52
366
136
78
125
17
60
148
58
58
25
140
72
1
20
52
149
6
101
47
195
124
288
364
114
55
144
164
127
75
6
111
177
32
93
4
21
107
115
361
16
193
53
193
204
90
127
91
120
18
88
113
54
125
60
51
64
148
35
70
36
30
156
171
133
1
270
177
14
119
63
118
67
160
173
289
83
22
79
116
12
10
85
75
77
27
97
69
123
151
89
103
43
48
137
5
88
31
59
213
124
31
113
105
111
30
296
67
46
65
127
68
130
2
59
96
104
50
170
228
184
116
101
332
239
33
47
34
116
163
302
46
43
92
220
14
575
122
26
23
171
122
293
323
151
101
78
306
126
214
59
199
421
371
208
16
29
144
174
41
269
170
207
216
16
63
20
45
28
293
92
88
71
143
100
6
36
154
341
51
88
70
149
45
163
394
194
469
280
74
155
73
235
275
33
55
148
37
162
38
354
54
74
158
283
10
13
12
32
11
348
8
1
173
132
21
202
37
210
78
78
73
123
633
24
200
18
170
114
21
321
57
77
154
36
9
440
60
35
199
577
263
191
332
26
98
176
102
23
102
15
32
32
6
73
16
225
92
113
88
137
380
73
81
187
96
189
63
40
250
284
7
7
38
129
79
138
34
66
67
86
12
172
350
44
306
205
41
13
211
294
65
77
43
85
148
146
565
26
96
375
17
247
214
2
127
93
311
55
148
242
100
113
26
268
10
136
214
213
592
123
7
75
116
98
212
67
30
174
124
7
234
108
83
332
22
63
144
26
31
10
220
41
69
198
133
87
41
336
89
39
7
167
143
204
350
122
64
152
33
196
12
90
276
235
11
15
184
528
221
126
68
100
328
13
146
253
330
262
131
9
31
167
53
17
208
40
15
312
77
26
53
466
69
76
249
97
113
224
39
51
269
82
148
58
198
288
105
211
35
91
3
568
258
99
121
205
31
82
68
123
308
129
231
33
98
3
79
17
508
174
60
52
348
53
175
172
83
64
243
155
89
66
88
70
51
143
115
119
65
67
283
209
196
195
155
95
162
84
111
73
175
215
49
80
80
164
18
41
42
507
57
192
231
107
53
5
172
90
37
150
7
140
67
46
111
80
207
133
36
100
54
120
126
21
38
25
220
84
71
46
50
170
138
60
79
81
27
58
25
320
65
10
150
262
