99
160
183
86
710
95
110
109
128
58
5
1
5
146
202
3
97
302
128
82
6
204
47
35
46
55
76
88
201
470
29
228
117
60
161
492
188
313
45
106
71
396
257
86
14
93
39
144
63
153
86
11
520
372
12
148
39
118
26
26
47
107
112
47
614
195
860
165
99
310
213
76
100
83
27
18
86
52
10
134
20
77
237
75
33
20
99
157
810
136
80
96
44
100
46
725
139
187
23
208
67
650
131
166
339
734
45
614
24
172
40
91
426
317
248
19
171
1
144
26
231
74
47
160
5
84
114
109
211
181
57
277
512
36
114
728
144
92
260
248
388
48
15
63
112
62
13
67
311
185
62
87
196
96
24
14
379
101
217
35
251
145
33
318
49
197
52
151
40
110
168
24
608
80
188
39
26
158
109
130
308
51
171
451
181
131
37
150
95
461
127
67
22
254
206
131
5
11
168
91
47
21
60
621
35
9
100
182
276
27
43
143
77
105
103
217
444
15
103
176
426
31
118
174
5
7
44
18
11
173
308
211
110
105
153
57
145
15
353
349
21
79
9
175
13
27
4
8
193
276
84
261
616
84
127
260
34
305
264
151
276
49
10
259
341
66
345
341
21
63
3
202
178
219
8
26
79
70
260
2
73
36
43
31
268
371
257
107
246
263
127
1
346
137
134
33
61
229
25
153
227
30
400
136
40
45
13
157
134
104
36
16
486
114
112
9
462
56
109
28
220
216
231
97
101
477
276
328
199
35
28
7
8
464
5
101
64
97
159
74
73
55
188
124
14
533
17
63
62
35
2
10
12
74
288
210
260
511
36
29
61
128
43
322
137
191
224
110
20
16
80
298
672
44
130
70
31
126
66
34
242
126
197
496
301
105
87
43
37
166
12
1
401
77
232
187
25
59
171
256
301
95
226
265
39
140
102
628
31
120
221
319
181
7
171
25
138
12
15
592
181
396
6
41
8
185
117
290
11
40
14
482
562
248
98
70
149
24
127
801
275
240
44
239
51
361
9
163
77
40
40
23
81
437
118
68
270
19
148
62
128
168
66
61
318
4
38
50
116
53
62
221
122
69
120
479
770
303
251
101
161
37
172
576
40
8
50
149
139
44
10
23
141
351
232
242
501
51
79
8
54
432
175
1
660
12
28
16
320
40
67
18
16
9
61
200
101
97
377
346
7
154
357
743
419
66
143
7
2
137
288
51
157
5
76
72
298
125
242
13
373
5
121
101
62
42
142
315
583
262
85
39
414
267
87
288
252
324
150
208
154
82
54
290
161
293
54
121
73
172
65
450
331
261
290
16
175
300
47
70
224
61
72
111
131
27
71
756
154
55
201
137
79
61
22
323
106
80
225
3
91
24
101
81
669
108
116
22
202
276
102
409
497
203
13
239
92
24
65
19
110
8
215
8
156
86
19
402
63
246
215
4
549
158
277
47
27
300
352
117
76
319
49
326
49
169
559
24
50
221
39
326
60
89
15
203
302
102
50
10
45
199
199
60
448
737
251
50
241
324
225
60
36
148
74
389
41
343
17
330
7
20
126
27
267
526
268
266
45
50
128
120
20
114
140
5
26
44
331
166
241
27
10
563
7
272
33
141
9
60
19
4
4
51
53
121
42
121
17
35
17
64
22
137
132
51
353
87
42
227
4
28
48
17
102
91
74
61
71
315
180
188
257
282
99
191
17
178
131
333
310
39
114
194
42
179
531
994
322
313
66
106
97
3
10
33
155
337
152
165
53
163
110
260
912
165
62
169
303
336
16
1
171
274
317
109
1077
116
559
64
159
18
16
41
105
2
28
246
212
268
114
66
129
18
5
70
85
868
113
110
450
456
56
107
78
13
142
37
156
301
329
159
60
293
89
439
44
699
233
229
256
36
98
174
148
118
263
102
357
219
230
353
281
34
134
178
125
70
260
20
686
48
55
26
49
169
18
6
14
80
91
345
89
76
11
184
163
239
127
31
64
249
178
52
326
243
111
11
6
19
404
107
168
27
134
18
191
13
251
51
170
147
153
3
62
400
110
179
518
43
344
69
11
104
23
277
33
129
77
122
122
16
19
161
83
201
65
55
66
93
106
131
32
67
252
72
120
80
3
212
215
15
335
125
127
27
208
141
320
148
17
262
57
97
240
114
198
256
27
270
173
25
267
171
574
1
14
76
82
64
343
221
200
12
27
3
166
295
117
49
157
60
81
85
26
19
140
278
2
59
298
162
156
464
27
336
214
60
595
4
98
80
427
67
57
103
157
58
589
202
269
108
95
105
95
386
229
4
178
338
20
16
85
150
55
157
122
227
789
449
57
67
20
80
143
185
40
156
97
730
407
65
162
79
82
275
22
71
81
53
21
6
61
80
205
142
9
166
256
518
214
14
641
88
80
24
105
92
104
385
79
65
74
84
68
46
325
143
275
25
69
393
213
15
211
338
93
60
141
9
255
58
34
298
549
296
195
288
107
128
41
6
18
268
81
80
103
100
64
362
139
18
35
204
635
90
167
840
70
144
37
93
42
190
17
408
93
192
155
70
219
65
167
208
309
44
84
377
217
181
130
84
167
119
13
69
526
47
63
102
67
48
12
235
360
5
72
33
242
142
274
255
230
103
51
81
372
27
513
128
32
257
121
129
75
53
415
66
182
462
10
128
93
816
166
596
102
243
366
24
95
407
104
271
28
122
200
256
246
25
99
117
271
131
41
226
9
182
217
179
95
38
42
39
189
69
37
23
108
650
155
159
1
34
172
355
288
193
12
377
58
423
136
161
148
60
1
271
184
80
90
132
25
200
243
3
14
48
284
359
553
283
189
99
55
12
15
263
40
96
637
105
317
146
35
57
10
84
86
142
358
362
223
148
12
83
94
54
173
92
79
208
88
201
1
202
56
209
44
269
62
90
77
328
116
280
29
153
23
80
281
206
306
170
204
574
66
100
299
8
573
280
41
62
149
21
130
350
231
77
71
173
57
121
338
241
20
89
114
11
102
195
29
259
104
5
243
98
12
71
86
469
51
57
121
28
6
89
7
75
38
161
108
198
538
103
71
271
32
382
52
57
136
184
320
43
49
242
5
125
66
173
251
273
22
69
247
19
100
145
210
59
77
92
59
365
256
1
18
15
108
115
73
224
324
160
35
169
50
27
11
66
4
27
35
123
4
6
14
222
47
65
297
229
141
18
16
171
243
28
171
76
478
33
214
48
346
43
43
90
60
90
217
17
24
124
363
5
52
79
229
60
70
497
56
62
145
60
47
136
14
572
78
114
259
132
36
285
44
104
172
17
36
190
16
227
450
102
454
60
76
110
13
267
6
495
155
86
24
24
36
4
215
92
215
47
36
54
37
346
16
11
50
17
293
108
73
124
3
31
21
102
376
243
113
92
476
65
392
55
329
76
122
133
29
215
298
90
434
41
216
15
27
46
88
194
312
65
172
98
324
102
299
466
84
9
32
59
67
191
62
42
174
199
533
197
87
9
549
717
630
286
74
21
206
232
73
202
106
19
119
896
525
82
146
216
15
47
141
450
222
482
12
10
241
83
147
191
176
245
28
47
283
144
28
53
131
116
307
64
270
69
399
135
173
28
42
316
505
15
286
53
30
37
76
45
10
5
470
85
57
294
161
19
49
126
149
257
331
514
211
56
83
49
109
73
356
114
342
11
96
74
52
117
163
68
2
26
188
339
353
169
503
605
34
56
918
49
107
600
55
325
142
80
254
70
27
606
51
51
178
15
46
83
619
517
671
126
77
134
576
21
251
17
254
27
208
35
19
128
199
62
113
550
44
180
95
129
260
324
73
287
54
467
8
52
93
90
303
149
312
201
13
135
87
10
677
184
111
44
75
45
415
53
56
64
2
201
89
45
59
522
291
28
69
204
76
107
29
13
66
43
96
226
121
86
87
68
233
37
59
116
27
25
1062
162
272
33
17
1
5
187
235
68
61
194
41
111
103
59
248
274
65
233
195
77
89
62
295
19
2
47
105
144
16
40
175
29
307
45
160
56
6
148
149
44
299
287
3
13
38
152
157
65
204
76
75
299
14
24
561
49
40
58
71
37
21
38
8
24
107
479
13
13
152
16
353
66
173
399
34
93
86
551
103
200
1
512
104
400
534
356
75
106
873
26
479
17
49
346
22
148
27
8
958
177
347
264
93
91
43
27
69
49
25
149
145
145
75
412
149
125
148
10
1
54
84
80
20
57
217
83
29
1
5
16
13
56
301
518
16
141
14
205
18
36
40
1268
38
264
356
24
73
2
12
189
156
252
377
59
126
43
63
105
179
114
3
253
98
10
9
316
295
43
198
317
81
76
149
24
73
158
117
117
148
413
416
507
12
250
196
233
113
302
316
333
151
81
406
23
250
37
17
409
218
83
393
175
6
3
31
524
47
105
35
48
80
41
16
181
52
69
40
130
190
21
358
228
207
100
216
514
12
277
17
398
87
266
206
32
244
1
131
129
84
137
65
178
89
713
33
295
71
35
3
127
142
260
89
605
74
185
652
2
101
173
187
7
39
31
66
429
63
168
83
9
97
60
49
19
182
194
83
38
8
97
763
361
618
214
268
99
56
340
135
22
340
266
105
158
282
279
154
118
134
408
129
604
24
541
159
49
580
119
23
71
37
1
295
69
78
21
852
238
20
166
212
194
53
66
477
290
416
141
147
14
230
82
184
56
223
133
36
41
11
67
126
401
313
332
141
50
914
75
149
70
250
345
130
27
51
180
156
238
151
203
353
12
17
161
125
305
27
55
132
81
220
113
38
118
348
61
22
92
28
169
156
25
69
122
300
129
72
209
103
296
232
61
20
194
31
178
25
167
56
87
35
247
37
290
543
370
317
341
12
288
2
11
53
148
606
189
109
123
108
104
63
60
173
879
530
198
67
172
190
174
91
117
29
60
214
28
69
275
107
392
357
704
2
188
51
819
193
415
94
17
73
137
156
283
114
174
24
17
369
53
170
240
449
79
249
34
4
166
103
57
464
77
267
164
115
778
208
1055
151
149
111
107
95
44
219
500
296
2
79
119
271
115
81
63
120
81
10
38
1
136
157
669
165
509
20
417
73
110
219
290
46
229
79
133
295
228
132
9
14
23
48
56
33
78
153
104
22
59
73
138
139
42
45
226
222
21
96
324
71
9
148
347
407
35
64
95
191
129
61
180
133
130
202
505
163
105
77
292
184
125
706
113
144
298
25
381
387
186
9
14
234
890
191
34
62
50
39
57
274
324
320
81
48
39
16
2
65
86
19
110
15
96
448
19
75
102
287
39
548
679
153
17
23
426
170
313
116
33
139
236
51
191
68
29
526
5
510
57
71
33
113
101
39
193
28
555
340
68
201
45
155
71
19
111
139
252
38
134
167
81
141
127
109
242
611
128
14
29
85
284
88
18
127
88
213
246
8
31
48
689
549
143
17
150
34
344
55
54
114
52
9
90
291
49
88
57
80
183
93
67
556
428
18
136
124
250
8
108
15
327
41
188
24
88
134
1208
37
214
52
9
123
31
47
59
23
127
227
222
262
117
13
1
3
434
7
128
10
55
147
173
425
23
461
179
16
201
94
156
92
142
225
37
250
284
112
85
15
205
178
241
59
82
53
180
268
51
290
246
27
145
98
39
177
524
145
187
279
345
37
166
124
40
623
379
20
15
222
135
71
22
714
302
4
94
2
396
227
103
275
57
82
90
250
226
15
132
169
419
5
514
109
148
149
217
192
531
22
16
85
142
62
238
340
477
486
361
369
86
228
420
8
96
23
114
92
187
112
26
237
79
225
177
405
46
125
59
77
136
155
204
205
35
15
218
365
318
514
325
150
101
49
421
549
1
295
286
3
316
224
12
212
105
17
143
57
402
548
37
594
62
210
314
48
51
545
46
448
442
15
71
352
509
214
80
15
192
47
487
305
117
50
404
58
11
131
12
290
177
2
10
100
345
112
13
476
303
541
7
226
78
92
379
34
168
85
162
4
237
305
32
126
152
190
49
13
49
12
506
42
334
552
201
12
40
122
104
158
12
24
538
492
152
43
113
458
22
94
121
42
160
71
14
1
82
87
11
256
223
27
194
99
324
180
450
308
340
653
167
74
166
518
26
608
96
70
46
235
29
39
272
199
214
74
32
89
22
499
13
24
319
111
29
93
202
190
193
828
96
192
188
17
17
112
62
58
332
43
202
110
27
242
101
489
129
394
41
7
124
140
182
2
168
234
390
290
27
90
15
110
341
226
7
82
280
41
60
429
253
36
122
290
178
46
68
99
122
105
56
90
199
124
427
77
19
158
108
91
1060
119
8
462
122
91
41
60
189
290
75
139
115
69
102
134
213
395
99
44
7
106
45
85
353
17
169
81
24
57
6
170
301
11
326
215
278
38
249
71
11
284
458
424
167
128
241
219
312
16
16
42
52
9
60
120
74
52
9
17
49
264
607
49
47
709
121
94
63
1055
98
142
21
16
80
219
194
91
93
94
130
137
154
32
14
5
42
91
511
320
364
170
200
22
71
127
102
269
148
141
115
86
136
329
216
153
40
10
388
123
19
179
100
1
22
60
50
135
22
51
80
76
7
97
269
62
170
50
135
57
190
361
180
237
115
264
19
105
226
11
450
137
25
35
57
153
14
15
294
64
66
146
28
124
46
252
75
82
39
45
50
22
51
154
172
12
35
162
110
96
16
23
486
50
79
58
72
69
291
148
57
102
9
114
33
264
392
17
172
840
2
81
6
561
61
74
30
147
95
127
272
239
173
52
16
140
58
184
50
11
4
241
4
24
36
128
634
20
232
503
265
229
96
102
154
3
103
294
561
34
56
12
287
130
156
675
160
26
371
287
70
351
534
216
21
281
198
78
57
100
59
470
26
94
90
251
15
16
35
79
41
634
217
273
42
249
36
115
482
486
61
24
56
25
346
77
117
300
360
29
360
101
81
853
118
94
215
434
268
22
62
145
457
116
167
524
44
121
145
32
66
105
62
55
230
49
130
141
137
264
9
5
124
151
4
330
12
51
11
225
181
222
192
28
12
20
28
96
245
107
665
74
60
116
166
498
119
11
117
576
190
345
351
30
22
397
54
14
217
8
141
205
27
288
27
343
78
65
218
16
10
44
17
19
109
301
113
629
471
239
346
224
102
75
63
497
149
18
81
63
65
47
91
10
200
108
38
258
177
36
12
14
52
54
19
231
40
18
51
23
18
322
238
80
14
87
176
192
95
305
101
73
139
574
22
156
168
220
303
7
291
124
21
142
193
20
34
234
25
234
9
152
60
67
100
359
156
139
279
21
142
25
136
153
36
54
175
13
154
493
69
21
82
39
511
121
6
58
4
44
78
273
196
232
430
25
93
243
282
132
356
312
306
364
406
15
264
12
37
19
288
75
303
59
108
4
42
180
68
286
401
130
79
142
251
129
451
29
163
72
268
5
108
92
235
139
340
19
558
151
124
12
55
291
227
208
52
20
29
208
10
161
892
174
40
76
85
631
17
225
110
217
69
119
61
210
6
46
223
119
37
78
29
210
153
678
241
251
207
315
186
110
160
187
300
166
176
14
147
145
286
423
164
84
172
154
11
313
192
88
62
243
56
29
119
196
60
52
48
305
8
13
132
53
471
63
359
32
308
97
692
119
96
94
206
489
68
25
35
518
25
109
161
111
55
233
143
203
188
23
104
441
113
116
266
137
10
325
84
41
323
43
12
175
7
98
24
308
156
194
131
598
328
275
43
361
115
298
48
34
285
227
33
187
280
64
325
216
8
448
120
7
214
12
228
96
90
195
35
49
35
9
112
93
441
139
120
15
85
9
21
14
56
68
25
77
106
29
510
963
95
379
191
505
156
6
28
60
60
215
495
80
526
209
137
162
136
168
57
108
270
185
176
96
49
87
90
129
136
112
152
26
34
141
1
615
424
49
7
90
7
85
337
144
48
132
70
20
33
54
131
656
161
67
72
322
6
31
158
373
262
244
11
223
23
211
275
239
103
225
134
92
33
97
12
268
120
50
49
963
45
45
68
498
99
386
113
209
216
4
50
39
175
97
66
186
91
6
326
477
377
235
258
94
76
25
445
268
151
635
156
35
8
360
520
49
78
29
428
86
21
26
30
71
443
7
305
20
37
378
68
16
154
277
185
323
164
3
158
69
103
116
140
52
398
200
59
10
424
17
99
424
90
15
247
427
57
314
12
4
3
8
49
6
116
9
131
380
16
10
43
218
354
129
10
438
20
75
79
257
65
33
91
501
336
223
135
12
493
158
143
198
52
129
249
21
435
75
171
78
270
273
46
39
64
51
53
247
269
144
51
138
178
8
134
100
145
77
86
339
196
250
435
70
168
294
234
6
35
72
37
62
94
12
218
68
65
112
410
293
90
111
121
54
116
609
212
110
82
405
58
12
345
90
35
299
95
23
191
326
5
171
122
90
67
186
402
21
312
260
43
297
43
61
169
37
232
48
10
50
129
519
40
50
137
52
209
98
26
274
371
2
347
345
58
9
45
490
482
233
603
213
28
78
30
229
37
6
200
216
48
92
86
100
47
99
431
2
94
445
458
107
43
41
10
141
69
28
45
268
116
200
169
47
19
310
105
30
37
60
601
101
36
309
45
128
82
333
389
453
622
48
45
10
12
51
246
125
114
258
88
104
11
168
54
28
174
49
142
16
200
9
92
111
166
221
253
125
200
86
112
105
114
176
166
342
244
67
31
12
149
293
961
281
69
93
265
37
3
28
3
198
111
47
332
167
194
171
67
28
15
185
63
61
94
193
343
247
107
169
171
467
27
218
188
401
58
197
39
419
34
288
80
17
407
160
18
625
86
2
240
148
124
311
115
91
70
288
56
109
95
4
14
536
122
57
67
208
27
138
184
227
625
58
124
119
71
13
131
70
272
196
12
116
183
414
321
61
262
1343
10
15
103
279
254
40
109
7
23
16
285
189
300
189
9
12
139
124
30
300
71
106
10
170
261
187
42
15
51
29
76
36
224
215
220
37
351
30
408
76
177
150
218
290
7
12
98
9
82
28
203
189
155
226
554
171
152
15
335
379
91
47
17
159
102
75
137
265
129
5
18
66
30
725
82
404
121
15
111
94
67
68
86
133
405
147
78
163
74
179
10
385
194
44
296
39
251
210
172
26
45
131
106
232
83
77
363
150
74
59
41
156
97
630
188
109
5
78
38
330
3
61
10
53
163
80
11
78
181
55
253
22
48
15
129
50
205
123
48
2
225
40
148
63
8
44
47
397
213
152
163
170
560
96
61
11
122
108
121
13
2
332
21
151
68
131
156
381
116
161
238
227
319
288
15
18
108
14
284
1094
104
21
73
6
241
67
128
36
88
692
318
127
2
188
453
30
15
394
249
100
11
56
48
162
49
82
196
230
52
16
287
86
109
359
74
36
113
35
17
53
45
183
96
363
121
50
549
97
78
37
86
6
1
5
18
353
47
431
5
93
30
225
455
601
6
110
1
79
53
48
154
329
377
92
133
28
7
434
230
16
43
71
195
8
339
188
66
60
279
134
9
3
3
84
157
193
93
46
16
133
162
80
1
61
44
21
25
8
490
83
573
375
19
279
22
212
112
13
129
67
247
41
129
56
107
12
91
10
2
179
79
14
67
316
7
224
40
181
27
139
475
106
3
26
22
562
3
325
162
60
22
192
350
16
2
117
102
20
300
165
425
80
168
344
501
5
94
133
99
3
94
101
94
39
87
59
113
213
183
80
72
196
122
63
211
45
46
50
73
14
189
21
178
89
53
66
13
122
18
408
153
47
33
81
227
56
33
188
154
360
572
56
119
134
30
145
568
70
103
634
70
20
138
31
95
203
94
254
123
265
67
413
221
106
9
408
533
236
172
20
34
83
26
51
347
134
29
142
403
141
78
205
142
149
155
26
9
81
393
163
302
55
16
2
9
34
206
48
84
12
2
46
58
522
97
72
575
80
106
23
366
160
415
9
158
174
193
124
27
3
76
373
36
11
130
247
22
123
313
140
232
282
365
349
138
571
73
354
142
70
222
343
548
24
195
48
14
286
65
74
8
24
62
136
450
6
426
91
43
219
6
79
494
469
15
104
41
16
48
105
62
4
67
55
27
96
191
18
204
262
162
326
31
95
156
95
45
144
52
350
56
277
37
3
18
23
106
297
212
138
211
22
192
117
231
41
88
443
6
31
209
76
3
355
472
177
78
41
179
327
34
115
54
179
169
26
66
13
152
326
109
165
47
49
708
313
84
29
244
248
133
40
38
248
91
443
106
104
91
18
129
42
87
10
32
162
68
23
342
222
58
160
791
237
1
72
40
331
12
186
73
9
240
35
58
71
77
178
12
88
117
140
7
91
64
587
210
390
363
339
189
108
380
153
117
52
18
153
309
122
91
7
877
16
67
180
18
132
77
5
125
2
51
68
26
108
82
17
71
356
52
200
8
81
16
96
238
18
364
14
5
177
870
250
199
70
25
139
247
87
64
23
55
113
107
62
156
243
3
107
54
246
337
19
159
528
244
204
283
3
157
126
4
73
393
94
14
395
65
52
283
40
566
391
168
123
507
331
16
78
11
27
46
183
281
27
613
63
108
499
174
347
1
32
46
171
33
114
13
47
137
250
138
639
51
451
141
68
439
489
50
362
152
113
180
461
67
94
302
121
370
111
205
16
446
292
25
7
1
94
48
64
292
173
189
158
7
275
286
331
18
462
38
1
80
238
1
78
132
74
38
22
112
31
8
96
127
84
262
7
59
84
180
192
167
169
852
37
3
60
80
72
5
396
48
89
49
140
320
20
345
10
33
138
69
40
106
6
266
251
173
363
37
122
1
51
22
414
105
115
63
167
92
172
63
83
44
17
390
243
117
89
222
30
62
133
89
21
34
67
132
512
13
808
68
97
231
36
258
16
137
85
7
110
523
186
193
5
692
151
231
14
111
108
347
162
747
181
13
23
57
69
21
68
222
81
156
214
105
127
122
156
174
5
63
2
145
113
237
61
44
5
146
62
33
81
59
19
4
447
14
446
208
235
125
87
234
11
119
73
203
296
95
37
23
154
660
250
127
31
19
436
39
172
53
162
174
125
264
328
14
31
138
54
49
30
92
78
345
99
37
149
125
264
94
7
525
169
212
366
237
46
14
58
888
131
131
156
439
131
90
414
126
210
724
27
588
71
222
462
49
147
79
510
4
553
194
197
19
459
68
34
45
4
34
143
292
160
74
137
53
169
160
352
121
331
87
140
41
28
336
114
66
13
2
11
63
200
110
114
115
6
267
11
47
100
98
194
184
56
60
109
133
179
442
113
98
57
996
5
160
123
293
406
52
40
514
70
368
157
39
91
279
6
133
114
83
57
16
37
973
76
319
362
30
67
86
96
1
359
123
328
194
94
67
49
33
45
221
466
35
144
494
2
154
58
169
96
175
102
179
342
243
18
254
108
398
1080
50
756
380
74
687
26
23
3
32
217
98
24
220
10
78
385
294
284
147
15
15
50
33
6
506
415
281
114
62
1485
23
75
33
37
443
22
265
705
12
142
61
229
227
89
248
119
169
286
119
527
145
389
44
333
77
552
199
37
18
70
198
259
13
246
64
134
49
376
270
641
421
24
4
490
17
121
242
133
62
97
115
136
304
30
233
57
120
424
41
66
95
523
184
421
381
313
86
229
160
114
14
264
83
1
198
754
73
178
67
83
304
528
285
57
24
76
344
9
312
28
42
48
17
43
127
154
162
133
304
109
43
432
76
328
27
56
252
44
193
332
201
49
145
215
205
467
89
206
50
276
350
51
40
18
93
97
70
446
199
67
444
104
1
46
105
194
424
309
20
23
77
57
66
254
80
62
75
63
274
253
80
77
27
30
443
21
271
399
338
46
76
92
3
209
46
78
66
51
254
208
51
4
48
130
384
48
90
48
71
42
149
79
12
101
47
272
22
92
155
178
166
396
58
36
6
21
110
2
317
115
77
10
161
155
42
192
50
319
150
75
26
19
35
116
62
470
128
61
166
302
278
13
588
204
38
11
84
747
70
89
57
22
647
175
81
292
71
348
152
40
14
101
38
141
150
13
61
144
197
183
664
251
30
157
83
88
20
413
49
189
2
172
136
60
24
365
252
34
21
86
142
154
53
51
76
90
126
177
196
34
20
469
1
304
287
58
96
47
107
12
63
157
65
88
64
244
31
227
110
136
32
427
180
164
676
105
91
102
379
13
42
293
281
155
306
131
161
85
772
36
5
79
244
108
247
302
28
384
29
39
78
98
175
35
244
208
108
4
40
118
341
215
52
413
346
45
220
183
95
4
356
63
391
55
127
113
44
10
64
119
174
138
219
64
109
75
37
7
55
371
148
19
453
221
38
82
452
83
26
250
204
104
60
209
130
53
17
387
134
174
142
182
135
157
137
226
189
29
20
38
301
59
100
387
73
98
300
10
152
196
28
226
237
537
78
157
451
184
155
13
423
17
110
12
38
55
33
458
132
148
151
69
347
106
54
272
428
185
458
58
86
197
16
40
297
45
144
369
745
115
252
225
32
33
157
42
465
389
29
152
156
14
32
70
201
195
214
133
300
82
32
183
621
88
1
19
284
15
104
64
62
128
128
546
15
207
295
144
109
163
252
207
149
126
359
155
103
730
36
88
35
72
129
1023
77
169
550
32
193
234
276
114
34
55
641
305
55
44
187
32
55
95
180
288
69
52
72
22
359
287
111
97
231
180
33
33
254
89
284
548
917
470
409
340
135
47
136
33
560
25
111
25
44
130
27
19
36
99
205
186
86
3
414
108
23
15
96
328
100
159
253
122
81
95
53
2
197
53
94
137
29
111
20
25
118
86
62
206
95
147
232
77
26
129
138
263
37
163
6
37
243
104
27
481
37
79
60
249
179
4
93
294
22
189
80
137
274
158
504
159
9
356
22
49
767
116
93
162
223
75
55
68
284
76
73
116
202
66
92
86
149
39
146
80
20
76
77
219
167
168
50
448
29
168
86
71
4
241
69
243
32
402
158
12
3
12
45
843
440
130
21
317
106
413
89
218
70
78
23
175
66
158
158
299
114
66
617
29
96
133
257
136
150
35
57
38
312
72
518
76
196
45
10
35
369
284
105
19
197
524
160
104
96
11
22
137
20
23
89
80
336
33
2
162
200
98
27
105
66
67
15
95
35
40
22
330
295
449
91
5
218
140
1
91
606
541
219
63
91
192
75
5
18
151
24
144
835
90
354
133
104
169
93
179
242
38
27
15
349
132
78
88
182
65
31
138
233
58
178
389
183
484
178
449
100
296
105
133
101
1
3
183
22
332
55
255
142
307
30
128
383
60
103
89
121
228
30
26
279
11
241
43
103
284
59
21
734
81
52
626
541
48
38
53
147
131
148
144
5
164
181
128
162
248
260
222
117
31
12
72
163
475
157
129
34
223
186
412
293
437
369
129
18
30
40
246
199
118
170
84
148
14
215
427
72
131
104
730
41
1226
81
81
119
46
133
148
48
68
17
249
40
25
2
70
11
81
244
495
261
448
15
112
104
63
146
526
16
178
184
101
24
179
17
75
158
67
39
64
208
34
160
2
104
120
73
28
683
26
28
51
85
173
46
5
23
237
19
125
150
78
137
65
246
322
388
61
9
96
7
381
196
18
460
163
330
86
40
47
155
117
832
168
256
28
99
181
155
110
32
249
375
67
99
82
13
173
23
441
508
128
15
104
245
92
159
144
145
287
541
163
91
22
7
6
252
91
237
179
7
286
200
302
88
1
65
209
15
412
68
326
124
68
101
78
56
55
32
147
220
113
43
112
83
101
97
322
136
6
37
1
301
42
177
343
8
173
325
301
138
117
71
17
53
80
350
45
176
80
175
40
62
363
154
316
26
179
102
75
86
27
162
326
283
77
60
165
207
25
583
278
71
4
231
63
825
39
161
320
90
126
300
14
44
740
152
32
65
15
156
25
5
84
77
301
284
28
174
330
40
65
9
137
1
179
254
7
84
91
1
13
279
240
40
47
53
112
240
15
79
745
31
249
12
116
46
95
54
81
111
275
349
102
99
159
29
3
69
195
21
55
16
242
12
11
299
49
51
47
169
44
44
167
51
20
17
41
51
49
8
220
264
72
248
30
62
256
284
162
33
269
17
65
141
84
121
315
460
11
199
153
78
174
50
66
176
5
338
93
146
298
15
79
170
213
134
21
75
614
332
103
18
297
88
116
110
52
59
334
229
69
56
426
22
60
42
195
28
47
26
629
86
112
123
327
146
17
84
105
84
14
255
94
19
150
39
199
107
85
9
38
225
311
215
226
2
25
72
6
31
211
77
117
401
90
530
443
49
57
107
132
265
106
235
51
7
81
44
180
612
5
128
67
14
502
30
223
28
194
605
290
42
32
89
199
2
85
99
91
72
72
232
79
32
221
101
88
990
84
32
351
135
190
59
68
15
109
108
417
52
60
169
108
169
258
227
82
39
242
24
266
26
93
121
77
354
79
27
24
39
30
204
37
37
3
205
13
57
97
450
30
140
329
128
577
45
133
36
264
54
349
15
22
340
311
157
91
176
7
375
72
40
289
386
56
64
68
58
44
261
108
47
26
355
305
62
24
134
43
25
408
520
94
229
91
55
44
2
35
40
666
126
22
109
378
371
74
8
247
16
40
50
253
278
332
17
714
288
362
12
141
338
102
12
24
52
284
339
102
31
174
330
89
374
221
145
3
96
66
451
5
651
173
42
2
61
81
1
162
293
522
65
158
147
95
246
8
64
16
78
358
4
1
70
165
168
115
82
203
14
522
165
108
42
2
351
68
181
191
46
254
88
363
150
226
37
203
21
131
22
243
85
15
67
17
149
219
40
190
617
46
53
467
8
246
547
13
88
260
135
358
368
259
177
66
30
381
124
113
77
364
438
102
64
355
423
97
117
53
315
9
889
681
42
2
99
42
47
350
17
146
118
7
516
306
61
30
155
77
181
23
5
331
131
41
11
76
16
283
33
89
222
421
43
84
144
179
244
20
8
76
64
111
5
227
340
147
75
220
270
62
438
420
53
27
409
136
392
18
95
134
182
32
61
14
7
364
446
185
147
431
26
25
286
83
71
349
76
97
95
94
39
365
107
111
136
118
319
210
49
135
108
417
4
149
178
350
8
60
61
105
383
32
22
72
126
230
27
42
190
141
142
78
184
9
612
12
253
128
473
300
12
197
91
96
349
15
110
90
65
24
211
282
175
458
239
5
56
264
156
28
161
613
193
610
11
69
42
267
58
40
471
501
35
189
14
46
46
270
101
300
57
179
906
158
87
81
36
61
594
70
305
115
126
40
403
130
99
66
111
390
79
132
384
137
15
22
52
164
76
327
37
648
145
109
243
287
406
18
18
13
5
110
65
78
93
63
346
265
65
242
59
116
122
289
182
134
30
281
123
60
17
142
262
52
36
135
130
106
494
588
71
326
19
84
89
182
276
413
157
92
203
58
106
513
66
110
196
384
6
585
12
27
82
258
93
34
8
11
541
197
104
43
75
155
341
22
30
66
30
225
21
44
65
44
48
178
78
718
122
89
6
298
52
99
91
309
60
509
98
273
24
133
444
725
201
103
27
9
477
125
202
38
230
136
252
45
240
98
201
121
46
1
86
149
28
731
104
83
107
489
244
274
21
140
277
52
59
121
186
254
176
204
66
708
26
109
45
133
7
112
114
192
5
52
450
85
101
96
201
60
28
8
14
141
271
136
368
277
69
112
391
408
95
14
271
382
63
25
23
89
291
7
124
33
180
51
16
148
85
104
26
21
79
288
48
1
284
153
74
21
285
106
13
70
51
58
376
184
44
3
113
141
61
336
91
369
288
88
1
192
187
108
345
82
555
43
161
2
12
135
3
622
234
26
244
245
583
199
147
71
48
40
422
133
186
75
14
65
395
265
70
21
35
370
242
79
94
224
708
155
17
137
24
46
280
349
396
113
519
213
42
38
470
107
2
330
97
115
120
19
135
4
26
23
96
283
131
421
68
25
10
57
85
37
155
117
204
357
228
198
117
207
243
305
46
50
134
170
71
46
45
142
415
538
258
201
141
15
23
31
46
199
105
248
114
11
94
22
212
61
103
421
147
221
49
300
118
150
42
2
62
35
119
13
160
137
748
3
11
424
69
14
443
225
72
19
80
110
202
9
323
122
118
4
178
25
88
152
6
39
56
90
32
91
34
69
274
93
94
60
229
63
451
111
384
729
71
116
34
221
607
178
186
156
134
35
152
47
61
34
311
193
37
24
20
145
25
488
368
41
121
60
44
107
307
203
155
33
73
73
223
378
6
480
664
43
237
181
305
5
224
130
211
49
85
92
21
167
8
30
124
97
341
72
84
214
259
104
80
15
378
22
194
262
71
78
120
30
383
6
191
142
121
4
104
86
97
373
41
89
414
42
71
218
80
5
258
235
110
308
35
89
65
172
442
109
89
399
57
215
62
112
12
138
174
1171
130
120
52
344
89
115
278
113
132
558
166
93
20
83
166
155
12
174
87
321
69
41
164
620
194
164
68
37
11
26
135
121
504
105
369
91
70
175
76
525
33
58
186
187
280
36
413
72
103
93
215
306
507
115
87
55
40
318
221
121
329
171
23
538
125
143
25
6
51
64
167
208
25
113
139
183
382
280
11
14
24
128
436
238
220
18
153
86
58
85
6
68
378
305
95
130
261
130
49
204
474
82
4
371
44
226
89
22
242
110
48
212
41
504
128
13
362
400
412
235
587
237
37
98
248
667
211
48
93
36
187
290
59
199
9
55
155
3
51
97
30
23
297
92
28
605
336
242
25
29
96
94
97
16
384
43
175
100
60
166
118
92
35
90
17
424
319
33
28
61
92
275
110
93
96
272
444
24
218
11
67
94
272
165
237
114
370
32
291
170
456
50
73
158
84
100
331
164
340
84
90
182
68
44
70
131
240
281
56
60
20
259
136
164
95
32
272
44
13
261
14
125
125
248
56
82
88
110
110
4
392
152
133
45
287
249
118
43
59
28
23
165
20
163
343
42
62
23
112
28
1093
194
9
95
208
222
366
1
42
285
56
425
581
235
585
31
272
369
159
19
151
54
27
6
178
86
90
132
540
99
57
81
47
113
102
194
918
176
46
138
49
222
185
75
302
10
70
163
65
20
79
133
340
273
105
248
53
176
158
79
212
485
187
217
128
130
52
207
11
94
111
173
32
31
197
311
33
98
169
141
20
256
94
359
312
102
227
254
39
60
467
512
266
86
402
169
24
34
49
369
28
112
54
55
65
300
157
183
7
225
41
153
345
255
302
46
77
79
162
4
297
139
240
324
23
26
39
258
312
132
188
147
159
554
486
494
268
16
337
16
244
55
98
132
323
9
317
58
209
23
101
148
134
140
386
78
158
39
37
112
98
35
283
141
48
25
86
26
77
5
45
196
4
101
53
92
194
81
145
114
26
260
388
303
34
66
218
72
155
45
43
124
55
26
7
1269
22
207
261
180
124
54
162
74
65
84
364
801
69
131
40
43
693
869
319
88
8
271
95
415
70
346
253
1
244
36
91
67
86
147
106
45
48
29
378
406
11
22
18
102
232
387
265
308
357
159
27
39
60
201
233
307
189
55
104
126
192
657
37
1
76
10
121
313
28
98
15
116
116
480
28
84
283
43
52
115
277
183
40
248
4
49
157
805
25
34
128
19
98
171
331
43
15
143
36
345
358
137
270
67
86
236
37
158
461
27
12
68
83
245
608
185
425
95
279
64
221
161
6
8
38
63
233
39
256
584
40
32
16
3
109
22
119
205
35
9
19
36
37
64
291
111
307
2
190
19
313
45
39
47
47
797
357
181
487
133
81
162
124
305
148
250
389
99
232
182
106
213
176
70
231
208
132
27
16
225
136
154
4
239
10
255
134
24
248
458
152
159
976
240
1
117
331
57
78
30
155
40
205
11
46
42
49
225
13
156
161
32
144
351
107
78
245
200
74
82
444
181
102
218
19
141
638
212
71
288
217
83
72
329
3
82
84
572
93
12
28
27
76
360
49
99
205
245
505
135
150
80
327
10
363
56
32
97
349
277
63
44
243
55
38
8
29
152
428
98
5
93
528
58
185
48
411
17
25
112
96
62
27
14
22
20
170
475
107
244
179
59
508
163
171
151
306
236
159
279
51
29
97
65
73
10
38
19
44
132
162
21
610
438
272
7
642
190
149
335
26
140
124
287
12
206
48
52
73
125
23
127
74
131
160
284
200
82
312
6
345
616
182
44
220
13
10
5
77
198
70
299
203
1
436
3
99
113
41
72
93
241
44
305
572
185
34
34
237
19
199
37
116
25
48
173
144
72
59
145
220
161
277
20
69
48
40
118
352
236
6
334
324
10
162
71
317
116
33
279
328
12
355
35
65
224
79
145
1
417
8
136
41
15
41
75
793
342
199
23
15
5
367
505
278
50
511
102
97
460
288
318
119
274
216
22
821
130
78
299
448
35
387
112
168
216
360
357
155
556
270
64
19
83
19
61
31
66
824
73
300
67
162
16
53
379
97
119
358
87
61
181
404
296
185
393
30
85
150
239
105
59
78
75
86
177
77
350
70
102
11
160
86
112
28
57
74
51
51
164
12
122
125
98
25
54
40
115
195
38
296
125
113
707
274
128
243
70
89
44
153
225
67
179
117
85
556
61
48
40
123
2
22
6
500
244
107
28
102
347
166
351
39
540
243
299
19
1066
182
8
125
65
246
216
115
46
3
186
6
49
152
36
440
8
105
291
3
28
369
104
145
37
230
54
194
295
84
98
117
153
142
368
11
11
55
512
307
23
76
485
145
161
415
138
451
200
208
100
216
146
61
245
11
175
35
66
26
45
361
26
442
170
89
100
100
118
24
43
119
281
179
37
198
196
23
184
117
50
23
175
155
194
108
12
7
138
15
23
196
418
129
344
225
16
49
14
599
28
41
136
172
602
20
47
35
84
31
233
586
132
260
98
93
371
8
48
4
311
13
149
234
8
40
159
222
115
461
150
116
15
21
84
98
24
132
31
14
235
209
81
532
90
275
43
251
46
277
576
419
19
25
324
149
90
437
60
95
88
102
102
37
132
20
648
63
102
55
4
87
385
38
114
51
91
89
73
436
95
114
2
150
69
57
468
25
114
10
13
466
88
1
195
76
59
104
114
107
113
85
17
310
121
85
141
203
26
8
525
646
14
19
242
169
99
232
293
27
44
264
182
97
54
150
344
466
27
123
115
569
69
409
6
114
10
217
102
211
18
385
113
34
264
115
12
486
151
137
242
189
51
79
2
283
253
206
142
27
110
104
71
405
376
102
30
231
138
17
146
248
26
249
51
97
78
77
168
48
65
468
98
344
264
249
53
158
212
9
328
17
100
367
212
127
161
1103
3
23
31
101
276
102
230
247
155
248
191
191
65
220
125
30
384
872
49
54
227
669
23
155
303
74
24
29
157
17
55
187
4
68
53
4
71
118
12
144
15
19
188
86
127
169
147
150
102
31
616
15
296
19
339
25
75
14
166
630
164
179
325
201
138
26
84
96
7
166
92
305
233
102
205
49
53
508
169
29
7
408
93
462
66
53
2
108
134
340
51
6
155
148
189
162
44
409
1
367
118
175
143
68
97
113
123
156
191
146
65
31
174
10
47
121
29
100
314
175
63
75
76
38
101
179
30
28
65
3
60
287
145
67
153
292
150
44
201
130
96
116
229
19
97
177
29
78
101
146
499
427
188
46
167
121
41
643
250
340
89
98
366
824
671
65
82
160
65
71
163
7
48
155
82
188
59
314
258
260
257
169
725
3
292
485
132
243
2
110
317
68
111
246
97
249
50
210
41
125
85
26
493
87
16
216
136
190
228
18
61
73
69
257
51
213
350
186
68
125
124
31
2
114
43
118
246
75
110
189
207
232
321
85
35
167
145
541
581
177
21
16
327
655
20
175
372
555
138
71
211
56
25
180
56
56
5
13
171
271
209
70
150
68
133
176
501
100
359
8
241
16
97
64
79
9
638
39
43
121
172
53
179
207
60
405
220
9
627
228
249
188
260
153
235
73
9
92
143
48
61
26
97
326
51
194
99
23
230
492
464
394
151
39
338
389
145
25
134
94
33
195
116
223
383
328
45
238
90
120
52
321
77
269
47
37
119
38
52
518
29
42
43
203
282
122
397
368
67
225
40
395
203
622
28
285
36
142
22
14
13
1
113
80
38
297
15
8
114
186
81
47
212
236
58
36
57
149
120
9
57
233
138
75
419
245
111
701
69
79
173
151
332
130
264
34
77
30
15
236
8
9
45
36
151
41
79
72
34
690
9
217
10
51
211
29
144
20
5
224
22
52
106
366
158
299
127
52
153
87
189
18
377
27
5
3
126
71
40
207
110
242
282
533
70
50
193
241
135
45
73
92
350
59
211
208
115
159
66
108
223
11
8
202
43
234
201
128
204
175
28
81
309
14
275
65
167
51
130
172
127
264
160
532
104
27
228
557
8
79
67
54
235
125
24
154
175
124
12
98
327
294
125
87
199
27
20
246
366
836
30
80
101
207
39
95
53
84
21
18
56
240
14
96
54
236
155
105
221
669
394
23
184
395
106
12
60
155
546
174
187
75
164
32
27
51
204
79
123
22
8
57
203
90
187
126
156
473
74
67
536
158
690
3
386
135
243
85
526
255
525
490
135
40
159
396
19
109
107
318
5
207
63
100
245
184
27
106
10
29
228
58
136
193
488
201
107
285
167
8
104
10
53
559
350
185
85
7
31
42
605
201
21
149
68
211
2
228
124
283
292
23
25
179
6
45
78
133
97
62
61
114
25
247
389
496
185
47
384
69
345
251
813
145
200
76
182
216
31
45
45
212
110
83
41
139
65
115
58
189
196
119
5
40
121
250
162
100
83
194
80
196
160
12
15
353
207
79
49
58
276
108
83
128
191
22
3
58
278
16
72
112
209
20
186
10
72
358
14
28
246
157
54
395
553
205
64
280
269
70
98
41
17
39
333
8
110
4
28
8
62
273
36
132
116
36
4
458
34
194
21
295
338
191
207
152
332
97
76
19
55
139
269
15
189
64
245
255
44
88
83
19
79
42
112
213
21
73
21
217
30
143
41
41
241
438
226
51
210
399
196
91
186
88
558
202
179
985
270
335
49
111
204
316
326
24
73
186
397
1
63
109
18
159
273
41
566
20
145
67
126
229
264
50
248
78
110
5
240
26
173
101
103
27
113
427
309
25
356
31
33
159
13
321
76
546
271
76
33
21
117
262
206
235
54
141
62
198
183
127
300
156
52
98
546
286
60
139
106
58
11
288
6
183
113
8
17
27
39
230
4
6
1
37
10
268
380
79
32
453
96
168
13
169
179
621
267
14
214
168
407
156
48
832
218
43
152
59
29
106
37
59
138
51
212
201
245
33
16
76
133
105
25
55
94
266
86
50
48
92
5
36
24
461
324
349
154
20
171
197
440
109
96
107
59
62
450
396
262
314
268
402
585
11
203
418
84
219
96
1
165
189
260
105
64
209
97
262
65
167
437
145
248
152
61
142
174
60
79
552
53
42
263
41
97
136
302
88
280
61
164
463
22
49
7
129
119
410
600
21
101
255
181
270
204
26
252
111
117
94
98
236
346
126
91
40
79
137
87
271
158
73
107
200
1
172
42
131
30
31
52
200
175
90
552
550
263
25
241
35
160
151
64
30
204
16
426
176
238
95
81
228
311
37
114
214
4
8
24
8
30
71
166
118
261
422
26
7
430
299
94
184
209
75
293
41
242
43
243
91
6
7
40
44
11
168
42
245
125
632
178
686
99
150
109
287
823
53
36
600
57
160
1
43
56
61
81
147
1
100
50
34
6
192
38
102
44
166
188
363
49
167
764
228
164
204
250
114
42
225
233
7
72
279
659
60
127
654
148
191
63
93
81
39
19
9
75
147
91
194
380
22
105
129
65
59
91
647
23
150
9
83
61
42
198
56
28
56
212
192
64
128
30
122
32
134
233
119
96
88
157
86
86
110
171
123
12
208
271
40
38
334
310
92
326
266
28
153
379
68
84
14
73
1
117
8
162
5
12
123
121
61
73
81
195
485
18
554
114
90
223
457
265
225
297
8
158
280
22
183
208
103
313
8
519
86
553
377
84
56
91
40
133
160
259
31
95
263
198
4
21
159
12
70
15
312
37
61
351
306
8
77
36
45
128
166
108
270
31
412
85
125
213
159
38
53
174
45
144
31
7
211
24
81
116
388
41
129
5
381
43
164
116
189
281
21
119
251
26
278
91
119
152
94
16
188
203
332
33
252
16
440
250
96
309
9
214
199
10
186
54
37
168
95
66
47
204
42
74
4
807
25
142
267
6
2
112
36
201
68
188
55
25
165
26
110
127
68
114
307
106
320
161
220
116
16
264
80
67
257
70
82
55
206
183
94
192
79
128
8
13
13
84
317
138
89
164
421
693
253
34
121
354
269
79
139
8
61
104
78
142
73
780
139
202
27
267
12
69
36
365
304
13
255
8
17
168
120
158
550
101
84
35
37
26
677
417
59
55
148
193
243
366
90
137
310
127
292
34
388
50
5
73
242
15
420
133
696
65
158
36
39
