196
187
185
285
301
156
201
164
235
201
163
184
204
187
147
219
173
260
255
257
180
242
173
157
152
315
153
214
164
241
186
237
182
258
229
207
226
174
215
174
144
302
200
209
199
227
204
233
190
251
198
153
215
283
177
234
226
283
221
165
195
269
273
199
178
165
215
171
204
211
169
198
172
171
178
236
165
223
248
226
159
243
195
166
225
294
160
215
270
154
177
237
288
243
185
147
161
186
181
150
161
184
169
260
155
249
305
152
244
332
185
163
173
170
161
244
155
237
242
148
219
175
216
158
212
175
166
181
206
262
212
202
182
148
194
201
170
168
140
236
204
253
281
164
154
200
288
157
178
165
239
155
212
171
305
262
255
218
188
154
228
208
192
244
247
234
231
218
194
176
178
210
149
212
205
170
268
175
233
245
204
146
231
179
212
180
230
241
211
290
216
181
220
181
211
192
187
173
151
198
202
206
154
212
190
225
171
246
172
204
184
181
171
244
222
203
165
237
207
206
179
212
168
303
141
212
235
317
188
156
207
196
165
184
166
198
229
181
213
199
202
187
192
232
201
222
227
153
294
142
229
184
226
183
174
260
263
149
197
224
215
159
122
154
225
232
176
158
211
239
258
193
266
243
286
177
150
206
184
200
205
157
140
232
175
164
143
230
192
143
152
227
179
189
216
163
174
129
239
160
306
202
166
201
174
199
141
187
195
150
191
256
242
170
203
245
181
245
232
257
229
227
171
192
172
239
187
192
212
188
165
193
181
179
222
176
264
211
185
181
161
245
194
97
162
197
194
194
234
177
228
187
175
150
174
230
215
284
180
185
163
192
220
184
186
326
245
177
210
180
192
194
243
194
184
202
166
156
300
179
219
220
243
238
161
176
263
222
181
184
168
166
226
210
181
221
192
197
170
175
243
178
179
168
152
177
215
164
206
339
204
320
202
211
222
256
204
178
179
196
193
155
245
257
273
190
281
229
167
207
194
193
211
198
185
186
217
153
276
245
173
214
182
399
213
212
205
181
143
174
212
180
190
157
204
174
164
191
247
230
241
208
196
196
157
218
171
205
239
208
171
173
213
175
213
282
171
199
187
139
169
163
260
175
168
187
256
194
178
260
210
203
144
170
197
233
150
151
210
219
247
238
280
231
161
228
161
193
228
209
167
195
201
201
195
277
234
165
262
162
204
131
233
183
169
204
147
197
157
225
163
172
187
253
193
186
210
200
181
207
214
358
190
224
190
227
238
249
231
271
177
175
212
153
153
191
212
148
202
175
248
155
205
192
234
255
178
174
268
205
176
122
193
198
183
183
212
248
157
197
189
183
152
164
184
213
207
182
373
167
202
191
139
270
242
190
216
197
191
193
161
205
182
169
180
162
180
185
170
272
251
211
260
176
239
223
166
185
210
171
284
158
262
200
181
206
260
214
181
156
142
313
154
190
206
170
158
213
188
213
134
179
200
213
249
192
215
255
247
193
232
265
185
270
182
245
172
178
155
268
186
139
194
163
168
148
197
230
196
133
169
235
183
259
156
232
333
161
201
152
247
173
273
113
176
176
192
191
146
224
158
195
174
248
166
204
198
165
172
180
208
192
245
280
262
165
168
158
179
193
180
247
185
188
153
195
149
228
192
234
222
230
232
252
223
227
205
145
200
283
182
211
173
171
148
208
213
221
187
173
178
169
265
253
244
174
196
258
184
238
218
164
302
166
264
138
218
187
205
191
240
198
239
228
212
179
179
179
153
229
192
181
253
257
164
182
173
180
159
316
172
251
147
215
225
194
162
214
198
173
157
199
163
166
169
200
182
165
225
232
159
234
188
137
207
158
163
223
324
206
182
217
175
170
177
185
243
223
211
195
235
178
168
144
189
172
153
249
320
215
227
208
251
194
243
186
244
178
169
196
189
204
223
208
194
172
242
206
183
164
132
183
208
241
331
169
151
242
190
185
194
211
241
162
160
200
177
240
182
260
181
222
248
147
280
190
185
150
173
268
176
199
226
142
165
204
222
200
210
168
169
172
242
190
186
169
261
180
151
258
229
302
240
178
179
226
249
226
288
218
164
198
190
200
229
172
193
210
214
208
221
327
204
224
149
325
171
178
224
166
214
205
134
185
174
179
177
199
171
270
189
188
180
132
257
148
159
207
157
233
192
246
263
220
186
213
190
156
190
165
207
243
202
180
287
181
197
288
216
239
198
250
171
150
204
198
173
148
238
162
217
269
219
260
219
242
163
173
158
175
168
203
165
274
220
246
184
184
219
172
186
130
219
155
168
170
159
138
188
270
207
143
184
238
162
190
171
210
182
181
203
192
225
229
201
180
169
189
190
166
176
207
159
321
157
212
173
242
210
234
278
147
189
210
217
187
188
148
255
215
174
329
223
190
151
201
251
206
211
184
194
187
195
195
261
168
176
250
249
266
166
169
187
173
191
157
259
184
221
190
165
243
219
204
181
190
211
232
238
271
204
208
174
227
192
236
181
162
161
267
204
191
260
166
186
246
199
233
172
204
172
195
158
251
253
135
249
297
174
311
175
230
210
186
162
160
191
170
143
172
177
200
157
179
183
188
214
275
206
264
204
289
133
170
173
213
148
223
175
132
320
139
183
220
257
252
256
156
161
234
221
229
215
215
149
147
201
196
260
171
234
200
259
186
185
190
165
326
135
156
157
309
251
181
207
171
172
159
218
216
176
188
185
235
260
192
241
223
155
186
218
135
236
143
198
189
160
197
176
179
200
255
175
155
132
192
155
222
218
145
133
210
375
197
203
231
225
171
262
153
168
147
207
230
174
289
187
245
207
269
231
228
163
229
325
157
166
219
176
224
168
145
161
257
235
210
219
197
190
272
191
267
115
195
239
203
199
182
165
187
202
218
268
192
207
349
236
207
221
165
159
292
195
176
211
193
160
238
311
142
139
223
188
189
262
201
246
140
196
335
219
223
189
221
188
209
174
232
233
195
183
145
361
252
179
227
194
209
130
320
172
210
273
152
151
287
197
203
178
191
226
184
202
228
145
217
254
162
182
324
177
185
162
266
149
166
209
153
305
256
234
234
167
183
173
236
261
171
221
204
245
233
175
193
160
221
164
224
193
208
173
182
181
143
372
205
242
177
179
148
333
225
178
194
227
193
187
231
237
149
190
203
154
239
197
219
225
179
189
196
143
155
325
155
281
169
217
276
187
242
166
142
180
286
192
166
221
197
228
223
172
217
181
150
202
210
261
147
230
222
221
192
163
150
212
177
177
185
178
140
185
226
200
193
147
176
273
148
169
267
236
182
175
195
197
191
263
194
190
253
245
176
155
352
213
169
178
147
175
263
170
323
195
174
157
216
195
165
167
188
179
197
180
160
195
195
158
165
205
183
208
152
226
192
152
204
234
263
258
195
145
204
209
233
294
254
171
161
160
208
164
194
216
156
134
292
176
166
167
201
171
217
146
233
310
220
218
253
228
128
211
184
181
185
171
183
218
215
164
170
152
202
206
155
155
233
193
156
163
259
239
383
209
174
263
192
192
159
212
217
197
238
173
187
214
245
158
210
241
150
206
170
292
157
175
147
173
158
193
215
166
235
187
155
157
210
221
193
246
203
210
338
205
174
146
256
211
202
161
274
165
178
177
199
181
175
183
169
251
162
143
168
255
149
224
145
194
204
187
217
175
238
179
138
302
206
279
190
149
252
193
206
177
206
223
176
212
224
223
178
258
185
165
232
199
328
253
242
168
207
188
208
174
322
238
144
223
309
173
249
221
153
204
177
269
141
134
221
327
148
172
213
185
209
161
184
183
165
167
196
181
196
140
210
170
180
359
317
183
196
158
194
188
246
158
203
235
220
168
171
246
184
168
168
177
266
167
203
193
197
197
248
187
181
183
173
170
200
189
198
173
171
216
192
154
203
168
338
188
187
253
242
236
241
162
269
209
166
258
199
166
174
181
145
188
167
147
311
212
258
269
197
195
154
173
205
380
226
162
222
210
201
207
264
211
216
209
216
251
205
218
169
174
199
179
217
177
101
189
205
191
200
131
143
279
206
177
187
174
201
302
296
183
273
189
233
208
236
158
253
231
245
215
191
166
230
201
225
182
138
190
163
170
231
182
230
147
175
303
215
199
227
176
188
188
183
155
174
181
207
191
143
172
203
214
167
275
253
172
193
280
249
244
183
157
199
181
229
210
376
173
174
196
161
228
192
199
162
225
247
151
198
185
218
225
215
167
163
132
210
213
194
158
165
176
197
214
231
229
193
240
227
220
219
201
212
183
233
210
123
148
212
222
318
231
256
194
236
144
213
208
204
217
169
204
177
265
162
158
263
218
170
125
197
238
241
221
145
153
322
182
254
205
224
342
232
211
177
225
148
207
155
139
237
203
182
207
189
190
183
261
137
208
206
173
324
234
195
200
161
229
224
355
256
251
273
192
252
217
164
194
192
173
326
307
226
194
201
233
189
138
168
225
141
187
226
257
186
187
183
177
205
217
170
227
146
200
223
248
215
203
201
285
175
217
239
159
276
235
270
140
199
141
159
172
237
172
164
175
297
155
183
156
183
192
289
165
186
244
269
165
189
199
173
195
210
167
208
163
193
218
186
178
150
245
193
167
170
306
175
236
152
191
220
156
250
253
169
273
310
176
180
178
190
320
222
347
173
283
339
172
155
155
160
272
184
225
327
252
213
196
186
170
211
256
213
190
230
174
225
248
384
216
119
187
313
254
275
177
232
271
164
151
192
281
198
108
218
239
153
275
209
241
209
201
156
185
240
189
225
220
202
232
216
246
215
245
253
161
147
173
174
219
237
163
200
174
239
150
158
215
136
272
192
180
236
301
242
199
215
231
222
217
283
226
220
225
229
183
209
144
233
172
209
190
168
236
142
203
228
165
257
197
184
193
224
147
248
196
188
241
188
229
259
247
257
174
111
133
211
140
181
171
217
264
223
163
158
284
201
273
221
213
160
225
188
212
213
177
173
224
234
229
260
288
238
198
213
196
216
244
227
151
137
226
141
248
183
165
210
166
175
309
192
164
229
145
238
183
252
185
141
167
268
169
173
290
170
160
261
198
243
128
230
321
254
214
163
215
190
170
287
243
181
239
243
235
233
165
150
190
196
166
191
181
170
170
205
249
200
277
234
197
223
195
190
226
216
209
195
177
186
154
229
179
205
186
246
194
304
175
254
214
229
185
201
184
152
175
246
239
184
236
246
215
242
207
127
164
213
288
198
273
212
232
242
246
157
200
176
131
188
252
191
134
239
238
150
239
164
281
195
192
185
248
138
224
289
178
156
242
208
208
155
173
178
157
158
169
148
196
244
191
161
190
203
241
208
219
149
182
178
178
221
166
223
219
219
152
199
149
178
219
299
166
176
164
148
215
182
200
207
187
241
215
184
265
148
135
186
191
199
192
189
191
193
163
183
178
175
231
182
188
213
185
203
162
165
292
210
157
145
165
210
185
256
184
169
189
239
136
208
188
193
208
133
191
169
146
238
167
246
191
221
286
198
253
220
177
185
209
243
172
193
207
213
310
304
156
197
293
169
186
180
195
272
161
162
166
173
136
273
181
208
180
250
130
286
270
138
229
131
207
167
184
222
182
164
239
158
145
187
224
199
177
234
189
300
165
214
203
181
197
217
162
246
168
263
183
175
172
370
210
136
165
189
160
266
204
220
159
118
211
217
176
193
180
168
195
223
157
190
235
167
170
257
264
161
162
184
163
235
269
166
200
171
191
218
180
314
192
273
136
196
205
223
161
182
145
155
198
138
137
256
195
169
148
229
166
208
185
163
181
275
181
206
210
199
136
167
249
265
244
243
215
239
150
244
204
283
178
162
194
196
177
236
208
185
217
178
284
151
202
211
282
186
215
275
145
172
185
161
227
154
220
273
181
237
151
211
213
222
228
263
285
200
173
229
219
200
212
184
355
155
176
180
176
178
164
171
232
226
300
161
180
204
143
179
200
187
172
295
168
213
154
224
254
295
222
200
282
139
249
198
156
187
184
159
148
208
251
250
237
217
163
218
209
237
162
212
178
177
187
168
198
186
197
234
166
238
171
175
229
234
276
233
168
266
179
264
169
235
198
187
251
173
187
160
162
225
210
283
184
159
160
251
151
186
186
242
158
183
163
254
223
152
207
155
151
151
202
136
171
281
188
323
152
171
183
214
246
249
223
254
283
303
164
214
196
201
167
260
119
258
202
195
203
129
171
221
218
235
248
170
173
268
253
193
193
155
161
164
200
332
183
227
174
327
174
156
166
164
189
193
232
167
178
205
207
124
153
236
232
249
240
182
158
245
197
142
156
198
192
244
180
189
163
167
253
182
156
173
168
167
138
174
276
259
187
227
315
213
211
162
193
332
175
211
220
233
191
173
205
258
170
165
217
149
217
151
203
185
208
194
242
183
153
124
179
166
169
138
182
142
174
163
261
210
195
206
219
182
164
237
209
209
248
199
173
192
184
281
187
132
176
202
200
233
141
163
184
251
202
276
164
168
352
176
236
296
171
208
191
206
154
191
226
214
159
178
157
197
156
207
159
241
180
262
145
171
159
173
229
170
183
187
214
167
170
197
152
136
242
216
228
192
239
165
245
147
255
245
159
216
180
175
250
249
215
173
204
299
174
252
225
202
198
180
183
208
246
188
275
187
236
207
185
202
189
170
187
292
172
160
241
193
164
180
205
136
174
247
252
151
183
181
159
186
164
136
264
161
274
213
211
178
271
202
151
438
250
166
191
212
207
189
179
214
174
176
167
251
149
179
376
240
144
158
252
186
290
256
192
191
174
213
195
218
211
161
151
245
230
194
191
149
234
164
230
209
146
209
233
183
187
151
194
214
202
197
184
186
287
256
225
158
182
160
174
170
212
175
213
187
166
360
218
204
198
189
245
186
219
204
164
204
249
213
236
165
179
200
182
205
202
165
237
166
171
230
127
179
227
199
220
226
166
269
185
160
127
205
278
173
227
184
144
190
198
119
160
208
205
127
191
317
288
404
140
194
167
209
246
159
156
187
322
255
213
213
189
246
239
169
250
195
196
193
242
202
162
214
138
161
183
281
204
167
254
196
121
236
235
228
246
136
169
200
135
260
168
272
151
251
191
233
184
219
214
148
260
318
261
159
172
204
134
293
266
229
354
236
216
155
161
160
193
174
185
252
200
155
152
268
260
252
261
167
205
208
330
219
196
240
171
183
180
189
211
182
201
240
213
193
164
212
213
161
227
242
218
204
182
228
332
198
162
212
168
167
214
154
197
158
144
189
205
199
187
155
218
148
237
205
176
140
223
166
180
182
121
239
210
163
161
204
163
189
140
130
217
156
215
189
196
213
328
257
221
184
201
280
184
285
201
160
262
135
216
157
173
195
259
192
190
231
205
169
181
196
205
163
355
173
225
222
222
204
156
168
153
142
168
139
227
226
236
242
207
211
160
158
185
253
158
276
233
218
225
183
167
150
189
171
210
164
153
262
195
197
156
152
122
205
219
273
144
153
182
167
250
197
167
171
184
203
224
152
214
189
264
258
195
206
174
238
146
196
189
181
218
224
143
218
169
237
168
218
167
245
278
232
140
153
243
203
187
220
210
197
178
209
225
201
266
238
171
271
169
169
201
210
209
197
178
244
271
174
198
254
166
175
211
321
188
146
198
319
182
211
202
207
193
209
169
144
293
193
251
251
161
124
170
256
182
136
246
191
165
162
157
213
153
228
284
163
158
244
186
148
243
176
190
202
168
195
179
307
171
169
221
154
312
182
269
234
145
234
171
248
175
204
179
212
228
207
206
177
185
180
269
154
301
204
234
238
156
150
254
265
170
234
231
199
151
262
150
155
166
149
210
217
325
195
161
152
247
190
166
248
144
142
169
265
176
177
210
249
204
182
208
247
172
172
224
231
173
163
151
167
259
186
180
245
214
147
277
285
270
173
215
189
154
173
160
194
165
205
166
227
183
208
176
239
262
273
192
151
240
199
173
163
228
208
167
178
205
148
137
206
300
169
199
171
165
200
182
196
174
244
218
326
167
158
223
182
152
216
253
225
176
197
226
188
126
242
177
301
151
183
173
242
149
249
209
177
199
198
220
193
266
278
162
217
260
159
162
176
285
226
286
388
210
216
270
254
243
226
202
222
183
244
168
218
227
162
205
265
315
221
171
239
152
183
212
163
173
208
204
206
185
188
223
223
185
238
123
327
186
212
164
207
291
295
170
183
216
289
237
142
207
213
150
180
221
187
241
186
177
234
175
187
246
194
226
199
194
204
215
211
158
193
163
150
194
173
169
156
203
122
156
199
271
198
170
188
193
167
197
187
215
246
210
293
179
163
131
144
182
158
204
199
187
192
257
184
190
198
218
163
171
259
213
159
203
180
234
186
227
232
223
179
211
273
252
200
213
201
191
174
168
178
203
161
222
196
169
157
198
197
282
185
201
197
231
186
155
282
158
197
159
112
188
172
237
177
214
231
329
173
157
217
167
222
196
231
256
193
217
233
204
216
153
158
191
144
292
220
170
184
172
204
233
165
211
249
171
188
196
373
236
270
171
174
190
230
162
216
169
205
251
217
200
204
175
154
146
183
179
212
231
208
144
254
233
167
191
202
247
201
218
228
185
165
310
186
125
219
193
186
182
279
228
193
236
159
236
226
242
184
280
214
228
225
191
178
141
263
184
173
214
177
140
216
223
179
167
248
165
215
179
208
202
227
265
290
273
174
260
169
241
230
169
144
176
332
202
158
191
155
193
393
160
196
187
141
195
221
245
210
226
212
126
174
202
279
250
277
214
226
172
199
174
194
240
178
216
176
184
277
187
181
231
169
201
274
183
237
215
194
182
232
195
148
236
170
259
183
210
216
215
304
196
232
144
207
227
204
170
216
162
199
167
146
174
272
177
249
208
235
228
207
202
348
218
212
252
246
210
198
141
177
206
179
158
202
211
145
268
188
245
204
159
275
262
245
255
204
250
171
163
235
176
168
176
287
162
167
204
209
190
202
185
258
156
190
183
171
150
132
196
176
196
167
219
158
201
182
205
156
138
210
229
320
202
149
158
151
190
164
239
137
214
229
208
228
139
184
197
249
177
161
151
351
174
251
193
278
243
202
191
275
170
220
161
224
292
267
160
155
156
184
177
203
182
201
153
176
180
222
226
298
245
181
139
307
161
175
256
144
192
182
151
159
184
197
228
233
173
199
199
193
219
205
290
194
175
266
218
201
211
212
163
165
200
287
215
231
140
141
208
183
239
190
163
193
130
281
162
271
244
213
209
222
190
185
197
162
151
188
261
223
260
173
160
166
216
228
241
227
161
235
172
203
214
167
148
141
255
184
201
209
261
191
202
196
212
188
150
205
153
165
145
140
224
187
187
180
213
148
178
157
182
212
173
254
186
195
128
162
179
182
148
257
163
223
232
163
168
232
189
251
245
199
184
259
203
162
195
263
213
152
279
306
175
272
244
199
144
182
168
177
269
186
146
278
156
152
151
255
187
216
150
292
191
243
195
273
157
165
223
236
203
203
203
196
152
163
175
160
244
153
183
172
205
135
223
246
267
172
201
148
168
211
250
236
264
222
232
187
183
199
217
131
195
207
198
285
216
151
204
261
224
170
143
210
189
192
152
184
193
130
216
213
236
295
241
179
244
262
187
175
178
243
166
159
190
136
169
213
307
163
241
224
186
240
260
206
192
202
286
265
174
244
273
190
138
214
175
159
172
239
190
179
168
205
163
225
158
184
291
261
426
221
179
164
288
231
201
261
141
183
171
151
227
243
147
189
196
144
144
189
237
172
208
244
145
231
149
169
141
131
180
302
186
257
177
198
134
126
205
172
179
210
158
221
153
182
169
189
141
201
138
164
138
165
155
191
172
199
212
230
206
250
202
230
187
226
188
181
243
150
221
153
220
180
158
174
228
193
268
301
182
268
228
183
180
197
229
235
216
169
191
186
227
182
221
210
188
191
242
217
157
233
221
185
157
242
205
261
175
185
200
280
176
203
233
245
213
289
186
142
225
184
230
180
284
195
158
257
154
224
146
244
206
176
194
202
182
139
231
239
221
147
219
163
239
189
193
163
262
220
202
253
151
361
190
145
202
153
219
197
157
281
224
132
196
195
223
171
150
253
232
206
205
235
214
176
221
188
226
187
179
158
180
312
264
260
186
192
254
184
193
178
144
183
260
184
254
191
149
219
145
186
154
212
199
195
192
167
185
193
329
156
352
303
196
216
235
142
203
143
293
215
156
192
244
238
242
154
362
213
182
217
207
185
174
236
136
313
174
166
219
179
186
164
194
166
218
228
171
187
151
160
170
148
241
193
194
355
313
147
282
163
285
174
130
249
166
308
160
266
203
222
150
287
199
180
259
169
189
206
282
189
215
240
190
172
209
221
142
141
269
255
269
188
291
236
234
193
210
173
213
206
200
204
212
214
246
222
188
263
361
257
166
164
241
240
181
183
173
320
142
194
148
148
235
189
204
262
149
220
188
134
151
218
221
148
298
262
236
159
164
210
154
193
173
193
186
160
223
153
156
257
158
214
196
198
211
157
263
243
304
189
212
142
168
199
148
136
179
233
204
171
176
291
209
258
133
229
176
148
180
264
173
222
194
187
292
183
166
200
173
216
259
149
190
176
177
208
180
159
190
207
227
221
174
202
212
141
214
211
223
191
228
183
218
172
193
133
184
209
221
156
200
168
190
162
151
186
270
239
168
156
219
131
146
197
187
181
242
187
179
165
139
183
200
158
237
182
178
163
233
185
212
197
193
376
226
180
185
198
171
143
322
175
186
251
326
161
303
258
151
156
158
184
180
214
196
275
163
222
197
182
196
222
247
182
233
160
191
218
207
255
245
258
213
207
224
157
240
276
170
161
184
152
135
147
200
206
194
203
162
220
174
172
248
193
155
167
184
245
156
221
171
300
147
173
165
286
234
221
229
218
206
251
289
249
251
148
312
188
219
292
216
140
156
162
244
220
239
157
201
262
281
253
184
311
185
210
146
167
227
152
203
227
170
314
159
198
240
182
238
212
253
162
173
230
194
192
331
196
159
180
189
190
194
157
151
276
293
224
159
175
169
174
277
181
153
184
267
240
279
198
230
180
234
193
132
196
244
188
204
225
185
188
145
165
222
242
191
252
134
212
313
174
257
161
186
220
242
178
203
179
232
220
215
269
212
157
237
190
197
213
174
247
200
227
196
157
153
193
193
345
237
124
181
189
170
163
205
213
194
182
266
268
183
201
169
193
204
192
264
159
139
242
188
253
167
200
173
242
217
163
251
134
209
154
175
214
226
231
124
196
184
225
234
268
197
164
246
308
221
214
146
171
187
222
153
187
178
195
318
157
226
226
210
242
221
184
189
265
264
198
326
157
187
223
158
201
175
197
166
146
208
200
167
219
142
170
185
193
219
214
198
159
272
206
208
272
183
169
184
192
169
223
217
278
243
151
172
220
247
176
228
149
155
239
243
187
189
305
230
200
129
213
235
205
177
233
250
277
215
201
204
144
168
139
137
204
148
187
298
249
261
229
176
189
246
179
151
201
193
196
251
175
248
185
176
186
239
222
210
199
207
176
232
260
222
154
178
179
182
300
178
182
177
184
190
226
172
163
219
202
163
190
200
214
237
248
157
170
236
171
195
356
167
174
211
184
237
189
233
176
220
226
192
200
163
216
156
176
147
249
323
162
183
134
264
143
173
151
207
171
230
311
297
173
257
174
285
245
192
230
263
201
173
159
161
176
168
166
260
335
170
165
248
254
184
234
198
267
218
242
198
301
182
129
228
170
210
225
190
177
233
166
260
193
171
242
187
160
186
191
177
220
174
142
245
183
239
165
202
178
207
154
250
218
178
177
225
159
177
164
149
146
201
228
198
184
165
180
227
204
200
175
200
185
188
173
180
211
200
173
194
222
173
181
221
212
191
153
192
216
185
156
183
237
174
234
248
176
172
202
281
167
226
140
174
171
185
206
272
195
188
173
253
183
212
308
197
123
305
186
165
166
172
192
295
146
145
158
240
178
326
157
158
153
176
177
270
187
213
151
180
241
146
253
153
158
203
225
201
138
183
231
230
262
258
163
172
135
238
184
193
162
249
229
263
138
207
148
253
185
185
204
214
198
123
179
192
291
358
250
225
269
254
209
259
213
181
157
170
168
264
174
151
153
246
167
182
182
150
289
231
227
211
245
278
262
159
132
199
224
156
208
234
175
288
235
169
187
206
203
182
225
213
209
149
269
182
132
238
267
229
250
168
251
218
228
150
256
165
236
209
258
175
255
305
200
196
173
243
187
146
237
179
195
171
238
200
205
150
181
210
189
156
182
304
171
251
347
176
207
311
212
158
196
185
208
202
281
162
223
152
132
181
211
223
176
225
280
154
236
169
129
168
155
227
246
183
243
188
190
155
189
208
194
143
137
191
249
287
181
179
211
164
197
232
303
225
191
241
161
244
216
194
173
196
196
248
243
155
229
201
234
181
163
201
190
236
227
256
219
245
220
159
235
181
189
201
249
181
212
134
286
205
173
191
212
155
235
248
159
208
177
166
179
187
230
213
292
146
227
193
229
270
214
220
139
163
196
290
222
212
137
202
168
177
221
166
173
234
240
198
133
186
176
222
191
344
233
226
172
222
183
255
189
247
246
200
225
279
135
183
192
153
180
204
207
223
222
139
173
186
163
181
204
205
198
142
215
147
188
237
178
139
209
319
233
210
215
207
213
173
236
234
168
308
166
209
151
270
161
153
172
261
291
170
199
175
247
172
158
206
252
178
203
235
156
155
181
233
209
184
263
220
212
166
147
164
200
148
176
148
221
177
144
152
341
180
213
136
152
177
397
207
242
192
158
221
164
169
187
186
195
255
175
182
274
174
236
131
249
183
223
182
171
189
182
185
174
170
228
193
168
183
254
128
170
173
197
172
274
337
168
151
136
209
203
223
185
155
256
301
242
159
143
162
167
200
171
203
175
184
146
222
221
186
163
202
185
193
166
162
206
234
151
280
190
208
207
190
167
194
181
184
231
233
219
238
181
200
232
192
167
175
200
249
171
173
188
185
152
186
279
162
183
153
270
203
231
218
179
177
216
202
198
157
187
314
191
226
159
207
237
218
188
185
238
201
196
248
185
225
174
175
184
217
215
255
179
167
157
211
202
192
164
314
208
147
133
211
215
186
216
205
181
200
180
224
182
205
172
231
214
246
177
197
133
212
275
195
182
188
306
247
170
192
195
159
143
281
138
243
263
253
270
239
150
155
153
238
205
198
155
168
146
290
253
300
206
201
173
155
152
228
245
162
179
158
262
314
185
166
165
154
127
212
215
206
310
131
215
163
256
171
207
235
276
180
197
240
284
209
175
227
188
203
161
204
150
217
170
221
178
148
186
163
213
236
182
207
322
219
197
280
195
200
271
249
242
173
272
339
155
242
154
175
165
189
244
154
158
160
182
256
189
222
214
179
232
158
204
232
145
268
196
175
140
256
151
193
182
222
220
180
256
177
159
153
230
143
169
255
220
159
234
148
215
168
239
226
197
234
195
193
199
177
203
190
215
208
282
189
229
210
207
186
200
157
177
190
148
186
234
162
315
286
208
258
210
257
195
182
247
191
183
223
232
183
214
364
190
181
201
185
222
173
149
203
216
305
156
146
283
183
231
250
226
245
253
178
240
210
154
193
201
211
330
206
170
223
168
173
182
308
268
164
173
175
203
186
179
156
169
246
237
165
191
178
180
224
222
255
213
226
169
187
213
143
154
217
247
343
149
189
168
217
213
181
230
214
193
170
178
268
262
179
204
235
288
185
174
286
145
254
237
213
200
255
327
228
199
141
196
205
152
173
185
217
194
205
205
154
247
145
191
217
182
162
189
208
237
229
199
273
209
225
276
200
134
209
217
189
194
202
245
302
268
192
260
200
247
284
172
271
164
135
310
168
142
180
155
206
155
186
241
200
177
232
241
198
198
162
212
178
206
144
141
183
188
138
317
190
161
210
299
180
228
226
176
201
192
169
194
175
204
200
172
184
341
204
215
158
225
213
142
220
247
226
138
254
192
234
210
175
159
207
245
172
148
118
193
178
180
212
214
232
223
165
175
228
248
265
185
242
163
208
154
151
145
153
177
171
201
183
262
202
258
165
226
264
182
222
178
143
244
203
144
179
201
214
229
157
264
185
261
214
205
230
208
205
178
208
210
215
240
216
154
171
173
186
211
224
197
196
453
224
238
211
155
196
218
203
225
213
176
210
193
167
231
172
211
206
212
154
153
275
236
169
180
164
272
146
179
216
328
151
172
238
199
214
171
210
222
197
217
228
236
189
166
188
203
165
278
259
213
160
240
170
207
146
144
203
136
202
200
167
189
187
169
153
217
234
183
185
267
140
237
165
201
177
229
230
187
142
259
199
211
267
172
239
170
145
179
171
144
222
233
158
174
210
195
227
200
199
310
186
178
228
127
229
263
236
237
184
193
210
204
262
211
169
235
164
136
156
212
260
189
139
166
189
187
190
201
199
254
245
186
249
155
206
297
187
276
155
224
169
287
250
196
211
218
172
209
217
214
238
249
207
311
249
325
182
246
169
167
205
184
177
251
189
265
223
157
139
247
190
168
225
310
138
207
203
225
195
149
191
240
195
172
178
190
176
246
281
256
222
165
143
170
233
199
250
238
262
220
222
201
191
238
178
268
202
126
199
196
265
227
179
198
120
185
271
227
269
145
157
197
131
206
191
267
225
133
236
188
195
206
202
162
305
195
191
180
215
165
156
179
267
166
223
196
181
184
173
302
238
185
189
151
185
236
170
222
199
199
230
256
178
132
284
199
193
136
217
142
141
164
149
217
204
261
185
169
227
263
169
228
252
215
213
176
174
175
207
198
185
225
326
211
169
204
154
340
195
251
188
194
198
152
215
181
193
208
153
180
185
190
214
226
207
141
215
267
235
186
146
170
179
184
280
250
204
203
205
248
209
280
178
166
188
228
211
192
291
225
219
165
267
225
252
288
161
208
187
185
175
230
146
182
179
267
291
242
126
207
195
172
180
273
145
218
224
240
155
202
205
171
197
223
204
265
158
213
177
296
348
201
154
185
224
178
171
290
152
194
196
237
192
144
312
185
173
173
205
179
197
207
183
185
230
205
237
230
230
236
222
224
190
189
201
206
270
195
181
194
188
240
200
172
192
291
165
150
180
176
291
223
180
213
166
217
218
196
152
215
122
207
144
126
141
275
149
261
182
161
201
249
156
112
212
222
200
209
324
251
161
190
144
204
175
239
162
212
190
193
189
242
261
221
167
193
155
254
179
219
143
299
283
203
234
207
185
163
172
283
218
174
203
231
214
273
248
174
247
210
206
154
206
271
282
182
213
168
147
230
197
307
203
229
212
252
248
186
230
190
225
208
152
219
155
164
173
156
224
159
143
202
144
272
178
192
166
297
210
134
154
193
187
182
167
125
243
273
162
153
172
207
251
178
217
110
272
217
158
225
188
206
223
227
158
251
286
236
212
262
248
182
164
172
303
204
186
182
152
248
260
200
230
238
213
178
182
199
182
198
217
227
197
170
237
317
157
190
230
236
186
275
252
245
174
223
246
170
171
245
182
210
186
206
156
317
195
294
203
158
244
209
198
247
230
161
216
310
295
295
164
217
148
168
141
219
177
268
188
142
269
239
158
214
200
210
151
225
179
195
244
166
244
194
234
161
191
181
214
269
180
225
144
190
187
247
179
136
288
169
205
175
210
255
198
180
188
176
173
329
262
231
148
141
185
171
241
186
202
208
355
209
309
167
180
193
233
223
235
208
237
228
346
243
236
182
188
165
217
190
200
197
178
224
170
128
168
230
193
183
138
200
197
151
221
168
188
172
171
211
212
290
136
226
137
264
177
145
218
143
239
282
172
211
239
256
183
331
188
232
235
212
199
177
198
158
198
247
195
309
352
236
165
223
283
205
284
265
164
185
203
207
205
226
199
234
202
202
203
187
162
160
208
203
139
249
221
251
186
182
245
163
183
230
161
184
145
217
205
352
210
166
187
157
155
214
226
181
290
197
204
188
149
254
180
170
247
174
246
136
177
270
166
159
135
226
165
256
188
163
247
187
209
201
146
295
213
236
185
188
196
210
147
257
235
153
185
285
203
262
175
248
175
265
189
203
193
244
207
211
163
186
249
300
144
204
233
184
192
282
173
190
155
206
234
146
207
180
166
173
196
164
256
209
194
299
309
244
166
172
167
300
165
198
279
180
237
168
173
214
181
211
266
251
167
172
257
188
215
297
160
239
154
207
234
244
161
226
223
193
178
182
166
214
247
208
153
191
184
190
180
192
266
190
146
224
217
215
361
192
263
271
180
229
239
212
301
179
224
186
160
232
218
182
237
194
132
175
186
212
161
251
208
238
191
171
204
263
270
156
276
280
153
182
211
234
177
211
271
177
186
150
189
160
244
204
214
332
162
205
195
271
197
212
156
142
236
154
264
214
159
168
148
214
271
252
167
220
213
243
290
225
168
286
170
191
290
190
198
184
184
282
255
186
163
196
215
143
196
158
209
291
263
231
208
174
215
189
173
198
249
205
207
182
208
348
165
258
149
136
193
255
204
267
144
171
155
266
275
226
143
233
225
228
273
149
243
241
240
227
177
184
207
229
191
136
167
274
175
170
152
262
188
309
165
159
221
205
166
149
232
159
203
175
140
173
202
170
223
154
301
182
226
151
199
265
391
296
263
262
236
175
172
199
184
159
250
272
198
273
192
240
306
208
153
182
218
204
210
216
288
226
188
225
125
256
214
162
226
235
207
180
197
180
205
237
190
209
243
288
217
206
280
256
282
194
208
221
288
158
186
135
183
244
192
193
226
245
215
213
263
243
261
177
158
183
184
190
222
185
167
204
210
160
291
136
229
139
164
192
244
238
158
194
191
167
144
209
182
193
275
149
240
214
170
217
248
177
164
261
170
232
150
192
198
195
161
201
202
188
202
184
155
129
165
197
152
195
168
252
225
189
157
194
285
250
199
184
313
204
156
216
223
252
274
199
242
185
208
211
168
166
154
212
175
280
329
235
174
164
201
290
178
184
151
286
205
157
273
336
289
185
168
142
280
216
168
194
262
156
220
204
161
285
283
210
185
153
155
100
188
205
202
199
165
228
261
231
264
193
163
249
210
175
180
119
241
153
179
280
164
210
343
168
212
260
221
194
303
230
218
206
202
194
175
180
174
144
213
164
187
221
167
314
299
181
190
238
276
275
187
166
215
197
196
264
237
182
186
209
197
171
167
219
299
212
165
245
174
196
335
156
146
181
297
135
171
253
200
141
184
207
207
180
205
200
187
167
144
168
209
184
272
206
319
210
204
209
260
242
177
200
130
170
271
200
187
229
157
160
327
138
223
224
151
175
235
222
176
280
201
216
141
212
295
146
182
166
177
189
175
213
172
194
211
201
171
182
210
171
163
167
339
232
179
224
219
190
244
291
201
232
213
244
169
160
141
139
170
182
146
192
121
179
159
199
174
190
172
217
183
136
289
252
130
189
226
162
194
250
197
160
225
134
238
225
200
209
287
232
208
239
167
218
188
251
307
221
174
201
217
203
205
232
202
211
251
232
165
141
187
239
159
186
225
212
195
163
211
227
231
146
200
186
297
297
221
283
200
261
208
194
175
241
181
171
187
214
172
207
172
242
161
183
200
143
194
187
221
167
171
155
134
184
249
196
199
194
178
204
152
240
264
125
276
304
155
171
278
211
165
193
201
207
204
203
195
185
150
253
173
183
173
276
161
206
193
241
183
199
177
168
247
196
215
190
275
313
256
180
254
197
274
245
226
335
226
263
207
133
315
172
203
308
304
187
355
198
186
194
172
291
237
220
192
205
247
184
163
338
142
230
172
185
200
249
191
171
199
210
284
137
196
251
241
172
176
253
266
189
184
270
240
204
299
211
248
201
174
304
227
155
148
149
340
164
268
223
249
179
174
193
173
248
233
189
172
179
183
128
156
202
284
193
301
223
214
220
175
202
245
179
158
238
138
152
272
148
244
143
197
153
248
167
228
263
213
153
198
265
211
177
227
166
192
158
219
231
153
254
297
213
185
202
213
207
219
149
250
231
202
192
155
217
223
220
223
253
194
166
149
182
263
162
208
191
210
185
173
192
213
200
193
295
167
156
171
168
187
191
202
222
232
266
168
188
171
228
267
207
218
271
370
176
210
211
236
327
230
198
166
217
216
186
191
228
169
227
166
196
205
187
283
218
250
226
190
164
137
192
174
169
271
157
138
193
179
197
173
227
138
166
279
180
146
173
219
155
203
204
381
228
186
178
128
186
159
167
247
248
207
182
218
396
179
247
277
214
202
164
259
287
188
198
296
232
170
272
231
225
164
169
161
172
194
362
209
130
215
151
281
197
200
241
202
187
198
283
231
215
211
209
192
161
224
216
160
242
180
197
146
204
246
243
216
168
224
142
198
281
246
166
301
229
165
199
243
205
225
211
208
153
234
155
247
166
155
146
165
200
359
244
207
179
219
159
318
290
162
289
165
189
208
173
183
173
182
201
206
206
175
208
259
186
184
167
220
204
167
275
168
198
168
220
174
195
153
217
179
192
163
191
303
183
244
159
214
236
175
250
204
247
190
155
167
154
161
210
204
214
237
200
263
206
292
163
196
191
158
221
222
208
285
186
206
246
143
173
220
176
216
214
213
130
167
212
179
270
202
261
215
283
163
257
308
211
200
174
226
215
190
154
297
145
314
182
180
183
170
144
198
256
194
207
208
288
141
207
158
357
162
166
163
167
182
231
242
236
169
195
208
244
163
175
276
161
219
172
201
155
174
191
271
178
181
169
253
167
209
287
206
172
132
252
243
276
191
170
163
157
179
186
176
200
153
120
223
148
238
215
198
160
183
159
225
188
172
260
212
254
236
244
162
202
165
253
174
152
172
175
157
215
250
145
185
190
173
243
168
436
185
158
255
175
224
141
146
189
142
276
233
171
164
176
186
257
227
253
201
145
163
273
197
239
179
211
198
247
157
158
159
197
242
233
235
203
210
224
215
273
237
268
205
168
251
155
181
168
232
173
207
165
177
198
231
233
179
272
207
204
194
207
199
207
162
214
160
146
171
178
210
154
149
236
222
149
132
234
205
222
198
183
164
233
240
182
244
154
180
169
156
209
172
208
235
179
290
178
214
152
146
181
163
229
250
228
262
202
169
213
286
153
240
241
217
148
253
244
266
338
233
180
160
157
232
215
247
160
207
174
275
148
246
293
169
162
181
198
239
185
190
172
222
274
157
175
259
218
185
167
277
184
239
195
173
174
211
183
203
157
242
166
286
259
146
149
168
252
203
276
181
186
293
168
191
224
181
216
250
197
224
173
179
191
203
165
223
157
197
221
173
272
171
159
203
197
173
176
203
228
235
173
237
187
178
184
356
193
230
214
181
216
216
220
246
186
149
201
207
169
171
198
286
159
153
242
132
280
185
173
240
199
171
195
246
256
166
278
236
201
212
176
233
146
173
189
190
246
191
219
207
132
253
283
211
281
196
186
174
255
183
170
209
150
202
141
209
202
211
203
171
190
218
164
190
226
123
151
169
160
220
199
197
179
266
217
182
274
155
208
156
192
194
259
195
180
228
182
152
209
217
246
216
164
214
198
162
159
215
185
245
187
261
230
314
221
182
324
248
209
167
271
252
250
188
174
175
226
236
233
235
195
160
260
164
197
159
149
196
207
234
186
160
189
242
195
237
241
240
173
165
277
215
161
190
263
216
149
197
250
170
194
208
179
235
159
278
163
173
224
158
190
137
171
239
171
144
321
147
240
238
223
146
192
192
157
283
122
285
187
236
199
170
211
177
159
249
233
176
289
189
198
301
214
285
195
211
211
184
201
244
168
194
296
188
202
262
311
143
210
227
199
222
192
154
190
232
205
184
169
212
217
176
181
182
170
202
139
211
189
198
192
203
221
243
226
204
211
138
226
168
215
238
262
209
179
400
231
256
182
183
222
217
139
294
208
237
252
207
212
169
154
251
193
153
185
211
290
199
157
292
346
356
174
207
238
216
140
249
245
361
232
196
174
197
164
179
182
202
144
269
167
273
232
195
210
262
191
148
218
216
186
294
200
146
173
189
183
167
167
188
172
211
245
154
187
221
242
145
213
194
245
201
239
283
170
251
203
215
176
188
272
173
180
186
192
217
235
198
244
171
185
198
177
192
239
193
180
174
233
200
146
184
215
243
295
258
269
198
218
251
233
301
260
260
160
151
259
212
210
160
175
226
214
279
334
195
259
168
251
128
221
192
145
284
200
153
233
142
194
165
224
160
194
150
259
236
188
261
210
212
226
217
307
175
182
277
256
220
158
174
209
178
156
158
172
167
181
189
164
254
165
233
244
176
248
235
192
242
149
199
210
136
179
259
170
156
278
204
193
225
156
207
264
222
170
180
149
241
273
231
254
262
150
259
233
246
198
236
181
270
178
201
168
167
152
163
179
272
338
180
171
174
299
225
181
180
147
161
239
180
176
182
234
202
184
177
180
162
229
232
162
205
260
178
231
186
188
183
225
291
195
204
180
190
166
187
145
174
133
172
139
159
169
207
216
185
251
152
153
157
226
252
216
142
220
174
260
150
142
187
194
219
161
267
177
186
174
210
307
267
238
223
221
149
189
159
172
240
170
303
123
143
225
149
162
203
307
215
182
255
231
235
370
184
217
164
173
242
189
200
177
181
216
195
246
229
223
176
253
218
214
239
353
198
167
174
197
272
161
175
261
166
211
179
243
178
338
163
289
245
184
193
193
166
160
201
264
296
168
176
171
180
267
227
162
202
159
214
256
142
227
160
151
129
194
230
270
193
188
120
133
229
194
163
149
318
185
183
202
274
254
251
211
211
195
161
224
232
240
195
206
259
165
214
222
180
183
273
167
273
215
204
203
213
152
203
255
237
253
186
185
201
155
177
210
150
205
168
166
180
199
246
259
138
224
174
157
225
206
159
298
188
168
153
226
227
171
205
169
192
166
251
186
193
240
161
216
189
229
252
222
144
183
141
143
153
180
207
236
242
209
195
161
207
213
206
265
146
228
158
208
222
216
183
189
162
283
214
158
174
174
198
255
206
217
237
301
212
221
188
155
186
190
212
195
142
233
195
229
185
207
224
260
213
172
304
179
187
283
299
196
169
224
307
221
134
183
216
174
125
172
184
195
258
207
237
189
285
161
188
202
147
260
172
150
245
214
146
214
298
271
188
172
176
168
196
177
156
178
248
151
205
191
139
185
182
196
181
165
296
166
231
250
176
198
270
318
137
112
224
333
268
159
185
202
204
205
207
225
228
265
176
214
164
199
200
186
136
312
211
183
196
159
285
188
195
231
180
195
162
194
242
159
255
133
189
221
232
201
311
151
228
206
228
202
145
262
216
276
218
256
200
184
194
146
144
217
255
180
152
265
193
165
158
227
186
214
212
202
255
184
222
214
185
206
188
190
147
218
281
194
191
216
204
176
202
188
196
123
254
267
204
183
242
260
361
247
268
154
179
174
157
111
262
191
174
198
325
217
290
207
232
200
228
189
215
211
173
193
206
280
174
171
196
195
225
241
174
232
232
250
217
218
175
209
228
305
216
163
194
232
229
201
154
234
201
227
165
213
163
245
299
130
219
152
196
208
207
172
205
208
257
191
235
159
198
258
243
170
232
182
203
129
227
203
124
174
277
271
157
232
150
157
131
181
179
200
189
213
173
233
237
187
280
202
153
223
252
203
145
229
155
136
141
197
205
192
247
166
176
227
207
201
217
256
174
214
229
161
164
185
151
166
187
140
191
201
168
294
162
176
187
165
245
145
193
176
324
233
167
229
163
173
242
211
167
209
251
255
306
229
159
240
218
185
187
174
151
184
206
275
176
183
205
201
261
181
244
150
283
190
215
229
164
132
195
268
205
212
185
197
212
218
164
239
260
252
266
248
215
236
191
142
219
169
153
200
328
186
198
163
222
212
221
292
165
188
189
176
270
168
158
194
222
176
258
161
200
178
135
183
206
200
235
153
214
271
135
191
194
168
381
225
263
269
140
228
244
185
176
210
192
227
200
182
186
275
175
208
159
182
164
128
206
256
221
142
245
199
183
255
218
244
180
204
165
170
170
241
130
174
136
202
244
228
190
163
181
216
177
224
217
216
214
276
219
212
205
209
217
280
216
205
185
141
192
179
152
230
164
332
155
203
345
150
152
156
265
221
184
175
173
188
207
242
265
214
176
203
201
209
146
218
274
440
266
215
201
224
289
171
256
433
166
245
143
186
225
201
181
157
145
216
339
201
158
227
154
227
187
276
159
217
198
276
163
224
168
197
300
264
208
273
243
255
183
165
191
153
270
194
294
211
187
141
210
195
161
204
145
241
162
246
197
167
162
234
255
252
210
229
167
175
151
224
133
211
131
197
185
222
173
188
285
262
272
218
303
256
142
222
201
275
225
256
220
272
254
166
204
227
220
195
202
233
251
218
239
209
244
187
201
193
154
204
166
207
212
172
200
220
184
245
212
198
173
215
185
213
162
188
219
317
153
205
184
200
152
197
127
190
