68
60
65
63
63
59
58
68
73
57
57
72
68
60
61
58
61
64
64
59
62
63
74
67
74
61
71
64
65
59
63
63
62
59
65
58
66
71
64
59
69
70
63
63
61
61
63
64
68
72
62
66
65
68
70
66
64
78
64
62
58
60
59
64
60
66
66
72
65
57
67
66
59
63
62
53
58
68
64
60
62
64
67
63
78
66
65
76
60
59
63
62
70
61
59
67
69
81
63
62
63
77
65
61
67
62
59
69
77
62
61
73
75
58
60
56
59
58
63
71
65
65
64
68
64
70
64
64
64
81
60
64
62
66
83
64
59
56
62
87
72
61
63
78
64
59
62
67
65
63
63
62
59
62
59
58
69
57
70
62
65
65
66
75
69
72
64
71
63
65
65
59
59
62
64
61
70
67
59
64
62
63
60
73
64
63
66
67
71
66
58
67
58
60
70
62
78
68
65
58
63
65
67
72
69
59
62
84
60
68
58
58
61
69
63
64
73
63
63
68
64
62
61
59
57
74
67
59
59
67
69
77
72
72
75
70
60
61
57
62
64
55
61
64
58
81
64
67
65
74
69
64
58
66
67
73
69
63
63
60
59
65
69
67
63
74
76
60
67
61
67
60
64
63
57
66
58
58
61
64
67
72
63
60
65
61
53
72
60
69
60
58
65
59
67
58
64
62
67
74
65
61
62
65
67
66
69
62
65
65
72
71
78
95
67
65
58
60
66
73
68
60
63
67
62
71
61
69
59
66
67
71
62
81
69
89
66
56
66
62
66
63
63
68
65
70
63
71
67
69
64
62
60
66
70
74
63
73
59
67
65
68
60
61
60
63
59
74
53
63
60
59
61
61
67
58
64
62
69
70
68
64
64
67
60
65
72
63
61
74
60
56
71
69
63
59
72
61
70
65
67
59
63
66
69
64
67
57
72
63
66
65
59
57
68
72
70
62
66
77
64
60
67
63
67
63
63
72
71
62
72
64
64
72
71
65
69
56
57
74
64
60
70
66
70
60
79
74
68
68
72
78
65
64
61
71
71
57
55
66
67
71
63
55
62
63
71
67
67
60
60
70
60
62
58
63
66
61
65
65
72
80
59
69
61
64
63
57
52
67
56
71
64
72
69
66
64
77
59
66
59
75
64
92
61
72
66
62
63
66
60
60
61
65
70
63
64
62
79
61
69
69
60
74
90
59
57
66
67
62
60
66
65
65
59
65
68
62
58
62
61
61
62
62
59
58
61
66
60
65
67
68
57
68
63
66
68
65
64
76
64
58
77
58
63
62
60
63
63
59
63
63
59
61
65
81
72
66
66
75
64
59
66
62
85
72
64
57
55
70
71
73
84
68
57
59
65
73
64
66
62
68
56
72
57
65
57
72
59
72
67
54
61
58
61
60
57
67
62
58
59
68
60
61
63
59
65
61
92
72
69
68
65
63
69
62
64
65
68
59
63
69
64
61
62
61
60
57
67
69
58
68
61
64
59
62
63
61
65
68
62
59
64
61
59
73
63
70
59
77
63
63
66
74
60
65
57
63
65
77
63
59
73
65
54
65
64
63
58
68
59
74
62
66
63
61
59
71
64
64
63
80
56
71
57
62
72
62
58
70
69
64
53
64
66
65
63
67
61
70
68
61
73
58
62
77
65
70
60
60
75
63
69
66
60
60
67
61
65
64
64
62
61
56
59
76
63
66
66
69
61
81
67
75
79
68
73
65
79
69
60
71
60
65
75
61
67
71
65
60
58
62
64
74
62
58
82
68
82
56
55
58
77
80
58
86
58
61
74
69
61
66
74
63
57
66
57
60
70
74
74
62
68
77
63
60
73
61
60
58
62
62
59
71
63
64
83
63
56
65
71
70
69
69
71
58
59
70
67
66
67
64
70
71
60
77
63
66
59
59
58
57
64
68
61
63
59
59
74
73
62
64
66
68
64
68
58
64
62
63
70
62
63
58
71
65
67
74
60
66
66
67
75
61
66
79
70
80
68
84
62
74
66
69
63
75
58
65
58
64
62
68
67
73
60
63
74
59
77
64
65
55
67
76
59
69
57
61
62
55
72
67
63
57
63
74
62
64
71
62
66
66
86
67
68
67
60
71
64
65
60
62
65
72
59
55
72
65
55
66
69
58
62
83
62
63
66
57
68
57
57
68
64
60
61
56
64
74
79
61
67
78
56
67
65
67
67
61
70
67
59
63
62
61
59
58
65
70
69
61
62
65
57
62
69
61
61
64
67
67
63
71
69
74
67
58
62
62
67
79
