9
22
19
24
36
16
6
93
8
5
30
39
19
24
18
14
44
2
23
99
4
10
82
9
42
82
50
16
56
56
7
59
7
1
23
22
21
48
42
25
8
4
28
32
55
18
81
12
11
23
27
43
62
3
12
13
1
108
48
5
8
25
10
120
101
97
8
8
4
10
71
8
30
20
88
34
34
18
15
14
15
21
15
54
15
151
3
88
6
32
2
34
24
5
9
32
59
18
11
32
33
4
3
8
42
38
4
31
32
49
9
60
15
18
27
21
47
84
11
37
36
2
70
26
30
4
72
4
4
6
7
32
18
26
12
8
4
22
6
31
25
16
19
24
5
28
33
41
47
68
8
4
8
63
24
1
36
2
65
7
10
9
10
49
171
22
55
22
26
1
18
26
12
19
121
17
39
36
21
9
3
7
59
43
5
12
27
9
6
31
54
16
2
8
3
4
26
33
57
3
53
23
3
68
20
4
5
25
20
57
31
2
11
27
36
20
3
72
18
29
92
13
106
19
15
47
34
16
19
5
4
38
7
11
21
3
6
115
49
80
3
15
13
18
9
44
15
11
34
2
25
20
16
5
3
48
50
2
1
8
7
46
46
13
45
9
5
38
56
36
53
40
67
8
4
32
28
9
49
26
10
171
108
55
28
62
31
25
39
18
15
5
10
5
2
73
1
40
1
26
30
10
101
1
61
27
53
13
3
5
27
19
1
42
9
15
33
6
1
45
21
6
23
33
8
12
17
6
22
1
33
12
42
15
35
3
41
18
46
28
13
15
19
1
18
100
19
16
45
16
30
2
26
12
13
36
65
11
4
37
14
55
19
40
38
27
5
14
9
10
77
48
59
88
5
146
4
100
1
22
21
9
28
37
65
7
39
36
32
40
8
5
83
4
109
30
21
74
50
28
74
47
36
6
2
10
14
11
37
7
27
11
23
43
29
96
9
5
15
20
7
12
14
18
5
32
73
17
29
57
28
1
3
16
12
101
15
20
8
62
53
9
11
10
17
5
105
12
6
96
2
35
25
6
23
5
36
37
47
3
3
54
19
7
27
9
8
2
8
71
12
70
119
33
38
7
71
58
13
32
19
26
13
19
1
3
6
94
5
35
16
6
12
10
90
31
29
30
11
4
87
56
4
22
29
6
5
2
22
42
16
80
152
37
10
5
20
23
9
45
4
65
46
27
6
4
4
69
2
3
44
2
96
66
65
5
3
14
7
1
18
21
35
4
65
9
12
58
39
53
12
8
8
50
7
1
5
102
78
27
1
24
36
9
5
16
31
61
23
23
12
40
22
38
1
25
10
52
16
1
63
70
9
5
23
55
28
10
20
14
4
33
73
14
15
14
9
17
46
61
25
21
1
40
22
1
48
6
6
33
1
4
64
29
6
34
54
18
15
5
61
1
3
12
20
40
69
13
102
24
46
5
44
10
52
2
19
9
7
11
71
114
7
61
33
5
95
25
34
31
2
89
48
11
12
53
6
5
6
42
58
33
28
38
26
1
19
83
30
8
17
51
28
6
3
112
2
17
3
42
79
50
11
56
16
5
53
25
38
6
15
72
30
7
23
41
52
56
64
3
17
51
21
56
6
12
41
2
10
36
1
47
36
46
14
13
20
43
45
2
12
29
89
78
12
31
28
29
8
24
15
1
6
27
48
12
17
10
32
56
11
6
29
8
10
96
19
99
29
43
2
5
26
21
184
40
31
8
47
27
7
2
78
4
2
6
9
131
7
11
49
76
46
32
37
17
18
35
35
16
21
60
10
2
157
28
23
13
2
13
70
7
18
30
27
45
74
12
32
21
5
8
38
65
35
120
27
40
36
29
13
30
20
33
9
65
7
45
7
5
1
35
2
43
16
2
10
19
124
4
5
34
5
48
69
52
6
47
50
12
1
8
28
31
54
16
4
16
2
17
19
2
15
3
5
20
13
8
44
13
17
35
7
9
44
7
44
48
20
54
9
13
26
18
13
9
115
114
86
42
27
12
42
53
2
44
3
42
50
54
2
82
2
12
40
1
50
5
95
6
53
4
10
28
32
4
35
2
23
3
29
23
10
8
9
22
109
41
42
25
52
39
29
16
2
36
4
3
9
9
30
25
50
16
49
40
15
9
3
214
36
7
17
57
65
17
42
7
19
6
18
21
20
41
44
22
7
17
43
17
21
7
6
122
3
53
25
35
23
35
22
13
2
9
6
6
28
37
5
47
24
10
18
5
60
14
6
50
22
36
131
14
34
28
7
9
9
20
6
4
