163
160
161
159
164
173
170
190
176
200
168
170
165
172
171
164
173
196
183
214
171
179
161
167
186
187
175
157
176
233
162
187
170
202
183
175
191
172
159
158
174
167
167
215
165
184
195
167
198
176
189
174
185
161
182
168
184
172
181
188
173
179
169
208
173
166
182
180
174
164
189
172
160
164
183
161
214
230
165
174
203
168
179
183
161
165
183
168
174
167
182
178
173
165
170
157
177
213
174
166
151
175
166
161
198
188
205
186
171
168
171
197
168
189
208
167
161
185
190
234
167
170
162
155
172
160
171
162
189
180
160
179
194
177
161
188
174
174
176
179
164
171
170
169
188
162
173
164
178
171
163
184
161
195
178
169
156
180
223
173
178
171
162
172
167
179
159
172
167
174
174
158
187
161
164
181
156
165
183
179
179
183
169
171
163
156
188
179
171
195
162
178
197
203
192
169
211
168
156
196
173
178
169
167
233
158
156
169
168
175
189
166
193
181
168
183
172
168
210
163
172
169
163
170
171
177
170
177
168
169
182
195
151
183
185
181
185
189
180
170
161
173
181
185
190
153
169
172
158
179
176
172
167
164
155
178
212
181
161
176
186
185
174
166
194
171
164
190
169
174
208
155
196
173
153
192
174
170
170
167
216
179
195
166
177
168
188
161
170
166
179
174
167
189
178
175
182
172
159
186
175
172
159
169
166
170
174
172
171
170
192
159
170
185
165
202
180
165
201
183
161
190
176
166
164
170
178
168
171
168
198
193
156
193
174
173
203
217
180
159
181
164
172
164
192
242
166
158
157
176
178
181
162
176
193
182
174
169
163
175
174
177
170
174
193
184
210
179
185
174
190
165
165
174
190
156
174
174
169
187
176
168
171
169
179
167
175
184
160
197
165
173
191
180
185
191
166
171
173
170
165
198
182
166
177
181
171
194
160
166
167
187
179
175
164
159
167
173
206
180
167
174
195
169
187
183
186
161
160
165
176
173
192
171
189
179
181
166
166
205
189
179
185
170
178
171
177
184
162
205
185
172
168
160
162
192
186
172
182
166
213
158
177
200
168
174
191
201
177
176
184
156
153
169
165
187
203
191
176
178
189
177
175
158
155
196
242
175
202
201
183
161
174
166
187
173
168
174
193
166
183
206
170
170
189
153
179
206
178
170
171
188
171
182
163
178
186
179
178
158
167
178
176
172
161
187
198
172
171
198
160
174
176
172
186
162
191
162
167
200
185
206
173
186
165
169
182
174
167
175
183
163
172
166
171
160
167
171
167
174
173
186
177
163
178
179
171
162
187
170
172
175
167
161
178
172
183
173
185
212
172
169
170
186
200
168
174
165
175
203
177
159
174
198
167
168
157
169
167
170
163
163
179
160
180
180
164
171
173
171
172
188
185
181
163
172
166
198
190
171
173
179
169
175
173
214
180
177
164
192
186
177
168
187
163
165
171
189
188
161
188
185
172
171
163
177
175
168
180
166
176
171
186
203
166
157
175
181
176
183
185
156
169
165
180
189
175
169
169
167
182
173
168
198
190
175
166
187
157
179
170
191
181
196
187
163
177
240
193
183
165
161
177
180
173
183
183
205
184
175
176
162
179
182
173
173
199
171
164
185
182
175
166
167
179
165
163
170
175
185
162
182
172
188
189
162
187
173
192
169
175
173
192
169
178
161
192
172
183
184
170
167
179
165
162
173
169
179
171
175
176
157
181
193
168
164
185
161
166
176
177
201
163
163
166
182
164
193
179
189
171
201
167
201
205
166
162
198
171
191
159
178
162
162
189
183
169
194
176
181
167
200
154
173
163
174
155
163
192
177
176
173
171
176
161
172
169
164
189
185
165
183
192
172
204
183
214
196
161
168
178
167
170
168
200
170
166
209
182
184
165
167
159
173
177
170
164
167
165
167
164
178
167
159
171
177
165
165
168
193
163
191
166
176
185
169
160
173
162
176
161
168
167
185
169
178
165
173
157
162
172
205
179
199
194
164
187
168
171
161
173
166
166
176
172
179
181
173
177
167
162
186
167
165
170
164
165
203
166
171
195
193
182
178
160
173
181
188
178
180
160
164
190
196
156
172
160
176
167
177
179
166
162
172
178
164
171
190
165
156
175
180
181
186
194
182
171
189
175
171
210
166
161
170
175
152
178
175
177
188
186
169
178
173
164
155
177
184
170
162
168
175
174
164
193
187
160
160
166
170
153
189
165
161
158
171
180
176
168
169
167
163
164
191
202
169
180
173
180
159
207
159
158
189
172
166
166
181
201
158
