559
601
552
565
562
507
556
572
588
511
594
555
591
693
593
512
532
565
671
627
567
684
616
562
560
618
529
511
560
551
540
580
538
538
561
525
534
589
678
522
480
512
640
549
557
516
624
546
502
535
508
581
574
532
540
582
571
531
558
553
520
559
565
593
606
535
573
573
495
544
617
588
582
619
579
529
591
542
547
589
585
609
578
579
544
563
529
571
550
521
574
526
584
565
547
612
520
616
561
537
607
568
524
617
581
541
562
537
499
519
554
533
572
535
579
546
559
500
556
558
700
550
623
523
621
606
549
521
625
587
533
555
576
500
550
543
677
581
603
498
507
525
598
614
572
534
587
516
564
555
531
536
576
579
573
639
550
552
574
636
570
552
583
591
714
561
534
537
666
526
537
572
516
529
546
551
707
540
561
560
542
580
538
584
570
580
512
571
612
520
573
537
549
547
531
608
616
520
519
617
627
615
512
614
598
582
537
512
521
580
628
562
540
527
586
498
537
579
622
571
619
589
635
537
558
619
490
514
553
541
525
533
510
554
545
510
594
526
536
568
586
579
510
534
576
567
586
590
555
590
513
546
526
494
539
586
517
592
536
631
540
481
507
594
526
534
578
551
527
659
479
491
610
619
547
599
536
519
524
574
533
582
586
468
582
527
513
528
623
503
661
545
560
559
578
539
520
541
538
632
525
560
580
604
563
547
632
532
552
536
581
580
565
514
552
612
533
576
560
551
491
545
554
676
519
625
687
558
567
550
580
547
530
561
573
578
508
603
510
578
595
561
537
524
538
642
545
635
547
634
663
510
581
529
574
595
561
531
566
590
602
538
544
557
518
525
490
591
580
540
587
580
534
554
545
509
492
604
539
526
532
488
545
526
523
588
496
511
615
580
528
627
520
562
531
502
639
588
516
554
598
606
552
519
631
536
567
505
561
554
584
567
550
542
544
531
561
539
541
570
620
585
648
479
560
601
685
551
567
509
512
528
612
569
563
537
531
605
569
621
545
554
573
546
536
518
629
565
535
548
531
569
507
546
572
502
542
500
496
554
580
553
503
575
586
521
482
607
604
542
579
552
552
486
720
596
519
560
545
620
555
552
505
527
612
519
484
562
576
583
548
627
540
552
522
584
591
611
593
564
551
672
645
543
532
577
566
588
541
538
628
580
589
507
571
625
586
543
563
577
564
605
517
511
558
606
554
494
596
550
605
539
608
536
553
599
624
558
508
574
588
523
540
548
552
536
539
512
536
543
561
488
524
572
546
577
599
531
548
532
638
480
534
531
566
529
553
575
600
554
582
548
528
512
559
535
485
595
591
521
512
543
556
540
537
540
571
542
634
576
521
556
585
615
501
575
572
530
592
564
591
545
514
563
586
601
544
614
594
526
518
522
573
547
549
531
642
532
539
528
536
532
556
516
565
511
509
544
502
623
605
576
525
637
481
673
554
537
603
575
630
507
505
627
521
628
618
661
575
519
552
500
487
550
531
559
573
499
565
575
575
558
534
564
600
523
537
629
580
529
531
561
546
567
536
625
547
493
487
552
524
577
577
650
530
587
551
553
556
562
557
553
503
592
509
507
562
660
568
593
536
553
545
577
632
558
545
525
540
578
578
575
532
549
527
575
581
607
510
588
533
522
552
563
546
517
630
502
523
514
548
489
633
543
623
555
532
517
553
533
575
509
706
520
678
588
537
607
530
576
536
543
546
543
491
556
545
573
538
601
532
512
577
541
517
594
603
512
597
586
547
514
523
568
532
579
569
579
556
560
542
477
521
504
488
568
590
527
564
567
582
550
587
589
528
534
583
582
593
527
512
461
542
598
508
629
649
517
570
556
641
601
496
578
645
574
523
586
590
545
562
517
578
527
520
590
632
635
548
587
593
565
510
495
574
520
559
546
570
546
589
554
597
605
540
533
556
576
643
537
540
538
569
548
524
519
631
539
523
534
572
533
537
501
565
528
652
545
585
647
546
572
525
513
577
518
542
527
536
593
596
571
591
571
536
491
572
503
592
574
570
550
571
638
615
536
549
521
534
599
529
482
491
521
529
602
555
631
617
613
540
526
531
580
599
578
531
553
533
553
619
583
579
493
580
521
624
571
554
553
528
547
519
543
544
503
523
483
547
587
548
493
560
515
532
588
626
538
564
661
486
483
536
531
527
549
561
531
501
588
575
661
586
483
608
618
567
499
561
572
549
498
579
565
577
471
587
556
509
552
531
587
488
604
556
571
610
511
505
534
507
609
493
539
598
538
532
601
535
585
606
521
544
587
540
626
588
567
604
535
519
589
527
528
646
674
548
529
546
524
522
590
537
640
583
564
561
552
531
584
674
792
570
529
585
490
548
592
534
588
603
571
635
576
576
541
730
583
557
634
576
546
512
596
523
529
585
553
607
538
545
524
550
634
503
567
617
546
535
557
580
516
525
504
551
522
534
493
678
621
592
547
506
606
505
577
509
552
587
693
551
541
549
617
599
520
574
524
512
531
621
559
522
485
586
581
619
591
607
534
508
599
533
527
557
532
537
558
564
535
551
564
526
520
521
598
520
598
548
537
526
476
542
646
555
635
555
519
540
662
530
518
569
544
606
559
531
582
593
594
554
569
561
640
503
500
572
519
581
610
512
628
546
520
471
580
495
499
532
536
531
536
546
510
571
567
472
518
487
591
520
567
548
527
622
613
574
643
553
583
554
550
594
562
512
616
579
624
600
564
507
620
530
600
527
628
535
520
553
508
511
565
581
597
613
559
529
636
543
535
523
567
543
533
627
550
602
522
585
535
528
571
604
560
535
545
530
489
557
493
557
570
487
573
615
576
515
561
496
533
515
561
508
516
538
646
567
572
562
544
564
645
549
524
617
547
647
532
620
593
537
503
583
530
608
544
618
506
609
551
483
559
660
518
493
533
589
534
583
596
511
537
487
497
565
530
525
487
549
577
530
546
638
513
559
517
586
512
522
562
507
575
623
506
472
517
536
619
616
548
520
538
614
605
534
525
610
506
536
601
556
510
545
601
591
512
588
516
516
551
602
641
564
584
538
539
546
522
612
589
519
522
489
541
600
497
564
664
560
613
533
616
661
525
629
582
588
504
570
588
509
512
543
560
553
582
537
482
597
519
547
632
538
540
559
634
494
502
571
568
612
613
660
625
624
538
544
544
548
549
505
495
515
537
538
582
641
643
570
570
505
572
573
515
491
610
510
535
622
501
506
535
581
551
604
575
538
507
508
603
570
572
543
510
535
561
568
598
576
581
532
538
542
560
571
523
641
544
594
577
543
605
605
565
551
536
506
624
566
597
523
593
646
637
534
560
539
519
527
577
638
581
635
525
569
538
584
567
589
508
589
676
525
527
536
532
558
576
540
525
530
587
562
532
545
513
534
570
597
583
551
585
654
542
539
505
589
531
521
545
546
524
605
513
562
522
530
588
537
625
543
539
590
644
524
585
518
536
543
506
560
556
578
517
508
546
550
533
536
522
533
538
632
643
578
593
522
537
579
529
566
562
598
558
559
533
578
598
609
547
513
531
560
512
524
577
528
523
599
543
593
598
569
526
553
536
605
584
585
560
575
608
596
584
539
665
558
531
551
569
634
523
586
658
596
517
626
585
516
571
565
593
616
560
559
701
624
536
564
528
544
604
541
580
551
515
547
547
649
647
579
579
583
611
559
607
647
528
507
560
528
577
548
536
556
556
590
594
561
575
663
558
603
574
624
546
515
592
605
541
603
496
524
483
578
559
562
514
541
565
552
576
639
637
611
567
571
609
501
647
672
597
580
504
558
550
521
634
527
497
660
543
583
582
522
559
530
573
498
518
579
664
608
569
676
512
613
591
560
557
475
585
614
533
515
570
557
641
630
667
532
539
549
491
542
561
576
549
502
588
491
554
592
665
463
522
556
551
581
506
520
623
547
591
569
661
558
517
505
514
644
557
578
543
608
502
523
526
639
534
634
559
499
558
573
554
585
491
546
546
530
561
609
536
567
613
592
679
636
666
595
549
567
559
510
554
545
587
617
509
638
576
520
526
596
581
615
503
616
517
530
542
533
513
571
573
559
609
557
621
567
505
596
529
531
548
576
618
549
575
511
475
527
561
549
678
552
540
640
495
505
611
533
607
528
574
532
508
571
530
508
562
539
538
615
533
533
511
562
533
550
462
611
609
494
545
532
532
583
629
544
605
570
546
564
517
580
503
523
557
547
534
550
520
536
556
542
607
517
578
558
567
526
497
600
595
598
537
618
648
535
537
599
575
517
544
506
518
519
589
590
524
526
511
533
536
552
594
557
564
573
591
584
514
505
588
574
589
522
602
543
502
523
476
537
654
516
517
536
544
576
502
630
493
532
491
524
541
562
515
530
559
630
541
547
572
578
540
550
559
524
549
494
591
586
512
514
553
594
571
581
508
501
555
495
524
576
552
585
526
580
608
575
574
609
620
544
555
547
537
676
607
544
549
548
522
591
594
543
535
602
570
531
600
585
660
546
505
527
521
673
469
558
571
572
611
535
529
554
638
504
601
676
552
483
577
537
523
626
583
590
575
556
639
476
505
532
587
496
512
494
617
567
587
585
540
554
493
542
578
474
555
553
495
554
625
657
544
573
546
530
549
562
616
598
498
628
618
649
551
530
574
561
592
491
543
623
535
602
506
523
605
553
530
529
612
569
580
529
497
514
585
524
527
537
543
515
467
695
568
550
547
509
513
540
567
616
651
566
545
588
652
560
581
701
566
548
566
622
508
547
523
502
631
528
514
540
505
603
529
525
479
538
551
528
521
590
496
563
522
529
534
571
561
560
561
551
530
467
524
532
521
591
553
545
504
583
540
543
588
535
643
543
567
581
522
552
501
615
546
525
562
558
633
568
494
532
511
498
527
535
549
571
489
565
600
586
555
536
597
564
600
614
575
517
559
605
630
668
629
626
546
512
629
551
529
626
612
556
510
491
547
603
603
557
608
591
524
505
528
532
551
529
527
595
552
537
562
587
588
480
489
615
540
577
544
516
560
541
534
587
558
537
528
524
533
549
565
590
554
514
633
570
510
541
542
599
542
645
548
544
527
513
556
582
551
543
589
560
515
478
544
592
535
544
564
492
516
540
574
574
535
592
512
649
627
558
545
548
560
520
597
542
522
577
550
560
517
541
574
508
557
552
679
516
490
551
533
484
529
537
562
592
531
515
595
527
537
508
549
499
577
537
558
603
519
596
563
575
572
523
522
502
513
493
545
516
545
532
540
570
610
669
612
620
652
597
629
543
526
545
511
586
499
565
584
584
551
568
495
534
532
588
489
584
608
564
553
597
558
559
560
676
712
538
625
562
565
629
543
533
575
587
555
743
560
554
560
545
533
577
529
520
563
542
576
561
596
546
597
507
549
532
552
550
617
534
652
519
565
619
589
525
599
524
560
561
649
515
586
573
549
553
525
542
555
540
523
544
577
519
587
562
526
535
582
542
560
552
545
542
505
521
593
536
567
569
528
551
654
603
577
589
574
630
600
566
572
571
543
571
517
536
534
524
519
559
577
580
599
600
560
559
605
617
655
536
596
532
544
513
566
594
689
569
639
591
539
502
597
612
589
539
492
524
494
542
553
544
558
568
545
615
536
498
693
507
575
568
528
585
494
598
536
580
563
574
586
631
512
575
535
571
522
553
542
568
538
541
538
607
557
615
559
536
619
647
571
548
509
588
578
542
524
560
608
628
548
619
600
549
571
521
578
532
571
532
563
519
538
516
546
547
554
534
512
533
546
585
465
501
514
573
559
561
629
511
554
646
563
571
595
638
574
540
542
617
546
535
523
521
491
547
478
525
502
520
580
595
550
505
620
535
476
632
556
553
594
551
596
655
540
519
537
544
550
568
587
550
565
582
573
611
547
569
569
563
521
556
583
618
504
516
577
564
483
604
480
560
494
504
565
619
599
614
613
502
583
566
545
531
578
588
600
573
534
537
538
605
505
516
556
620
510
509
543
575
563
503
530
591
530
583
620
514
535
650
547
605
574
625
505
529
554
562
564
577
543
557
563
568
627
543
630
530
509
565
589
532
507
524
528
562
533
543
615
627
532
613
543
509
568
559
542
605
541
497
519
549
644
596
557
543
529
555
607
583
638
599
568
583
559
597
496
500
556
527
537
610
535
557
568
568
630
488
566
552
556
565
565
498
569
535
569
536
544
555
607
496
594
537
524
559
606
607
557
521
541
572
545
515
577
581
594
556
624
543
575
516
549
570
550
549
575
581
551
622
547
580
497
518
535
586
559
558
539
526
606
580
653
533
518
524
528
519
537
532
515
547
518
587
534
514
579
583
573
490
510
565
587
549
556
564
513
549
553
623
556
560
536
547
578
578
627
619
671
616
544
521
569
607
552
585
519
579
544
556
564
536
532
582
525
580
639
567
504
555
584
522
618
502
573
571
598
563
549
599
677
579
543
557
538
540
571
515
631
590
519
547
525
591
514
532
563
546
684
544
536
535
626
508
540
526
691
564
595
577
542
591
558
551
585
590
596
546
610
601
502
576
574
553
522
581
597
531
601
566
534
583
560
558
580
494
575
564
607
578
559
639
447
618
507
549
492
620
535
565
556
600
527
507
547
492
492
519
511
573
486
592
546
514
578
535
553
569
590
522
553
566
563
566
545
555
539
527
586
583
534
557
630
482
492
615
523
548
568
575
587
525
571
537
696
533
528
480
611
544
584
591
513
494
567
556
569
559
551
543
608
615
527
527
507
546
547
558
576
603
582
539
531
503
586
521
513
559
522
579
607
627
601
544
556
537
559
627
549
465
577
544
636
528
547
677
559
581
562
558
628
528
592
485
537
559
475
613
565
543
545
546
525
582
565
594
614
509
570
575
543
511
502
541
543
558
476
559
585
547
506
585
511
513
576
535
595
572
595
558
563
580
534
581
520
515
563
552
610
531
614
535
556
496
588
524
520
590
507
567
510
544
504
556
559
594
528
492
628
509
576
612
564
635
538
544
572
562
528
535
725
524
518
499
549
600
498
577
563
618
527
502
552
510
539
518
527
754
507
508
543
622
738
573
549
511
557
608
545
550
579
586
600
518
526
650
590
568
716
498
549
565
559
644
568
542
499
562
537
562
573
517
604
531
576
585
581
612
548
506
555
605
528
576
589
527
577
514
463
520
569
523
620
471
549
607
608
547
522
492
603
490
627
562
500
516
545
567
604
546
624
593
537
557
604
536
529
527
692
511
572
546
542
550
506
585
582
627
591
520
562
530
532
567
560
515
538
558
536
505
635
544
521
507
502
633
528
514
526
529
577
512
544
615
594
581
609
611
565
594
577
607
531
564
539
547
527
522
529
734
525
508
497
583
540
558
577
512
576
590
539
611
514
513
565
555
506
638
571
543
574
564
572
588
592
561
527
491
557
575
551
538
519
506
540
598
538
520
548
568
586
523
528
553
540
606
533
601
506
543
557
533
546
495
571
582
510
588
523
496
526
558
615
543
563
518
585
511
591
532
498
536
520
501
528
580
529
656
572
536
568
548
600
534
534
559
594
530
540
578
679
612
506
582
577
539
530
565
591
689
551
535
531
636
558
553
514
535
610
545
503
578
530
561
498
643
595
548
626
624
615
530
595
544
604
508
521
627
569
532
548
585
529
602
541
504
538
485
548
530
559
492
616
628
534
505
550
547
563
597
584
554
500
564
516
489
586
563
586
597
522
562
527
511
546
539
620
567
520
536
615
599
522
559
526
533
551
584
529
560
560
510
601
613
603
607
537
562
582
581
604
677
524
579
555
559
617
546
603
523
534
601
556
622
557
699
578
612
519
610
590
640
525
611
598
525
532
580
505
614
520
551
536
486
523
498
559
539
547
553
545
576
518
588
518
559
568
507
523
522
540
531
546
617
533
679
528
520
595
528
541
542
524
519
517
567
611
520
528
546
489
564
500
572
673
593
525
570
548
536
548
618
572
577
669
552
607
523
605
557
548
516
608
579
531
535
538
601
483
590
554
530
494
520
579
611
587
551
620
544
520
510
576
516
646
502
515
598
566
546
602
523
513
553
598
571
590
502
543
540
598
625
510
620
559
558
560
487
525
587
538
524
504
576
567
541
584
531
545
613
566
520
526
530
567
529
609
580
559
615
655
557
601
532
535
495
549
512
628
546
590
590
509
521
654
507
505
540
574
490
521
613
599
558
523
496
562
585
641
562
513
505
512
608
560
559
535
559
530
555
559
528
521
543
563
524
560
520
547
598
572
544
536
521
535
517
576
627
519
552
557
506
587
585
512
591
574
664
548
578
527
544
573
582
513
553
551
649
577
563
538
550
568
585
513
643
558
603
565
587
575
622
504
519
545
537
574
590
518
536
569
511
542
541
519
543
528
567
547
585
577
565
566
609
602
578
537
529
556
519
531
536
561
538
580
569
550
519
509
517
524
557
559
539
510
483
604
581
576
512
533
563
520
558
566
614
663
549
676
575
572
566
546
595
542
587
544
590
542
536
621
553
513
594
575
551
564
612
524
546
543
505
577
599
527
527
561
544
656
524
571
563
577
521
490
577
516
543
585
523
526
516
642
573
488
562
567
616
593
587
551
578
560
546
567
520
567
518
504
579
617
576
581
525
521
574
549
544
618
513
642
596
584
502
521
492
555
600
503
526
572
509
522
608
618
563
554
566
521
514
668
581
524
574
581
630
567
548
590
547
522
534
576
593
509
581
509
606
555
488
517
635
636
594
545
624
655
619
511
559
493
557
502
508
525
596
562
557
570
566
522
535
608
545
535
586
501
539
580
528
505
556
567
589
505
576
560
537
512
494
572
608
541
496
503
548
580
534
579
546
542
544
595
514
584
562
569
571
591
527
514
597
543
534
567
583
532
501
589
617
579
590
561
592
556
611
526
698
523
511
517
536
542
493
573
574
545
540
658
615
577
585
617
512
529
593
490
573
547
576
698
535
594
568
591
514
578
569
495
596
502
564
591
539
518
485
519
564
586
542
518
513
529
519
531
613
569
553
599
561
538
520
603
558
510
591
515
578
572
488
566
505
577
528
581
569
528
572
533
512
529
562
539
517
519
557
552
543
612
625
580
492
603
716
520
533
483
537
624
535
518
574
580
510
534
536
561
605
549
488
522
617
563
532
627
557
599
634
575
559
496
513
601
536
696
515
590
569
514
655
505
634
642
574
633
547
574
495
559
595
523
546
624
571
561
481
506
554
620
494
532
545
585
524
517
569
589
499
565
527
576
524
539
540
504
525
643
587
532
520
527
541
614
500
460
553
643
606
546
482
532
613
551
576
559
593
557
517
595
615
513
541
512
520
541
551
584
512
536
566
534
621
706
513
483
605
545
571
568
579
501
512
539
570
500
609
535
580
528
584
535
568
631
483
628
570
564
519
540
540
592
471
531
560
584
549
555
597
611
519
661
548
585
581
559
528
542
561
532
544
597
605
554
649
594
535
572
476
636
629
519
534
532
543
536
600
557
582
508
579
562
621
589
523
542
628
539
587
513
556
656
512
609
512
588
489
545
520
550
611
647
532
565
557
542
619
537
562
519
526
609
539
602
529
636
513
544
568
580
514
561
538
496
567
578
595
549
591
498
560
591
521
526
580
542
527
550
560
609
520
560
523
470
553
580
545
538
553
553
487
535
527
529
571
544
583
596
529
604
611
533
645
603
552
565
572
580
582
585
555
545
517
508
521
575
577
541
557
539
494
528
589
570
573
500
566
516
526
586
607
499
620
589
575
547
533
546
532
595
570
650
584
555
516
548
565
624
565
559
513
569
555
521
594
621
532
564
570
575
520
514
604
601
492
533
552
537
559
604
616
529
667
524
506
546
622
544
538
507
551
622
536
551
576
565
510
640
559
472
536
572
503
546
531
634
566
598
541
618
538
574
555
568
626
533
619
573
526
601
562
580
523
580
580
564
507
521
509
574
524
575
615
574
532
539
526
496
538
575
521
519
525
571
531
611
500
523
509
504
646
593
531
533
507
595
650
581
637
555
541
527
548
567
584
548
619
573
544
587
542
514
551
560
555
518
567
535
590
557
513
550
549
501
592
591
535
537
540
584
583
527
571
577
553
613
553
563
529
563
484
554
615
513
528
555
506
565
605
567
529
524
584
583
605
586
582
622
522
548
507
634
563
547
509
529
606
550
500
613
496
596
510
599
573
561
549
556
527
689
548
569
524
574
538
528
535
550
484
512
738
530
612
551
580
556
497
636
533
497
681
550
542
587
597
574
539
547
587
612
706
572
572
580
552
495
517
559
502
582
529
531
514
552
615
527
516
536
591
550
519
615
525
638
572
605
540
527
537
491
516
515
506
573
699
638
653
597
525
526
564
551
581
495
564
569
550
506
602
624
586
518
571
587
535
523
614
533
493
529
590
529
520
602
668
544
569
571
569
581
574
535
521
599
531
558
592
496
571
538
568
565
554
721
559
562
540
554
542
489
583
558
503
648
616
584
517
571
543
514
555
617
568
487
631
579
595
574
527
560
527
510
513
690
534
537
563
564
581
495
531
526
568
518
538
567
531
552
564
528
563
490
555
574
534
601
591
642
590
634
635
569
580
549
614
642
527
552
568
527
563
534
581
513
588
568
570
560
584
606
591
632
591
560
559
647
568
584
531
538
561
499
605
584
580
539
585
565
558
541
586
512
523
587
536
518
579
565
543
578
549
505
525
594
527
509
552
594
544
483
563
585
517
536
542
530
559
566
543
621
571
504
495
610
553
552
572
480
631
525
503
622
586
517
528
642
545
595
592
541
524
611
520
560
535
529
565
588
545
601
528
566
534
582
581
607
535
536
513
544
541
528
586
576
578
662
542
490
574
555
588
524
527
538
550
643
591
550
528
555
547
576
538
554
560
584
497
588
493
522
568
544
581
593
576
556
638
574
598
671
606
645
552
537
529
505
547
581
615
569
555
513
568
552
597
618
516
565
481
578
500
509
516
607
513
551
571
511
552
546
594
484
591
570
584
637
635
511
506
660
561
501
559
630
626
628
575
589
501
588
585
507
594
568
534
726
576
523
524
571
599
571
574
567
599
567
521
548
733
564
529
545
505
573
546
555
546
643
593
549
510
514
532
536
533
550
560
509
523
570
526
649
548
585
529
513
547
609
586
544
502
553
565
634
619
594
509
589
657
603
555
569
549
524
536
607
529
564
492
607
633
605
539
513
535
637
546
467
516
635
542
587
526
550
557
616
530
549
604
547
527
561
521
550
554
567
548
565
552
613
557
504
564
561
524
583
585
536
531
563
560
514
632
591
512
563
494
565
555
552
556
616
543
532
489
515
547
561
606
530
500
595
588
527
527
554
557
537
524
559
502
562
668
530
564
568
505
554
583
590
549
618
582
517
520
570
529
536
504
654
546
548
535
637
533
512
576
581
621
537
551
545
514
541
554
549
534
585
524
636
529
515
635
579
648
636
603
552
561
581
540
533
691
579
503
615
582
709
631
539
554
541
559
549
622
582
579
516
578
575
540
534
573
508
563
630
575
520
587
569
549
566
591
607
566
598
596
539
510
518
543
547
574
573
510
557
557
604
572
535
487
571
531
605
528
531
508
542
568
525
518
545
536
523
631
539
574
530
507
570
555
579
567
602
517
545
499
513
572
518
550
592
543
603
549
612
538
559
551
570
545
594
577
518
530
585
624
559
526
582
649
553
571
579
552
569
610
563
607
589
607
536
579
515
521
616
553
548
528
582
522
563
571
575
586
564
506
573
513
528
569
588
517
599
533
530
587
526
503
508
646
515
562
566
654
576
562
543
533
539
556
554
534
614
535
528
564
589
565
572
528
481
608
579
551
539
573
558
572
550
547
587
544
616
563
576
546
558
554
523
508
564
574
486
573
510
554
558
530
534
598
533
573
559
642
625
608
593
642
588
515
537
640
480
584
674
639
615
653
633
575
563
563
567
574
521
524
584
555
610
515
594
558
573
516
610
559
593
569
619
535
692
540
558
582
623
492
571
602
613
564
518
561
644
532
598
538
511
549
536
531
555
602
559
606
595
517
603
505
560
609
585
553
542
534
569
550
553
557
548
534
523
475
567
606
612
555
525
495
542
532
595
675
546
527
550
536
565
534
574
558
608
535
537
518
563
577
537
568
523
529
604
544
551
584
514
605
559
529
538
551
520
530
521
568
513
587
522
495
548
521
527
584
652
519
634
530
656
561
571
505
499
563
589
537
583
511
607
580
549
544
609
530
603
527
521
618
530
518
590
547
609
566
591
563
574
569
580
530
525
515
541
567
525
557
565
551
578
580
600
587
514
558
528
538
533
535
574
584
523
646
508
553
561
582
582
607
519
541
609
554
554
588
587
534
559
574
516
556
557
564
531
668
569
566
537
522
541
494
518
501
596
502
503
576
651
586
517
542
510
536
613
557
592
564
538
528
539
599
518
525
615
561
539
549
576
538
569
622
549
649
506
542
501
579
572
595
596
539
543
596
604
622
523
541
534
518
633
586
576
655
553
577
525
620
580
551
535
541
621
605
558
559
552
519
563
487
542
558
640
584
508
610
530
611
584
548
483
491
554
550
610
473
574
551
619
504
522
636
545
570
547
496
603
623
530
563
582
566
573
504
514
541
497
619
536
509
523
543
599
549
557
567
561
553
502
553
561
526
665
626
639
575
541
517
535
501
497
563
598
566
573
632
574
561
513
540
596
548
544
565
530
504
503
539
639
690
523
568
504
626
571
587
492
602
563
542
562
532
504
521
576
517
526
542
609
514
547
511
539
515
542
683
517
575
531
636
552
558
518
567
542
552
505
574
512
555
508
585
495
650
572
536
546
526
570
520
522
510
490
573
628
507
506
513
590
551
525
588
526
554
528
512
517
600
500
569
632
549
548
584
576
496
587
563
588
490
509
552
538
590
541
495
580
546
491
642
533
572
519
564
472
570
564
544
528
509
609
504
584
515
552
525
538
567
508
608
572
575
544
548
546
601
554
602
551
514
536
478
540
791
615
567
629
595
517
504
600
524
550
501
524
496
535
563
549
543
611
610
559
541
571
524
582
519
525
512
569
671
535
564
490
584
537
528
568
669
501
512
562
549
626
555
598
626
554
524
575
553
555
520
542
539
560
519
518
549
529
591
576
555
578
514
554
527
554
530
541
608
518
498
570
606
577
587
600
501
547
564
549
522
587
536
582
510
562
490
582
581
524
566
554
600
580
630
561
533
540
582
573
488
547
570
523
611
539
522
499
604
616
533
552
572
502
554
513
579
560
543
494
507
545
547
521
617
520
592
506
592
595
611
520
535
599
582
528
528
510
519
538
643
526
506
543
501
607
592
580
556
597
483
544
615
538
532
540
503
475
554
564
534
508
541
521
534
503
560
569
539
527
514
664
522
592
554
532
551
520
557
469
578
587
554
540
607
577
544
654
553
510
573
610
516
500
607
550
564
594
530
557
547
457
534
529
528
557
590
503
605
606
552
519
525
631
498
548
566
568
566
582
526
597
559
567
604
512
585
572
563
638
614
562
502
718
559
466
614
605
524
564
520
626
622
557
595
544
586
538
546
528
601
486
496
564
679
558
544
574
557
547
555
582
585
540
523
614
569
575
501
517
602
541
598
548
533
635
579
583
605
544
527
527
586
554
539
545
561
510
569
560
521
548
613
516
546
591
533
650
562
620
468
524
531
539
556
523
558
589
574
671
530
529
507
643
598
615
523
635
613
522
613
621
551
599
595
630
561
567
576
582
484
542
551
554
510
498
569
529
515
546
560
556
635
574
543
564
542
638
583
523
627
554
538
510
510
571
585
610
533
545
578
543
571
560
542
629
680
589
530
516
527
559
613
548
561
529
528
644
575
573
548
531
519
527
491
532
503
575
578
568
548
571
539
504
524
579
526
577
531
538
652
559
527
567
585
556
514
516
579
635
554
509
521
572
543
541
541
659
626
524
586
534
540
525
603
536
647
663
534
509
551
493
495
545
512
545
559
523
531
498
505
522
515
582
519
532
542
554
583
529
540
438
555
537
563
552
571
488
486
573
502
567
548
503
569
617
605
557
494
606
592
540
636
493
562
560
567
539
573
629
565
534
524
496
561
521
661
556
547
550
559
546
591
603
621
525
520
524
539
556
518
525
521
536
489
541
511
562
518
503
532
558
565
553
600
535
583
525
622
536
601
519
524
550
477
575
632
511
541
572
582
583
541
568
642
519
575
523
549
523
576
511
522
519
551
546
684
607
631
548
590
568
611
645
531
547
564
534
557
541
571
531
542
583
522
567
536
580
586
492
528
709
607
516
494
534
597
625
531
642
480
655
556
513
543
514
559
639
488
572
533
544
499
501
574
561
555
475
541
603
531
559
580
537
574
533
582
522
584
553
656
535
516
584
539
612
459
623
616
560
569
542
571
537
555
515
529
532
547
568
642
548
610
539
560
615
607
596
609
572
501
580
515
489
564
536
534
624
519
511
618
532
533
498
489
590
550
499
544
518
551
587
565
597
584
521
527
611
563
571
529
514
559
550
508
551
536
584
635
519
588
606
609
648
561
598
621
573
616
550
664
576
517
567
539
603
608
492
547
545
547
546
522
596
560
554
532
625
532
571
496
523
621
545
519
646
524
563
550
595
528
534
580
526
553
598
603
473
535
624
559
516
596
536
539
542
566
507
698
583
538
530
653
588
579
552
519
467
522
537
566
579
549
547
574
569
588
555
539
509
581
558
514
564
526
639
494
620
532
515
522
594
610
595
551
503
604
529
516
520
508
529
541
560
511
673
594
505
541
584
606
560
535
596
561
492
555
585
564
550
502
477
594
547
523
538
616
567
557
555
540
571
560
508
543
523
643
549
502
617
525
612
540
619
574
551
604
615
589
488
529
579
565
626
574
531
608
616
597
513
567
494
564
666
551
538
557
615
541
550
512
584
549
547
548
514
533
549
562
574
565
549
632
610
522
501
541
599
655
608
529
513
677
511
631
533
501
583
556
541
498
543
568
499
499
541
534
520
526
535
480
553
554
648
528
570
594
560
530
526
535
588
558
548
569
592
573
646
546
518
627
664
511
535
561
589
549
533
615
542
584
526
585
531
491
553
574
565
527
530
602
515
565
523
605
523
585
581
533
587
561
534
477
561
565
577
547
516
565
499
557
505
627
647
548
598
501
651
583
569
527
493
530
544
511
566
499
577
557
584
644
508
573
507
558
684
523
532
506
512
546
570
596
504
634
690
549
593
498
605
521
538
524
601
687
522
543
532
605
526
678
554
532
505
598
510
504
635
588
583
529
508
539
528
502
588
568
571
516
614
506
540
554
559
536
544
548
595
533
567
526
557
507
533
669
568
545
530
503
590
571
558
648
518
633
557
533
560
606
495
544
625
530
594
556
493
594
533
546
547
604
597
550
552
545
751
539
554
608
628
523
670
578
519
601
494
539
545
574
578
573
557
601
586
537
599
561
580
549
549
512
544
501
621
508
598
596
572
608
539
611
614
679
553
561
559
602
576
567
552
621
623
577
480
564
565
577
512
674
590
576
526
580
549
539
529
583
525
544
582
546
558
582
524
572
553
558
528
531
513
578
575
540
559
632
593
554
508
510
525
576
620
619
535
516
587
542
610
526
524
539
548
512
627
518
544
547
599
528
513
550
568
567
504
595
605
595
533
590
576
686
496
540
504
513
650
549
482
624
574
522
647
640
517
514
528
615
524
565
589
489
567
575
520
610
526
625
559
526
575
580
549
552
631
591
499
576
562
572
493
588
597
567
682
694
615
552
590
587
557
553
535
493
616
534
594
562
508
564
516
598
544
567
501
486
522
505
587
551
554
505
533
466
601
548
675
560
552
612
604
533
602
557
585
490
594
544
523
551
505
576
544
606
615
545
627
610
582
542
734
522
534
571
533
496
551
592
520
529
547
543
578
611
560
565
592
637
595
522
700
548
496
595
558
526
572
649
576
515
538
582
522
523
506
531
534
554
576
535
522
591
566
592
651
538
521
534
539
575
513
545
585
488
626
565
541
523
563
589
593
625
621
503
586
594
502
518
564
625
511
572
579
590
530
563
509
606
597
629
541
646
511
581
562
540
521
554
541
591
605
511
543
516
528
541
540
563
619
577
588
559
633
552
539
521
567
579
572
581
540
564
538
542
522
511
543
510
568
540
606
580
572
613
628
532
542
580
520
593
569
638
520
547
512
549
501
590
568
561
545
562
506
624
545
504
503
532
572
595
487
506
533
515
577
508
524
538
649
475
501
516
604
525
568
586
538
579
503
559
618
580
589
568
567
531
541
550
602
529
526
530
550
664
674
502
515
555
553
559
533
605
527
611
600
560
530
567
596
533
604
570
582
600
522
526
498
624
537
534
614
570
566
569
606
567
575
556
561
567
571
544
547
506
543
540
523
511
551
598
571
535
608
553
525
533
540
623
538
566
710
594
537
530
569
559
605
548
572
571
494
551
565
601
495
655
531
614
494
549
566
532
586
528
556
568
553
523
592
545
555
516
513
555
516
536
624
530
572
510
572
511
549
614
660
583
555
613
594
565
563
570
566
607
538
543
555
514
532
599
521
534
531
538
518
550
547
513
499
506
574
516
509
562
530
516
506
545
556
527
517
620
532
519
564
558
648
574
593
557
636
620
555
577
627
524
575
529
526
540
584
604
542
565
570
512
527
562
556
522
534
552
494
580
571
545
551
530
588
595
517
483
574
582
470
545
536
567
551
564
544
582
543
572
543
599
520
656
512
528
521
567
533
527
509
522
602
507
557
594
584
659
549
567
595
565
552
578
547
502
660
598
556
550
493
573
609
479
537
578
527
513
511
559
565
511
537
507
612
595
550
524
513
517
523
492
598
560
570
567
570
587
557
549
588
515
551
572
504
523
551
507
513
667
522
551
522
618
541
501
532
516
539
618
549
501
572
654
513
604
501
541
503
564
609
591
550
563
511
547
568
609
498
502
577
570
555
572
507
517
578
601
599
538
617
527
625
563
493
548
689
591
533
533
529
498
524
586
500
527
604
533
518
649
524
593
627
560
571
544
582
597
524
623
580
538
535
562
509
558
561
609
573
629
586
478
557
582
541
542
532
589
519
600
517
594
545
692
540
520
651
642
650
508
572
590
569
557
507
633
615
503
552
574
543
648
547
569
582
547
527
585
600
626
547
512
634
600
561
617
624
590
604
609
569
585
491
563
554
611
563
613
533
540
532
519
556
549
583
573
543
564
570
572
561
572
565
621
588
493
558
648
541
527
522
546
527
588
500
530
496
483
631
595
550
534
538
553
512
536
658
526
499
552
651
582
572
538
525
523
589
521
473
596
529
512
529
554
545
508
567
501
607
637
572
574
587
587
572
548
564
614
563
501
648
541
526
524
518
555
482
592
614
527
585
541
568
544
567
669
628
559
542
585
550
527
576
538
593
517
556
635
647
701
617
555
551
575
678
521
569
662
555
550
483
610
595
522
520
572
582
570
597
492
497
635
494
628
530
658
508
606
586
607
627
536
580
519
523
567
550
682
540
573
494
660
560
500
516
600
597
700
622
562
581
621
624
532
505
515
540
506
524
572
538
549
525
524
623
565
558
642
596
582
496
548
523
571
581
582
543
608
639
536
530
517
531
544
576
659
515
522
558
496
539
517
529
680
565
551
516
574
601
572
525
587
531
512
501
533
518
581
542
553
571
527
541
506
505
606
594
526
547
517
575
491
560
543
571
582
555
504
562
525
500
542
639
581
565
512
592
529
609
563
602
552
506
627
605
609
644
539
526
566
535
500
587
541
545
597
534
566
530
586
547
529
568
484
456
504
558
583
538
507
547
560
532
566
622
612
627
476
524
543
579
595
525
534
485
516
588
524
620
525
564
602
544
518
509
507
539
539
569
571
619
477
460
510
576
509
555
592
491
548
549
557
555
537
599
533
616
482
563
578
597
540
520
553
638
571
523
590
473
561
552
546
601
487
527
553
550
519
563
529
595
508
538
602
629
572
560
672
566
545
518
581
661
507
487
506
530
504
582
505
553
551
548
580
539
671
537
553
512
566
548
602
522
509
559
565
585
568
592
533
578
513
598
487
598
584
498
557
499
520
618
587
603
531
557
526
534
607
496
529
495
563
511
526
544
586
479
613
513
609
597
579
591
555
558
549
545
606
560
535
580
530
597
606
615
530
520
572
613
628
592
635
585
575
621
550
565
571
528
589
629
513
537
636
568
550
496
621
505
631
550
560
586
576
577
606
559
516
538
567
559
580
631
607
591
528
591
586
541
620
556
528
587
622
530
503
563
535
573
561
566
612
625
583
556
536
523
529
467
562
602
560
526
686
559
586
635
548
541
489
565
573
565
535
653
573
567
632
597
559
515
536
476
545
524
591
641
516
525
532
532
615
578
565
577
532
559
650
543
584
638
570
562
487
501
518
524
603
570
599
612
580
592
598
514
606
559
533
515
500
618
664
481
522
573
507
524
500
531
546
537
499
574
536
527
523
629
572
559
529
576
581
562
524
552
578
552
607
535
546
579
516
553
526
575
558
610
543
535
535
660
565
539
575
586
671
572
582
521
521
523
630
510
589
544
519
553
588
603
587
547
496
548
536
516
548
622
539
555
541
549
495
558
589
603
521
586
546
594
631
610
687
531
561
532
576
530
533
579
601
586
599
581
617
539
584
553
563
600
527
554
535
542
590
541
505
551
553
571
541
531
552
556
506
554
585
488
574
601
597
524
655
555
533
566
496
601
514
616
516
526
583
565
566
581
548
611
555
534
618
494
572
526
567
544
577
657
510
619
598
627
590
519
628
530
520
555
534
628
574
577
512
560
552
542
579
558
507
632
521
584
586
530
525
491
507
520
780
527
611
554
513
602
518
508
604
570
584
552
565
549
616
636
533
531
576
558
539
699
543
570
549
567
533
582
545
593
552
684
569
572
564
564
632
572
553
609
524
540
598
490
567
569
627
533
532
552
557
531
500
604
555
478
538
547
541
585
703
541
523
537
538
567
576
641
565
577
567
571
605
508
530
521
575
595
609
646
570
707
507
564
554
575
542
559
577
506
610
555
661
666
543
597
489
516
600
543
489
525
601
586
522
586
569
561
546
592
522
520
547
563
582
492
593
543
586
542
641
528
570
620
568
615
543
502
550
554
643
532
643
606
522
582
524
576
558
572
532
514
577
617
514
571
693
617
535
556
629
532
600
623
594
621
555
541
592
514
567
518
619
628
534
566
642
521
555
478
540
558
578
551
537
543
544
549
520
544
525
611
530
615
563
664
614
550
565
573
560
618
598
567
475
546
667
543
493
608
518
539
594
585
524
516
532
560
488
586
585
505
558
554
572
503
561
572
558
617
559
499
599
496
520
627
524
617
669
521
569
511
557
573
641
524
618
565
526
636
554
577
561
602
540
577
502
585
550
564
571
584
493
543
518
529
547
507
664
568
540
587
553
586
516
625
542
535
539
541
588
567
572
686
523
581
544
719
498
606
570
541
509
517
533
501
514
544
582
476
611
603
677
508
531
603
536
567
548
598
597
508
604
542
543
527
614
553
504
525
573
544
642
534
567
488
548
536
632
522
584
616
553
575
554
573
568
601
641
556
556
543
501
572
527
637
498
537
549
561
541
530
515
548
535
583
546
597
508
501
595
537
548
581
529
510
594
534
554
524
532
482
518
558
656
523
526
538
570
566
522
581
666
517
605
562
559
576
572
606
689
632
529
578
569
503
598
566
607
579
492
543
580
658
551
526
584
583
530
525
589
582
593
625
529
514
563
510
555
544
531
542
607
624
545
518
556
560
568
593
520
483
565
570
555
624
584
577
587
615
540
507
584
555
519
547
522
536
542
508
595
582
567
550
565
490
594
616
572
532
541
531
591
582
507
565
645
563
528
528
585
649
578
568
563
505
531
548
484
569
609
555
626
491
665
567
580
539
585
548
596
533
593
596
541
515
540
545
543
565
591
511
513
530
520
544
533
515
547
585
583
563
555
518
535
606
529
672
514
510
506
539
557
511
568
606
629
521
600
506
527
566
610
542
572
485
576
563
509
562
584
559
503
524
575
548
592
510
529
523
607
601
573
574
582
539
559
486
594
653
500
542
545
633
588
573
549
532
710
546
630
535
513
664
581
556
623
506
546
560
569
572
572
669
591
532
571
664
537
681
545
575
545
597
513
613
555
610
469
635
605
638
551
558
552
554
517
568
477
533
521
550
594
538
579
506
602
527
525
565
499
574
577
524
534
660
509
527
624
513
585
577
589
569
546
588
550
629
651
528
555
556
568
576
572
559
606
586
526
538
518
599
534
499
575
547
634
551
657
613
596
567
544
583
673
591
589
551
569
516
574
504
587
678
614
629
566
616
562
538
519
564
592
569
554
546
551
530
526
505
644
493
589
590
550
583
499
530
549
573
522
520
630
625
517
622
505
521
501
587
600
573
567
550
542
525
582
530
543
571
508
603
587
539
530
663
563
509
583
646
519
497
518
572
531
524
528
568
573
680
555
538
560
629
581
487
580
577
542
520
526
587
548
531
638
518
588
528
571
478
468
573
547
570
539
546
500
577
541
524
614
574
583
603
526
579
734
601
560
569
593
525
515
518
552
586
514
584
557
550
540
581
530
535
606
519
595
480
562
587
544
526
523
541
493
563
495
581
515
624
566
580
522
618
598
509
540
527
553
624
534
546
551
595
533
558
574
568
551
603
598
703
643
511
528
517
575
547
587
499
568
576
596
458
569
577
535
615
583
509
548
585
555
638
577
583
472
506
519
616
555
578
581
569
564
557
517
526
517
707
592
531
557
570
517
560
634
515
545
577
542
537
510
568
633
624
623
551
563
506
594
569
609
564
524
525
544
490
498
658
509
495
515
582
616
504
553
545
530
503
511
534
566
515
584
561
535
552
557
629
612
562
579
509
505
555
559
555
583
586
602
598
550
532
526
515
552
588
472
532
585
605
544
519
542
549
539
598
553
613
543
570
570
548
622
550
557
564
582
509
549
539
640
554
522
586
547
501
546
529
525
514
569
666
532
624
604
547
523
537
617
532
498
575
602
625
516
550
512
582
561
571
494
587
543
510
575
517
535
509
531
601
591
571
504
573
550
613
575
495
667
504
628
611
564
524
560
490
522
548
589
535
509
578
549
651
505
535
515
575
586
507
570
574
646
503
584
538
519
545
534
515
541
515
551
604
609
516
634
629
598
574
544
639
517
540
582
529
538
574
526
541
562
547
514
514
567
579
613
562
528
534
522
618
566
542
513
552
713
560
686
531
518
522
582
499
516
634
570
558
492
555
586
555
576
613
557
561
634
629
609
488
507
486
524
524
681
516
602
571
608
507
575
632
510
523
499
575
620
575
531
520
618
555
519
528
516
527
537
510
537
549
568
535
582
511
556
548
551
595
603
594
611
497
542
563
505
514
529
529
601
608
537
585
506
503
550
570
569
605
591
607
620
490
541
518
588
587
523
515
536
600
604
562
521
541
566
602
558
525
556
512
556
609
650
515
533
609
596
568
540
563
520
524
526
537
548
572
514
598
549
532
544
577
562
621
490
487
575
629
566
584
573
555
564
536
576
482
573
530
574
559
551
572
519
540
498
550
557
507
580
515
513
614
517
522
657
552
493
544
525
531
532
537
516
572
522
556
525
584
568
550
555
523
593
470
594
565
536
550
557
590
506
533
519
599
563
565
524
578
575
550
494
636
558
492
558
546
595
586
552
593
578
533
557
528
539
491
617
507
581
550
530
526
572
491
585
547
620
489
499
520
603
568
521
548
548
617
642
509
501
680
516
506
579
536
517
564
502
636
538
492
566
530
537
537
582
500
586
498
517
520
589
566
500
574
506
601
558
496
548
531
629
546
506
566
519
520
529
599
477
504
616
528
546
623
631
513
542
603
556
566
608
584
534
603
496
514
556
545
539
535
631
538
528
495
715
548
509
616
527
556
564
502
541
542
509
573
580
534
521
576
519
556
555
564
582
520
489
560
595
686
567
542
591
510
541
666
541
585
642
665
563
606
571
632
588
509
618
515
577
529
583
605
534
548
620
555
564
543
594
593
609
545
527
557
624
544
505
547
525
514
592
523
606
554
548
566
581
551
572
532
573
554
497
571
526
524
519
490
494
621
544
579
548
540
564
516
555
536
613
591
549
516
546
579
615
587
496
558
505
625
514
532
510
552
555
599
538
566
477
558
476
486
540
486
543
581
571
571
630
540
550
608
590
642
567
636
557
529
534
539
537
538
507
501
583
551
601
618
558
504
551
480
555
515
526
609
631
557
620
547
506
547
498
710
584
579
528
531
557
555
498
566
589
513
594
516
552
548
564
544
559
559
579
542
519
544
519
531
500
541
565
545
604
524
504
534
533
559
509
548
525
575
505
587
591
575
547
596
616
531
541
558
585
533
578
496
565
560
510
527
524
570
548
585
602
521
646
522
604
572
568
597
554
618
586
501
593
518
556
542
588
636
520
544
596
530
570
519
602
559
555
519
572
567
572
522
527
534
598
546
549
558
576
542
587
590
571
503
559
556
570
526
558
524
550
600
589
477
584
496
611
582
494
591
576
663
583
532
569
614
525
508
534
578
548
561
535
564
552
553
503
507
