4039500
1632700
1333400
1327900
1338800
1343500
1468500
1463000
1481700
1487700
1547400
1504100
1492900
1460200
1477200
1713200
1668300
1718200
1692100
1657800
1399500
1150100
1107900
1129600
1042800
998800
1163500
1376400
992000
990700
996700
1009700
988400
994300
990600
991700
1013300
1009900
992000
998500
990400
994700
1001600
990300
994000
979800
1014600
1003000
994400
1010900
990100
996500
992100
991800
992400
990900
1009900
992900
990000
1021900
1064700
1083600
1039700
1008500
1022700
1058000
1047800
1021500
1127400
1041300
990300
1034200
1000700
1043800
1088000
994200
992100
1201100
1092300
1150200
1234300
1200000
1126800
1006300
1017500
1046000
1040900
1014500
991200
1536600
999100
991100
1003300
1027400
989800
992100
991200
1003300
991800
963200
991400
991800
1004500
1033800
1014800
986900
986700
987900
988600
998700
997700
1005300
991500
1009600
1096800
991100
989900
986300
988100
988900
987600
988500
1088900
994400
1009000
1023200
987000
997000
999400
988500
986600
989900
987700
1011900
988200
985800
997200
989200
988100
985200
988000
1003000
987900
991300
1011400
1007700
990900
987000
1000300
987900
993400
1000600
988700
1014800
986500
1053400
994700
986800
988900
985900
989100
996000
993900
1005100
1000700
999900
1011600
995100
987000
987700
989100
988000
991000
1006400
1000000
984800
1024700
994500
986100
989200
992000
985800
1004800
1001800
987600
995900
1002000
989100
1007800
987800
988800
987500
986900
1006000
997500
989500
988300
995800
987500
988500
1012000
987900
1000400
1011100
989600
986600
990100
987000
991600
1007400
988000
1010000
990100
1009700
987500
1011300
985300
1038600
994800
988800
988400
988100
1027900
1004400
990100
985700
987500
986900
987200
988100
992500
987700
986700
1036700
986300
988200
992100
1031900
990100
996900
1557800
987000
999700
996900
1005700
987700
999600
1001500
988300
989500
987300
1015600
1004900
988900
986400
989000
989000
1000500
990300
998800
986300
993400
1005900
992900
999000
986800
1009000
1011600
1019700
997500
987800
990200
987200
989900
998100
988000
988800
999500
992100
991200
987800
992200
1003600
1012900
1070300
1123000
1084700
1074600
1064600
1001400
1078800
1038300
1094300
1107000
1082100
989100
1039400
1119400
1057700
1081200
1090100
1090600
1028800
996700
998800
986900
989500
985000
987000
991200
992000
1016900
1001400
987300
987900
1005400
988900
992400
998800
987100
989000
1013100
988600
988400
989700
986400
986200
987700
988500
992800
988400
1009700
988400
988100
1001700
1034200
1001300
987600
987300
989800
986100
1003300
988900
987800
989800
989200
987400
986800
990800
995100
996200
990800
986400
1009100
1006700
997600
999100
993400
1007500
988500
1118900
1044600
1153900
1064700
1202000
1253900
1290500
1297400
1349300
1337200
1154700
1174600
1241100
1307500
1328900
1343700
1263100
1136800
1720500
2481100
991400
1005400
987500
993000
994700
988800
988300
992200
1002000
993100
992100
1542700
985900
1000700
990300
993100
987600
987400
1035300
987400
987300
986600
987600
989700
1012900
988200
988900
987500
999000
998700
1002300
1213800
1081000
1149700
1180900
1049200
1004900
994100
990300
1002200
998700
1066900
987300
1000000
997600
1006400
987100
989100
1001700
988600
988600
997300
987400
1006600
986700
987900
1009000
1007000
1009000
988400
989500
987700
1020700
1015800
986300
989800
986500
992000
1001000
996500
1004500
988500
1000600
996900
1000100
986600
999800
1000000
996500
990100
998900
1008700
987100
1018300
1000500
991900
996900
990100
992900
993200
994900
992000
993200
1009400
1003200
999300
992000
991900
994700
997100
989300
988300
986900
1042200
999800
988300
987800
988700
996700
987000
990700
985000
989000
992600
1020400
1063600
1148500
1130000
1130200
1004300
1074700
988400
1018000
996900
996700
988600
990600
1001000
1015700
999800
1015500
1113800
1020900
1015900
989000
993300
1044900
1097700
987600
991900
988300
987400
1117400
995800
988000
987800
989300
988500
996700
988300
991900
987800
1007100
1075200
986300
989500
986000
1012500
1028800
988100
988500
1596600
1002700
988800
990900
991800
987000
999000
1006200
986400
989100
989300
985700
986900
991600
994300
986300
987700
999600
987800
989900
987300
984900
989400
993300
985800
1035900
987800
986400
986300
986600
998600
989000
994700
997700
1002700
988000
988800
1007400
988400
989200
1001700
997900
988500
989500
1004700
985300
994600
996700
995900
1002700
1014100
1005800
999700
994800
1055200
1000900
992200
1001200
990500
996100
1023800
991000
988200
989100
987300
987800
985300
1035900
1005700
1011200
991600
968400
979900
972000
972000
967900
986000
968500
973200
974300
970900
970700
971900
972200
969600
993200
969200
970500
984100
972800
969100
973600
992500
972500
970900
969500
971800
970500
970700
968500
980700
970000
969500
971400
977600
983400
973300
967600
991100
971600
1231900
1076800
1111000
987000
970200
972900
970500
972900
971400
971500
979200
974700
985600
972600
976100
976600
991000
979800
979300
981900
975900
987200
979000
975400
994500
989500
975100
974500
976300
984900
979000
1026300
981700
973900
976500
978100
1003100
971300
973900
974600
973500
1505200
972100
980700
970700
970200
969800
970900
972100
970900
970100
970300
994800
975700
971000
982900
969700
971100
983200
970800
974500
977800
974600
993900
969900
970800
969800
969000
971200
973400
985700
971900
983800
983900
969500
987700
982500
970300
973100
967500
970200
972500
970300
979500
977000
971300
972200
971900
970800
967900
973500
982400
969300
971100
991800
1088400
977800
970300
968700
973100
982700
1187600
1216600
1048900
995900
979600
975000
1007700
996400
984400
997400
987900
973500
980200
974000
1082100
970400
972700
970700
970400
978600
990900
969900
974200
970400
977900
974100
969900
971500
971200
969100
977500
973300
973000
972100
973500
973300
969400
991400
969200
971700
980600
967400
984000
971700
970300
970300
978000
970100
977700
973200
983000
968500
971900
982000
970400
972000
979200
971400
973200
994100
974000
984700
972600
978100
993200
970500
989900
982700
970600
984500
981900
987900
995900
974700
974100
975200
985400
971000
980500
969300
1001600
979400
971100
983900
976000
972300
969300
983100
971100
974800
1081600
1630500
1127000
1157000
1187800
1168900
1059200
991800
1034200
988500
972600
971000
1088700
972400
969000
970100
967800
970800
971300
986000
984400
982800
970200
974500
968800
969500
970900
970900
986600
981900
975400
971300
971900
970100
969700
983000
991600
970600
974400
973400
971100
972000
972600
974200
973000
982400
1051700
987200
972500
983400
973600
976700
1081900
977800
971200
975100
972100
1058500
974700
1007300
968300
972800
991900
982500
973000
972600
992900
970900
972500
990500
971700
984500
972100
970300
974000
971100
971100
979400
970700
970800
975100
977200
978400
972700
980900
974100
975600
975900
993500
973800
973300
969700
986200
984400
974200
983100
968100
982100
978200
970600
990500
972200
971200
971700
997900
969400
980700
972300
986300
972500
975700
972700
980200
971500
987500
972100
976800
972900
975600
988100
1003200
975400
977800
977000
981600
975000
972000
981900
976600
975300
1011200
984100
976900
972800
986500
981700
982800
973300
983300
982800
973100
969200
971500
972400
981500
1014300
970600
969200
971000
970900
970100
968200
1529600
982900
987300
972500
979200
971700
972400
986800
981300
971100
975500
970600
1003100
990700
969800
970800
992500
990400
1119500
1005200
1019300
1121800
1133300
1200900
1218100
1211300
1208400
1107400
1049000
1166300
1217500
1188900
1212600
1211700
1197400
1030200
971400
975800
973100
1011600
986900
973200
972100
972800
970200
967200
971300
970900
992600
983400
973100
968700
972900
973100
971900
971100
981600
970500
994600
969400
979800
980700
1030400
969000
992800
993300
979600
972100
969700
971000
973900
975000
990300
984600
969500
982700
971100
1013600
1017400
993200
984600
981100
1015500
1115700
1045900
1000200
968800
974400
971300
983500
993700
974300
1002100
976700
974600
970400
972400
1058100
976400
969600
1051600
971800
993300
976400
1006200
1050500
1034000
985900
987500
987700
1006200
1007600
986600
982500
982500
995700
1028500
1039400
972700
968300
974600
971500
971600
1011100
1061600
1023000
975100
1014300
974200
974400
990700
1087600
1030300
981000
983600
979300
974800
991700
971800
975500
970300
970800
972400
973000
970100
971400
971500
971500
975200
971700
982800
1502400
975200
1019400
978200
978800
974200
973200
994100
986600
987200
974800
984000
980100
1023000
975400
975700
973300
980100
973500
990400
972900
993800
971700
992200
973200
975900
969300
978100
977900
980700
980400
976800
969600
979200
986000
972400
970900
972400
972200
987300
972900
972400
990300
971900
984300
988100
974200
976800
970900
989200
982600
967300
971800
980400
968900
986100
978900
968100
985800
993800
970400
972400
972400
972000
970500
982500
969300
983100
969600
971200
987700
976300
968700
991400
982500
971000
976300
971500
974800
973700
972300
970000
973000
971400
971200
984200
1003500
969900
986000
966800
985900
973000
978600
985800
973100
993200
1001900
973100
973700
968500
998500
971200
970800
972300
970500
969200
973100
974300
969800
971700
980000
982200
971900
969900
970700
979300
982100
976200
970600
969100
971200
981400
970200
983100
991700
971400
969500
972000
985500
971600
972000
991400
968400
971800
990900
988100
973200
970700
974900
982500
980700
974100
971300
970200
969200
971300
974300
982600
992800
992000
987800
1499700
984600
970200
985800
969900
969800
983800
970200
970400
980100
985000
969200
973100
970500
984200
974000
970600
978600
972600
976700
983800
978800
992500
970500
981800
972300
970400
971500
997300
993400
985000
983000
971700
969100
973300
971100
970000
971700
992500
971500
988100
994300
981400
973200
970500
970100
973100
970500
992000
972400
999000
971600
978000
994700
982600
973700
970600
978000
972600
969700
970900
972100
970800
979800
977900
977100
971100
995200
980100
971000
974000
971300
967200
972700
989600
970000
974300
992000
968300
992300
1041500
1082900
1034000
1104600
982500
1029900
970100
1048100
1111800
1014200
1118200
982900
994700
970100
972400
986900
984900
972900
970900
970100
971500
969900
983700
974000
992700
970300
978500
970900
970500
974000
983200
970900
972200
983800
971200
975700
980300
973200
973800
970300
971400
981700
991800
970500
972500
967600
968900
983600
1044000
1020800
1039700
1007600
1044900
1036100
1030700
1029800
1048000
1074300
1010700
1061300
1072200
1044300
1050700
1067400
1051000
1027500
973400
980000
971700
972200
973000
1524800
993100
971700
989700
978500
968400
992000
992600
993600
983100
971300
970200
971700
990200
970500
972000
969900
975100
987300
972200
977600
971900
980800
982900
971500
969500
968400
971900
972500
980400
984300
974600
973900
975400
975600
986200
969900
973500
969500
987500
984800
992600
977600
972300
970300
984100
972700
974200
968600
991000
969200
971000
971900
983300
970400
973500
969700
973200
993400
984000
974300
971300
971400
970100
972300
970500
969600
971700
970100
989700
971800
984700
1170900
1168300
1078800
971900
994900
972300
967800
984100
969800
983900
976100
973700
989900
975700
978200
987100
975100
1000900
985400
970500
969800
971800
996300
971000
968800
973800
966500
996100
973600
990300
970700
975100
981900
972400
972500
981600
969500
992000
969500
970100
984200
989300
979200
972700
983600
969400
973300
970100
990200
971300
987200
970200
990200
971400
971800
975200
971500
968500
973100
978900
969900
985500
970200
978000
973500
975900
988200
1004000
973500
982100
985500
970400
968800
971500
978900
967300
970900
968500
984600
1523500
995400
992000
971900
970800
969700
972700
970100
969500
985700
968900
969600
975800
969900
972100
982000
973300
969300
977900
974100
972200
969200
983100
972100
968300
971500
970600
979800
971900
1001100
970700
972700
981100
976300
974600
975100
971800
971700
988400
971800
994200
971600
970500
981300
971800
968000
972000
970100
969300
972500
970800
971100
972200
970200
969900
973300
969800
970900
975000
990900
970300
989900
969300
970400
971800
971600
980300
969200
970300
969800
972900
967700
970200
982500
971700
968800
973900
983400
983500
970800
984400
1042400
1043000
1152600
1025500
1226400
1237100
1255700
1297400
1287900
1233300
971300
1154800
1231600
1223600
1231100
1270100
1245300
970500
968800
976600
976300
972400
974400
999300
974300
973700
992500
971700
981500
987000
988900
975600
979800
982700
971900
984700
985800
973000
994400
975400
972500
970400
982700
973000
979700
971100
1005000
971300
971700
972000
970100
972000
971500
973200
976600
984300
979900
971200
971700
986900
970600
971000
972800
970300
979700
991800
983600
968800
972400
990400
969300
1682400
983000
976400
989100
975800
998500
991000
985000
971600
979500
1147400
995900
979600
985900
976700
989900
974000
993900
976000
975600
974700
1037800
975200
972600
980400
974900
975200
971500
984400
981200
995600
1074500
975400
977100
972100
988900
977600
972500
977700
992500
976300
986300
989900
973200
974000
972000
970400
970400
970500
977600
969800
971400
993700
974700
985700
994000
989500
977200
973800
981700
972600
967900
977500
969100
968200
981000
970800
970800
971100
973000
968800
971000
971600
1009100
1011000
971600
971500
986400
972900
991000
971900
1009800
972500
971000
971600
969200
970500
970400
971200
986100
971600
990600
972900
982500
976400
1043800
973400
974200
974500
973100
977100
1007500
971600
975700
975200
972500
975300
978400
978100
974900
973100
981100
1045200
989500
974000
983900
995900
974300
976200
972800
992100
981400
989100
981900
974500
972700
987700
976100
979900
978600
975300
973900
981300
998000
973800
987900
977200
972900
972500
975800
975000
990200
1003200
978000
1023200
983900
979900
974500
976900
972300
975200
1465200
981300
968500
979300
984200
969900
986300
970300
993100
973200
970300
973800
971500
973500
986300
972000
971700
972300
985500
968200
974100
986200
986300
970200
984900
978400
987800
978300
969000
962400
972300
1010400
1066800
1032200
972600
969800
968400
994300
973600
971600
986300
991500
982400
972300
968900
991500
972800
971300
983200
972200
983000
999600
981100
971000
992200
984100
970600
982800
973600
991800
972400
1012600
974600
981900
984000
970400
971200
972900
969600
991900
972600
989300
970100
973600
968600
971200
971800
972100
968100
973600
969700
984200
972300
970500
967200
972600
971200
971100
972700
984200
971100
973700
989800
985300
972600
992100
970400
977900
971800
984900
973300
986100
971800
980700
970700
969900
969400
983100
970400
973200
977300
973900
976200
970100
971500
989700
987500
972000
984800
971700
970300
982300
1001600
969600
993100
971700
971300
970500
973700
967800
972700
992700
998200
980200
973900
994100
970800
992700
983500
968800
971700
988200
987800
972000
981900
972600
971600
968600
968800
973700
970600
979600
1579500
971700
994000
992000
970000
970800
972500
970800
971900
971900
988600
973900
973700
992000
984700
970500
970600
968900
971900
979300
985400
984200
986900
981900
996000
970500
993700
993800
972300
970500
991000
970300
969300
980700
993900
970900
973200
971500
973300
970800
994300
971200
991100
982800
970800
971800
971200
972500
986700
974700
977700
972200
984900
970900
968800
974900
971400
994200
973600
994700
971700
973900
969300
971300
974000
984400
972400
973900
970100
972400
971400
961500
982600
982400
969500
993300
1004700
971500
968300
986300
990900
968700
995400
969600
972300
972800
971200
992800
989600
976100
975600
976800
976600
980700
996800
970700
968700
979300
971200
971300
984400
989300
970400
985200
969400
970700
974700
974100
971300
986500
970400
972100
984200
969300
969700
993300
973700
969400
988300
970600
971400
994100
990000
976800
970000
973600
980600
971300
976000
970700
968700
973000
969200
969400
972600
994800
970900
995500
971600
976400
1000400
970100
968500
979000
982600
972700
994800
989400
970800
983500
1089900
1026600
1490200
971600
972900
983200
969200
971000
985600
983700
1037600
988100
988300
972500
1158400
1238500
1236500
1254800
1256000
1222000
1221900
1236100
973000
982200
974400
976100
977800
975200
975300
998500
969400
971300
1023900
972100
984700
971800
967500
970400
994900
997400
969100
984600
986500
978400
982600
1037900
971200
973600
970200
988400
979900
993000
970800
970600
980200
972400
972100
971800
992100
1013600
969600
970400
969900
985400
971700
973200
971400
981600
969800
974000
980600
997000
973700
991000
969600
973300
968200
979300
972300
984900
990800
1001800
969200
972400
993200
971600
969500
971600
969400
970600
994400
972000
984000
994800
970400
992300
982100
969800
992200
972800
994200
969200
973300
991600
971700
973100
969600
971400
973800
969500
972000
971600
969900
1003000
971100
979900
972100
972200
973500
970200
973300
970500
986000
996100
976200
970100
974000
993400
969900
985500
972100
990200
971700
992600
983300
970900
971200
985900
971500
984700
972000
1013800
1066600
1072200
1036200
1098600
1211900
1211100
1177100
1157300
1174300
996800
1120600
1174100
1837200
1215800
1249900
1213800
987700
996700
998900
989400
1007500
977500
978800
971500
975200
989400
971400
1001200
971100
971300
988000
979800
971100
986300
977400
971200
973100
987300
971000
990000
970500
970200
974100
991600
972500
972100
971000
969100
983500
978600
973100
972000
969800
982700
986100
971900
987300
973300
970800
977100
989600
982600
974000
972600
974900
974700
977400
973600
973200
991100
985400
986000
976600
975200
975400
996800
977200
990400
987900
990200
973400
973800
977200
970100
967700
972700
1011200
970100
973700
970800
1070800
972100
970900
992900
971800
968400
984100
971200
981600
971200
974000
992800
972800
996200
981700
970600
972900
984000
970400
984900
993100
971300
972700
1052300
970000
990300
976900
972400
1000100
970900
969400
972300
991400
977900
972000
971000
968100
972200
994200
996200
972500
972900
981700
973000
982000
983600
991900
971000
971000
970800
990600
969500
971300
968100
981500
975500
973100
992000
985600
972500
979000
998400
994600
973800
987300
971000
971900
974500
975300
970500
982600
975200
1010300
972500
1479800
980900
974800
975400
993200
973000
993400
974200
972100
976500
982900
975100
974800
972100
974300
974900
981200
983600
977800
969900
992700
989200
976200
974500
976900
972800
981400
976500
970300
973800
996600
978200
974400
973100
976300
988000
973200
972800
974700
981000
971800
992900
992900
978100
989600
996000
974500
972100
979700
973200
985300
979400
1009000
972500
975100
992300
977900
981700
994500
978300
976100
975500
973000
1048800
994700
975600
992600
989700
971800
975200
972800
973800
976100
974700
995600
974000
975200
973300
974600
977400
973200
977400
977500
979600
971200
993700
973200
979200
973300
979400
967700
977000
974400
973500
991900
973600
993700
975000
1005800
978300
976500
969300
978200
973800
973800
974100
974300
991700
985000
974100
974700
993000
977400
987000
972600
981700
983800
972600
999600
981800
975100
972400
978900
971500
988600
970600
983000
988100
975600
1016600
974900
968500
970200
971400
972100
970600
985200
970700
971100
986900
975600
971200
971500
970300
970600
972900
969800
970100
972300
985300
966700
1499600
976200
971100
970300
1007400
970400
970500
984800
968900
968100
972500
990600
978500
994300
983800
982200
972500
970100
970700
989200
969300
971400
972300
970300
969500
971400
983500
969700
971800
1003500
970300
984800
972200
970300
973300
969700
972100
973000
973300
970500
973100
968100
995700
995500
975800
970100
976100
983300
974200
979800
982400
976200
979900
973300
973200
974700
989200
974700
978300
972400
990300
972800
992700
984300
976600
974500
982100
975300
973200
988700
988700
973700
972200
980000
973200
982700
983100
975200
972600
974500
970000
974400
972700
971100
986800
993200
966400
971600
970100
973400
970400
971600
978400
971200
970600
972100
970600
968900
974100
971800
970300
984800
983000
996000
985800
971700
981700
971800
969100
971300
985900
970800
971600
972900
973400
994500
976400
970700
972200
971600
969300
978100
997200
973200
975000
1005800
972300
975100
974600
982300
973000
976100
974100
986400
969300
975300
1040900
984300
974300
984200
974300
973900
976100
975400
972600
974600
1026600
977000
979500
972400
972700
974100
1478100
973700
973300
978600
1000000
995900
990000
972500
982600
975800
972600
974300
972000
972500
990200
974200
996100
972400
972200
975800
983300
985500
975300
975600
971200
972800
973000
1003700
982200
971400
974200
977000
990500
984200
984500
970400
981200
973100
988900
970100
970500
971900
969600
973000
970800
984700
977000
971600
978400
977600
971500
970800
980800
970200
993000
986500
970000
990100
972100
994100
976800
972900
984700
969800
973700
970800
971200
984300
971800
970100
973600
989500
971900
972500
970300
990300
994000
970300
970600
969900
970700
991400
984100
968700
968900
961400
1000100
971100
971000
965800
970900
964100
971500
988600
970400
970800
971100
970600
972300
981400
971400
972800
969600
969500
985100
971100
992600
992700
975400
988700
973800
971600
981000
985100
982600
977300
974000
987300
972000
972600
993700
969300
974100
969100
980900
972300
975400
970500
985700
981600
969800
973100
982700
971300
982700
971500
972300
978700
990400
970900
969500
970200
981400
976000
975500
969100
972400
970000
970400
984900
982800
968600
1506500
973100
980300
976900
971400
974500
1001200
1000300
976200
973000
974500
979400
999000
984100
975200
982300
970500
972400
997000
972800
993900
970300
985700
993700
988700
970000
975700
990600
974900
999600
977600
977100
972100
993900
978100
974700
970900
1002600
975100
989900
984700
970800
975800
984300
971700
973000
979900
988700
971300
981500
1041400
978400
975800
1082100
994100
1048300
1147100
1197500
1196600
1220100
1144300
1158400
996400
1142700
1199900
1169300
1191700
1218800
1219600
1040100
998400
1007900
1001800
1018900
994800
1010200
1016800
983100
993400
1003700
999000
1000800
1001500
994400
1006600
1008400
984000
985800
1005200
989800
996900
976000
969400
972500
976500
972200
972900
980900
974700
994100
973800
972000
977100
983600
978900
977300
972300
976400
966200
974600
996900
975200
972900
994400
1001700
981900
990600
983800
982900
976600
986100
1025200
971800
978000
971300
973200
970600
972200
983400
970400
969500
979000
979300
974300
975600
974500
974900
977700
973400
990100
977200
988100
982700
975300
988700
973500
986100
975800
978900
974000
984800
970600
1617900
1006400
982900
995400
989400
976300
997400
970500
994400
977600
990900
972800
981100
975800
973400
974200
985500
975300
977100
981000
972600
1023900
973800
1004700
973600
971400
972900
971600
970000
970500
972900
984400
980600
973200
975500
971400
969800
984400
981100
971100
993800
1205400
1114900
1158200
1130800
1140800
1181700
1228900
1165300
1255900
1151900
1145000
977200
974000
973700
975700
988800
974200
986800
972300
982400
984100
969500
969100
970900
969500
969900
972300
970500
970600
973300
995100
979100
974100
970100
982500
973900
970300
970300
970600
989600
967500
975300
981600
991300
972400
974100
977400
1007900
981000
986900
983200
1005900
972100
974100
970800
971600
971800
969900
982400
974100
971900
970200
972500
970500
992100
975900
985500
994100
975200
974400
972400
995900
975600
973300
974600
976900
972400
968500
977600
971700
971500
972300
971800
969900
994900
993000
969900
974400
970700
968900
980800
969400
969800
972400
970500
976700
965900
970800
970700
983100
969600
970500
977500
970700
970500
977800
970600
990600
982900
992300
971700
1510700
970100
978200
977500
982000
974900
975600
1048100
1038400
994300
982200
974100
983400
976100
974200
999500
975800
993100
978500
992100
969300
1005200
972200
970900
974700
980800
1000200
972100
970300
977400
973100
991800
970100
971800
970800
970200
974000
975500
973900
972800
992600
970000
985700
968000
969400
969200
982500
979800
971500
973200
980300
989000
999100
969300
972800
974800
973600
981700
982900
973300
970700
974700
982300
970400
971800
971600
970600
973700
989100
973500
999000
975100
994100
976600
975200
973600
973000
985400
969800
977700
970700
982300
973000
981700
969000
985200
971600
969500
985400
970400
983000
980400
973300
986000
972600
970800
984600
972400
970800
971500
985100
986200
984100
986300
973200
971400
992700
971500
975600
970100
970600
968600
978300
982700
970500
995400
984600
978600
973300
971000
970300
972500
974000
970000
983600
972800
992700
971600
972200
982000
968900
1267200
979500
975200
993700
995700
976900
991100
976200
972200
989900
972300
970600
978500
997700
969700
992500
983300
971400
993600
971600
973500
1503800
967700
980000
972300
968400
970100
972400
970500
971500
972800
967000
971700
979500
992700
970100
994400
980600
981300
973100
991400
980800
986200
970300
994800
974200
970200
970400
971000
970500
968700
972100
969800
970200
984300
979100
968000
983500
970500
981900
971900
969800
970300
971900
981500
970600
976200
967900
970000
967900
981400
970500
970700
972100
970400
973000
987300
995200
1011700
977100
976400
974700
976200
975600
975200
1007900
969400
970600
979100
970000
970000
996200
970400
971600
973200
990100
990000
973500
968500
971100
973800
968400
970600
970800
979000
970300
996900
969300
971700
969600
971100
992000
971700
971900
968600
987200
987700
969900
972700
972000
972500
996900
1030200
971800
979500
971100
971800
971500
969500
984100
974500
970600
970600
974700
971800
971600
972200
1013500
968700
974500
992200
970900
986500
970400
971100
972400
970500
969300
996900
971800
970400
972300
995300
970100
975300
971900
972700
992500
1006300
978100
970200
971900
971200
992300
974000
968200
972400
987300
971900
971200
986500
984600
960500
1525900
972200
991800
972600
1000900
992600
972500
969900
993700
973700
971400
981400
973500
991500
970300
982000
982600
970100
986100
964100
971200
985600
998500
987300
1017400
1002500
985400
972600
982000
988300
972700
970300
969900
978300
968000
972000
981900
972100
969600
974100
969800
972000
991900
977600
993700
988300
989100
969800
990200
969600
975300
985400
991100
970300
976000
972500
993600
985000
990400
968800
992500
992800
970900
968600
969900
989300
988100
972400
971500
968400
973000
991800
980800
993500
972500
967100
1002200
994000
971500
972200
969500
977900
972900
967600
971900
995200
970900
982100
975800
972100
971900
971300
996200
982000
972900
971100
992300
983500
984900
975500
972500
975000
970500
984000
972200
979200
976400
982700
990300
976100
974200
973500
982200
968300
983800
975300
975300
980100
1020700
1070700
1104700
1019600
1175200
1230600
1219500
1221100
1240700
1206400
977300
1184400
1190100
1181100
1248000
1229200
1071800
989100
992100
1004800
991900
1000400
986600
989000
996700
974000
973900
992900
973600
973200
989300
975000
979800
973700
1687600
982500
970200
974500
971100
970400
976500
987600
972500
995700
974800
993500
979300
993100
971900
998200
990200
973800
976800
975300
986300
976700
994500
1021600
994000
972100
971500
1009000
992300
974300
982600
984100
973900
977000
970100
978600
982900
973600
980300
976700
973400
973700
974200
985100
973900
973200
990400
983400
979900
971800
970200
971700
971200
985000
973300
969100
984400
971500
979700
983600
973900
991200
974300
982800
968900
971300
985100
995700
973900
973600
975000
969600
995500
969600
997700
969600
973200
968700
979600
973600
969300
974900
983000
994100
995900
984300
980600
970500
973700
970100
982400
975300
1001400
989700
975400
970500
971200
971500
971700
969800
972900
970900
969400
1009400
976800
987300
982400
991400
969500
980200
970300
993400
974500
971000
989100
996700
973600
969500
983700
989800
982500
971900
991300
971500
973700
975500
975300
974000
969800
969700
972700
974500
968000
973200
971100
972200
981900
970500
971400
983300
967900
969700
972800
994600
970000
988800
991400
979000
987400
982500
969800
1499000
971400
972200
972900
992400
987100
967100
974000
972500
971200
971700
971100
970700
976300
967500
968500
1008300
980400
982800
972300
994800
971400
989700
970200
970100
971100
984100
977100
1003300
972200
970600
974700
969000
971800
971400
971800
983200
990700
978500
1000900
972000
971400
984500
973300
981000
971200
972200
969200
972500
991700
979900
978700
972900
969200
969400
971600
988200
982800
984800
992400
979800
971800
970500
968800
972900
982100
969800
987000
972100
984200
972700
970100
984900
970800
972300
982400
993700
974900
970700
973000
969600
990900
985500
969600
994300
972200
968800
970400
969000
972500
987200
973200
976600
975400
972300
975000
972800
982700
983100
972700
987700
978400
972300
969000
987100
972700
983600
997100
987600
973700
978100
974800
971400
991100
1008600
972800
974200
985400
1005900
990400
983300
982000
983400
972400
973900
1005300
992100
974300
976600
982200
978000
979000
977900
972800
982300
972900
994000
969500
975700
979000
973000
972000
975600
993000
978000
978500
976700
1001700
973800
983300
982600
986500
1529200
985500
987300
977600
973500
972400
987300
982700
971700
970100
978200
981500
997000
975400
995200
978200
974800
988400
972300
976500
985100
976300
977800
971000
971100
973500
975100
1004500
975300
971900
970800
977300
971600
979000
986200
973800
972400
972200
991400
985000
971800
987100
973800
998000
984400
989400
973400
990400
973500
1020200
973500
993600
985900
972400
976600
972700
972600
975000
974400
977300
995300
978200
973200
973500
988000
996000
991800
981000
974300
982100
970600
994100
976200
972300
989800
988300
980200
973500
989200
984000
985600
972500
995100
970500
985100
973200
983800
991100
997100
971400
970800
971100
973300
976900
991900
971600
990500
983600
971600
969800
971700
982000
979200
982000
974000
993100
971300
971400
976700
990900
985700
970900
979200
971300
994400
972000
972400
969700
983700
969900
983100
970300
982800
973700
974100
983700
972000
968800
970500
996200
983900
972300
973800
974100
970400
977000
989300
971800
971600
970700
995400
984400
970100
988000
974400
973300
971200
987800
971700
972000
998400
997000
972500
1591800
982900
976500
985000
998100
970200
976000
1003800
991100
993900
989300
986100
974000
973200
985900
1013900
973200
989200
995300
977200
972100
974800
993800
974800
979700
976000
989900
981500
991700
972900
972300
976200
970200
971200
972500
980800
985500
1001400
980800
973000
974700
974200
975100
988900
971800
980200
972600
977400
1027000
973100
974700
974500
975600
972300
991300
977200
972300
974100
991200
993100
984300
975300
973800
974000
978100
975600
983100
977400
986900
973400
976100
976400
992100
972300
993300
984200
976300
980200
973500
978300
972300
983900
982900
974500
975800
978400
975400
974900
976800
973300
971300
974100
975200
989600
980000
1001100
971000
977800
977800
995300
973300
977500
972700
980500
973000
976100
981500
973500
973200
969500
973100
971300
981700
977100
993400
972500
980200
973100
973700
996500
971200
972800
987000
970300
972400
975000
974500
978900
974100
972900
994300
973300
973200
972800
977100
974500
979700
976400
993500
977500
990100
992400
972600
973900
995400
971700
973400
976900
988800
974500
973200
980300
971400
1504100
984400
970300
970400
985300
984100
973300
1005300
992400
987800
968900
970900
972500
982300
973300
1002300
971600
975200
992000
979100
971400
972200
971000
989400
994200
982700
965800
988100
974700
971600
973400
970200
969700
973900
991500
969300
970200
1009500
1081200
1101200
988400
1160300
1177100
1202600
1211900
1223800
1211900
1014000
1156200
1200100
1183300
1198600
1253300
1178200
1001900
993300
977200
973400
994200
972800
988100
975900
972700
969500
974100
971100
971000
976400
968300
983700
971900
969400
987500
971200
983600
971700
972300
1145100
970900
976900
971500
979600
971800
970400
983800
976000
971200
993600
971500
969300
987500
990900
982000
969300
972400
972100
971700
973100
972300
982300
968100
985000
970800
970800
974100
968800
981300
986900
981700
970700
973700
969200
972600
972600
970500
992000
975000
989700
970900
983900
972600
973800
971600
971200
976800
972500
970600
985400
971600
986000
970900
973600
969800
983000
971500
970200
981900
975300
982200
969300
986100
977100
974900
992700
973700
975800
973000
977500
995100
984000
974700
985800
977100
1589900
989200
993700
988600
1008400
984900
987800
991600
1019100
987500
985800
993300
990400
990200
993400
989100
987000
984400
1038700
972900
971000
976400
971700
968400
973700
987000
983200
981500
979100
972800
995700
982200
971300
976000
994500
990000
992700
993500
972100
978800
972000
971100
986500
966600
972000
972900
978700
991400
984900
973500
976400
969800
973300
970800
991500
971600
983400
971100
974200
985800
971200
978100
982900
971800
972400
970100
986300
971600
972300
985300
969800
971200
985700
972100
972200
968900
977000
967900
970000
986500
992400
983300
984900
989700
983400
972500
971400
1000100
972600
971700
979900
972300
969100
972100
1005800
971800
997400
958800
948500
983800
984600
970200
998100
970500
974400
970600
971600
970500
972300
971500
1001000
971800
987500
971600
970700
970700
996400
972100
969500
972800
968300
977500
971600
985500
1118700
1208400
1143300
1040900
1091500
1173000
1104400
1158900
1144500
1034800
977500
977500
985400
982000
971300
975600
1021100
1005900
969100
972600
978300
977700
971800
968800
992400
980500
978400
991000
1511800
972100
972000
973300
969200
985100
983500
971800
971900
996100
983100
975300
974600
996200
975600
975200
987500
974200
983200
972700
982700
987800
980600
973600
985100
984800
990200
973000
975800
974500
971300
972400
981600
968200
973700
971300
1015000
972500
969400
969900
971500
971800
982300
972700
969900
970000
971000
970300
971100
973700
973100
970600
971700
1009100
982300
973100
968000
971900
971700
971200
973600
991200
975900
970000
986300
973500
1013300
1020700
1092600
987000
991200
974400
968100
972800
970800
992900
970500
969900
972700
970500
986900
973600
978200
991800
982100
971800
974300
971500
969800
973400
973300
971000
972600
970400
966900
971800
971300
976400
984700
970800
981300
973800
970200
987200
994000
973000
980100
992800
973000
971100
993100
983900
983400
985200
974300
971300
970400
988100
978400
970600
971300
973300
981500
971000
969400
974200
990100
970300
984700
993100
1017300
996200
973700
983700
1056000
972000
971800
984900
973800
975300
972000
994000
997300
998500
1004300
995800
989700
991300
985000
986600
990400
999300
987500
1515400
971100
983500
972500
977500
990900
980300
972300
1003800
970700
969100
982900
982500
989200
970700
980500
969900
982400
984800
990500
969800
970600
972700
984900
968800
971700
970600
974600
976600
993000
968900
972100
989900
971900
983700
983000
971600
983100
996200
971600
973000
969900
981300
971400
972900
981400
984200
972600
989500
986200
970400
971800
970200
971500
970300
991300
969000
969800
972300
1012900
970600
988200
970500
970900
974300
971400
971200
973300
978600
970200
978000
974700
970700
985700
972300
969800
971400
973300
969100
972900
971500
977200
972100
972000
980500
969900
971700
980600
993900
979600
967200
970000
980200
969300
970300
972800
973200
976200
970400
983300
972900
972800
971700
983500
987000
992800
968200
971400
970700
974000
971800
982900
966800
984400
983700
970800
971500
969500
970900
973300
976600
969800
973600
968200
975200
971400
970700
968600
982200
970600
984500
972000
973300
970500
971300
1011300
975700
968900
973200
971800
987500
973700
993400
982100
973200
968500
983200
968900
993100
970500
982900
981500
1005900
1489000
970800
972200
971100
975100
971600
973400
1000900
971900
975200
980300
970200
972300
968300
993800
974400
970800
968000
972500
971300
983800
972000
970400
979700
972000
986900
991000
982700
990600
973600
969500
972900
970600
980100
996200
972000
995500
974000
992100
993400
971400
969900
967200
993900
970500
989200
970900
981100
981200
973400
970600
971300
994500
972700
969600
972300
970900
972000
991900
969500
970500
970500
969800
970100
974900
970300
971300
971800
973200
984000
971300
989400
970400
976900
971700
969500
972400
970500
968800
971600
980800
970900
971100
968000
987600
970300
982300
971700
968900
977400
971600
971500
976500
971100
969900
990300
1094300
1030500
1135200
1117100
1082200
1209700
1168900
1186800
1188700
1131100
1088700
1193100
1186700
1217800
1190900
1236200
1246700
996400
973000
974700
1015800
989400
993800
999000
976300
978000
993000
984000
971400
983000
1000100
991000
976200
972900
998200
985900
979200
977600
979000
981600
1007200
980700
984100
973200
982800
975700
983400
971700
972600
986100
999900
971200
970400
979000
975700
972000
972000
1488400
982200
970600
976700
969200
974300
973000
972000
986000
972800
972100
993300
973200
974000
969400
974000
972300
972100
970800
975900
967500
973600
973400
975300
984200
971200
979900
972500
970000
978300
983300
970700
969200
997900
971200
971100
971900
969300
990800
972100
970500
967400
982100
982500
973500
983600
974600
992800
975200
976200
975000
984300
990100
1023700
1002900
1008000
992600
981500
996000
995500
987500
992300
1008300
990500
988800
983200
1004100
988700
985600
1012900
1001400
984300
982600
1000500
997500
1004900
1000400
974800
993500
988300
989700
995000
990500
995900
986100
974700
969800
980700
969700
980700
970600
968900
976800
978500
981300
992700
971500
980800
984400
970100
969800
971200
982100
975200
980000
990900
971800
975200
970700
983200
970200
969200
968200
1004500
976800
983100
974100
969600
974400
989900
968700
969000
972000
996900
970400
983100
973500
971700
972300
972000
970300
971100
987100
971400
974200
974800
969900
973400
990300
973200
984200
971400
971100
971900
986800
985400
972500
990700
992700
971400
971300
979900
970900
1495000
970000
992700
973200
978700
968500
972700
969200
972400
970600
970200
984400
971000
1003600
970500
980100
981300
982900
972200
973300
980300
986000
991800
1003300
995400
970100
970100
974300
968700
971300
993100
985600
967400
980300
977900
983300
986000
970200
968900
982900
978800
973300
973700
970100
970300
984800
982600
993000
975600
974800
970200
1007500
984200
981500
972700
986900
968800
980700
972100
981100
974700
972000
973300
970400
973800
970500
976700
993800
969100
970300
972100
970900
966900
975100
969600
968800
974500
987600
993100
971400
971000
974400
974500
969600
970300
972900
970600
970700
980700
991500
982000
971500
973100
1016300
984700
969600
969700
974800
971500
981000
1000200
970400
986400
974600
968900
970800
971400
970500
970500
986200
986200
968700
991900
972800
970000
981700
974500
925400
984500
946000
968600
970800
971800
969800
977900
973600
972400
969300
972700
969700
982100
972500
969900
973000
996500
971300
971300
972600
975500
990700
985300
969500
978400
988400
993600
992300
971800
969300
983000
972500
971900
978200
1505900
980300
992400
983300
973500
968800
972000
972300
969900
981900
989800
977700
971200
974900
971500
970100
979700
979200
971300
984100
991700
995200
998700
976700
970400
973800
985300
977900
986100
970600
969800
974400
970500
984100
974100
968900
969300
971200
970400
978100
973200
968800
969900
970500
1000300
970100
971300
993400
969700
986300
993000
971100
973400
969400
970600
982400
970000
969600
986200
971200
983000
970400
971000
968400
971900
968900
971700
970600
994000
970400
970300
991600
994700
971400
979200
992200
992700
971400
981800
973100
995100
990600
984000
973700
970000
975700
972100
993800
969000
974600
1036200
971000
987800
988500
969900
984400
971700
970300
972100
969500
971500
971400
969800
974900
970700
971100
981400
998100
971100
977300
972000
970200
970500
983200
971900
968900
975600
970800
969100
972200
971600
972400
977400
973400
977000
988700
973400
983200
997900
973500
984800
970600
972600
968600
971200
987800
972000
971700
987100
984700
969600
994900
970100
982400
973000
972500
976800
975100
996900
970300
972800
996000
974000
1493800
985500
976800
970800
1011700
990600
974300
973800
977100
970000
974400
978600
969800
986900
981700
1080800
1003000
969500
981000
972100
983100
979200
970400
994100
971700
995100
976600
971500
972600
969100
970700
980300
970200
976900
972400
998100
986900
971700
971600
969100
973100
968800
970500
970400
982200
970000
977100
970000
980600
975300
972600
971200
978400
978800
986000
988300
993500
969800
969900
970500
984400
993100
968800
970300
972700
969600
988400
972200
983100
978700
972300
971600
991500
986300
982000
970800
1011400
980100
968000
983800
973000
975400
976200
978000
974700
981200
976800
975500
974200
972700
970400
967500
971500
970400
981600
973100
988100
971300
985300
976600
969900
973000
970000
972200
972200
971200
969900
970300
971800
982200
975000
979800
982200
993600
972300
969600
977500
970300
980000
972400
986200
969900
973900
970700
969900
972100
991900
989900
983400
971300
971700
974300
970000
970100
969300
974500
969000
992500
974800
983100
972800
973100
970100
970500
973700
984300
971500
994000
984600
992400
989000
1046800
1071400
1655500
1147900
1210800
1238000
1168900
1190400
1240300
994800
1144700
1195300
1203700
1170300
1233900
1201300
1015700
977300
985300
989400
980400
983800
975600
996600
975300
970000
972600
981500
970000
986200
971100
969200
983300
972600
999300
985600
971700
970600
970100
983900
992000
981900
978100
981500
973500
975200
970800
970300
979000
970900
970700
971900
973000
971300
1026100
974100
968600
972000
970400
971900
974400
969300
970500
972500
973000
968400
972200
971600
970600
996600
971200
978700
974200
970900
971300
988800
971500
971200
971700
971100
972900
974200
975600
975900
1218700
983800
972900
977300
973600
977600
984500
985600
969600
975300
996100
976700
974300
1000000
981200
970500
972200
970800
970900
972100
969900
1003600
979800
990000
989100
986000
975500
975800
976700
982000
975700
976500
989900
989500
1000200
1012000
995500
1010600
1003200
997900
984900
984900
996800
981100
981000
984400
1002200
990500
983300
989500
996300
1001900
995200
982900
992400
992000
982600
993800
992800
1004900
1010100
988800
991100
995200
995700
1007900
979600
971700
972900
972900
970300
1488800
994500
971000
986600
970100
969200
972000
972200
970900
975200
974900
1006700
1099200
973800
1002900
978600
976400
975200
977100
976500
993400
998800
988700
992200
972300
968900
980000
973300
969700
971300
975200
972000
970500
978800
970200
993600
986700
978500
971400
979700
972700
967100
973400
970100
985900
969600
969800
972100
972800
971800
970700
973900
989200
969400
978300
991500
970200
990900
972600
980100
971500
974800
988300
970500
971200
969900
970600
991800
970800
983600
971900
992100
994500
972600
982700
991800
972200
971200
971900
989500
991600
969700
972900
987200
969500
984400
970800
970400
984800
967500
981800
996300
990600
1008400
985400
970800
970300
971000
1081100
1185600
986700
975800
974500
1003800
973400
976600
982100
1050800
1008900
969300
976200
983400
972800
1002000
971500
977800
975800
969500
969900
974300
971700
969000
975500
980200
969400
974100
971200
971800
995700
981200
971500
974400
970600
970500
1001500
970600
969700
988000
972300
973800
990600
996500
984000
976000
1005800
970500
975300
992900
976100
973600
999900
1022800
1566100
974700
978000
976200
1021200
980600
971800
972600
984600
991500
982200
971600
998900
974900
977600
971100
981700
977900
972700
974200
976100
984800
981300
971200
971000
978000
974100
972000
999500
979100
972200
974500
972800
971800
983900
979400
972600
976200
985200
972200
980700
973300
991300
998500
975700
971000
979500
975000
976500
984200
971800
980800
984300
997900
993500
975800
994500
979700
979500
972700
971300
972300
983200
994500
973300
995900
977800
992800
974700
975100
976500
996600
969700
972500
990200
1000500
970900
977500
997400
981900
971600
972500
980800
973700
979400
1004300
986700
994200
979300
973600
977300
970800
976600
979700
987200
987300
996800
973100
979300
974000
972800
983600
969800
975900
975800
977600
985500
995400
984500
972500
999400
980900
990800
996100
988200
986700
991400
983500
982000
981300
972600
973700
972700
976700
978100
986500
977300
990100
971700
984500
971200
981600
987300
987100
974400
989500
972400
978300
964200
990000
971200
981200
968500
969500
975300
993700
976000
990000
971700
972600
990500
983600
972400
1537400
976400
1027300
971500
969800
970200
972200
984100
977700
972700
974600
971500
989400
973400
993100
972500
983100
970400
971200
980800
968500
969800
982600
970700
969800
973600
991200
969500
984800
970300
979900
980300
969400
970300
984700
972300
968600
973500
970900
983400
972700
974000
971300
989600
970800
990900
973200
972000
968900
972500
981300
974800
971200
970600
968600
994400
992600
970900
973500
973500
970100
984500
972000
991300
991000
969400
971000
975100
971100
969400
991500
971300
978200
992500
1002000
983700
981900
972700
973700
972000
972300
970600
968500
972100
986400
972700
972400
993900
995000
974800
969200
982800
994200
970200
1009700
972000
970600
970100
994100
978200
973000
984200
970600
973300
991300
992800
971700
973800
970200
970400
989600
971700
984300
987600
969100
998700
976100
986300
972100
998100
976100
969200
981500
972100
971500
1010300
971300
969600
985500
970200
972100
971400
989400
993800
971500
976300
970100
972600
973200
978700
970300
973000
970900
971800
978400
976300
971400
972500
993100
994700
972900
994200
978300
1520500
980100
968800
990100
971400
970900
981400
978900
971400
979000
991700
991600
996500
990800
981800
973300
969000
993800
973200
974700
993100
993200
970400
987600
973700
969200
970200
988700
992200
971400
988400
993500
971600
986600
973900
975200
971500
984500
982200
971700
981800
982300
994000
970700
995400
969800
970400
972000
968700
978400
970900
1022200
973600
977000
982700
985600
980000
970000
972400
968900
972000
971700
978400
1043400
1020500
1062500
1092100
1109100
1185200
1188900
1214000
1190400
1077600
1104700
1180100
1212500
1171100
1202900
1180100
1123700
977200
974700
975900
987700
987200
972600
999200
978000
972000
973700
970400
983000
972000
971400
968000
974600
993400
993400
970900
971100
982000
973900
969100
968900
974500
970000
983900
977600
975400
977600
975400
970400
973800
986800
1004900
972000
977400
992800
971700
974600
970200
970500
973100
969500
971300
973000
983600
990700
990400
984600
993600
985500
971700
983500
971900
972500
992300
972400
987600
979700
975000
983700
986900
986900
977600
975000
974600
977000
967200
993800
1018900
970600
999800
1489300
976100
979200
994200
975300
971200
984800
979400
977200
978400
974000
985600
977900
975100
974400
977100
1011700
974600
992400
976700
974200
979100
972100
977200
976400
997200
1002500
992900
993000
972300
971600
971000
982600
973400
969800
969100
975800
980900
971200
990500
969900
986600
994200
981400
969800
971200
972900
997300
969300
972600
977500
971600
972900
971100
970200
973400
968000
988300
973000
991100
970800
981900
970500
979800
973400
968800
970000
970700
971100
971000
972300
973100
973900
972000
969700
968900
977100
968300
969700
973500
970400
975100
992900
993600
983800
973100
977600
969800
988800
969900
973200
971700
972200
972200
988700
971800
970300
973400
995100
971200
969700
988300
969600
972100
968800
969900
969600
988500
971300
970100
973000
978200
969700
973700
970900
970400
975500
972500
985200
989200
971200
985100
973100
970500
972900
973900
971700
982800
971400
1002400
972500
985300
969200
971600
974600
995000
973300
978100
978800
971200
972300
970200
978700
972300
972400
978200
972000
981600
969500
973100
990200
972900
970800
1488300
980300
970700
971400
980000
987800
972700
989400
969300
972300
969800
971300
971000
972500
989800
970300
975300
990600
979200
971000
970900
971400
971700
971300
973300
970300
969400
976400
969300
979900
993600
992500
981000
979700
968400
971800
970600
969800
972300
971900
972200
970800
992300
972600
971500
970500
970300
981500
990300
1005400
986900
973400
969100
970300
981500
986600
970300
968600
974200
969900
985100
974200
983800
972200
983600
975100
992200
970200
971000
1007900
972600
977700
971100
972000
968700
968600
981900
970300
970000
1022200
980400
984500
980400
982600
987600
973300
971500
991600
972400
970000
972900
974900
968700
992200
982700
969600
980500
985600
983000
969600
995600
984000
969200
968600
989200
968000
973800
991800
969600
969700
990900
992900
971000
973600
992600
972300
974300
988400
984000
973100
971900
999200
971200
974100
982600
994400
971100
985800
992600
970400
992200
991700
972400
970200
979800
992200
970100
992500
983100
971400
969900
971200
970400
988000
967300
981300
985800
977500
975500
977900
981900
969500
1531100
1065100
972400
972800
970000
967600
978800
969300
969900
973300
970500
972000
1051000
971300
971300
967700
973700
987800
983000
972000
973000
981400
984400
970400
976100
970200
981800
970400
989600
974500
999400
973200
969600
971700
972900
1063900
971900
984400
990300
975200
974500
991600
968800
974200
971500
969500
1053900
970600
971200
991000
980800
970900
974100
992900
981900
974600
970800
972000
993700
971900
970400
976100
970200
969800
971700
973000
982900
971400
1008700
970700
970600
992700
961900
971200
973900
970500
994800
974400
968900
990600
972100
971400
967900
973400
984500
970900
974600
972000
968500
978700
971700
970300
1000700
975100
970900
971500
968200
982500
987300
969300
972300
971100
992300
970700
977400
969900
969900
972100
981200
968500
974500
970100
981900
971600
971800
990600
975500
994200
969500
994200
968900
970600
968600
993300
987300
969400
988600
971400
983200
974000
970300
971500
976300
975500
980300
972500
973500
977600
973900
992600
971900
969300
970600
973600
971600
970100
969000
979100
969800
984000
973600
979700
970000
1515400
970900
972900
972300
969400
972100
997200
970200
970900
975200
970600
970500
973600
970600
971400
995000
970900
1001700
972700
970200
967500
986800
993100
970500
970800
974300
970600
975800
972400
971100
968400
1001400
993500
978400
996200
991300
970700
972500
993200
971000
972700
993300
970100
971600
971600
969500
973900
969500
971300
989600
990800
971200
973000
969400
969600
972100
971300
978000
973500
969100
982900
971600
968300
982000
974700
992200
984700
971400
981700
980800
978800
975400
1004000
973900
973500
989400
971700
971200
970100
969000
972700
971000
971100
984500
969000
970900
996000
968700
968700
979200
971600
968400
972800
968400
973000
974500
968700
983400
973300
972800
970400
973800
971400
990800
970700
972500
987800
976500
985400
968200
972100
970700
970000
994900
971200
970800
974700
971000
980500
970500
969600
993900
972200
986600
971100
982900
971900
983100
974000
1033900
1092500
1089900
1068500
1176500
1186500
1188700
1234400
1278600
1277200
1013300
1184800
1204200
1250600
1261400
1290900
1132500
980500
989400
975500
972100
983800
984300
976200
1664600
981300
971600
994500
992700
970000
972300
982700
971500
986800
983600
983900
986600
975900
976100
985700
970800
992000
991100
986800
985700
970000
971000
969700
972200
970100
972200
984700
989000
971100
972400
982300
983200
987900
995500
972000
970700
977100
995500
975200
976000
993200
973200
978300
974200
970200
978000
996300
996100
986700
974300
977200
996000
980200
985700
994300
971000
962400
974200
969300
971500
973700
983500
970500
1000300
970400
971600
996100
970000
971300
971300
970200
970300
972400
971600
977500
989300
980900
985000
983300
984400
971200
978600
971500
971500
973300
977200
970700
970300
969900
974300
969600
983200
971400
970100
974000
971700
995300
974900
969900
986100
971500
970300
979700
972200
970300
972100
972100
975200
970800
982000
970500
970800
971600
979500
970700
975700
984400
975500
978400
971400
996000
1031700
971800
970300
979900
970300
969800
976900
971100
980500
1006800
972400
969700
972800
973000
971200
972500
970800
970700
972000
976000
973300
990800
966100
973000
992700
973500
971300
984400
977400
971300
1006500
1525500
971400
984200
993400
969900
968100
974600
969400
971500
1004100
972400
973200
972300
983400
968200
992500
970100
969900
973500
1008400
977700
972700
971800
980900
973000
967100
971900
983700
973000
971300
972300
971900
972300
996700
970300
976800
985400
969800
976500
982600
978000
971000
973000
970900
970900
985300
991900
971800
968100
971800
990200
972500
974700
969800
970800
973400
970800
970900
973700
970800
987300
972000
970000
982300
972500
971100
971100
973800
971500
993200
993100
990100
985900
973200
973000
972400
994100
971100
982200
974100
979900
1009300
971000
973000
985100
972300
969700
1069200
1029300
992200
971300
996000
971700
972100
973400
969600
971600
972500
974400
971700
970400
973000
1007000
984300
984200
975300
977400
971900
971500
984700
973300
976300
991200
972300
969100
972100
973300
972000
969000
976400
1012800
970900
970200
987800
992500
972700
988900
971200
971000
993000
969300
970600
987500
991800
973200
975800
983500
973100
994500
971500
971000
975200
967300
974000
989600
981400
973000
983600
980100
971800
970600
972000
1491800
970800
972800
984100
970900
978900
970300
974900
972000
969700
983000
1009200
970000
994900
982300
971000
973000
978400
969900
972100
973800
996000
972300
968900
983100
979200
981300
971400
988100
980200
971900
1009800
972400
969200
972800
970700
970400
972800
992100
970800
974000
970800
982300
975900
977900
971500
973200
970100
971000
973400
969300
969500
987900
971700
982500
980300
970600
971800
973500
980800
966700
970900
991500
969900
969900
993900
995800
970000
971500
992100
970100
970900
973000
997100
974300
992200
970800
976100
979300
970000
992400
987300
973600
980700
990800
969100
988100
992400
986800
972400
980700
972000
971400
996800
972800
971800
983300
968700
976300
969300
983800
975000
969900
980800
970800
969100
971200
977500
969200
971700
980900
972700
969000
984400
985400
973500
977700
973700
971800
991900
992200
970300
971800
972700
989900
983200
972200
970300
982700
994400
974500
980400
973000
975500
986200
974200
971400
978400
973100
969900
971300
974100
980600
1123600
990900
980400
971600
974000
969900
991500
973100
992300
970600
1562200
979700
969900
972300
983400
970300
972200
971100
971800
971300
971400
984200
973400
970200
972500
970800
1004200
979700
981700
972200
978000
980900
982100
970900
970400
983800
970300
978900
983400
978700
971900
984400
1004800
976000
970700
983900
969900
979400
970700
972500
977800
972400
971500
974900
973800
973900
974800
969200
968700
972200
970700
970200
971700
989500
971900
992400
974400
969600
973300
969500
969700
967500
976800
988400
972800
969800
970200
974100
991400
973200
969000
994400
969700
989200
980000
983500
972600
974000
971100
981200
973800
976500
970600
969700
971800
970000
978100
971000
970600
989100
982900
970800
995300
971800
994100
971900
981700
978100
973000
971500
971000
976000
974100
1034300
1002700
977700
955500
981100
993200
971000
972400
982100
971800
973700
979100
968200
973700
970800
998100
989100
974600
974400
977900
995200
975200
975600
974600
972100
970100
985000
969600
984000
970600
982900
987500
972500
968200
971000
968700
984000
1024400
978000
970600
977400
972900
983600
969900
973400
971100
970600
973200
979000
969800
1516100
967200
971600
971900
978900
970000
981400
970600
982400
986500
969400
971400
971600
971700
969300
970100
976000
984800
974200
971700
971600
984000
991000
995900
986700
972100
969400
969100
985100
969200
969400
994100
987300
972800
982800
971800
967400
971000
971200
981700
972300
993400
988600
973000
970300
1111700
1037000
1152500
1054500
1117000
1164300
1221000
1212900
1193100
1188800
980100
1141700
1227300
1189400
1191800
1184100
1191700
984900
980000
981500
971500
997800
987300
989500
974100
1001000
971400
969900
973100
977300
971900
974300
969500
970900
969500
991400
969700
972300
974500
971200
969300
971000
970100
972000
985600
1007600
970900
972400
971700
979500
985400
989800
970700
973400
982300
972400
973000
969600
971100
971900
1000500
977400
992600
974300
996500
976300
983000
1003300
979300
976000
979200
991600
978300
969400
976200
969100
994600
979900
988000
974900
974200
972200
975400
977100
973900
1005300
986800
970500
970100
971100
974500
970400
977800
991100
970200
992800
971800
981800
974100
976700
977200
973800
976300
992300
974600
972100
998800
983700
1620500
989100
972000
971300
971400
971200
973400
971100
970300
974200
973800
981400
977100
974600
978900
976000
971800
974200
987700
979100
978500
972200
982900
982100
972400
971700
967300
996400
991800
970100
980100
976200
970800
990600
971000
969800
974600
970100
1013700
973200
990000
968500
971500
985100
969700
971200
974000
981800
983200
972800
970800
980200
975500
985500
983600
976100
972700
973900
979200
971000
993300
971700
971600
970000
971900
979300
989400
972700
973000
970200
970800
1017800
980300
971600
971100
969100
970600
969500
969200
995600
968400
972400
985500
975400
972800
992700
970800
970500
979400
992700
991400
974000
982200
992800
972000
972800
971300
969900
975300
1005500
970600
973700
969700
979300
995200
975800
970400
971400
986300
997300
973300
972400
979800
972000
975600
970500
978100
969500
971600
989400
969000
969500
971600
970600
970800
981200
983900
989300
974200
970400
970400
973200
970600
980500
985400
973700
975500
972600
980200
971100
984400
982900
1038700
990100
969800
972700
996300
970000
992900
976400
995000
975400
982200
1527800
983700
970900
969800
973800
968500
980100
969200
969500
993100
970600
967800
973600
971600
968300
974100
988800
983000
973600
994600
970700
982800
969300
980900
974500
970600
987400
970800
969600
969900
970000
969400
982700
972400
977500
969200
988700
985600
968600
971800
970800
969500
973000
972500
969600
970800
970700
973700
972100
990100
975300
988600
983200
971100
969700
970500
973100
986700
987200
970200
979800
975300
982800
971300
972800
989200
965900
999500
971200
983300
972500
982500
978300
972800
970100
968100
973200
988900
991500
972400
969700
969900
988600
967200
970400
995800
971200
971500
970600
982900
969700
979600
995000
993200
979600
969800
970500
973600
969100
984900
970900
971500
970100
973500
969900
970500
974000
974100
990300
979700
972600
971900
970000
971200
971800
970100
973200
968100
970100
972600
972000
968800
972700
970200
970300
992900
973000
976200
973800
984500
969600
973300
968200
986600
972800
981100
971100
973200
970400
990800
968400
970300
967600
973300
969200
977700
973100
969900
970100
988200
980900
969900
1500300
996300
983900
978600
970400
974100
985800
987400
970700
970000
988500
970100
970800
971500
971300
982000
971100
997500
978800
972300
976800
970900
973100
971700
977700
993600
971100
992600
972800
993700
970200
973300
970900
986700
974500
970600
991100
1001700
971300
971200
973600
972800
970800
970800
969700
970700
993600
985600
970000
972800
970100
977200
972200
971600
972300
980500
979900
1002700
972600
969900
970600
973600
969800
977600
977400
972900
971000
991600
972200
971600
971300
972400
972600
972600
973000
970500
972300
971400
972900
971900
985800
970900
969000
989100
992800
969700
973700
970200
966100
1004000
972800
972100
979800
969800
969700
973300
978400
989900
993300
985900
985000
974800
960100
956100
957900
968100
971300
991100
989000
981600
972400
983900
971100
971100
970800
974800
977800
972200
970400
986700
972300
970800
977500
986100
992400
969200
985200
990500
993000
972300
967700
968900
983100
991600
983900
974100
971300
982900
972200
970300
968600
995000
957500
982100
973200
971800
981400
973900
984000
970400
972800
971400
970600
1535000
971100
970700
976300
983200
1001400
975400
969800
969900
992300
996400
970600
973600
970900
972400
973600
986100
969500
983500
992800
986100
976600
973300
970600
993200
973500
971300
974500
988100
969400
969500
972900
970200
970200
971500
969200
970900
972800
974100
969100
993800
968800
970800
970200
972300
971300
971400
970100
985800
989200
971400
983300
981400
969800
969200
971600
973600
970500
981300
967900
969500
974700
968100
979700
973000
968900
986700
971300
973200
969800
986300
992500
970800
980600
976800
970000
970200
972300
980000
982300
974100
990200
978900
973900
971200
967600
972800
970300
971700
972100
972100
981900
972700
972300
979000
974700
972300
971300
983400
984500
1013400
1006200
1105100
1083400
1150200
1218400
1179900
1196700
1211300
1242800
1218100
993800
1174900
1199000
1166100
1178200
1192400
1203000
1143100
995800
996400
987500
995800
983700
984800
1000200
982900
977200
985400
1022800
980400
984200
1019600
968800
970200
974300
982200
976700
973300
986700
993900
1006400
1013700
998400
988400
977900
989100
985300
980800
992300
976600
994900
1061600
1561500
989500
981300
976400
980500
986400
989300
972300
973200
1006200
976400
973700
976800
972500
995700
980600
976800
974000
978900
1026400
971000
996300
991400
967400
973700
970000
973600
973000
969800
977700
988400
971900
972200
981300
989500
976000
968800
974700
970000
981000
978300
969800
972200
971800
980500
970800
971100
971700
991700
987500
969500
970700
969900
972700
969700
972600
977000
973700
972600
992300
969900
973800
983200
968800
996500
970000
992400
995200
968900
991600
974600
971500
970100
979900
970700
969800
973200
972000
971600
971300
969500
984500
995500
970200
979900
979300
993600
993300
970000
969800
969300
981400
971800
969700
990000
971000
970800
974100
973700
970900
971600
971900
977200
982500
982800
971500
968900
975600
968500
994800
973600
970400
972700
970800
969300
970400
974800
995300
971200
973500
982500
985000
985100
968000
970000
973300
972000
989800
988400
993100
971600
975000
974200
984400
977800
973300
970100
971600
972100
970500
976500
970100
967500
989800
973400
975500
968400
972100
986600
982600
971700
971200
971900
1514000
985000
984000
977800
970000
983000
993300
970100
1049200
973100
971500
981700
982500
971000
969000
974300
970700
972300
982500
1057100
970900
974700
971700
974500
972100
971200
970800
975900
970500
972600
982500
992400
970400
972700
970600
967700
971700
971100
1050700
984600
971100
972700
983800
991200
986300
967400
985300
970300
982200
980300
983400
994700
972200
1068600
972400
1049400
1050600
972400
990200
971900
971300
972000
971100
988600
972600
987600
969500
972500
970700
976000
989900
971200
969500
971900
969400
979600
973700
969200
970000
989300
967200
986000
983800
970200
991100
985700
970700
969800
994000
971400
970100
970600
979900
979900
971400
971100
971000
971200
981200
968700
970000
973000
970800
973800
972700
971000
972200
975200
971000
970300
974300
968800
969500
973300
1005400
972200
977900
989800
971700
972200
982900
970700
973300
971400
970300
1019500
990700
970100
979200
969800
965500
984300
972200
968300
971800
978900
994700
986600
981900
983500
972400
968700
983000
973800
974300
970400
1001700
970000
969100
972400
969800
978400
986100
987600
981300
989900
972100
976300
968300
975600
985500
971100
974300
991600
971400
1001300
972300
974900
973300
971000
990900
972000
971500
971600
973000
981400
971300
978600
970200
982800
971400
969000
970900
989400
972400
971400
972900
971700
970800
981600
970200
969800
970900
968400
971000
972300
976100
970800
973500
969900
983800
972300
981300
971100
984200
968500
998300
969700
981500
994300
980600
994000
971300
968600
974000
970300
974600
986400
968400
969100
997200
987600
979700
976000
985000
970700
1016500
969500
970400
973800
971300
973000
978400
972400
980700
971300
988300
969900
973500
969900
969900
972100
983400
975200
971900
970500
969200
971400
970800
970700
969300
969900
971500
994200
971500
969900
983300
991000
973200
985000
967900
971200
974300
973400
969100
970600
972000
1009700
971300
972800
971600
968900
980200
971300
970600
974600
973100
973200
974900
970300
972300
971600
970100
970700
971800
969600
973800
972600
980300
982300
974500
968600
969700
977300
971900
975400
972600
995700
970700
974000
967800
989200
973200
979800
970200
1503000
982300
969800
970200
971000
971600
974400
970800
972300
970700
983300
986800
972200
995200
983200
966200
972300
970800
972600
972700
982600
968400
972100
985100
977200
995800
975500
969900
977300
973400
975900
978100
970900
970500
973500
1041600
988300
1000500
1152300
1114200
1149300
1126500
973300
985600
971800
990000
974400
970600
992900
973000
972400
972300
991300
971300
970200
971300
1039400
1061700
1096700
1031300
968500
993700
997100
975600
979800
1004100
969100
1016400
1057300
1022000
1155300
1161700
1103000
1123700
1129500
1105200
1194100
1185800
1153200
968400
1127700
1198000
1138900
1130100
1140700
1159700
991600
969700
976100
971900
970300
985400
982200
1107100
1140100
1122100
1096500
1057700
1155300
1128000
1070700
1121000
972300
1084400
1185800
1147200
1165500
1157600
1142700
1089800
1161600
1033400
1021200
983900
969600
983500
975000
970300
991600
1013500
970300
970000
1003600
1103100
1051200
1036500
1049400
1010000
1060200
1065200
1129900
1208100
1089500
999600
1144300
1010900
1047500
1059600
1002300
1060900
1130500
1155000
1004700
1058200
1078400
1067100
1075400
1126800
1088800
1056800
1110500
1022100
1105800
1738200
1172800
1171700
1109300
1109200
1198300
1285600
1262400
1256100
1329700
1131200
1197200
1202000
1219000
1229200
1169300
1157800
1121000
1145800
1108100
1116200
1079800
1092500
1114200
1145300
1090100
1109800
1105400
1083800
1081900
1061900
1110500
1119400
1129500
1075200
1063000
1101200
1076900
1044500
1097900
1110300
1150100
1148200
1135300
1193200
1280900
1320800
1174700
1092600
1154200
1092100
1091400
1083700
1081600
1064500
1139500
1037500
1125900
1046800
1055900
1000900
1076200
1138800
1158400
1160400
1161100
1140400
1174000
1155700
1179600
1129500
1020300
1011800
1063500
1032500
1058400
1057900
1019200
1072500
1092400
1019600
1079900
1147100
1109100
1074700
1033100
979200
973800
975400
1153500
1199400
1015000
989800
982300
1007300
1084200
1035900
1058400
1063200
1276900
1060400
1245700
1243600
1217100
1028600
1165500
1133500
981000
1022100
982900
1005900
979500
1005900
1007500
993400
1015000
979800
970500
971100
982600
969500
982600
983700
971900
974300
994300
996300
973200
984100
971100
981100
966700
967600
970200
971300
972500
970400
970700
973100
971600
971700
984100
971300
970400
992200
971700
990900
972300
989500
970400
977400
972800
972300
1537900
972500
975500
991200
978400
974400
977400
985600
989900
974300
971700
1008000
976600
991200
995800
978400
971200
971200
976800
994900
972500
976000
973800
996500
990700
977300
986800
983900
969700
990800
974100
982800
1016400
986300
976100
973700
973200
974700
976900
973300
999700
978000
1007800
975700
973300
976200
971800
973700
974600
983900
982900
987500
982600
1030300
1002000
1061700
1195000
1272900
1094300
1202600
1209500
1310400
1303100
1219000
1296700
980800
992700
993100
985600
987900
994600
986500
1021500
979900
986600
992600
997100
982600
992000
982200
973900
981000
990200
973800
974700
970400
974600
976500
976700
973200
973400
969400
992100
991600
974000
974600
977000
976100
974600
973200
971400
980400
980200
972100
999700
992000
996500
990300
990900
989400
987600
996600
1009900
1012600
1001700
1010200
993300
988600
989300
990700
986900
975800
997300
967900
986900
974900
982100
974300
982800
971200
989400
974500
1001900
992000
975200
997400
974900
980900
978800
975500
980100
971800
977300
973300
973300
973100
1005400
980500
981200
978400
974700
972500
984200
1495900
974000
971600
987000
987600
969500
994600
974400
1051900
976600
997000
974600
990900
976000
1003900
981200
979800
953800
990700
971500
990000
991200
977400
977700
973200
997600
971800
999700
971500
967700
996500
968300
970200
969900
981200
968400
978600
969000
970200
973600
972500
994200
970500
973700
970500
978200
982400
992300
977800
974800
970600
984300
973800
971600
991600
974500
974500
995200
978000
980500
987300
1007500
976300
971900
972600
953600
967600
983100
991200
976500
975500
993600
973000
980600
974100
970100
973700
976900
969200
972600
972400
980900
970400
970100
992800
972900
970200
969200
978800
983500
971700
967500
971500
976100
972000
987900
967400
972500
970800
976400
971800
968400
988800
1010300
1251100
1220000
990100
972800
974800
1017400
992500
978200
974900
976900
988400
977000
979800
992000
971000
983000
972000
971200
972600
970000
980900
977800
969600
970700
972800
970500
990100
982300
1007200
971300
972100
983000
992200
973300
969800
973000
971600
970600
970600
973000
970100
972600
975800
969400
980400
967200
971200
975300
1464400
986000
981100
988000
975100
1014800
1208200
1174300
1210200
1154700
1140200
1182800
1245300
1190200
1175000
1225800
976100
969900
975800
1021400
970900
973800
974800
970900
970700
972900
968900
994800
985900
975500
973000
973100
971400
971700
974700
982000
969300
974300
971700
989900
974300
983400
989300
994200
988100
969800
973500
969600
972000
971300
1015800
972000
976800
975800
973200
975700
973200
988400
972900
970300
985900
985200
973000
971400
984200
971900
969700
980500
975800
974500
1002200
972100
977000
972100
974400
996700
979100
986900
977200
975100
1000200
971100
1112500
980500
972200
969400
976400
1000600
971700
976500
981200
979300
979100
1003100
973400
994200
974200
970700
985700
986200
988200
986100
972400
986100
1010000
966900
974300
980800
975000
972800
976900
1006700
972100
982300
997700
972000
995500
977900
974600
976400
978900
987600
973400
983000
974000
974900
979800
975400
987600
994700
974200
1007000
977300
968300
972500
1066500
993600
972900
973500
982400
973600
972500
972300
976700
987400
972700
996400
974000
993600
980600
974600
988600
1002800
1546300
985400
969800
987600
973000
976200
972600
969900
970000
971900
971200
984800
995600
971400
969800
987600
974400
971700
971700
1015500
994600
974500
977900
975100
974500
999200
971800
970300
974800
1036100
972400
972900
970000
969700
973200
970500
977500
972600
973300
970800
973100
970800
1025900
1090500
1091300
1007300
1175700
1164800
1218600
1221900
1209000
1164400
987800
1149800
1260400
1201400
1200200
1229000
1192500
970200
986300
990900
974500
978500
976500
972900
984300
994100
968500
985100
1025300
1180600
1191300
1184900
1149300
1135600
1194900
1200900
1245900
1162400
1158800
975700
983500
988700
988400
973300
975600
972600
975200
972000
969800
971600
972100
967000
991400
978800
993700
984100
985100
969900
968800
972100
970200
970600
986600
989000
989400
970500
984000
970200
972300
971800
968900
977000
991700
968200
981200
975900
979400
974900
985600
974100
978100
986000
987600
976100
994200
995900
975100
987800
980100
972300
976100
976300
984100
975300
984200
1004400
974900
970300
971300
971600
985000
971400
1103700
973600
976300
1003800
974300
996200
992300
974900
991600
1571600
990400
991000
997800
1076000
974700
982400
972900
978600
977100
974300
987300
978700
1012900
1005500
1027200
976200
986500
984100
998700
975100
986400
973900
974400
987000
1016500
974000
988700
991800
978600
967100
979400
973600
975800
976300
994100
973300
974100
960700
973800
974600
975600
975000
988600
973400
980800
1016700
989300
986700
974500
969700
981800
984300
974600
973900
994400
977100
1010800
998500
996600
987500
995900
987300
989100
987800
1001800
976300
1016100
977300
968200
976400
986100
973200
975500
983100
974700
981800
984800
980100
977300
971200
981500
1003600
974800
973900
975200
986500
995000
1007000
980600
972500
975600
975600
978900
974000
989500
969800
970900
976700
999100
970800
1008200
1224400
1080100
977400
992900
975300
974300
973400
984000
981900
973700
971800
973100
993700
974400
990300
971800
975300
975100
994400
985200
993900
970600
994600
974300
996900
992600
996300
980300
974500
998500
970500
972700
976600
976200
988100
974900
996400
972800
970400
972500
976600
992300
984600
984600
1000100
976400
973200
1027800
1012000
975200
988000
1512900
970100
971200
1000600
982200
969200
971200
970600
972600
984500
988800
969600
986200
973200
