98281100
97188600
98821100
101204700
99203100
97771400
97828100
96604800
102891300
100085900
98956700
99900200
101333200
99395300
98239600
97471700
97713800
102328600
104217000
98255500
98771000
99050700
99133600
99540100
97287600
96630000
96855000
99903900
103877900
99364700
98982000
102210300
99226700
98272800
96658000
97100800
97104300
96657200
103382200
99143600
99724200
98512200
99054200
97659600
97421400
97380800
96732300
97471800
101291500
101604200
98337700
97432000
96315800
97589400
97020200
95857200
97571700
97454700
96543100
105625700
96805400
96906700
97218400
96802800
97698200
97277400
95419400
96472000
96755400
104300400
97998900
96900900
95694800
96571800
96832100
95952700
97009100
96983000
95959900
103146800
98550400
96607000
97755300
97080300
97788100
96543900
96825300
96282700
96912600
102769900
97381800
96727800
96802300
96267100
96874800
96353500
96058700
96551900
96602300
101107200
101356100
96890300
95727900
97487100
96768500
96495900
96824200
97028400
95544800
100211400
100223000
96790100
97651900
97640200
96304300
96898900
96609900
96046000
96770600
95893600
103489700
97258200
95893800
98367900
96958200
96639200
96786000
96646300
96261300
96362700
102719800
96615900
97793000
96771400
96147300
97100600
96888400
95634800
97466900
97442900
102669200
98257200
97809300
96861200
96914900
96707000
96242300
97027600
96539500
96647400
103535600
99064700
96349700
97036300
96563300
96689400
96717000
96848000
95526700
97440100
101720600
98423400
97053300
96713900
96400300
97266900
97233500
95856500
96866100
96784800
95880100
104311700
97207700
96142300
96295600
96367800
96268600
96737100
96217300
96285100
96747100
101807400
97653200
99494700
109352400
112234600
109322200
98926600
98853200
97228800
97545900
104250800
98361600
96604800
96481800
96780300
95713100
97099800
96485500
95561600
96945800
105411000
98400200
97376400
97607500
97198100
96578700
97121600
96252700
96957200
97174100
102755800
98089600
97490800
96324200
96425100
96745000
95808300
96593300
96811800
95865000
103220500
98808700
96165100
96751300
96901000
96120600
96900900
96831400
95593200
96494000
102615400
98006000
97123200
96425900
96752700
97074000
95954000
97753800
97664600
95556300
99402900
101656200
97259700
97157400
97345500
96275800
96902800
96636900
96293100
101683500
97548600
103551300
99738900
97541600
96409900
96779100
96823700
96053100
96810800
97026700
100421700
104586500
98678800
96881100
97665700
98007800
95928400
97486800
97293800
95617200
96704200
105565600
96891800
97439600
96410300
95777700
96524600
97472100
101694500
97253800
98042400
102485300
98697500
97873400
96241300
97349300
97386300
96097300
97671700
97021300
96261600
103652000
97605000
96551300
96707200
96198200
96827800
96946000
96482200
96632700
96844500
102530700
99254900
97500900
96648000
97141700
97830800
96075300
96341900
97187600
96419000
97920400
104475000
96711600
99199800
98054500
99425700
97311200
97729300
96224900
96881700
97052900
103435500
97507900
96891600
96476200
97268800
97091900
96183100
101596900
99872800
97041600
104609500
98755500
96956100
97327800
97114900
96821500
96712100
97021900
98893000
96291500
103812100
97358100
96933400
96910200
97131700
97429800
96621300
96125400
96893800
96051300
103529300
98945700
96271100
97938000
97040900
96167000
97095700
96397600
95762800
96928000
102427100
97516100
97056300
96874000
99561000
97597100
96426100
96060600
96879700
97072800
101929200
99796700
96690400
96428400
96868200
96821200
96202200
96787600
101097400
96550400
98138400
104084200
96880800
97358300
97470000
97061800
98103000
96790200
96126600
96750400
97017000
103711100
97610200
97559200
96240500
97080300
96605800
95772200
101565700
97656900
95483200
103950300
99392800
96822900
97143200
97096100
96217800
97123000
96062300
97363100
96726900
102610200
97994100
97226500
97257100
96383000
96892400
95978500
96905400
96810600
95040400
102800100
98981600
97095200
96056900
97734600
97611100
97857800
98853200
96706100
111390900
111420200
98415000
98085000
96828800
95985900
96987800
97179800
95933600
96470700
96692200
102392900
98661000
97289500
96272300
97178200
96896000
95748300
96524500
97100100
95967300
99922200
101895300
97150800
96451500
96942300
97086600
97293000
97612800
95849400
96438000
97249400
103052600
97306300
97122700
96296000
96718000
95865300
96820800
96442200
96332600
97533800
105495400
97393100
96474500
100989200
97131300
96684500
96946800
96233200
96769100
97191400
103501500
98546300
97791200
97450100
98463900
98708000
97265500
97472500
97863100
97098900
105293900
99179100
96987700
97444500
102054300
97368200
98266300
97939100
97144600
98805200
104128100
98269700
100388500
97734300
97471000
98549300
97655900
96164200
97429600
97550500
103729200
99344000
98159400
96669300
97489300
97419000
96647300
97111800
96962500
97112200
103534800
99130500
97776400
97069800
96567700
97655400
98066000
97326800
97260700
97851600
100876800
101271900
99117800
98014900
97642100
100213800
96982100
96514300
97172800
97049400
101116700
102821600
97529400
98014900
98565600
97315800
100891500
97245400
97036100
97701800
98721100
105458400
99501600
98493800
98429900
98478200
98505000
97490500
98624000
98380900
98080600
103479000
98842800
100472100
98045000
97488900
97383700
97503900
97463000
96779800
97502000
107553000
97729500
97725400
97571500
97310700
97799900
96738900
96282400
97243000
96760800
104337200
99348000
98460100
98457900
98756100
98268600
97298300
96712800
95313600
97323100
103897100
97277300
96427200
95952400
96140500
96594000
96508000
96106600
96747300
97014700
102706900
98890600
102136100
97044400
98094000
97184600
96773500
96462000
96527900
96183700
104430000
99386700
98214400
97363600
97050800
95984200
96630700
96377800
95613600
96490900
102718100
98055900
97586100
96757000
96521700
96952100
96822000
97191900
97040400
96969300
97676500
106201000
99419000
98157900
98020000
97124000
96580200
96711700
97977200
96029200
97510700
103118600
97724900
96505900
96303300
96588600
96897500
95925600
96281000
97027300
95972200
103875800
98139800
97183100
96467000
96710500
95734000
96748400
97254800
95589800
96809500
103427000
97044200
97240900
96748200
97240700
96749600
96958300
95935200
96202700
97111000
102817200
98970000
103325000
97269200
97596200
97729700
96276300
97145400
96664400
96324100
108068800
99384100
97712000
97136300
96914500
96254700
97927000
97107500
100275800
97233200
104569100
98293900
101308600
105272800
98562900
97115200
96982200
96144400
96940900
95810100
101789000
100298400
97907300
98317500
97955400
96113300
96772700
97259200
100973000
98754300
99579800
101388800
97800400
97195100
97145000
96840600
96639400
96183600
97228000
96924000
95985500
104817400
98486500
96958100
97223500
96577300
96409500
97168700
96841300
96730900
96614000
103457000
97381800
97237900
96493900
96331300
97104700
96889200
95872300
96729400
96985000
103386600
98342300
97395600
95898600
97371000
96725500
96382200
97051800
96819800
95892400
103621700
98502200
95774700
97227300
96173600
97786400
96779500
95686600
102423300
97260000
102978600
99705500
97826300
96370600
97418600
96739500
95731900
96452800
97529800
96238600
98308600
102162200
96443900
96631500
96748300
95576500
96717500
96807200
95955800
96366300
97175200
103713000
97350500
96937700
96111100
96668100
96469600
105727800
111937200
113208600
105210400
104014300
99439800
98951400
100095800
99202400
97352300
96371700
96680000
95745600
99654800
103219300
97045000
96685600
97453900
95955800
97049900
96738500
96130300
96414400
96917000
102758000
96769800
95999100
99543300
97067700
96262000
97241400
97144000
95608800
96936500
103500600
96393900
97001500
96773700
96333200
97074100
96458100
96150000
97029000
96327800
101535000
97434400
96479300
96891700
96728800
96702000
96129200
96809700
96763900
96627200
102157500
98778800
98237800
97279400
97557100
95874900
96676900
96375000
96185100
96511600
99311500
99556200
97952000
97273100
98058300
97151200
96457000
96212700
96875200
96605900
96426600
102548100
97239100
96352100
97342900
97574200
99784900
96838300
96631200
96299100
97694600
102008200
97626400
97967200
96302700
96655800
96303200
97182000
97162500
97776500
95855100
101921700
97587400
95891400
97030800
96768100
95499900
96961400
97344900
95912300
99201100
102397000
98246900
96966100
96761600
95870100
96918800
96961400
95928000
96878600
97008200
99480800
100209700
96763200
96009200
96952800
102286100
95829000
97032500
97385300
96216700
96867500
103579500
97007000
96671000
96520400
96039900
96964200
97194300
96317400
96504300
96987200
103026000
97482600
97074700
96114700
96868100
97112500
95963300
96754900
96257500
97030500
105097900
102151200
97950300
97389000
96018100
98757300
96381700
95850800
96769100
96973600
101867100
98749800
96389700
96102800
96978300
96891800
95845100
96487000
96485100
91799200
102091100
98234500
96076400
97121900
96744900
95978700
96784600
96910700
96696900
96728900
97522300
102520200
98898700
96988000
95894800
97133500
96884600
96024400
97298500
96783300
97041800
102637800
97527300
96087300
97393600
96593100
96235200
97168100
97078900
96261500
97227900
101762200
97158500
96472900
97270000
96521100
97018800
96220300
97124800
96307200
96060300
101890400
98393800
95947200
97250000
97287600
96002800
97009400
100094100
100001300
96602100
102196500
98783900
97936200
96562800
96366300
97000800
97463900
96971200
97353800
96838500
99237800
101426000
98390100
96423800
97184600
96623100
95787100
97023100
96385900
96015700
96623700
103983100
97059300
97172300
96984100
96754700
96949600
96849400
95852500
96782600
96865000
102378800
99079300
96880100
96190000
96536900
96844200
96295300
97130800
96703700
96667400
102477200
98177000
96351700
97613600
96388300
96918200
96758200
95870200
96914000
97040600
103139400
99672000
98489800
95590000
96652600
97650900
96104200
97192000
96495100
96186900
102078500
100021400
97044700
96896000
96999400
95904800
96831800
96697600
95911800
97095500
96623200
102781400
97226500
96990200
102251200
96947200
96927600
96708100
97380300
97520900
96062500
104803100
98864200
96788700
96667000
96929600
96581600
97504200
96915900
96046800
97113400
115439700
122034000
122760800
122187300
120824400
120928800
107306600
101469700
107117600
110391300
99594900
99366400
97239600
98261200
98209600
97094800
96259300
96606500
98863900
101476400
98236400
96455100
96977500
97622500
96466100
96890500
97382500
96125400
100538700
104962400
97694700
97276500
98085800
96146100
96690700
96744200
96319800
96754700
96917800
103128900
100420500
97840500
96305000
96888300
100915800
96718500
98098700
97198800
97704000
103804400
98868200
97146300
98025400
98158700
96973000
97757800
100516100
96947500
97376200
103367100
98355800
98244200
98370900
97463800
98111800
97933300
97092000
97783500
98369900
102882900
99264200
99603900
98423500
98276700
97849400
98458900
98049900
97274400
98120400
103912600
98205900
98136500
97057600
96321600
97492200
98560700
96959900
97210200
97048200
102322000
99164700
98292800
97786700
99005600
98692600
97578700
97458600
97735600
96661700
103343200
99258300
100164300
97048800
97582500
97800300
102322400
111678800
99245500
99539800
104520600
98146900
98551700
97514800
97170800
97858000
97641800
96568100
98001900
97547100
102864200
98905100
98536900
96643100
97033400
96923400
95973000
97106800
97611200
96098300
101133900
98114400
97704200
100171400
96527600
97424400
97529700
97061400
97595500
96995100
97502600
103588100
98074900
97021300
96392700
97915200
96976300
97329200
99978700
97068600
97688400
104984600
98626300
98344900
98037200
97737600
98037900
98366700
97477600
97781700
97597100
102656400
98946600
98654000
97541800
98678600
98273100
97159600
97594400
97802100
96229100
103768200
99074700
97160600
98667600
99020300
97373000
97414400
97885500
100125800
98160400
103912500
97868200
97840800
99678400
98149700
98407300
97259300
96307800
96963700
96231300
103436100
99332300
97290400
98208500
97193100
96806300
99526800
99466600
97928200
98324900
103769200
98475200
97615600
97200900
97014700
97710400
97588400
96877500
97758200
97712000
102295300
101714400
98786900
96932700
100000800
99938400
96944700
98094200
97137300
97014900
102988300
99046100
97206000
97160500
97412900
95988200
96756300
96951400
95952000
96950200
101975500
98150700
98141100
96920700
97207800
97492800
97611800
96238700
96410000
97048300
97218500
103787600
97889600
96883800
97945700
96991100
97408200
96959600
96805400
96883000
97725400
105222300
97600400
96919200
101503400
97137300
97112600
96249300
96294300
97223100
96670300
107368300
99046600
98791800
97201100
97576700
96326400
101767900
101791200
97851000
97903700
104017200
97459600
96596300
96578000
96406100
96928400
96812600
95829400
96747300
96882700
103313200
97955000
97091800
95925800
96978800
97337400
96374000
97026300
98138600
95965800
103224800
99297500
96162600
96090400
96857200
96023500
96404800
96464900
95969800
97046400
103380800
108556900
114854200
109789500
102346700
98750700
97350100
96935600
96788500
97810700
104449400
98273000
96587900
96849000
97260500
96535100
97846600
96800900
96677500
96996800
101337400
97023200
96909300
96272700
95943900
96621400
96561100
96033700
97451600
97860200
99192900
99103700
97379400
95640300
96652400
97555900
96546800
96879800
96896100
96211900
96760100
102981400
97015800
97381100
97200200
96405000
97032900
96512100
95972000
97519200
97252800
102299700
98533400
97141300
96331300
97052800
96774500
96631500
96358000
96873900
95936500
107620700
96144700
97797100
97585400
95804300
97157800
96572800
95808800
95980200
96657500
101119800
98329300
97891100
96047800
96835400
99468200
96476100
97385700
97280900
96063400
101433500
98236400
95838600
96577500
97089100
96378200
96494500
99294000
95404700
96397600
97101800
102507100
97174500
97182300
96417100
96849000
96984800
96021800
96871300
96917100
95948200
102713000
97898700
97032700
96658800
96419100
96134500
96889000
96676800
96145000
96928200
102552700
97500600
96663900
96982700
96478800
97125200
97678200
95844600
96648700
95578200
102520000
98683000
97224900
96693400
96818700
96327900
97023000
96444300
95822400
96825300
101091900
99593700
97239100
97134900
96390900
96937600
96819100
95958000
96878700
96798400
96079900
103578900
97572200
101270200
98769200
101577200
98152400
97716800
97588400
95852100
97284600
103227700
96853400
98581000
99203600
95778400
97204100
97142400
95613400
96531200
97127700
101734900
98114700
96693700
96409700
97001900
96995500
97424700
97674600
97183200
95543700
102972700
98765200
96383100
97200000
96757500
96616100
97441500
97240200
97553000
96806800
103272800
98034300
97109600
95716300
96372300
96893600
96078100
96466700
96678500
96191900
101329500
98850100
96830700
96372600
96888400
99443500
97789000
97032100
96384900
100441400
98984600
101062100
97590600
97193900
97251000
100088800
96660700
96134900
96779500
96733400
96352100
105083600
97714100
95930700
96680700
96688700
97071800
96767100
96752600
96497200
96861900
104740200
97526000
98904500
97205200
96190800
96696600
96949200
96037700
96480100
97110100
102091000
97679700
97270500
96368300
96795600
95510500
96717100
97223200
95679900
96346100
99220000
96545200
96738800
96686700
95836200
96938900
96610800
96420600
97088300
96318400
97145400
97637100
97023000
95565300
97208200
96573200
95894100
97187200
96774500
95813500
97091500
98650100
95940400
97169300
97042700
96239400
96783900
96719200
99148700
96507500
97179800
96857000
96925300
97212500
95843900
97284500
96913800
96303400
96756200
97064200
96163100
98082900
96853200
96189100
96767400
96958800
95783200
97171900
96756900
95592500
97184500
97255900
100700100
97643500
96766200
96449600
96469700
96594900
97183800
96747200
95652800
97152100
97043500
95754300
97301600
96837300
95332400
96341500
96737400
95962600
96281100
97519200
97635700
96980300
96405200
96026900
96837000
97692400
96301800
96380800
96483000
96170100
99961900
98274300
96223800
96692900
96997600
96038700
96636900
96895500
95990300
96558300
96853500
97203700
97067100
97506200
96307300
96442000
96847900
96361900
97116800
96697400
95304600
96695500
96523100
95986200
96757800
96759800
96204900
96319000
97395200
96222600
96463500
96368800
97068400
96815000
101574700
97170700
97016600
96988600
96846100
96791200
96760700
97710400
97875700
96380300
96578800
96809800
95652800
96580400
96981400
95928200
96847400
96969900
97907700
97132500
97244300
96024400
96897500
96966700
95890400
97031900
96565500
96849800
98426000
97474400
97203300
97690000
96562200
95953400
96830000
96794400
96462300
96918800
98135200
96548400
96579100
96780000
95686000
96584300
97096400
95861100
96746900
97043100
97015900
98078600
97094700
95394000
97210100
96672600
96309200
96932000
97198400
96946800
97641100
97277800
96912600
96854700
100768400
97855100
97228900
96150500
96777900
96643000
95890500
101104900
96559800
95487300
96904700
96828200
96293000
96832300
97269700
99154400
96608600
97389300
95884500
96695000
97594600
95767000
96772300
96574900
95647200
96456500
98942500
98469300
96601200
96789800
96043900
97050700
96538400
96261500
96291700
96842900
96728800
97037600
102049000
97022600
96532000
97226700
96264100
96458200
96633500
95933500
97126000
96690100
97791900
97113000
97293500
95972200
97312800
95935100
97046700
96343700
95128600
96953600
99994300
96082700
96625200
96814400
96113600
96485400
96888700
96491000
96286600
97034400
97526200
98447600
96717000
97611100
97520500
96762200
97104600
96813600
96799800
96097800
96989500
102536500
95965200
97230400
96816900
103156200
99235900
97201600
97091200
97059100
96917600
101421700
97946800
96677900
96547800
96632200
96687600
95787000
96550400
97079000
96667600
98552800
97818400
95747900
96609000
97413100
95822200
96884300
97541700
96165200
97351800
96796300
96567900
97144000
96085200
97290000
102177700
96441100
96324100
96349100
96081500
98002800
99502700
96285700
96112200
96507400
97032200
96845500
97180800
95767600
96731400
97763400
97494700
96290300
96486700
95797200
96770500
96846100
96863500
96562100
96999700
97058900
102989700
98012200
96031200
96938300
97257300
96607700
96713500
96832300
95677500
96781300
98408000
96936400
97140900
96816100
95743600
97218300
96682200
95871900
96846600
96711300
97030000
99832800
97066000
95766400
96472700
97569600
96528000
98153300
97704100
96821800
102898200
99647900
98774400
98649800
101072300
98826200
98140100
97407000
98028000
97675500
97933200
99350400
98192700
98041800
98644900
97381600
97434100
97578400
98108900
96885500
97480300
99360600
96735200
97426500
98026200
100442300
108421700
110052600
99296300
98730000
98593300
105384700
99627500
98427000
98415400
98785000
97889600
97046900
98034300
97252500
96948500
102165900
98291700
96619300
97191500
96896300
95802500
97219400
98123200
96312600
96885500
101379400
96154200
96597000
96618300
95915200
96670100
96493500
96731900
96239500
95910500
102900500
99375400
96610000
96526400
96508700
96139300
98845400
96457300
95824400
96645700
99027500
97831300
96533100
96376100
96123700
96766000
97185400
95545300
96823100
96102800
96368700
100778600
97194600
96440500
98036900
96760800
96191900
96857200
97229100
97557900
97378000
103213700
98752100
96287600
96692300
96574700
96624100
96699400
95855100
96529200
96608900
100387100
98486500
97024000
95436900
96562000
97327700
96244000
97055200
96930500
100745000
99574300
98132000
96487400
98624900
96382700
96842400
97600300
95799700
96876700
96691800
96925000
102744800
98369100
109695800
99115100
97831000
96560400
96982600
96324400
96287600
97032900
104316500
97020900
96729000
96449000
96955400
96830400
96983500
95679900
96113400
96391600
101475400
97268900
96463000
95830500
96956200
97435300
96333800
96975900
97085600
97897800
100736800
97477400
96288900
96872500
97295300
96240400
97091000
96986600
95895300
96813700
99496700
96864200
97032600
97643400
95685300
96569000
96891800
95798400
98489400
97088000
98825900
99059700
97616600
97202100
96462000
95576800
96318700
96811900
95636300
96628200
96900100
99993800
96470900
97014600
96170800
96853900
96697700
95879400
96498800
96214800
95865300
102409200
97653400
96477700
96364000
97028700
95776500
100464800
97354300
95845600
96596500
100013000
95595000
96882200
97348100
98372600
96850700
97693800
99486200
109562100
107626200
106989300
107598100
105485200
98218000
97806600
99186900
95695400
97299600
97067700
98575400
100819500
96959300
95532200
96882000
96934800
95978100
97195700
96499600
95808200
96747100
99741200
97470000
96690500
95550000
96763300
96664300
96023100
96936100
97337700
96463900
98076700
98331500
95931400
96552800
96541900
95871500
96732300
96967900
95685600
96703000
96411200
100149300
96758200
97075800
99652100
98749000
98417800
97463900
97110800
97090100
96160000
100131700
96270700
96528400
96615700
97023300
95906200
97105400
97124800
96065500
96732900
100245800
98038900
100233800
98124900
97302600
96446600
97375600
95996400
97270200
96935600
99048600
97921600
98181400
96376800
96853100
96947800
95893100
96693600
96267900
95997600
97088600
99330000
96677100
97480000
97700300
96966700
96874500
95996400
96580900
97044600
95716100
98310100
96641500
96176300
96779400
96924600
97398600
97441100
96669100
95843400
96462200
100296500
95601100
96900000
96573300
97148600
96368300
96782400
95560200
97035900
96702900
98657000
97332400
96994700
95771900
97431300
97788900
96106300
96378300
96721900
96176400
96874400
99035600
96134800
96953200
97259100
96371300
97998900
97624200
95993300
97211100
97668900
99670300
97731000
97228200
95626200
96716700
95803000
96960600
96338000
96034600
96514400
100362700
96536800
96728900
96703800
95878100
96989700
96625300
95984500
96984100
97192500
98371600
97065400
96524100
96249900
101923200
96476700
95713700
96770600
96463200
95918600
97135100
100040400
96182300
96931600
96482400
96291300
96613300
96798600
95995600
96886400
96743300
100378900
97279500
100076000
95814600
97176300
96891700
96235400
96864600
97054500
96920500
101254800
98370600
96784400
97891600
97267900
96388200
97064500
97533500
96722700
96911900
99818400
96085300
97125200
96888400
96931600
97638300
96094600
96308900
96748000
95758800
99517900
100738300
96053800
96674100
96868300
100460500
96862800
96748900
96910700
96762200
97537900
99629900
96686400
96658700
95911600
96783500
97748400
96144500
97024900
97494600
95609000
102584400
99189400
96167600
97104600
96939500
95969900
96657600
97018700
96310100
96932100
105438700
95916900
96692700
97200900
95666300
97069800
97086400
98572100
97269000
97662000
99438800
98165100
96322900
96997100
96464400
102703900
95498700
96953500
97137600
95829800
99626000
99101700
97036200
97324800
96793100
98322400
97434900
95965600
96748100
96788800
96018000
100988000
96783600
96351500
96591700
98608800
96774900
97226600
97574900
96416700
97100500
102811900
96302500
96713200
97178300
96034500
97252900
96555300
96293300
96626600
96718200
100225900
97541100
97094500
95990000
97068100
96688200
96810100
96662100
96778100
96944400
99928800
97334800
97106900
98204700
96864600
95852200
97357600
97041600
96139400
96765800
98731300
100529500
96509100
97134000
96711300
96575000
96893100
97232800
97480900
96721800
96238500
99432400
96458400
96566400
96489000
96114100
96390900
97027300
95799100
96456000
98136500
98099500
97489100
96775800
96197700
97574800
97810100
96315300
96568000
97114600
95982100
98237400
97094700
97120300
96419500
97163400
96013200
96748500
96693300
95687600
96574900
97930200
97140700
96861800
97091200
95897300
96609800
97249200
96177100
96167300
96706200
96287500
97934400
97030300
96081900
96867600
97630000
96039800
97074300
96725700
96372400
96825200
100240700
96109100
96623900
95888800
96884500
96746400
95585200
97309600
97055100
96296500
101062800
97465400
95691200
97357200
96949300
97884600
96751000
96543200
96197400
96962900
98281000
97908600
97534700
96899100
96132900
96904500
96976700
97941400
96704100
96609700
96332000
99825500
96480300
95663000
96844100
96976000
95642300
97171800
97297300
97485300
97270000
100695900
95503000
97263700
97201000
96106300
96811300
96796600
96165000
96593600
97068500
100604600
97803600
97529700
96616600
97069700
96776100
96365800
97599300
105656500
108462900
108449300
98117500
98949900
97463600
96553100
96374900
96604500
95818900
96266100
97256900
99646600
98150700
97161100
99198600
98326600
96658000
96711500
96754700
96495800
95854300
97589500
98386300
95715100
96754100
96900400
96861000
97957100
96513400
96030100
96969300
97761800
99737300
97054200
97456200
96601900
96800200
97315800
96461900
97081000
97018100
96122500
100315100
96755400
96312000
96896400
97190200
96118200
96551800
97169900
96318900
96981700
99574800
97051300
96729900
96483700
95797200
97028100
97312500
96358700
97001300
96093700
98230900
101049900
96618700
96824500
96542800
96201200
96761500
96948100
95854400
96674800
96805700
102370500
97665700
96956300
96098100
97492300
97176600
96125200
96413500
97185400
95810500
102781200
98301500
96355500
96870700
96837400
95906200
97163200
96837700
96341700
96751900
100587600
96681500
96924600
96568800
95670800
96624700
97118200
96517700
97292200
96779700
99472100
97728800
96585200
99571800
97274600
97098200
96241900
97679800
96691300
101102800
97380900
98743600
95618100
97040400
96845100
95971100
97243900
96045500
97787400
99193400
95924400
101166800
98138100
95927300
96746400
96852500
95862800
96689300
97361800
96003200
97155300
100062100
95706400
97357800
97185900
96433800
96658900
97513800
96300600
96809800
96908300
99776300
99688400
96998600
96173800
97420000
97430400
95745900
96451800
96910000
96118100
98238700
100288000
96363600
96455600
97193500
95878300
97135700
96632700
95731600
96427400
97133000
104143700
96784200
97168500
96787400
97360600
96695400
95861800
96436000
97871000
95881100
101751700
96926800
96111100
96920400
96191000
97014100
96629900
94891200
96880500
96692500
99417200
97521500
96795700
96167700
97255000
100343100
97812100
97459800
96896200
96262300
101182900
98632600
96516800
97532100
97125300
96005600
96874700
96691000
95948900
96245800
97691400
101355900
97006500
97096900
97169400
97283000
96651400
96068800
100543700
97059600
96622400
103231400
98474300
95895200
96711200
96671100
95885800
96906600
96915300
96404000
96939900
100671300
96728800
96254300
97007300
96428600
97455400
97321000
95676700
97037800
98069800
98984900
97669900
96168400
96496300
97271000
97520000
96667200
102008700
96248600
96634200
99542900
96771900
97641900
97737600
97878800
99399800
97205000
96769200
96565900
96806300
98308800
98462700
97733500
95991200
96757400
97189100
95888600
96655000
96749700
95831100
96944500
100684700
96408900
96846500
96217800
95919300
96867300
96963700
95989800
97197400
96736000
100779200
97305400
96910700
96907100
97201300
96827200
96298900
96726900
96805500
95927700
100041400
97101800
96096400
96717200
96800300
96081600
96929300
96384000
96352200
96667000
97164200
100423700
96707100
96014500
96680700
96244500
95696600
96631100
96656900
96468400
98466600
101073000
96934200
97099200
97435300
96388300
97833800
97938600
96934600
97331700
97520700
102169300
98116800
99453200
97043500
97627400
97000500
96792100
96817500
96741900
96222100
100350000
98008100
96188800
96863800
96997500
95944400
96792300
96652100
96296700
97243200
99648600
96715600
97309000
96723300
96192600
96508900
96850700
95699700
97012100
97461400
95989900
101577300
96984500
96258500
97031900
96671600
96403000
96921000
96357400
97563200
97929200
100019000
97633000
97327400
95796200
96413800
96928800
96421700
96586400
97078800
95884600
99322200
96874400
95680700
96621600
96866200
96492300
96425500
96804300
95813700
98884300
100292300
97102600
97969700
97217900
96713000
96823200
98050200
98071800
96596300
98467100
100512000
101086900
97567400
96212000
96814400
96840100
95840700
97193700
97964700
96446800
96666700
100034800
95777500
96363300
96985300
95910600
96381400
97112700
96455300
96311000
96425600
99170000
97419100
96641300
97162700
97367800
96311300
96393600
96380900
95816100
97119200
99931400
96661900
97048200
96689200
95612000
96777400
96708400
95877400
97028700
97130500
98536500
96735900
96715800
96180300
97270900
96759300
96159300
96702700
96460400
96150100
96944000
101384700
96633700
97132500
97124900
96446300
97005200
96659100
96015400
97113100
96837700
99018100
97413100
97418700
100167800
96795600
96991300
95665200
97296200
96732700
96474500
100136400
96774700
95998500
96816500
96821400
95939800
97018600
96404900
95990600
96525900
98612300
97552100
96961800
95706800
96782800
96511900
95827600
96705100
100270300
96009900
96333000
100636900
96233600
97264400
96761600
95670500
96898800
97476100
96448200
97026300
96432800
101379900
97127600
96875000
96179700
96719500
96953400
95956200
97240100
98852100
95894200
100033900
98117800
96146800
97162400
97388500
96590400
96526000
97073000
96447300
96444700
100374200
97134200
97544500
97872900
96671000
96989100
96787600
96103700
97281200
97030800
97620000
98946800
97185900
95878400
99349000
97154800
95920300
97534700
95672200
97737000
97652600
99700100
96455300
96603100
98035800
97047300
96785100
97284700
97505600
99413400
96421700
100239700
96672000
96107000
96918900
96832400
95715600
96752900
96574500
99124800
96408400
101168800
97652100
96628500
97420300
96274200
97389400
97079800
95961400
96872000
96933900
99588600
98045400
96946800
98530800
97091300
97723300
96557600
97235500
98023200
96814700
99840700
99626700
97473500
97786200
97908800
96529200
97733200
97409900
97160200
98205400
98824900
100396400
99990000
98537600
97938300
98782700
98115000
97424900
96523300
96290200
97127900
100507300
97226400
97331600
97486800
96839300
97388700
97041500
96182500
99049700
96270700
100290300
97371300
97721400
96389000
96426900
96799300
96212800
97250900
99502800
95687400
101409500
104075100
107330800
104842000
99428200
98263300
96991200
98046200
96535200
100161300
100874700
97189500
98157300
98102700
97179200
97152500
98057500
96555400
97141100
98652200
99687500
97988900
98231200
97917500
98107200
97743600
98107400
99385000
99407600
99129500
101466900
99258100
97724900
98156600
97520100
98504100
98426000
96318200
97842800
97467200
99929700
98461400
97280600
96882000
97533200
97755500
96983100
98281200
98472200
99084000
99359600
101190200
97465800
98138500
98580800
96881500
97388600
97838100
96886100
96837700
98400300
99850900
98733900
98893700
97914400
98967500
98151100
96450800
97063800
96747000
97084000
100128400
97702600
96658700
97448600
97605600
97195400
96740000
97084300
96356300
96838000
100493800
96904500
96971200
96660400
95947100
96732700
97172800
95678300
97082800
96594500
99564600
97373300
95503500
96049200
96599400
96165500
96692700
97402500
96555400
96699100
99270500
97002900
96677900
98058500
95969600
97066200
97069400
95730500
96787200
96836500
95604400
100725500
97700800
96431600
97306900
97317100
95677100
96577000
96563500
95714400
99969300
100542700
96225000
96894800
97097600
96928200
98050300
97697600
97486600
97042600
96730800
99320900
96863400
97501500
95835300
96717400
96688200
97954200
96875500
96794300
96206400
99510000
97251800
96259800
97210600
98511300
97211700
98315400
98158600
98013500
96547200
96855900
99976200
97784400
95698300
97647700
96490200
95862900
96476700
96511800
95956300
96960400
99125200
100558800
96919900
96431700
95908900
96669100
96851200
95767300
96600000
96746400
96793100
96536000
96873800
95813900
96800400
96428300
95935900
96676300
96780700
95626200
97577500
97378100
97257200
96782700
96745200
95681800
97125800
96707500
96240000
96979700
96883300
99141800
97572100
96796800
96542700
96772400
96765700
95869600
96885900
97350100
96836100
98267300
97026200
95923900
97037700
97129400
96272600
96764600
96414000
97070500
96429200
97952900
97625600
97251400
95464600
96790400
97195900
96260400
96367000
96406800
96063200
97732700
96724500
96060200
96943200
97792700
97682100
97870800
96943100
95979300
96733600
96778300
97945500
100241900
102031400
98450000
96894500
96766100
95820700
96831000
96430700
95951700
102858900
97572900
95978200
97010700
97058900
96163900
96610600
96549100
96268500
96386200
98991900
96017300
98582500
96805000
96247000
96312600
96952900
95721300
96871900
97510300
99498600
97832400
97978700
95949100
96974200
96129600
96893200
96553300
96152600
96572400
97495300
98433000
99862200
97269200
96213400
96802800
96698400
96339200
96475100
97031400
96300400
99490100
96692600
96451400
96802600
96762800
96165300
97424100
96919700
95979300
97446500
98032400
96193000
96991700
96627100
95950700
97213300
97403200
95941600
96607100
96573400
97711100
96470300
97280400
95780400
96987000
98053800
96069900
96942800
96716600
96263700
97580700
98299000
96309400
99390100
96761500
97350300
97036500
99631600
96279900
96647000
96277400
99301400
97245500
96753700
96752000
96955700
95736800
96374200
96578100
96157300
96677500
100041200
96577900
97264400
96742000
98072800
97348900
96791900
96966600
96517800
96888300
98703100
97361700
96491700
96860200
97129200
96576300
95879800
97268100
98222400
95698700
98489600
97348900
95935700
96666900
97394200
96748000
97371500
97418000
96501100
96544800
96744300
99282300
96482300
97340700
96071600
96679500
97074600
96031600
96853600
97042700
97071700
99802600
96792500
95596000
97468900
96869800
96186900
97870500
95799100
96571800
96615900
98995400
96600800
96998400
95817900
97304100
97097900
96274500
96907100
96796400
95810700
98863500
98328300
95720100
103331900
98381700
96008600
96681800
96491800
95788700
96683300
96433300
99552000
97319500
97039700
96806500
97228100
97198600
95745500
96770000
96792400
95764900
100220700
97010500
95861400
97058100
96788600
96451500
97094000
96795000
99170500
96579800
99901600
97459700
97036800
97120500
96582200
97337200
97091200
96671500
97450600
97081400
98618300
97143800
96741200
95845800
96515400
95603400
96806000
96773100
96094200
97083400
97340400
98769500
96025300
96943700
96254300
96640000
97122400
95745800
96535400
96851400
96826200
99837100
96548900
97949400
99003800
96379100
96214000
96725800
97456100
95971200
96841500
100024900
95550600
96895800
97756300
96728500
97067500
96747900
96566300
97455800
96738400
99306100
97428500
97039300
95570300
98474100
96389800
95469600
96087900
97029700
95807300
98432600
98479100
95513100
97105800
97043000
96879000
97502200
97209100
96362200
97053600
96596700
99208200
96727100
96945000
96872100
97304400
95788500
96415700
96520400
96334400
96773200
100715700
96274000
96873800
96917600
95971900
96791800
96754700
95754300
97145800
96433100
99829400
97056000
96700900
96322800
96614800
96256700
96569100
96748400
96695300
96152200
99374100
98236100
96119700
96752600
97141000
95814200
96756800
96781600
95973100
96739000
97121300
99728200
97533500
97515000
95685400
97302200
96808800
96575000
96848100
96472100
96019300
102017200
98227400
96595700
96986700
97289800
96631200
96804300
96841600
95882200
96709900
98974200
96786900
97226800
95789300
97294300
97643000
95858400
96395300
97404700
96426900
99209600
96988800
96169500
98307800
99481300
96751600
102361300
102949800
99106700
99326600
103486800
98527100
99176700
97671000
96467400
96495400
96430200
95839300
96395600
96698500
95883400
99997400
96865800
95711600
96835800
96878200
95669400
96817700
97567300
96141700
96721500
100475700
96302800
96852500
96493100
96263000
96860400
96949800
96377500
97004100
97426200
101960800
97739200
96587500
95866300
103710500
108547700
113017000
106032200
98825200
98490300
100627300
98351100
97808800
96579900
96141800
96983100
96206400
96177200
96768500
97066900
99606300
97301700
97323800
96060400
97266800
96777200
95775100
96422500
96675700
95542300
101654800
98804600
96106400
97543700
97946800
96787000
97186800
96592300
95992900
96866600
97800700
98234100
96433500
96650700
95897200
96919100
97102700
95751000
96507700
96910300
95969300
100149200
96614500
98673400
97026800
97091000
96872200
97525600
97012000
96397100
97495100
100841100
97234800
98013100
97453700
97736300
97922700
97303100
97605000
97445900
96137100
99358500
98218800
97275100
97070400
96647100
96265500
98349100
96984000
96769400
97244500
99896000
97131700
97348200
97353600
96762700
97400300
98111800
96669200
97537900
96964300
95856900
101606700
99049400
97509700
98004500
98006700
98944200
97942300
97484000
97602700
96867700
102507400
97693200
97127400
97374500
96968800
96575900
97064200
96482000
97737200
96793000
99324000
98015100
97281300
96604100
97685000
98334400
97684500
98083600
98280400
96528500
100085800
98598100
96559100
96850200
96461900
97547200
97459900
95814500
97271700
97005600
98799300
99049900
98049500
96339800
97663000
97266500
96598500
99088200
96718200
95893100
98746100
97548400
95960900
96700700
97038700
96440700
96909400
96724000
98910500
98623200
97473900
100346500
97445000
97565100
95791500
96320300
96733400
96278400
96747800
98679000
95616200
99693500
96914500
96039900
96833200
97378100
95742200
96856500
98116300
95681300
96946400
99639600
95981000
97052900
96959500
96089300
96736600
96556500
96203900
97034800
97274000
98572300
96901700
96030800
96551700
97737400
96409700
97093900
97164600
95863900
96399300
96829300
102665500
96435400
97131400
95976700
96699700
97091500
95904500
96523400
97011200
95694700
99936100
96841400
96442000
97438000
97835300
97311100
96766500
96541200
96059100
96972700
99939800
96005300
96550700
96430200
96264100
96759300
96762000
96159000
96832100
97110800
98985800
98273500
97013900
96885100
96780000
97234300
96222600
96773800
97271600
95690500
96946900
102353700
96535500
96927000
98520900
96601000
97079300
97788600
96211400
96558200
96386800
100105100
96685300
96296100
99280200
98193600
96334100
96797400
96763200
95544500
96972700
99980300
96220100
97378500
96262900
96083100
97250700
97080900
96145800
96928200
96419900
99201100
97749700
96789800
95857400
96909100
96762300
96102000
97918300
96610500
95686100
99598400
101549300
95669500
97243400
96833100
96471000
97125600
97575100
96291800
96680400
96623000
99345300
97052600
97327900
95822200
97046900
98001100
96498500
96622500
97201000
95946300
99962100
96833400
96144500
97703500
96410600
95971400
96777800
95862300
97247900
96688300
99533300
96873200
97074400
95756700
96422900
97368800
96295000
98208100
97902000
96016100
100017200
98531600
95873600
96841100
96906400
96147000
96890200
97057000
96310700
96246800
96510700
101705000
97400000
96915500
97404400
97614900
97309800
96936700
97451600
97987000
96059700
100389700
97292100
96786000
96819300
97588100
96726100
96892500
96698600
95881700
96605200
100492600
96135700
96958400
97111300
95889800
96941500
97219500
98155000
102464700
97961300
100269500
97177900
96703400
98315600
97375900
96038100
96542200
97187400
96286100
97202700
101227000
97565900
96680100
96987500
96555500
97027700
97565900
96858100
96603600
96775400
97340300
102843600
97057700
95820300
97371200
96422200
95776200
97382500
101031500
96238300
96500400
104542100
97672300
97540300
96616300
96498600
96741600
96954800
96122500
96977100
97636800
101030300
97064000
96582300
95992900
97736500
96676500
95923100
96992900
104251200
100021300
100951900
97743200
96308400
96845700
97442900
96590500
96770700
96832200
96712400
97530700
98950200
97287100
97346600
95501600
97181800
96980900
95582300
97564800
96265000
95457300
98397900
101043400
96130000
96802900
97357800
96199100
96536300
97167200
96780600
97905500
98411900
100895200
98320300
97640400
96611300
97063600
97302100
96632200
97442400
97588400
96598000
100389600
97803000
96593900
97099900
97474400
96921900
97687800
97757000
97813200
97123000
100210600
96801700
98422400
96926900
96440400
96900400
96746000
96026200
96699400
97558500
98559300
99261900
96992000
96118100
96974500
97051400
95930700
96797300
96171400
97589000
98189100
97296500
96553100
97017700
96159600
96664400
96800300
96014800
96955200
96864500
96085400
100587900
97158100
95763900
96477200
96768700
96419800
97110100
96745800
96228000
97547500
101392200
96232700
98237000
97859900
96535100
96950200
96642500
96139500
96846100
96287500
98718500
97700800
96990500
97096800
98314800
97012500
96908800
96950600
96825600
96018700
99746100
98487500
96939400
97917500
97288300
95720400
97360200
96944100
95948100
98101400
99257300
102245800
97422500
96717900
96003500
96560500
96783200
96576100
97333300
97333000
97317100
100739800
96277400
96224900
96942800
95947000
96276300
96658500
95684700
96856900
96813400
99799700
97763600
96611600
95831100
96942200
96775800
96049600
96370300
96962700
95748700
102502400
98547100
96526500
97057500
98467900
96288400
96524200
96988400
97148800
97486000
98884700
98283300
97114400
97314300
96312500
97404800
97029600
96093300
96637700
96559800
95646400
99945600
96649400
96458600
97106400
96869700
96009400
96715600
97407900
96059100
96864400
102362600
97027000
96776700
96285200
96873100
96726000
96509400
96893000
96905100
96015500
102100100
97994500
95928200
96958300
96960800
95771400
97450600
96836100
95910500
96949100
99474300
95961400
97530600
97738500
95856000
96914100
97302600
96585700
102419400
108385700
111352300
100744700
99291100
97128300
97165000
96717900
95953100
96701800
96690700
95658900
99105800
100210400
96753600
96268900
96751600
95876900
96532400
96905600
96042100
96998400
97117800
99269700
97176300
96930000
95872700
96757100
96909600
96521900
97047000
97133600
97500400
100494800
96990600
96917800
96997900
96332300
97115000
97223000
96161300
96131900
96719300
98955300
96447900
96720800
96218200
97197200
97692900
95891500
96772200
96682400
96057800
98791900
97543600
98602900
96844600
97261700
95906300
96401300
96574100
96234800
99909200
96709400
99054100
96971100
97475800
95815400
96885600
97078100
97341400
96616600
97066900
96104600
99921100
96784000
96400900
97165100
97384400
96300600
97068300
96501800
95926900
96876000
100047600
97444100
96707200
97109100
95673200
96551700
97174700
95810300
96779700
96267100
98937200
97787900
95906500
96528800
96415400
96188900
99196100
96604700
96473500
96974800
97467100
99755000
96247100
97202900
95324300
96824800
96689000
96253300
96469100
96626500
95804900
99776500
96478400
95780900
97023300
96529300
95732700
97346900
96653400
96574600
99295100
101123500
97856900
96409000
96960300
95646700
97206600
96887800
96746300
98690100
97118400
99221300
98390200
98280100
96753000
97996900
97073000
95918900
97178300
96912000
96599700
97306600
105888700
98051200
97322000
106025800
97204300
96937700
95706100
96590500
98444100
97240500
101631900
98224000
96882800
96956100
96880200
96230800
96651700
95536600
96389300
96523600
102676300
97756400
97063100
96717200
96037900
96507100
96979800
96410900
96996100
96941400
100566300
97629800
96942500
95891100
97019900
97141100
95927900
96302800
96643400
95521800
99437800
96919700
96048100
96285700
97672200
95849700
96582800
96905500
96085400
97197700
97478200
98624700
96637300
96707200
95740600
96902300
97374500
95963600
98969400
96977000
96791400
101247700
98268100
96864200
96793200
96083700
96978900
96493800
95853700
96717100
96674600
101039200
97812500
97213100
96754700
96773600
98750800
97167500
96866300
98667400
98942200
100737900
99459800
96003900
96321300
96815500
96093900
97449900
96957600
95834200
97136000
99234400
96855300
97026500
96539300
96251400
96953000
97156300
96217100
96559500
97083500
98539000
100843100
97252800
96397000
96640100
96972200
95823600
97018100
97531500
95692600
97019600
100359400
96274100
96668300
96866900
96559300
97174300
96731000
96454100
96931000
97650600
99165000
97371700
96145700
96553000
96822200
96027200
96943800
96982300
96252700
96544000
99300300
96891400
96622400
96840900
96319600
96316700
97348700
95961800
96528700
96982700
96181500
102408200
97190900
96403100
96718300
97314400
96619700
97099100
97084700
96190100
100277300
101010200
96009700
96950400
97028500
96138400
97548100
97001500
95859500
96835400
97065100
99782700
98933400
96925800
96440900
96832300
96845400
96170700
96914400
96690100
95870200
100122700
97285200
96240400
97086400
96670800
95771800
97004000
95893800
96450900
96716300
97538300
99766200
98037500
96462700
96480600
96570100
96072100
96911500
96986100
95974500
96629500
100295800
96758700
97327700
97173300
96475600
97158000
96632300
95872800
96838200
96592700
98706100
97452800
96483500
96080700
96890300
96270600
95815300
96729500
96536400
96850300
100692000
97904900
98451600
97552600
97478500
96236500
97297200
96898100
95873500
97383300
99057300
98211900
98710500
97290700
96503400
96851200
97023100
95831700
97315100
97744200
96423200
99676200
97802400
96184500
96538400
95929000
97111400
96822000
96127300
96421000
97963300
99553600
97962600
97653100
95522400
96596300
97533900
95831000
96574400
96276300
96012600
99796600
97621800
96411800
97234000
97202800
96438600
97076900
97112900
95598000
96416900
101811600
97390300
97525800
98008400
96187400
96933800
97937200
96187700
96883800
96547500
96689900
98630700
96810700
97018200
96974400
96910400
96190700
97889500
96505700
96934100
96935600
101728800
96457800
96457300
96693700
96008600
96403300
96751100
96727700
97700000
97670100
99208600
96566300
96379700
96813500
96795300
95969700
97284600
96530200
95230000
96472300
99940900
95432600
97359400
96555000
96492200
96202300
96335800
95428200
96561100
96703400
97682500
99201500
97145900
96068500
96803000
96825300
96189400
98240700
99128400
96836100
97806500
100605000
96577500
97013500
97009400
97686700
97447600
96290400
96500000
96771900
96649000
99226400
97634000
96637800
95779300
97521000
97037900
97000500
97317500
97115600
95807700
100261800
96872500
96236700
97168700
97352100
96052200
101262700
96804700
96351300
97416700
100519800
97865100
98048100
95805500
97190100
97561100
96195000
96882000
96918200
96073400
96650100
99724700
95950400
96365100
96671100
95663300
105437100
100777100
96456400
96704300
96949900
95166600
96222600
96720200
95849300
96587700
96193000
99777800
99173200
97265400
96351200
100089500
97460000
96995200
97399500
96898900
95962200
98341700
97864900
97479000
98209600
101361900
97174200
98557400
97707600
96962400
97527200
97751300
96039100
96958800
98118000
100420000
98582400
97935700
96851000
98605900
98480400
96399200
96815700
97750500
97767900
98607100
97665600
97048600
97234500
96130300
97024300
97059100
96087400
97271200
97200700
97701500
98607700
96696700
96266300
97182500
97583800
96958400
97644800
96736300
96251000
98288100
100349700
96312500
96949000
97377300
95632000
96922100
96672100
98084500
96890200
97275500
99010700
97133000
97037800
96247700
97588000
98605900
95974900
97253100
97586200
96391500
99945800
97330600
95502000
96747100
97084300
96199200
96530200
97089400
96460400
97384100
96655200
102668200
106754700
108281900
102422300
99263700
97632500
97711900
97365700
96152700
98060100
99380000
96878900
97421500
97610200
95714200
96793300
97098800
96898000
96619400
97214000
98841800
96544900
97783800
96836200
97076700
96621000
95784400
97054800
96774600
95923400
101006900
97221400
95963000
96606200
96969400
95655600
97184100
97380900
95867100
96902200
100978300
96871700
97308300
97532900
96172300
96927100
97352700
95840500
96803100
97051300
98221900
98148600
96975000
96143200
96325500
96831200
96004500
96689100
97233200
95945400
97010200
100364400
96909100
103558200
98752100
97390300
97368000
95756300
97283300
96989300
96034000
100385200
96259400
96286500
97575100
97956100
100521500
96583500
96328000
95781200
96568600
99886800
96938200
97841900
97257800
96240200
99022700
96948900
96218700
97618300
96336900
99443700
98046700
96946800
96513400
97126400
97423000
95598400
96777200
96695500
96113900
99332000
98150200
97112300
97224600
97302600
96035600
98636000
97078700
96299000
96787800
96894600
100149400
96876400
96839000
97254700
97194100
97830100
96276000
97298000
97505500
96777500
100360900
96559800
97358900
97167600
96083000
97021800
96894100
96186900
96490700
96563800
100886700
98010100
96935200
96031400
96544800
97575900
96675300
97210300
96474700
95876200
100525700
97960100
96079300
96673000
98964900
96497300
97331500
97694300
96053300
96685200
97970200
97840700
97768200
97810600
96895500
97501700
96729800
96364000
97125700
97255700
96182100
99354600
96780500
95687100
96592700
97672100
96099600
96701200
96876200
95698800
96967100
99662100
96806300
96980700
96707600
96366600
96923600
96432200
96224500
96454000
96051900
99279800
97110600
98665600
97154500
96819100
96444200
96951400
97214600
96642600
96930800
99050400
99162300
96591300
96457100
96343700
96998100
96558100
96391400
97204000
96587900
95887700
100038700
96964900
95830200
96512600
96945200
96484200
98660600
97179500
96239600
96947500
100182800
97362500
97792900
98088900
96605700
97445000
96548000
95954300
96995000
96791500
99827800
97922100
97594600
95630200
96434800
97062100
95581200
96932600
97193500
96364200
100050800
97264000
95707100
102364400
96959300
96137400
96717300
96210100
96570800
96488000
96395700
103037300
97040300
95986900
96683700
97755600
96205900
96205600
97185200
96018400
96900400
102582000
95763100
96744400
97042700
96500000
96746400
96824200
96128300
96520400
97083200
99186400
96479500
98934500
96804100
96719100
97265700
95572800
96543300
96762100
96030600
100003100
97093400
95902400
97060100
97074800
96415100
96960500
98103600
96318800
96622700
97750500
97575100
96796200
96678800
96301700
97248400
96490600
103904800
106504100
99064300
99542600
103310100
97096200
96750600
96633100
98674700
103202600
99142800
96483400
97451700
96979900
102076900
97676900
96776400
101837300
96651900
96231600
95769400
96886500
99147100
95673400
100362600
96757200
95818100
97178300
97377100
96751800
97226200
97005000
96712800
97057000
99761300
96002100
97008300
96640400
96112200
97676600
96932400
95952500
96738000
96921300
99061100
97341200
96706800
95999600
96631800
96684600
96152600
97334700
97231900
96071500
98363800
98787500
96004000
96233600
96821100
96735600
97500500
96571600
95711700
96786000
96426000
99933700
98003900
95500100
96520100
97092900
96066300
96618400
96827100
95834100
96680200
100708000
96133000
96722200
96981800
96672900
96924700
96866300
96446000
96557600
97635800
98916700
97326300
97301100
96284300
97119800
96953000
96108900
96972100
97285000
95652000
97957700
99002000
96776300
98986800
96514700
96784800
96533600
96783200
96173800
96843800
97158200
100020800
97129600
96657700
96190500
97533800
96769900
96039700
97277200
97348800
96436100
102108900
97172100
95893300
97010900
100368700
99907000
98617000
97709200
96923800
100129900
102505600
99036900
96967900
96080800
96845400
96765100
97152700
97470600
96860200
95774800
100713700
96614000
95369000
96867800
96636700
96240200
96841100
97099200
95574300
96457900
98187500
99960500
96661900
96543000
96561900
97042300
97406200
97007600
96944500
97252200
95906700
101525600
97495700
96603800
97311600
97421600
96799700
96672300
96715000
95789400
96958000
100544200
96897200
97104900
96531800
96344400
96912600
96932700
96842400
97082100
96930900
99085500
97229800
96815900
95942000
97020100
96317900
97369400
97906200
96428300
96908700
100667300
97688700
96780900
96849900
96236000
96566200
97167100
96850600
96763100
96736400
96178400
100111600
96563100
95736700
96459900
97140600
96127100
96944400
97158800
96340700
96465300
100870100
97051800
96634900
96473100
95621700
96932300
96788400
95627000
96270500
97010400
98941100
97199300
97783100
95835600
96603500
96526700
96299900
97452300
97163800
96223800
99644600
98996600
96142100
96720100
96917400
96500600
97262500
96424500
95881400
96966900
97156800
99441600
97064900
95880200
97404100
96797100
95754500
96845200
96986300
96178000
97215000
99772000
95466400
96847400
97268800
96084200
96537200
96812200
95771000
96815800
97011900
100576600
98424800
97268800
95715400
96575200
96774600
95963500
96844000
96911200
96783800
99430100
97066100
96317100
96617900
97178100
96024300
96968800
97293400
97193800
97478000
96822700
101382500
97233500
96229500
95909600
96734600
96905400
96696900
97374600
96645400
95939400
100209200
97461100
96623200
97725500
96855900
95616500
97039400
97648900
96472000
96615400
98450000
96728600
96670600
101245700
96964700
96513900
95813200
100756600
96738900
95907600
100270000
97035700
96386900
96013000
97054200
96244600
96887600
97909100
96749000
96911900
98401300
97345200
97203100
97461600
95984500
101017500
107640700
109255100
102133900
99028800
102086000
99441100
97937100
95449500
98182400
97434400
95720700
96748200
97125600
95509300
98139000
101920500
96016100
96723300
96885200
96244900
97235600
101473700
96242900
97814000
96921600
101604000
96653400
96671700
95752800
97824000
98422700
96830400
97800800
96098600
97521300
100658400
98255300
97116800
97449300
95971900
97720900
96435000
95857300
96933100
96272000
98767000
96629800
96951900
95854900
96926700
96462700
96172100
96903900
98227900
95940100
100204700
97395300
95692200
97410600
96596500
96482800
97624800
97022500
96638800
98165400
98642400
97378500
97288300
96654400
96648100
96654100
96455000
96300800
97430200
97190600
95870000
99749000
96706500
95772000
96540700
96685500
95892900
96721400
96598600
95883900
97325900
99855300
95420000
96547700
97613600
100251700
97590700
95863100
96635600
97168200
95655000
100340900
96886100
96698400
97291900
97321400
96625700
97009600
97836900
96111100
96472100
100198100
98544200
96154700
97271100
97360500
100247800
97327200
96425100
97088600
97859500
96074600
103373300
97409200
96117900
100010800
97235700
96037300
96488100
96479600
96466500
96950000
103083500
96313200
96781500
96757900
95838900
96615800
96879100
96036200
96564200
96938300
99117900
97370000
96813300
96422500
96897200
96598700
96191000
97728600
98136100
105610200
100614700
97971500
96602900
96503200
95915200
96889100
96585000
95880500
97311900
97459900
98805600
97839600
96850800
96220900
97275700
97881700
96191100
96928100
96826900
96081300
96789800
100002400
96085100
96883100
97250400
97079700
96702100
96582800
95794300
96768600
96998700
101628000
97321400
96802400
96122800
97456600
97015700
96516700
97052400
97239400
97312500
103003000
99455300
96163900
96680600
96817900
95962600
97210000
97087100
97701300
97604900
101086200
97798600
97586700
96852900
95643300
97005800
96682700
96454100
96449000
97423300
98026500
100294200
96698400
96302900
97831000
96328600
98099700
96806300
96033900
96824700
96986300
101170500
96552200
97480300
95764700
96811500
96877500
96155500
97010000
96640400
99038700
100107700
96508500
97572400
96962700
97170600
96251900
97007200
97424900
97081200
97544200
100516700
96828100
96742000
96808400
96260100
97252600
97563400
95754200
96906400
96875600
98627100
97866200
97654100
95673300
97195600
96920000
96011600
96408300
97290300
96225500
97880900
100347500
97757300
97463800
96433300
95499300
96557700
96011700
96809900
96522000
95573200
100191800
97675400
98410500
96911500
97065900
96425900
98302700
96776600
95803900
97670100
101520700
96994300
96573500
97339300
95882900
97116500
96785800
96110400
96997200
96607600
99698200
97208000
97002700
95997600
96345400
98013000
96418000
96436400
96895400
96134400
98967800
98434200
96326500
96458100
96503100
96265000
97083400
96975800
96124000
97154200
96671500
98833300
97562200
97308300
96360100
97042500
97954400
97211800
97548900
97139800
96554200
104937700
99049000
96837400
97185200
95966100
99594300
96607400
96698400
96878900
96983200
99540800
98004700
97892900
95682900
97281900
97548600
97451500
98367500
97922400
96250300
100284200
99042800
97058400
96774200
99402600
95918000
97528200
97195500
96077700
96661300
100581800
98314700
98120500
97572100
96306100
96674200
97270100
96287500
96606300
97648200
96893700
101650000
98920900
97556600
98704000
97555200
97170700
97354700
96980700
96582500
96847700
101392100
97611200
97668800
98610800
97977800
97471500
96479000
96417400
97022400
97110700
99141600
97163800
95958000
96858800
96780300
95945200
97293400
96922600
95664600
97167500
99851400
96324900
96533600
96947400
96397900
98397800
96424700
96699200
96820100
96632000
98469200
97816900
96555600
96361100
96729900
96594000
95738000
96721200
96642000
96445100
96938200
100629600
97679300
97473600
97461200
95846700
96671900
96987200
95768600
96783500
96884300
99677100
96719800
97068100
95892300
96677500
97238400
95691000
96896700
97078500
95870800
99613200
97044000
96177900
99049600
97677900
96087200
96821500
97392700
95610900
97084600
99055200
97170300
97366800
95547300
97251800
96507200
96120700
96884200
97609700
96038500
97286500
99799700
95934200
96578400
97052500
96483500
96521500
97294600
96514500
96696700
98688800
100534200
97306900
97040500
96542100
98322400
96626000
95477900
96371000
97077900
96617600
100345200
97835300
96044800
96430700
97140400
96236600
97075500
97062300
95893500
97032500
101262200
97990600
97130800
99147900
95635900
96461200
96669800
96107000
97033900
97243100
97016600
99836300
99137600
96885400
97284300
96948500
96363800
96707900
96147000
100767100
96914100
101779200
97132500
97240800
96374600
96572700
96332500
96097700
97929200
96105100
96127300
101530000
97866900
95854000
96388200
96990200
96012500
96847800
96878800
96031300
96971900
100413600
96132600
96800500
96629300
95822100
97006800
96917300
95809600
102962500
96616400
99006300
96413500
96182100
95918300
96847400
96571000
95295500
97237100
96985900
96456000
97360800
99551800
96511500
97036800
97209300
96304600
96940800
96606100
95444000
96885200
96862300
99332300
97358200
97798000
95953000
96738400
95696700
96262300
96798600
96354800
96822900
101354100
96536500
96388900
101136800
97101600
97275100
96595700
95888500
100290900
96909700
99448700
98546000
97849400
99487700
97537100
99122400
96211500
97181500
97263400
97127200
99921400
98373900
97292400
97085000
97336800
95641500
96909900
96536900
96219100
96688900
96987800
101847700
97645600
97520700
96626300
97234500
96921000
95853500
96784800
97038100
95745400
100498000
96779200
96107700
96848800
97870700
95363300
96453600
97261900
101236300
105945100
110773200
100707400
99217600
96523300
97321300
96552700
96134600
96681900
97261400
96680200
101793300
97867800
96948000
96583200
96860800
96299500
96661000
96413800
95772700
96958100
99931100
96124700
97038900
96576800
96748900
97280100
96647900
96139000
96948700
96884700
97921300
98718800
96977100
96087500
97285900
97923800
97196800
97075500
96282200
96124900
96859700
100547600
95922300
97152800
96730500
96320300
97203900
97431100
96022900
96702300
97191700
103036700
97887800
96604100
96294700
97311100
96412000
96631900
96818400
97294500
96046400
99777700
96618800
96853500
96610800
96231900
96710500
98776500
96415100
96600900
97003900
99485100
98253100
96933200
95953900
98106900
99081400
96053200
96324100
96631200
96123700
96638100
100243200
96520000
96560700
100227600
102089900
97605900
96536200
96416300
96733600
96994000
101767500
97106100
96818600
96105300
97162200
97250200
96206900
97549900
97227900
95854500
100089600
98087400
96376600
97938800
97526700
96041600
97399500
97065900
96516400
96970700
99907000
97190700
97256400
97113400
95244200
96201900
96651900
95926500
96546500
96355800
100367700
100626700
96923500
97037400
97230700
96260700
96727100
96759700
96514600
96940800
97205200
99534700
97131200
97189600
97353200
97075500
96899900
95717000
96857200
96908600
95718500
102601800
99766100
96215400
97295500
97271300
96254500
96705900
96831100
96138900
97156200
102341900
97905100
97299400
96759700
96080600
97064600
96975400
95635900
96702300
96959400
98769200
97924400
96821300
95886000
96664600
97069400
96721000
97296400
97001700
96791800
99682400
99480000
98165700
98533500
98242200
97105200
97850400
96646000
97099000
97054400
96052100
100309300
97803200
96794700
96927200
96596600
96066400
96545000
97215900
96146100
96836900
99845100
96133900
96795400
97125400
96285600
96925900
99592400
96117500
96699600
97273900
103666200
98724700
98557400
95964200
97456600
98273300
98390500
102079000
102184000
112801100
106212000
99738600
99010800
98026900
97582500
96879500
97673700
97727100
96692300
97460900
103883000
97509600
98241500
97653200
96489300
96436400
96865600
97010400
97898500
105489100
103605600
99142500
99220500
99220100
99237900
97951800
97895700
97676600
96631600
98833900
103630700
98013700
98576600
98507600
97693200
98238500
98446300
97224700
98656400
98198800
103044400
99739300
99417100
98705900
98625900
98227000
97001700
97775800
97346700
96307400
101869700
99281900
96437500
97804500
97432700
96318600
97206300
97751400
100871200
97207500
103189400
98072300
98429700
98243600
96509700
98821500
101560700
97332700
98353200
99219300
101696700
99828000
98451500
97354300
98509400
99368500
97105100
97701800
96768900
96062700
101227000
100685000
98346200
98269800
97781100
97929800
97202400
96242900
97195600
98412600
98187200
103702900
98842600
97669300
98391000
98399300
97021300
96617600
97508200
96152400
97293800
104536900
97891700
97601300
102307500
95917600
96403200
96425800
96344500
96968600
96947000
103304900
97414000
96670200
96428900
97091200
97106200
96544100
97201200
97524400
96136100
104091100
98807200
95779300
96654200
97134600
96175300
96669800
97090300
96190300
96588400
103586700
97635000
96755700
97265300
96427900
96961500
96616400
96132200
96774300
95965000
101730600
102759400
98246500
96847500
96888000
98111500
97431700
96901000
96016800
96374400
98236000
100344800
96926500
97175900
96923000
96710800
97144000
96399100
96650100
96528300
96408600
103672900
97156100
95928200
98101700
96354700
96359300
96905900
96844100
96283900
97061600
103311500
96551100
97133800
97121800
97235000
97120900
97600300
95948700
97385900
97387700
102108500
98444700
96655400
96175400
96973100
97101000
96262600
96797500
96945300
96391000
101226500
98604800
99630800
97420100
97155200
95948200
96637000
101388500
96808900
96640500
99898000
100503800
96818800
95902400
96757600
97280500
96786100
96672400
96888300
95995200
96886700
104363600
96866200
96426300
96647100
96052700
96664800
96769300
95888500
96991500
96867700
103098900
97877400
97463300
96335600
96764000
97150900
96041300
96791400
97170800
97355200
102998800
98860600
95814700
96963900
97151500
95690600
97234100
96932800
95739900
96814100
103405700
98299800
97369000
97117900
95992800
97027000
97137900
95919800
96766000
97058500
102251900
99528000
97081700
95803800
97019200
96439500
97164500
96766600
96224900
97603400
97402300
103034600
97027200
96702300
96033500
96798300
97432900
95970400
97006200
97096600
95800600
104126400
98723800
95802800
97151300
97630400
95666700
97235700
96554300
96012000
96685100
103934600
97067000
97275000
96717400
96086700
96968800
96833100
96150300
97212900
96893300
102277100
98908100
96938600
96138300
97715300
97665100
96350900
96637100
97367500
96374500
102754700
99241400
96705500
97324000
97427600
96071100
97194100
97627300
100004200
97855100
108200500
98943400
100059500
96525900
101557200
100037500
97783500
97661000
96664200
96301000
99756600
101161900
96280700
96598400
96764300
96695900
96493600
96946600
95575800
96955300
96721000
103381400
99020600
97754200
96586700
96939100
98389700
101732500
98516900
97802400
96952300
103514600
99919400
97860200
98407800
99093900
97885000
98361200
97502000
96671300
96867200
103540400
97863900
97165800
96834100
95821700
97069200
102666500
97725900
97694100
97817900
104510900
99099300
98345100
101478900
114173500
101049900
98413500
98294800
97579000
97487700
104460100
97899400
97708100
97381900
97085700
97620900
97739200
96986900
98455300
96818600
102938900
102583300
98569800
102236400
98314700
97011600
96648500
97926600
97673900
96894700
104318100
105020500
109106700
114545200
106927700
98577800
98712700
97290200
99187400
100155100
103319300
102433400
98666000
97048400
95851000
96777700
96691900
96045600
97504700
97273900
104452100
97255000
96854100
96279500
96635000
96615600
96332800
97095000
96654600
95416600
105445800
99306200
96759500
96338300
96907400
95984300
97034400
96672700
96639600
96964900
103948800
98619000
96479700
95850100
97286200
96843600
96495900
96384400
96640200
95961500
103767900
98355200
96002000
96910300
97471400
96493800
97273100
96965100
96253100
96380300
102465800
97475700
97666000
99451800
96418900
96978200
97173700
96474200
97381800
97227900
99981100
102003300
97876400
96072300
97251700
97474600
95994400
102145700
97093700
95973900
96916000
105674300
96722100
96615900
96951500
97430900
96926700
97033800
96390400
97241400
97084400
103938700
98336400
98121600
96306800
96132500
96780700
96302800
97431100
95890700
96935500
103429600
96625600
97649500
96666900
96802700
96838700
96118900
96401300
96876500
95940300
102599100
98545700
97061000
96080900
96727700
96647800
96095000
97613500
96369800
96206400
102613000
99142000
96182400
96677100
97475900
95970000
96998700
97086900
96233800
97132600
99051700
101024500
96892200
97046400
96255000
97082000
97097900
96510500
96836000
96905900
95960100
103378100
96711700
99021600
100225900
99127500
96095600
97058600
97680700
96324900
97137200
103086400
96719400
99619000
96539100
97591200
97208600
95939300
98956700
97719200
96198600
103728600
99031800
97046000
97918100
97691600
96283300
97161500
97554200
96657200
96820700
102785400
97711500
96500500
98246200
97746300
96937900
97093300
97010100
97874100
98215300
101560800
98810200
98002500
97935900
98681600
98300300
96238400
97174200
97701700
95906500
100677100
100298900
97268500
97350200
97848700
96592800
96717300
97177400
96524000
96775600
97503700
103031600
97725300
97719500
97763800
102997400
99299800
96558100
97373300
96968600
95970400
104026900
96459500
96590600
97519400
96030800
97756400
96965500
96567300
96904900
96990900
108640600
96953100
96663600
95754000
97241500
97355900
96471100
100208500
96963200
96072100
103933100
98039800
96252500
96618300
97111900
95851700
96905300
96701200
96370300
97625500
103856900
97729800
97013600
97745200
97149800
98541100
96925000
96181100
97128600
96864000
102537100
98600700
96822400
96157400
96996600
97336800
95524300
97294800
96917800
95785000
99868300
100711000
96519500
96466600
97646400
94570500
96774200
96670600
96280500
97220800
96629900
104424000
98054300
96417400
96395200
96445400
95959800
96374300
96840700
96057500
96385300
105590700
97060300
96634600
97469500
95934100
98242100
97588800
95891100
96788700
96936000
102141000
97800500
97161900
97071600
98221700
97761000
96655800
96836800
97877400
96608400
104490500
99240900
97309100
97874500
99275100
97148300
96974300
97402100
96601300
97988600
104063700
98311500
99322000
99695500
98292700
98255800
97537200
96958000
97399000
100533000
101705900
98797700
98108800
96674800
97190600
98086500
96706800
97552500
96459700
97487800
100506800
100303300
98103300
101437200
98472200
98938200
99105400
96696600
102982900
98364000
100589700
101724000
98480400
96215900
97755200
98738600
98038300
97779300
97248700
96557500
98487500
103255700
97653800
97553400
97204400
96901000
97440900
97453600
96287200
102601100
97909400
103336600
102574200
99167100
97987400
98187700
102119000
97269100
97311200
97992100
96167400
103906100
98813000
96890100
97405900
97674000
96387200
97919200
98328000
97467100
109833100
109238800
98743900
99072500
97943000
96994100
97615800
97045900
97513500
97748700
96520300
104760000
99530300
97801600
98726700
98418000
97300800
96974700
97651300
96749500
98533700
105034200
98321000
97886200
98589500
98173300
98849700
98720100
98368500
97524200
97115800
102910800
98964200
97435400
96902400
99711300
97774000
96499600
97145400
97954400
97777700
104645500
99155000
98027000
97848500
97880500
96850500
98353200
97329100
96754100
96629900
103889200
97973300
96902600
96755800
95938300
96801500
98080800
96658200
96610500
96727400
102529400
99039900
97789900
96685400
97319800
95888900
97448500
96856600
96101200
96951700
102166700
98974000
98074700
96770200
96081000
101685000
99560100
96251000
97178600
97124000
98520800
101940000
98890900
97016300
97066400
96726200
96909400
97070300
97336800
96111300
99639500
108494800
98540800
98417600
96946700
96019500
97303700
97700600
96434000
96956800
96559400
103202700
97683700
97069700
96843700
97544500
96622300
95620100
96675600
97011700
96165900
104606900
98180600
95860100
96752000
97063200
96093100
96646400
96649500
95556500
97262600
102789000
98064300
97677800
95379400
96799500
103332000
97168900
96861200
97824600
96055000
103157900
99468300
97260900
96637300
97386700
96156000
98104200
96925100
96157100
97254000
104532400
98603300
97340600
97403500
97318000
97449300
97480700
95428300
96123400
96288300
96762600
102436600
97943300
96463200
97040600
97396400
96001000
96194900
96545700
96550400
96527800
103317800
96444500
97196300
96323400
96874600
97381500
99948700
97804800
97056400
97574600
102528700
98536500
98560200
95845100
96592300
96995100
96275100
97043000
97183300
96157800
103668300
98173100
97443900
96861300
97414000
98362800
96976200
95919700
96645200
96814600
106096300
99479900
98460200
95641400
96969000
96419500
96115500
97254800
96974300
96051300
104033700
99584900
96559700
97299300
97228500
95871800
97062600
96913400
96099500
96904600
97383100
106157000
99027300
96995900
96057000
96886100
96549600
95940900
96326900
96978300
96242100
104612200
97823000
95386000
97245100
98781400
106716300
118614600
112054300
100641300
104386100
99265500
98202100
98343400
97015100
96453300
97565700
97191900
96163400
97050100
101807300
99862700
97500100
96316600
96667100
101640100
98392600
102224900
98564700
95934000
99895200
102179800
98208700
96956500
96920700
96951300
96495300
97093400
96564600
97302100
97430000
104046600
96841700
96920600
96030100
97361400
97160300
95738900
96804700
96907800
96157500
103662100
97872000
95799300
96607800
96894800
97049000
97596200
102331700
96903400
96813200
105730700
97997900
97019800
96993400
96453700
96918300
96979300
96519800
96751100
96999900
101357000
97999800
96667400
96527200
97146500
96812500
96117700
96626800
95718000
97045700
102358600
97949100
96784900
96214600
96467300
97688700
96393400
96265700
96962200
96734700
97624900
102742200
97183700
95943800
97248000
96997800
96979000
97097500
97516900
96954800
97156700
103216300
97507700
96608900
97097500
96669900
96644200
96631700
96223700
96830000
97225500
104318800
98746300
96967200
96507200
96703800
96788300
96182800
96723500
97170700
96455100
103477500
99432900
96135700
97038200
97109200
96259800
97229700
96794500
95811300
101828300
102819600
98293100
99889600
97724400
97567600
96996300
96475800
96578100
97049400
95880900
102053200
98361800
96471800
96643400
96975500
96270500
96782600
100132900
97880700
96833000
99184900
99956600
97591300
96249100
95900800
97009600
99906000
95943700
96807600
97151900
95966400
103584800
97876700
103412800
98877700
97297700
97071700
96839600
96857200
96463300
96968600
105502900
98277000
98678400
97074800
96422200
97665700
97507400
96976800
97657200
96489500
103635800
97937900
96957700
95844200
97124300
96604500
96062500
96853800
97465700
97004400
102789200
97748700
97482700
96528500
95600300
97012600
96656300
96032900
96697000
96762100
102098900
98915200
96911900
96106000
97507000
97172900
96275200
96992800
97104100
96268300
100560000
100336300
95618100
96561000
97076900
95698700
97140900
96703300
96723500
97324500
96886600
101342000
96926000
96799200
95842100
96842400
96816500
95702200
96797800
96773400
96100500
102265800
97259600
96839400
97896000
97745700
95667200
96439900
97417600
96019000
97275400
101141700
97580000
97684300
97094000
96458700
97069800
97104800
96092000
96981100
95733100
101377500
98952900
96069400
96269000
96771700
95947500
96175400
96766700
96325800
97037300
99321700
100818400
97515000
97483400
96250300
96523200
96995800
96072300
97210300
96779500
96443700
101545300
97179500
96172700
96386700
96814300
96228500
96395100
97351700
96165600
96985600
101947400
96395300
96448200
96955800
97030400
98210800
97459600
96393200
97074700
97321800
101551400
97988400
96861700
95896100
97352600
97196600
95681400
96878300
96869700
96610300
104011700
98322500
97444100
97046900
97074100
96062900
97361800
95922600
97173600
96750600
99863700
101887200
97922200
97015600
96500800
96348900
95860800
96574300
96962700
96058100
97261800
102632800
96406400
96618600
96854200
95953500
97314600
96686000
95946000
97030000
96541300
101129100
100608900
96733900
97255400
97622200
97383700
96472300
96364300
96782900
97051000
102840100
97957000
97703600
98368300
97773300
96644300
97244800
100293400
95908200
96869700
101836400
97596200
97240200
97382300
96061000
97772200
96798100
95975200
97004200
96784400
98433400
100024700
97490900
95826600
97468300
96302900
96934700
96989600
96944800
96601200
96687300
102279800
97338000
96328000
96038800
97144700
97403700
95861000
97093100
97382900
96327500
102141300
98844400
95976600
97019400
100499400
96346400
96658000
97473500
95995000
97106200
102186000
99396000
98838300
97878900
97175600
97222100
97585300
95664800
96652200
97700200
100171500
97212200
96177400
95270200
97111100
97210900
96048500
97327700
96954100
96236800
99868600
99825600
97057500
96390900
96316500
95591100
96523100
96630500
96352600
97114800
97236400
101704400
97097100
96087400
97019200
97379700
95888200
96927600
97103000
96284800
97258400
102135900
96668600
96982600
97316200
95857300
96990800
96710700
98543700
96902800
96907100
100261200
96468400
96845200
95909800
97259200
96936400
96262800
96934000
96921200
96019500
101319200
97580800
95754400
99138100
97257900
96209600
97109000
96609800
96177500
97003900
98530900
99223300
96362500
99404800
96504400
97268100
96935000
96054100
96795900
96517700
96109500
100686900
96927400
96753100
97105500
96676000
96850900
96651000
96740200
96482000
97218800
102070300
98022700
96666100
96119100
96883100
97006700
96052700
96795700
97428900
96062300
101068800
97487400
96135100
100078000
97268300
95942500
97546400
111877000
99097200
97670900
101420200
97654200
96492600
96438100
99646900
97011500
97591900
96329100
96626300
96970100
101155800
99012800
97139300
96427100
96958700
97453800
95745800
96478200
96758900
97495200
98438500
100454800
95493000
97461800
97470600
96047700
97984200
96912100
96432300
96529600
96470700
101816900
96970100
96948000
96911200
98019000
96360700
96383600
96528000
96065200
96847600
102282100
96845600
97730800
96845100
96311500
96760100
96639300
96114600
97258700
96631500
99709600
97431000
97109200
96107500
97674200
97526800
95657500
96855900
97171600
96793100
100748600
97513600
97512300
97884000
99041600
98798500
98262300
97647000
96091400
96664700
100887600
99040900
97325600
97636600
96194800
96804900
97121900
96295300
98325600
97879000
95921100
100765800
96213700
95670300
97305200
97814700
96903800
97360200
96711900
96620800
96599700
101573800
95923600
96508400
96878800
95988400
97022300
96433300
96751900
97155700
96570900
101041300
97573500
95832400
96380000
97307900
95940700
96675800
96845100
96016300
100709100
107895600
110428000
105811600
98984300
98728600
101264600
99751600
96661800
96824500
96441300
100807200
98606700
97004500
95537600
97094100
96598300
95813700
97005200
96999900
96480500
100878500
99001900
95874500
97837300
97834400
97323100
96742800
96872600
96286100
96440900
96704300
102374100
97315300
104417700
99254700
98942100
96698100
96501800
96157100
97261800
96008100
102573200
98129700
100524300
96945700
95808600
97764600
97762000
96043300
97006600
97100000
101462500
97144300
96652700
95836400
96909700
97040200
96196100
97431300
97325500
96533800
102386400
97776200
96389100
96883100
97157200
96185500
97115600
96699400
95852300
96828500
104469400
97865300
96793200
96889500
96209200
97240200
97876700
95778100
97343100
96874300
98356400
99504100
96788600
95849600
97420700
97040900
96658800
96765000
102168900
98366200
97280700
102522900
97341700
96949300
96906500
95935000
97014800
97973800
96102900
96606900
96055000
102163500
98884700
96250100
96799900
96705200
95894300
96507000
96976800
96171800
96665500
102476900
97103500
96699500
96817500
95868700
96321000
97019900
96282700
101364300
112893800
114046800
108141900
109727600
110447800
108486500
113350100
110617700
110456200
100277000
103694500
105323500
99033600
97507200
97340200
97080600
98550900
96410400
101299300
104506800
109455100
111348400
109022500
111773700
111332800
108349400
109591600
107978000
111106700
113504200
113775400
106235400
111130600
107319100
116242700
126074200
125291800
124679000
120770200
100318300
116451700
121416800
117273200
118618700
113797100
103528300
111661200
100681400
105874100
111117000
112457000
112264700
100438800
99320500
97272500
97333800
112450800
112648000
112277200
112850400
113868100
114196900
113217100
112165300
111605900
115661200
114385000
115107900
113754500
111923200
114708000
111298800
109558700
111150800
109712900
109901300
108749400
99694000
98279400
98637600
98830100
97073100
97689100
103825700
98270700
97092300
96701400
96295200
96543700
97126100
95760400
97334700
96907000
102314700
98960500
98068800
96213800
96926500
96580100
96855800
97182200
96152800
99506200
99840200
98624900
97168500
97388900
96158200
96589000
96985400
96701300
97243900
97153700
95849200
102699500
97599500
95865900
96216300
96656600
100450500
97382800
100869500
96831500
96847200
105235000
97698400
97385900
96747300
97209400
97499500
97529100
96388500
96745500
97176600
102410100
98003200
97161000
97515900
97486700
97085500
96408300
97050700
97222900
95930700
101661900
98007500
96321000
98351000
97463100
97070800
97570000
97041000
96741100
96813500
103434100
98369900
97667900
96133700
96835300
96534600
96369300
97026200
96685600
96541500
98789000
100509400
96259400
97154900
97019500
96029600
96622700
96830000
95853800
97109700
97059600
100516800
97363800
96644000
96092200
98986700
96489400
95804500
97304600
96908000
96794900
103278500
97482700
95680000
97143200
101331300
96800700
96651200
98394400
96060600
96860000
103656100
99786700
100065600
102355900
98390400
98116200
97047600
98745800
96620800
96666400
102834500
98832900
96636300
95912900
96664900
96741200
95749000
97074200
96842900
97583500
103169200
97359400
98173200
96798100
95932100
96292400
97311700
96895900
96881100
96709700
99679200
101464700
97701600
95757100
96531300
96370900
96362400
96931200
96939900
95726600
96971700
103808100
96958000
96524700
96655800
96251100
96455900
96708800
96140400
97012400
100360400
102936300
96993500
96702300
95859600
97443400
97092000
96114400
96969900
97130100
96079600
102082500
97020900
96296800
96727200
99242600
96182500
96726200
96795000
96056900
96922800
102634100
98125700
96290800
96925100
96386300
96814000
97193500
96020600
97300100
95721100
99561600
101254300
95878700
97060200
97047400
96725700
97294100
97341100
96929600
97278500
97195400
103040100
97175800
97063500
96176600
96762300
96581300
96314700
96805900
96784600
95747900
103475900
97959000
95670700
97025600
97078700
96913400
96983300
96946300
96974500
96781200
102616000
97464000
97005800
96997400
96082800
100766200
97243600
95866100
97168200
97112400
102102000
99162200
97942900
97028700
97822200
101355400
97596100
97388600
97836300
97204200
104102100
99180800
98066300
96649100
97134500
95835300
97777900
96355100
96835200
97433000
98807200
99951200
97357600
96212100
96699800
98976100
95990900
96659600
96925900
96636500
95777700
103261300
97028300
97134600
96918300
100238300
97038200
96729400
96664700
96757000
96564300
103206700
97970100
97408700
95774800
97161000
96650400
95903900
96563300
96710800
96826100
102513000
98443800
96164700
96341300
96825500
95771400
97043500
96786000
96031300
96992400
106857800
98210500
97264800
96684700
96125900
96737300
97039000
95837900
96760400
96608400
100474000
101872800
96855400
96196300
96727200
96293100
99354500
96226000
96207600
96504300
98330500
102378200
96772700
96835700
95906100
97350300
95887500
96188500
97066200
96671400
96223000
103981700
97559000
95805200
96808000
97099000
95943600
96964400
96514300
96664600
96891200
103184800
97918000
96799500
96793800
96197800
97453300
96876300
95945300
96842900
96427500
101872300
98577400
97193400
96101300
97265200
96516300
96325300
96695500
96537700
96397100
102226000
98605800
97031900
97032500
96906200
96377500
97016100
96977000
96130300
96806700
97416200
102200700
97685100
96641300
97235100
96881300
96484200
96987500
96945200
96341500
96161500
103524300
96875800
96475500
97241000
96207700
96666600
97308400
96264600
96744600
96799400
105316400
97244600
96818700
96244100
96930900
99714500
96017200
96977900
96627500
96559200
102986900
100038400
97481400
107195800
113061400
106737600
99685700
98986200
96435800
97005100
103206700
101172900
99515900
96592200
97651300
96887800
97357300
98237900
97305000
96929400
102661900
98375400
96592000
96281600
97068800
96907500
95890200
97565900
98768100
98151000
102935400
98124400
101707200
98041900
96460900
98097800
97904500
96546800
96647400
96833300
101898900
98714400
96882200
96678600
96802800
96734000
97474700
96773900
96977100
95750700
102843500
98512100
96077600
96828000
97114100
95828900
96796500
96900600
96601300
98073200
97427900
104819800
98637400
97031700
96066400
101816500
97690400
95796200
96875600
96910700
96056400
104789700
96832300
96146300
97045800
97976700
96414600
96935500
96748000
96053600
96716300
103527900
96769700
97456800
96364300
95646500
96709100
95975600
96199100
96679800
95493300
102587300
98583800
96034500
96782700
97214000
96577800
96544400
96876800
96392300
97108300
102347800
98132100
97199200
96810400
95960700
96839300
96818000
95932200
96690300
96813900
99960100
102246700
97291400
95741500
96938900
96948700
96060100
100769200
97139700
95975500
96833500
104394100
97563200
96885600
97175100
95845900
96591000
96632200
95661500
96904700
96635600
102800400
97299600
96949100
96490800
96845700
96792500
95997900
96625900
97295700
97597000
104296300
98669400
97057800
99396300
100222200
97775300
96862700
96469500
96697400
96127300
101589200
98941000
96961400
95835600
97067700
97102100
96027400
96429300
97245700
95703700
101028800
97873900
96178000
96779200
96824900
95963900
96709900
96840500
96211600
97013300
97499900
102173400
97129400
97042800
95911200
97373700
96491500
95986900
97203000
97177100
96243700
104309100
97903200
98858300
96967000
96738700
95835400
97324000
97580000
97185900
97182800
103592100
97806800
97602000
97770900
97091700
97200500
97107700
95601300
96621900
96738700
101394100
97680300
95428900
96667300
97118400
95996600
96285600
96360600
95849700
97361600
101659400
97371300
96784800
97017800
96545000
96937500
97128200
95848100
97161900
96970700
97229100
100918900
96830000
95758700
97138700
98089900
96285900
96623400
96964200
95885500
99897800
103588600
97364300
96829600
96861900
95893700
96816800
97026000
96222400
97670200
97717900
102293900
98706700
98518400
97596700
97607800
97686700
96685800
96838900
97531600
100590200
102481200
99066500
97400200
96896600
98222300
96521000
98254200
100995500
98133400
97684000
101986200
99166100
97484200
97135600
100302900
99049000
97937400
96835800
97785400
100123200
102967300
98974200
98119400
98184400
96906100
97758800
97388700
96893500
96332700
99683400
101729600
93715000
98453900
98091400
96795100
98240500
97866800
96982100
97622500
96742600
99972700
99495000
98187800
97065900
97652700
96978200
96406900
97251600
97157300
96226400
99025000
102201100
96882600
98500800
97967000
96227100
97764500
96454900
95872900
96588900
99680400
102221000
99339900
98859900
96235400
96671500
96953300
95284900
96705500
96312600
97287900
102809200
97848400
96991800
96859000
96744900
96683500
97160200
96316400
96679100
96602600
100812100
98185400
96584900
96010300
97029700
96886800
96012300
96370600
97138800
96136700
100606000
98226700
96039500
96546100
97008600
96286800
96797300
96465000
95987500
99018200
99279500
100092100
98367400
96266600
95796300
96454200
97141400
95911800
96713100
97277400
96050900
102003000
97908000
96010700
96536400
96950200
96047300
96915400
97427500
96004500
97279400
102327600
97192500
96488900
96842200
96334000
100551300
96149000
96835700
96798000
96040700
101593300
97882100
95897000
97501900
96360200
96319600
96782300
96583100
96441800
97776800
102093600
98694700
98224300
97094000
96232500
96774000
99741600
96947500
96752000
97317300
99355200
100600600
97012400
96432300
96789000
98981300
96056900
96524900
96522800
96093900
97098000
102061900
96370400
97456600
96776600
96560100
96832300
96794800
96390600
97420100
96679700
101249600
96919400
96959600
95656700
96721600
97310600
96265800
96724100
96961500
95738000
101345000
97761000
96194800
98022500
96277100
98201100
97057000
96341700
96424000
96898600
101023900
97503900
99339100
95973400
97060900
97797000
96527300
96399800
96594400
96090500
98515900
99312400
96820500
97348500
97185100
95847500
97059000
96698100
96079300
96672400
97344900
100220800
97179200
97204000
96545300
96517400
97000700
96099500
96720700
96896600
96802800
101052100
97416100
96721400
97176400
97330100
95767800
97387900
97043000
95869200
96725800
100956000
97712300
96723900
96867600
95661500
96940600
96968000
96246900
96358400
96968000
99288000
98893700
95395000
100083300
98002400
97273600
98205800
96615800
96089500
97253500
98061000
100614200
99105600
97059200
96022200
97065800
96990800
95879700
97094200
96660700
96402500
102276400
97275600
96081400
96712100
97610600
95760600
97136500
96905900
96059700
97095400
102352300
96879200
96785300
96820500
96616400
97048700
96697400
95994100
96733600
96637900
101438700
98051800
96814000
96459200
97024000
97026500
96215200
97011600
96766900
96443100
101054200
97930600
96286800
97556800
96782700
96076900
96924200
97039900
96410100
97234400
95705700
101059000
97715900
96587400
96971300
97156800
96123900
96312400
97338300
99101600
96758600
101883500
96534000
96723500
96953000
96187100
96571600
96226700
96226900
96446900
97007400
100187600
97100200
96836500
96052500
97339900
97172500
95979000
96577800
97127400
96024700
100760800
97455200
95745500
96830400
96782200
95943800
96996700
97460500
97387300
97624500
100048200
99321300
97173100
96709400
95966700
97093100
96608300
96248700
97028700
96769100
96287200
102955100
97534600
95752200
97131000
96270900
95785400
103098400
107525500
117593500
113573100
99715900
99088900
97912200
96518900
99653400
96704900
96241200
97038200
97003500
98561100
100618900
97673800
96397500
96925500
98007100
97261900
96722900
97167200
96595100
96458700
102889000
96047900
96648700
96938900
96450100
96671500
96535900
96235700
96625600
96981700
100727700
97090500
96771000
96213500
96871900
97135400
95818000
97421600
99398600
96160400
101366800
99247800
96489000
96796500
96797100
95884500
97246000
96953900
96312300
97311400
102069900
97616400
96997900
95593000
97004900
96758900
96483700
96778200
96723500
96076100
97583400
103062500
97203600
97570000
97954100
97268300
96832000
97335400
96253900
97008500
97902900
101092600
97303400
97122300
96593000
97872800
98197700
97478100
96520300
97002400
96048700
104534900
97581500
96231500
100507300
97560800
97358000
97888100
97300600
99376800
98340100
101920600
97988900
96911200
96896800
95648100
96910600
97079700
96542900
96998400
97816700
102831800
99018400
97366600
96667700
97254200
97579000
96979800
97243000
97647200
96155300
101897400
98291800
97789600
97028400
96862600
97950700
97273500
96092200
96853200
96969600
99462400
98389100
96653800
96159200
97214400
96814300
96420000
97118300
96777400
95963400
98926500
102541900
96260900
97229400
97282700
96118900
97334800
96826500
98204600
99051200
98337400
101455400
98417000
97744000
99254600
98848000
96745400
96090600
96653400
96969200
96212400
102748000
98783100
96517900
97490900
98175200
96153900
97099900
96701500
96307200
97461400
101393200
96682600
100751800
103839000
101524500
98367900
97201100
95616100
97056800
95975500
101403400
97762300
96683800
96777500
97052400
96160700
96952100
96824800
96433000
96824700
100925900
97273200
96781000
97027300
96318300
97880800
99742900
103356100
107448100
99049900
101915100
98925600
97973900
96085200
96869500
97044500
95973500
96627600
97220100
96341700
97173300
103320200
96172300
96411700
97078800
96307300
97017900
97171400
96186500
96747200
97885100
101344600
96607100
96985200
96050000
97252400
97085400
96391200
97085600
96699000
96284500
105748400
99129700
97350700
97784800
97054600
95973500
96555200
96129400
97984600
96800100
101407700
98360600
97349200
96030500
96563300
97283000
96119000
96658900
96637800
96145300
100400400
98544400
96665000
96549800
96648400
95806200
97119700
96835100
96232500
96825500
97686900
100590100
97036600
96877800
95915400
96768200
97113400
98808300
96941500
96673900
96177300
102642000
96883700
96190100
97057200
97110900
99924400
98236400
97782100
96356400
97592400
102366100
97592400
96693600
96808000
96257300
97244300
97160300
96479100
97408100
96874100
103640800
99647800
97869200
95662800
96579200
96324000
97468500
96913300
96720900
96631000
102337000
97614700
96762400
96821800
96189400
96877300
97508700
96665800
96265700
97272500
98387900
99559100
97622600
96741000
97033900
97323300
95615700
96564600
97099600
95830400
96560900
102293200
96871300
98005300
97542800
95726700
97514900
97906700
96011300
97335700
96913100
100277500
97649700
96879100
96357200
96800200
97080500
96135600
97334700
99366100
95911800
102023200
97033300
96400600
96319800
96640200
96181000
97886500
97057600
95920900
96739100
102076700
97687700
96624000
96048100
97000500
97038500
95906600
97281000
97082300
96843600
97708200
102161700
95871300
96626900
96473100
95996800
97258400
96929700
96018100
96746000
97156000
102912300
97353900
97334300
95958800
97849400
96805900
96150900
96912200
96895100
96086000
103563600
97423500
96073400
97127800
96959400
96737300
97253900
96603600
96243800
96612100
102890500
97876300
97466100
97552100
96226700
97233100
96684100
95768900
96856800
97015300
101410300
99035800
97164800
96033400
96897300
96599800
97038700
97196200
97288800
96284700
100270700
100906600
98662600
97793400
97909400
97538400
97597000
96599000
96276000
96716200
95671200
103635500
97251200
95735600
97439600
97181500
99303600
96467100
96720700
96240900
96556000
104535500
98642100
97251300
96520300
95687400
96311700
96645400
95784400
97251200
96511600
103248000
97756800
96758600
95942100
96736600
96790500
95972500
97395400
96979600
96129800
102181000
97761100
96224600
96258900
97337400
95883100
96931800
96481500
96194800
97122400
101276700
99100200
97476800
96395900
96543200
97150300
96486200
96471900
97161100
96765900
97392400
103491800
96187600
97345500
97080100
95869700
97669900
96649800
95956000
97019400
96832700
102293400
97102100
97800600
97001200
96922400
96440600
95846100
96647700
96760900
96242700
102795500
98532900
96410100
96792600
101689400
96069400
101511800
97287700
97564900
98660800
104276800
98338400
98786500
97807700
97075700
102618400
98469500
96411100
99802100
97198800
102367800
99076700
97660100
96872600
97917300
97171300
97035000
97227500
100032700
99531100
103195700
98879900
96544500
97699200
98230600
98359500
98082000
96837800
97611100
99280900
101279100
99494400
98364500
97541800
101705700
99936800
97700100
97821400
97515000
96839000
103717200
99101200
98248900
96893300
97708900
96805400
97594200
99005400
96731700
98193700
103965000
98385000
99445900
98755500
97613500
98426600
97971200
96981300
97644600
97436700
99019200
100913400
97614000
96532600
97333800
97839700
96964800
97429200
97334500
97326200
98101600
103589000
97542300
97697100
96951200
97102400
97139000
99948800
96739900
96727900
97601900
103432800
97762100
97685500
95699500
96645900
95572000
96476400
96757700
96481100
96722300
102594300
96760400
96932400
97036400
96483800
96616500
97150600
96536900
97431300
97440000
102766100
98573200
97317300
95983700
97137300
