9686300
9720100
9566700
9790900
9754300
9681700
9715900
10249500
9678900
9746400
9601100
9727700
9743100
9649400
9613200
9636100
9701100
11309400
11717900
10548100
9863600
9861300
10363000
9775900
9822800
9888700
9959900
9961300
9965500
9812000
9865100
9809700
9836700
9713300
9745400
9705900
9573400
9726800
10391300
9655900
9697600
9666400
9633400
9659300
9692700
9614900
9725900
9651000
9592500
9707200
9807600
9620700
9693700
10253800
9994500
9881500
9899900
9808700
9876100
9721200
9682000
9699500
9600800
9699400
9672900
9602600
9663600
9719100
10259100
9687600
9667700
9578500
9738600
9549400
9604500
9682900
9556400
9694600
9644600
9573100
9769700
9525500
11907700
9835500
10204600
9788900
9555100
9667200
9747500
9594000
9666400
9673100
9579000
9655800
9532300
9715300
9678300
9611100
9627600
10379800
9598000
9551400
9682000
9740900
9650800
9638300
9678200
9746000
9759900
9590300
9698500
9603900
9640800
10808000
12588400
11685000
10625600
10572000
10696800
9800600
9822400
9818700
9818400
9907200
9954800
9972700
9941800
9820400
9799700
9911400
10529800
9821200
9818700
9725100
9813000
9753800
9741700
9659800
9799200
9681200
9694900
9617900
9673100
9668800
9693100
10302600
9649600
9560800
9769800
9643000
9563300
9724000
9588500
9611600
9777100
9572300
9554400
9619300
9685900
9653400
10297100
9566900
9622100
9723100
9623800
9740400
9671600
9554500
9752000
9596600
9728600
9655800
9633000
9640900
9721800
9553700
10066000
9666400
9631300
9687000
9634000
9547300
9740700
9639800
9713300
9788600
9694000
9662100
9675300
9721700
9693100
10360400
10341000
9700600
9890000
9755200
9634300
9773500
9627100
9792800
9641900
9795200
9626400
9748600
9584800
9707500
10435300
9671400
9761900
10525800
11853200
11859900
10130900
9957600
9967100
9988200
9988900
9977700
9948900
9974700
9813600
10308000
9776300
9751400
9746400
9701200
9740700
9857100
9810000
9697300
9844100
9702200
9631900
9767500
9642500
9663200
9810400
10269300
9664600
9674500
9658100
9653400
9632400
9580000
9658400
9629200
9706900
9790100
9764800
9710800
9814400
9710500
10300000
9678700
9683600
9641500
9756200
9714400
9662300
9722300
9621100
9715600
9585000
9587100
9671900
9567300
9801300
10249600
9701800
9710600
9719100
9652500
9602600
9605600
9604500
9784300
9616800
11917300
10667100
9805800
9807500
9793800
9775200
10214200
9749500
9718000
9685300
9752000
9656100
9640900
9766100
9622200
9683300
9684500
9557800
9684400
9656400
9690700
10115700
9618300
9624700
9682500
9571800
9708000
9597200
9579400
11061800
12180100
11452000
9913400
9789500
10097400
9909100
10572200
9814000
9903200
9877700
9800000
9821100
9870900
9853300
9811600
9772000
9788700
9781400
9866700
9746700
9738900
9748700
10339400
9650700
9745300
9764600
9704000
9729300
9604000
9593100
9734800
9600400
9663900
9633900
9701200
9723700
9690100
10377900
9831700
9727900
9727900
9783300
9731200
9673900
9808200
9725300
9749900
9843200
9731000
9719200
9799400
9858200
10286800
9770500
9747100
9789500
9720800
9772600
9702400
9612000
9733000
9851300
9569500
9600000
9733300
9717400
9736700
9615200
10217700
9690800
9654700
9612200
9652500
9739300
9673000
9617800
9695100
9722700
9637600
9720600
9630700
9689300
9665400
10257400
9694700
9754300
9747700
9647500
9741900
9679800
9649600
9660100
9706800
9785800
9706400
9747400
11746500
12566900
11289700
9869200
9879700
9877200
9856400
9855600
9804900
9868300
9946200
9845600
9779500
9900200
9869900
9828500
9891200
9903800
10266000
9849600
9818200
9793700
9962600
9827900
9755600
9749500
9764300
9790500
9760000
9697600
9820300
9777400
9796700
10214800
9734600
9764100
9912200
9759100
9684600
9781700
9754600
9715700
9774100
9734600
9844400
9726800
9719200
9856200
10513100
9755700
9796200
9826100
9792400
9769200
9717900
9754700
9805600
9879800
9739700
9752500
10485600
9900500
9744100
10354600
9773200
9812800
9691600
9707300
9784400
9791100
9781300
9773100
9779900
9655400
9885800
9803000
9685200
9726900
9748600
10258900
9657500
9702900
9711300
9787100
9765600
9740900
9804300
9783700
9782400
9760300
9777500
9766000
9754100
9748900
10282900
9752700
10970600
11606300
9950400
9898100
9780500
9799200
9779000
9766200
9770800
9793700
9872800
9816000
9863900
10519600
9805600
9838700
9800800
9805000
9752800
9771900
9734700
9854500
9763700
9770700
9851900
9768100
9871000
9808800
9797400
10294900
9800800
9752300
9809900
9756400
9747800
9743200
9758900
9807900
9775200
9773300
9911500
9786800
9737600
9751100
10264500
9780000
9733400
9859400
9721700
9710600
9776900
9693500
9637400
9887300
9770600
9760900
9800500
9696500
9788600
10166800
9614700
9725500
9779800
9697900
9713800
9715900
9646300
9619500
9619500
9705200
9737100
9626900
9778900
9749000
9692500
10324000
9739900
9819400
9738900
10900000
12436300
9972800
9785700
9821600
9914900
9846400
9803600
9793400
9826500
9954500
10245200
9805300
9773800
9834100
9861000
10714800
12001000
11116500
9862200
9769000
9821200
9851700
9824200
9904900
9854500
10383800
9967300
9914100
9838200
9817100
9849000
9878900
9803900
9947500
9821500
9898200
9749200
9721200
9815400
9800100
9874500
10247500
9731200
9752300
9753400
9762900
9800300
9869900
9732200
9664900
9800500
9813900
9860000
9698500
9734700
9686700
10256800
9767800
9691800
9671600
9771600
9700400
9640700
9732400
9736300
9666500
9751700
9741800
9717000
9824000
9804900
10329200
9789500
9837200
9812500
9775800
9722600
9854900
9831800
9587800
9694500
9687900
9736700
9578000
9611600
9570700
10197600
9640800
9685300
9799100
9804500
9708800
9819900
9624300
9674600
9698500
9684200
9724700
9769400
9689100
9657900
9583600
10186200
9595200
9649300
9645600
9714800
9544300
9750700
9723300
9775600
9632500
11064500
12112000
10802100
9879000
9766300
10548100
9850900
9775600
9807700
9835700
9826600
9822500
9925500
9788500
9933300
9737100
9932400
9796000
9855300
9712700
10254500
9735100
9777800
9824100
9733300
9779400
9851000
9906300
9805500
9867900
9760400
9725900
9783000
10159600
9908300
9782700
10211800
9784300
9827400
9810700
9782400
9781900
9786600
9744400
9799500
9751600
9748300
9748900
9909500
9745300
9741300
10333800
9737200
9756200
9837600
9613000
9523200
9612900
9619400
9694700
9645500
9693900
9701400
9737400
9756100
9725000
10260300
9653200
9684900
9652900
9696100
9693900
9751900
9661700
9634600
9794600
9749600
9839200
9815300
9756900
9626400
9713900
10335000
9741700
9816200
9673700
9647300
9741500
9784400
9706300
9762500
9791800
9683500
9731300
9567000
9690600
9826600
11930000
11760000
10169000
9822400
9763900
9869400
9890900
9823100
10024500
9890700
9803900
9854800
9868300
10011900
10077900
10522900
9989900
9875000
9858700
9763300
9904900
9793700
9720200
9714300
9744800
9706400
9798000
9783300
9772300
9835500
9727200
10370400
9867500
10128200
9728500
9850200
9740100
9871100
9866500
9841100
9739700
9815000
9713900
9714200
9774600
9778600
10329500
9773900
9767500
9735300
9776600
9682000
9784500
9749300
9841800
9707300
9803300
9817800
9804400
9870000
9730400
10304100
9746300
9819200
9742300
9828200
9789100
9768900
9813900
9837300
9834100
9833000
9676700
9677000
9668800
9692200
10235700
9808200
9751000
9856100
9810700
9812000
9746300
9760600
9787700
9695700
9798300
9703600
9698600
9801100
9762000
9777000
10386300
9745900
9708200
9820700
11486400
11955100
11109000
9805400
9912400
9826500
9825200
9928000
9878100
9912400
9800300
10306200
9827200
9870800
9780000
9765500
9693500
9794200
9900100
9719300
9799600
9857200
9726700
9826500
9747800
9659800
10222700
9611400
9686100
9811800
9577500
9689100
9659700
9669600
9632100
9810700
9597600
9653200
9638600
9811000
9745700
9536400
10188500
9795100
9599000
9722000
9590600
9592000
9670500
9731000
9916800
9699500
9661300
9594700
9690100
9694700
9669400
10280100
9668200
9716800
9658200
9571100
9686500
9589600
9691200
9694500
9685600
9585800
9586600
9659600
9650300
9787200
10155200
9652500
9790000
9721900
9765200
9535300
9692900
9606200
9591000
9800200
9699400
9742700
9714100
9559800
9631900
9711500
10192100
9707200
9795800
9710700
9924900
11035200
9517500
9676100
10024200
12212800
12108800
10073300
9912700
9868700
9971900
10722800
9827700
9808900
9787400
9789300
9799600
9806900
9810600
9745400
9806200
9738700
9833500
9801700
9710000
9710800
10312300
9723200
9658400
9654200
9557300
9655100
9602500
9577200
9721500
9693100
9640300
9730400
9789400
9769700
9799100
9619200
10322700
9776800
9659700
9664500
9607000
9653600
9646200
9567400
9496500
9548400
9758900
9688400
9702500
9685400
9595600
10276600
9570100
9602400
9545700
9686800
9694500
9610300
9726200
9674800
9556100
9612000
9622500
9610400
9746400
9731700
10241100
9672900
9749000
9705100
9632200
9637500
9616500
9589400
9601600
9653300
9654700
9673300
9759300
9624000
9606300
10227200
9584500
9652300
9687100
9490600
9713500
9613800
9580900
9661500
9569400
9722400
9964400
9508200
9659500
9875900
11400900
12654700
10054400
9914600
9831100
9820900
9787600
9829600
9824000
9778500
9826000
9893000
9848400
9824300
10002700
9921400
10342600
9895000
9952300
9878200
9942000
9819200
9852100
9938300
9655400
9595200
9682000
9594500
9637100
9602000
9546000
10224300
9699100
9707800
9591300
9858100
9663100
9686700
9796500
9863600
9896200
9837200
9762900
10374600
9684100
9651300
9603300
10315900
9778400
9748100
9582700
9684700
9595900
9661200
9567700
9591900
9726600
9604600
9645300
9709500
9517400
9691500
10264100
9546400
9698300
9779500
9624500
9620400
9623400
9513400
9613800
9579000
9541700
9594800
9611100
9600900
9639800
10252000
9888600
9732400
9769100
9704500
9597500
9600500
9690700
9556600
9759400
9619500
9566600
9599300
9549900
9712200
9693000
10054500
9577900
9620200
10395500
11502400
11225500
9929900
9835400
9779700
9801600
9831200
9789400
9783700
9849300
9926100
10351400
9744200
9776800
9655500
9765000
9643300
9559500
9654600
9636500
9592000
9661100
9598500
9619400
9689200
9597900
10287600
9690500
9585800
9620200
9740600
9780200
9701500
9630300
9560100
9622000
9749500
9624100
9708000
9657200
9668800
9754700
10123100
9570400
9697800
9660900
9713100
9685100
9582300
9716000
9623000
9568900
9774400
9662500
9603400
9710900
9585300
10175900
9695600
9593800
9771600
9622400
9582800
9652100
9728300
9697500
9665200
9684900
9663000
9614900
9667800
9738400
10198300
9578800
9631000
9726600
9707300
9697200
9574000
9549100
9680800
9642400
9721100
9711800
9708300
9655700
9625700
10312200
9706800
9673300
9630200
9618500
9553100
9815500
9596000
9667900
10212500
12136600
12069400
9862900
9844700
9836700
9789900
10276400
9879900
9880500
9865700
9831400
10013900
9831800
9907200
9949200
9777500
9829400
9542000
9691200
9744900
9592500
10243600
9718000
9563800
9684800
9631900
9694800
9626300
9554300
9552600
9597500
9607700
9650800
9631100
9670900
9715800
10259800
9617300
9738100
9705100
9612000
9671600
9619300
9593600
9656700
9583600
9618200
9630900
9663700
9614700
9628200
9504300
10239400
9734100
9775400
9634000
9748100
9578100
9626100
9551700
9573200
9785300
9743800
9612700
9697400
9715600
9821300
10211500
9675400
9609500
9606800
9604700
9638500
9578500
9745500
9802100
9571100
9600700
9613800
9631800
9639800
9709800
10113500
9788300
9658600
9583400
9801800
9594200
9884600
9740500
9650600
9749200
9883400
9888100
9667300
9625700
10276100
12307300
12900900
9845700
9861500
9829600
9783300
9765100
9787200
9845000
9935500
9809200
9939800
9767400
9688300
9719500
9838700
10494800
9885600
9703600
9866200
9779600
9792300
9779400
9852300
9826900
9879100
9791700
9658600
9843300
9643700
9614300
10162100
9541700
9563100
9616100
9616400
10015500
9680200
9661500
9727000
9617900
9632200
9768300
9613100
9684800
9660700
9637100
10061800
9700400
9623500
9843500
9752300
9580900
9584800
9510900
9574300
9589200
9700000
9546800
9560700
9602100
9586900
10335300
9617100
9564300
9659900
9611500
9590100
9850500
9765400
9649500
9934900
9531800
9569200
9842900
9609900
9681900
10402400
9541200
9684400
9806000
9618900
9651100
9715800
9533500
9670100
9775900
9599500
9602100
9650000
9728500
9582400
9811200
10281100
9501500
10039300
12353800
12475500
10696700
9807100
9909900
9795500
9775600
9862200
9937800
9820900
9850100
9853600
10366900
9813100
9800000
9933700
9851800
9903300
9814600
9770500
9749900
9736600
9713500
9800200
9690500
9692600
9711000
10241600
9617800
9677400
9554000
9744700
9636100
9515500
9676500
9593000
9571700
9671100
9673200
9762600
9737700
9778200
10275200
9713500
9665200
9634200
9640200
9615000
9691800
9652100
9682800
9600200
9570800
9610100
9601600
9611200
9604300
9566500
10131900
9630200
9569800
9687400
9685800
9555800
9599600
9653700
9551200
9535600
9549600
9640000
9617600
9569300
9718900
10274400
9618300
9646300
9598600
9595500
9729600
9580400
9768800
9763800
9585100
9623000
9670900
9574200
9687400
9627500
10286600
9519500
9650300
9566600
9537900
9810400
9721800
9545900
10128700
11927000
12006500
9861500
9799800
9832300
10049900
9862500
10336500
9856800
9844700
9831500
9843800
9827600
9810300
9819900
9822400
9675400
9722000
9910000
9724900
9821900
9724200
10260900
9815300
9757500
9680500
9981500
9719000
9628100
9794900
9595900
9691800
9762800
9533100
9799400
9837200
9863000
10306800
9919500
9727500
9706500
10622400
11063900
9639500
9925900
9790400
9779100
10289400
9691700
9735000
9652000
9723900
9807800
10278100
9686100
9797300
9723300
9755000
9754600
9773600
9781200
9826100
9516100
9605400
9614700
9581000
9688600
9619900
10164300
9742700
9646800
9636700
9701200
9645800
9670300
9670000
9635400
9686500
9674500
9671300
9787000
9713300
9689200
10318500
9681000
9616300
9746700
9625400
9635600
9741600
9714500
9821200
9764300
9704400
9775300
9726300
10930100
11655600
10870300
10315700
9841500
9793400
9964900
9842100
9920600
9793900
9750300
9790500
9692900
9745600
9856400
9822900
9654100
9854100
10425800
9692500
9742300
9726900
9680400
9667900
9581300
9614300
9755400
9542700
9685500
9661300
9618500
9931300
9736500
10289800
9623500
9667100
9652700
9704200
9697700
9665200
9770700
9763900
10186700
10078200
10097900
9802000
9807500
9673800
10297200
9655600
9673600
9687500
9693300
9636900
9564700
9842700
9625300
9704400
9705300
9712000
9589300
9644500
9565900
9580900
10178600
9713200
9589200
9583300
9556000
9719800
9654100
9662400
9681800
9524800
9549500
9629600
9549800
9592400
9668100
10196100
9665800
9706700
9598800
9768200
9624300
9573500
9680100
9623600
9596000
9744000
9673200
9734600
11796400
10213000
10143600
9702800
9987300
12301600
12422600
10049100
9839400
9883300
9860600
9863400
9986000
9889000
9908300
9825200
9784600
9936400
10318500
9847400
9850100
9780500
9674900
9826300
9575000
9689500
9651900
9542100
9746800
9657700
9632800
9721700
9606700
10223900
9575300
9573500
9583800
9633900
9556600
9596300
9628200
9749200
9873400
9553300
9685200
9737500
9591700
9634500
10216000
9708000
9755900
9726300
9613700
9712300
9688600
9677800
9681600
9556300
9644200
9710400
9640100
9751600
9816500
9613800
10276400
9584300
9551400
9579000
9578500
9571300
9653200
9812000
9751000
9718000
9675400
9615200
9734200
9682700
9607800
10233300
9690700
9597900
9879700
9543700
9580200
9669300
9690700
9635700
9694700
9601500
9613000
9626200
10492700
9779900
10529500
9746200
9610900
9714500
9804000
9562600
9655600
10546500
11635400
11190600
9805500
9795100
9860400
9813400
9780500
9822000
10339600
9750000
9806400
9936900
9742200
9776700
9748300
9679300
9675400
9523200
9645400
9695400
9617500
9735100
9629900
10211800
9647900
9592000
9593500
9641400
9577300
9654500
9637700
9548100
9748400
9642600
9596900
9724100
9689100
9584300
10207700
9572000
9721100
9740400
9573900
9610000
9719500
9576300
9591500
9683200
9580000
9659500
9502500
9627100
9885900
10018300
9637500
9671900
9654800
9689100
9773200
9621200
9732600
9761400
9609900
9772500
9637800
9670000
10087100
9619300
9594300
10306700
9667900
9597400
9730700
9557700
9717000
9756400
9627700
9651200
9622700
9660800
9672800
9590400
9613500
9726000
10252700
9686600
9637400
9647400
9594000
9636000
12245800
10721400
9983200
9829600
9853800
9824500
10225800
11825900
10646300
10458100
9862300
9832900
9908100
9788500
10636000
9893300
9791000
9862600
9959700
9797500
9779600
9837600
9928900
9795000
9772000
10230100
9883800
9741900
9697300
9817500
9738100
9675900
9558500
9584500
9724700
9726600
9715000
9644600
9740300
9698000
10331700
9693600
9633400
9832600
9663300
9637300
9590700
9680700
9652100
9610000
9747200
9671800
9665600
9681700
9675100
10086900
9673400
9718300
9647800
9668200
9694500
9628500
9729700
9585000
9726300
9719100
9701800
9740400
9595800
9666700
9746700
10185800
9571700
9604800
9493600
9601200
9637500
9655100
9592500
9621500
9534700
9719100
9482100
9584300
9649200
9573800
10222500
9698500
9460300
9678500
9644100
9574500
9702800
9588200
9643000
9805200
9594000
9594900
9625100
9630100
9817800
10228300
9687300
10840900
11974400
10994300
9858900
9843700
9845800
9852800
9908100
9856000
9879900
9929500
9742600
10050200
9828300
10208600
9690500
9712500
9820300
9812100
9638900
9808100
9846200
9632600
9638900
9662200
9575500
9625600
9590000
9521800
10283800
9637000
9537500
9678600
9628300
9682200
9723000
9541600
9600100
9686400
9667100
9740600
9656900
9640000
9618200
10211500
9696100
9765500
9573300
9766800
9642700
9623900
9729000
9610800
9523700
9651000
9555600
9593000
9733200
9661700
10094000
9692300
9594500
9607900
9755000
9580100
9719800
9650400
9549000
9641500
9573400
9597500
9704600
9659700
9675600
9610900
10109900
9661700
9701500
9627700
9651800
9693700
9682500
9719500
9655100
9586300
9783900
9727100
9668900
9712200
9695600
10266400
9772300
9682000
9724400
9761600
9786800
9590200
10255800
12106000
11826300
9946900
9871700
9863200
9867200
9841400
10544700
9825500
9786300
9866200
9929600
9837800
9915600
9854100
9766800
9774300
9811100
9774800
9756500
9652800
9825100
9699900
10443700
9882100
9927500
9686300
9751100
9804300
9721600
9787000
9853400
9709700
9673500
9838500
9801100
10049700
9860600
10206600
9714200
9661900
9690700
9771700
9571000
9592800
9621700
9721400
9647400
9563700
9569900
9675500
9661800
9580900
10088600
9690000
9626200
9680700
9556400
9622300
9725800
9592800
9674400
9591900
9672800
9682200
9655300
9531700
9667500
9666400
10273200
9663100
9718400
9560600
9728500
9677800
9669000
9649200
9756400
9641900
9598600
9676300
9653500
9701400
9655300
10258700
9548800
9581300
9616200
9638500
9622000
9657000
9581000
9790300
9648800
9551500
9758100
10740200
11943600
11209200
10467500
9898100
10150400
10210700
9822100
9964100
9798900
9782900
9808100
9816400
9921300
9834900
9741200
9691800
9858500
9755600
10311800
9676500
9641100
9565600
9644700
9582000
9598600
9692300
9616400
9638200
9606900
9664100
9643600
9558800
9699100
10310900
9581600
9750200
9579700
9705500
9656800
9690300
9544900
9658600
9587700
9731800
9690700
9591400
9692000
9696600
10328500
9637900
9693400
9597300
9700200
9709000
9631900
9686000
9802500
9751800
9735700
9775100
9719700
9725000
9636200
10209300
9880100
9816600
9844900
9780700
9998700
9744300
9674400
9761700
9634700
9607000
9664700
9610300
9580100
9653700
9582500
10170200
9762000
9658500
9588000
9783000
9686200
9708400
9739700
9632000
9618800
9742200
9747500
9708600
9762800
9693900
10387700
9673200
11082200
11535000
10725100
9873300
9787600
9779300
9814500
9777100
9946500
9885600
9891600
9791100
9804400
10301200
9947000
9923200
9850000
9831100
9804400
9793900
9832700
9764700
9863700
9777400
9745600
9671400
9772000
9716900
9709000
10230800
9715200
9631900
9685100
9794300
9648800
9841400
9703200
9955000
9710300
9654600
9637700
9684700
9584700
9631800
10295600
9593600
9652300
9601000
9614600
9739500
9719000
9637700
9699100
9752800
9883000
9751500
9626000
9660300
9642500
12057400
11673800
9965100
9858600
9888600
9816900
9971700
9942600
9763600
9870100
9817600
9733900
9755900
9743800
9796900
9745400
10231700
9817900
9637000
9741800
9750400
9632800
9655200
9719600
9730400
9564300
9625600
9586000
9602600
9641700
9531800
10185200
9635800
9596800
9735400
9625700
9814400
10327800
11834700
11949600
9924600
9868600
9803000
9825800
9784100
9837900
10635000
10020200
9957500
9909400
10181200
11153000
11303900
10977200
11078500
11030900
11353200
11335800
11243000
11223300
11360000
11174400
11899800
10901700
10129200
9858500
9824200
9813500
9800800
9802300
9864000
9867100
9866700
9782200
9763400
9793200
9769700
10361400
9827900
9777900
9844400
9810300
9899400
9803700
9734800
9702500
9675700
9708400
9791100
9643900
9612400
9696400
10235100
9753400
9634700
9791000
9709200
9666800
9619000
9653300
9823400
9701300
9608700
9720800
9587000
9629500
9632800
9600600
10046600
9671200
9593400
9677800
9595500
9611600
9669400
9568200
9550300
9741700
9618800
9699100
9645500
9591000
9748500
10374700
9551500
9681400
9564200
9628300
9829300
9575800
9589300
10041000
11652800
12092100
9884300
9789300
9776500
9800200
10388700
9778900
9783800
9819900
9793200
9831200
9838900
9826400
9931200
10019400
9820600
9919400
9902900
9849500
9803100
10184200
9623200
9691300
9543000
9641500
9657900
9648100
9580200
9669000
9696900
9676700
9705100
9654900
9599300
9622800
9674500
10371300
9606000
9554500
9655000
9625700
10411200
9652100
9665500
9734800
9571300
9694800
9756600
9570700
9762900
9687200
10208800
9713200
9602400
9554200
9792700
9702000
9590100
9768000
9594000
9577700
9673800
9621900
9617500
9632800
9616300
10316300
9623000
9634500
9701400
9567500
9738700
9617000
9545400
9775400
9726700
9559200
9576100
9845700
9644300
9629800
9713200
10220700
9665500
9664000
9585000
9695900
9608500
9621800
9650000
9579700
9585000
9726400
9562600
9782700
10372500
12255200
12611000
9912900
9858600
9910300
9855300
9818200
9774800
9793200
9815200
9770600
9820500
9916000
9824200
9989200
9937100
10406600
9928400
9724500
9574100
9718100
9785000
9643400
9682500
9765600
9663300
9798700
9748700
9638300
9781000
9667400
9717100
10307000
9698800
9679300
9732700
9692200
9809700
11940700
10299500
9805200
9909500
9911200
9776700
9670400
9889200
9709700
10352800
9697900
9549500
9739700
9859300
9699100
9681400
9662500
9672900
9679900
9585500
9637300
9711700
9640300
9543600
10362000
9671700
10198100
9783400
9784300
9716000
9662600
9614100
9612400
9812600
9698700
9646000
9693800
9591000
9754100
9739700
10120400
9603900
9752500
9553400
9667100
9737800
9633400
9744900
9776000
9655300
9703200
9824800
9864800
9852200
9910700
10388800
9823800
9963900
11722200
11622900
10067900
9876600
9830600
9806700
9875900
9895200
9907700
9924200
9951700
9949500
10357400
11063400
11108900
9888800
9831600
9841900
9771600
9810000
9829300
9847200
9802800
9775000
9755200
9657700
9693500
10230300
9657800
9777900
9707000
9584700
9703900
9756000
9677600
9620600
9805700
9928800
9724600
9675000
9519100
9818400
10417100
10212300
9597500
9656000
9590200
9717700
9634700
9601600
9757700
9647600
9696900
9640400
9620300
9668300
9729800
9688000
10178600
9663000
9662000
9678400
9686100
9770000
9797700
9690600
9604400
9740800
9686200
9772800
9757300
9907400
9789800
10413900
9834500
9820400
9840800
9816600
9780900
9781500
9854400
9847400
9832100
9831300
9889200
9774800
9798700
9817200
9762800
10316800
9782300
9780300
9920500
9943100
9872200
9893600
10357800
11898200
12083600
12127400
10711600
9821800
9811400
9771500
10508300
9874600
9957800
9869700
9810000
9944300
9839800
9776300
9787300
9781400
9817900
9835200
9778300
9848800
9870600
10330900
9805100
9813200
9832600
9695100
9781900
9779900
9709600
9765500
10330600
9711000
9860000
9810000
9688200
9728800
9871600
10209000
9720700
9629500
9624500
9697000
9622000
9515900
9629800
9724000
9528300
9648800
9546200
9664300
9577300
9720200
10454500
9722400
9724600
9753000
9653200
9728400
9733000
9613900
9771800
9818900
9624300
9608400
9533200
9544400
9609700
10319000
9641100
9639200
9677400
9591400
9683300
9567300
9629900
9551900
9682200
9626200
9680500
9689400
9638100
9578200
9678200
10276500
9531800
9614600
9501500
9616400
9745400
9552900
9623900
9693700
9645700
9567400
9760700
11375500
11862600
10914000
10388100
9769100
9884500
9794300
9822000
9942100
9852900
9985400
9951300
9757500
9887000
9873600
9876600
9813100
9857300
10270400
9703900
9670800
9744700
9743500
9819400
9691300
9563600
9678800
9630100
9576400
9622800
9697300
9670800
9710700
10070400
9726600
9619800
9536600
9759200
9672200
9618800
9653200
9622900
9614100
9671700
9648500
9740400
9672300
9599500
9653500
10259000
9574800
9653900
9585400
9526800
9703400
9725900
9716800
9814100
9740200
9687100
9724200
9676400
9684200
9724800
10220600
9747800
9733400
9721500
9688400
9867600
9565900
9730100
9697000
9652100
9725300
9615300
9638100
9702200
9662500
10189700
9660400
9696200
9627300
9688300
9770000
9640000
9727400
9773400
9563700
9517000
9772800
9653300
9716600
9860800
9605600
10194700
10053600
11570900
11663100
10044600
9888600
9784100
9785600
9903700
9880300
9797200
9812500
9758000
9786600
9841800
10228700
9708700
9829000
9705200
9724100
9821900
9550700
9718200
9574500
9556400
9774400
9567500
9655200
9694400
9578700
10272600
9825000
9640200
9847600
9773400
9564000
9630800
9665500
9567800
9669000
9697200
9694500
9657400
9589200
9594700
9681200
10177900
9645500
9647600
9615800
9662600
9616500
9578900
9686100
9591200
9579200
9755800
9574300
9720200
9873200
9506000
10327700
9668600
9519300
9647800
9637800
9583100
9732600
9710100
9727600
9661800
9675200
9664100
9746100
9672900
9571200
10233500
9685700
9722800
9616900
9812800
9609700
9669200
9642100
9752400
9648500
9612600
9624600
9599700
9597700
9696100
9589700
10134000
9711300
9670800
9566000
9715400
9693400
9700900
10192200
11468200
11702700
10089200
9856900
9890100
9970100
9843100
10314700
9812300
9896200
9834300
9782100
9779500
9866200
9880200
9796700
9938100
9873900
9690400
9824400
9793300
9689500
10298300
9710200
9662700
9791000
9562700
9639000
9644200
9674000
9723300
9633200
9648300
9723900
9670800
9713600
9866500
10118000
9735000
9633100
9714300
9749300
9588200
9700300
9669900
9622600
9649300
9640300
9614200
9697900
9646000
9573500
9660500
10116400
9625000
9722200
9795400
10007000
9789400
9825400
9854700
9765700
9726600
9740600
9754700
10170000
9817500
9817100
10218800
9807300
9708800
9720100
9802300
9638800
9696100
9741400
9529400
9683900
9685100
9615900
9662200
9588300
9664700
10244700
9868400
9845700
9862000
9805100
9668100
9629300
9633400
9636600
9787300
9632400
9545600
9923600
11559700
11660100
9897900
10288000
9805000
9776200
9802500
9851900
10311600
11994400
11383300
10298500
9846900
9893400
9881100
9988200
9986500
9825400
10369500
9789900
9834300
9779100
9864300
9785500
9747000
9769600
9632100
9731100
9685400
9607600
9718100
9548100
9718000
10180400
9726200
9645200
9697700
9674500
9632600
9679600
9581500
9674000
9641200
9578600
9661100
9577200
9587200
9718100
9733400
10133300
9650700
9630600
9693100
9718100
9603400
9669900
9572500
9610700
9746600
9648700
9763900
9785800
9691300
9664200
10258500
9740100
9663300
9566300
9626300
11238700
11808100
9825300
9800800
9804200
9781500
9899500
9861900
9809900
9732700
10264200
9681900
9634700
9781000
9691200
10165900
9916800
9696900
9759800
9633500
9674300
9731100
9740800
9783900
9556900
9554400
10870300
11640200
11295300
9803000
9835400
9776100
9760900
9789300
9855400
9804000
9940800
9797700
10020100
9796200
9917800
10321800
9699100
9755900
9684500
9811600
9865900
9788700
9743000
9749700
9737900
9825400
9784400
9763200
9795500
9658800
10279100
9661900
9791000
9675200
9669800
9596600
9591900
9803500
9569000
9786500
9714800
9597500
9661900
9610000
9586600
9655500
10061000
9663000
9677000
9630600
9754400
9625100
9551900
9639900
9647000
9624400
9922600
9632700
9600700
9867700
9718500
10232900
9780500
9742000
9661400
9625900
9604800
9669700
9655100
9637900
9702900
9833500
9585100
9665200
9578300
9623600
10201200
9712100
9704300
9616200
9639900
9762600
9739800
9549100
9646000
9672200
9608800
9632900
9602500
9652200
9599300
10109800
9710300
9717900
9776300
9694900
9711400
10074400
11866700
11842300
9885600
9805100
9786900
9938200
9802300
9875100
9964300
10479300
9840500
9877000
9893200
9886200
9809300
9786100
9773500
9726000
9751000
9703400
9753300
9767200
9714800
9774500
10196700
9707500
9726800
9662200
9544100
9764900
9661700
9689500
9738300
9566700
9636000
9693400
9660700
9596400
9661800
10186400
9624400
9655700
9727100
9615400
9734800
9562500
9740900
9638000
9621500
9693900
9593400
9707900
9655400
9637900
9607700
10175900
9578800
9587000
9588600
9561700
9688400
9643900
9567400
9735800
9567500
9750400
9837500
9720300
9748900
9614500
10187500
9681900
9808700
9684100
9686100
9612900
9730700
9661200
9546600
9614000
9611100
9635100
9740200
9618800
9759200
10243000
9667200
9609200
9616700
9703200
9715000
9628300
9652400
9601600
9760400
9648900
9612900
11397500
12041100
11038700
9813400
10314900
9846800
9783500
9826900
9845900
9788700
9842400
9808500
9817100
9837100
9829600
9774600
9757700
9845000
9668200
10359700
9883300
9805600
9813900
9692800
9597400
9710600
9687100
9598300
9652300
9640800
9766900
9726000
9614600
9668800
10155000
9775700
9686400
9740800
9607200
9773300
9583400
9793700
9695100
9578600
9664500
9655900
9709900
9726800
9596000
9566100
10153800
9617800
9697300
9600400
9607000
9637300
9745900
9611700
9630700
9609800
9708400
9734000
9622400
9733300
9705600
10179300
9548000
9615200
9659300
9627300
9688200
9685800
9726200
9554700
9707700
9693800
9708400
9628500
9700700
9668400
10220600
9811600
9588300
9644300
9658100
9522100
9780500
9616100
9674800
9701000
9614400
9597000
9673300
9606600
9734700
10128900
9640700
11156800
11853100
11334800
9852700
9773700
9910500
9925500
9805700
9879900
9953000
9910500
9827300
9781100
10644200
10373800
9804000
9880200
9843400
9769500
9753100
9715300
9622500
9797600
9749000
9652300
9747900
9813200
9610300
9641500
10213000
9651900
9800200
9650500
9702200
9739300
9756300
9752400
9693200
9684300
9618800
9645800
9563800
9696500
9639900
10291800
9756000
9673400
9698300
9762200
9635700
9725600
9718200
9637300
9769400
9747600
9714800
9776700
9775100
9712000
9721400
10219100
9559900
9653800
9655800
9706000
9638600
9676900
9639300
9728900
9732900
9635500
9603300
9780800
9686400
9653400
10097600
9625300
9572400
9803800
9681200
9603100
9745600
9686400
9633200
9854900
9561700
9641900
9748600
9615100
9758200
10113500
9698000
9789400
9833600
9677300
9699800
9622900
11096300
11767800
10609600
9827200
9817000
9867400
9764500
10008300
9892400
10366300
9756800
9799500
9709300
9910600
9864300
9894000
9788700
9768100
9746600
9772200
9833600
9793200
9750200
9809100
10254900
9698800
9753100
9729900
9713700
9819100
9599100
9787800
9578400
9578900
9741900
9684500
9644700
9983500
9627700
10179000
9672800
9636900
9679700
9663000
9653200
9662700
9812400
9599700
9623400
9653000
9649900
9664600
9621000
9699000
9704200
10218600
9660500
9741200
9572400
9617600
9787400
9551200
9721500
9727600
9585000
9689300
9686800
9619700
9623000
9686900
10233200
9824500
9745300
9736700
9741800
9728300
10675400
10043900
9841600
9887500
9849800
9820800
9819500
9775400
9824400
10356500
9744100
9735100
9848600
9817900
9925900
9802000
9678900
9791100
9724800
9766100
10054600
12413400
12039800
9883200
10407800
9861300
9865100
9828800
9962000
9818100
9769700
9860600
9965200
9874000
9879500
9830800
9739700
9818100
9811800
9802000
10296000
9719300
9677800
9821400
9695900
9678200
9787700
9656300
9708800
9611600
9537800
9678600
9658900
9669800
9679300
10146500
9694200
9687700
9591900
9676300
9792600
9619000
9755100
9630600
9604700
9706000
9717500
9582800
9813200
9612800
10091200
9664000
9765800
9567300
9694000
9636500
9554800
10386500
10213200
9610300
10306400
9770100
11733600
11667600
10510200
10957300
11828000
10927400
9788500
10341600
10927200
10674400
10777400
11479500
11611900
11330200
11487800
11371100
11136300
11307000
11218800
11730600
11275600
11525000
10432200
10946400
11077900
10593900
11986200
10679100
9905000
9832400
10330700
12511500
12418500
10096100
11362400
12358100
12136100
12154100
12134600
12482000
12011800
11938100
11942200
12181000
11558100
30908400
12828800
11851900
12080300
11864100
12505300
11698400
11611200
12165200
11985600
13105100
12318700
12470900
12151900
12529600
12561500
11652000
11742400
11882300
11865900
12577100
11850300
11826800
11613800
12503800
12629600
12157800
12053200
11907100
11904400
12508500
12411400
12027000
11691600
11790400
12369900
11888600
13543900
11120800
11233300
11211900
11640900
12367900
12446800
11350600
9810200
10081700
10809200
10757600
10823300
11052000
10702500
10381100
11132500
10581400
10538600
10313900
11381700
10791200
9780800
9824900
9882600
9834400
9842700
9791100
10083900
12633400
12426300
11115900
10093400
9834800
10550600
11055500
10406200
11290400
10456000
10978900
10847200
9970900
10978400
11073300
11273500
10379800
9945300
9814100
9871300
9787600
9823500
9777800
9775000
9788900
9832900
9830200
9791700
9798800
9798400
10380000
9808100
9791900
9768600
9864900
9876000
9609400
9779900
9637500
9527400
9743000
9640300
10420000
9718700
9726800
9617900
10242800
9590400
9598700
9755600
9653600
9767800
9739500
9613800
9686900
9757700
9590200
9711000
9660500
9600600
9711700
10153600
9747200
9649600
9587900
9826100
9599200
9641300
9726300
9589300
9667700
9655900
9635600
9683700
9631200
9595900
10286600
9582100
9684300
9606100
9637200
9695600
9829200
9741300
9626500
9648700
9572100
9725400
9657900
9566200
9689100
9695800
10183000
9575400
9613800
11151500
12458200
11866200
9927500
9831900
9786000
9801000
9849900
9977500
9899900
9849500
9910700
10333500
9780900
9791600
9871500
9885800
9833400
9800400
9748700
9870500
9690400
9652000
9776900
9682500
9761300
9902700
10312800
9698600
9699900
9766600
9689500
9687600
9705200
9619900
9620100
9645600
9924700
9632700
9606800
9768600
9608700
9597100
10210300
9573300
9581100
9704800
9568700
9655000
9664900
9561800
9786900
9613500
9726400
9684800
9604000
9568600
9825200
10367800
9804400
9936500
9772200
9813300
9719000
9583300
9883900
9762500
9683200
9908600
9672500
9710700
9681600
9703100
10155800
9730900
9588100
9733000
9714700
9580800
9723400
9818600
9656900
9632100
9567600
9660100
9657200
9695600
9620800
9674400
10273500
9855500
9624300
9565600
9738700
9597400
9527800
9591300
11347200
12307300
10858900
9834500
9794500
9786400
9883300
10569400
9832400
9883700
9912900
9927800
9995900
9742400
9816500
9856800
9833300
9888300
9880500
9779900
9914500
9837800
10261700
9829400
9853300
9802300
9736400
9827500
9744700
9780400
9793700
9823200
9825100
9800300
9767500
9733700
9750200
10272800
9762200
9713800
9659900
9879600
9756400
9625800
9842400
9682300
9672400
9684000
9666400
9793000
9775300
9629500
9773500
10291400
9627100
9716700
9785600
9781000
9669300
9721500
9722200
9814400
9749800
9849700
9859100
9836200
9812700
9778600
10337800
9717600
9722300
9840800
9722300
9701700
9853100
9746400
9776000
9736900
9766100
9785300
9828200
9692500
9683000
10240000
9803500
9689400
9722300
10063500
9802900
9792800
9772400
9827400
9938600
9771200
9752900
9798000
11226900
11700300
10832100
10542900
9798500
9821600
9863800
9823800
9823600
9816300
9873600
9885200
9801300
9773400
9872400
9911300
9832100
9853800
10309600
9877300
9792700
9815500
9929100
9852400
9759200
9735100
9840000
9808600
9688900
9833100
9625500
9727500
9685900
10315300
9612500
9761500
9711200
10029300
9837600
9774400
9631100
9745400
9761700
9693800
9721100
9532600
9763800
9814300
9735200
10218000
9757700
9783600
9732700
9581200
9706400
9653000
9617500
9903700
9623500
9704500
9663100
9698200
9659700
9625900
10292500
9595300
9672200
9736100
9964200
9759000
9890000
9870100
9703500
9751300
9774200
9902400
9719400
9913400
9671700
10307500
9810400
9747100
9982700
9865700
9814700
9695300
9806000
9707500
9754500
9801600
9761100
9745700
9814100
9656600
9818500
10778600
11990800
11641700
9909100
9813400
9848900
9866300
9826600
9789900
9899500
9775400
9768400
9815700
9799400
9846200
10371300
9903900
9849000
9829100
9919100
9955700
9919400
9859000
9782100
9824300
9726100
9787700
9778800
9582200
9841000
10265900
9607800
9742500
9604000
9625100
9738700
9672900
9675200
9689100
9626800
9713700
9741200
9759000
9710400
9662300
9705200
10327900
9671100
9764500
9729300
9726200
9785100
9543300
9664200
9907600
9588300
9630200
9849400
9821700
9638500
9773500
10194900
9704600
9678600
9659000
9718600
9795700
9632000
9773900
9607900
9625900
9693200
9708600
9633500
9684400
9627000
10307200
9673600
9612700
9729700
9659000
9794400
9763300
9508800
9661200
9661100
9587300
9622100
9808600
9583200
9612800
10159900
9646500
9570600
9713600
9610300
9573100
10197000
12084300
12015800
9835300
9879900
9894900
9919500
9889500
9820000
9822100
10317100
9886400
9789400
9915600
9869600
9865700
9857400
9788000
9898400
9879600
9792200
9856400
9871900
9925300
9983300
10336600
9757800
9861800
9742700
9722000
9788700
9770200
9757800
9771000
9833200
9806100
9800800
9994900
9799500
9782600
10304200
9756100
9815100
9728100
9766400
9825000
9738400
9786500
9803500
9700600
9726600
9834300
9712100
9802200
9788000
9758000
10277100
9758600
9731800
9885800
9702200
9881200
9745100
9771000
9725600
9593400
9824900
9794700
9624300
9649600
9673200
10304300
9750000
9694400
9607000
9357900
9784800
9671100
9773900
9681600
9652900
9752400
9729700
9686700
9669100
9734100
10370300
9740900
9748100
9652500
9732300
9652800
9764400
9678100
9597400
9746300
9838200
11600800
11959700
10506800
9843200
9796900
10315300
9909600
9950000
9813800
9791400
9905200
9935900
9948300
9846200
9917000
9925800
9773900
9820500
9795200
9792400
10367400
9829200
9839000
9873300
9810300
9830300
9682600
9702000
9727100
9725300
9738800
9632800
9846100
9744400
9644500
10313500
9683300
9614400
9835500
9633200
9638000
9699900
9650300
9734500
9767400
9669800
9664400
9708800
9688000
9682400
9802800
10276300
9642100
9740000
9567400
9640200
9702000
9631500
9680000
9612600
9733400
9701400
9638400
9684300
9597300
9589100
10410300
9649000
9669300
9706600
9721000
9633100
9712300
9735200
10111000
9867100
9754000
9880500
9804000
9804600
9765900
10286500
9748800
9731700
9791600
9851400
9908000
9664500
9742300
9743600
9698800
9759100
9717000
9879200
9718200
9747400
11564300
11927500
12240400
9857100
9881700
9780400
9841400
9788200
9773100
9791100
9782600
9848000
10177100
9854700
9846100
9793400
10430700
9808100
9773300
9846300
9858700
9900800
9737900
9788800
9868100
9692500
9791900
9799400
9793300
9722900
9732000
10354200
9709200
9722600
9662200
9769600
9758400
9967600
9957000
9796500
9742100
9692000
9694000
9775500
9697600
9742800
10259700
9650400
9654300
9778800
9667600
9630300
9675700
9739700
9695500
9850300
9683400
9637800
9866700
9734700
9940200
9711900
10334700
9662500
9859500
9889900
9648800
9690700
9702100
9667300
9686000
9671300
9688700
9669800
9669600
11459600
11153200
10404500
9793600
9858100
10022400
9785000
9837100
9829900
9772600
9782200
9913000
9822300
9779200
9756800
9754800
9804900
10307800
9768800
9726100
10052300
11988300
12067800
10249200
9798600
9866600
9849100
9880000
9797600
9818500
9821600
9959000
9914800
10535200
9825700
9813200
9792400
9799700
9800800
9872100
9915500
9833400
9924600
9735800
9770200
9744200
9730000
9763600
10286600
9689500
9817900
9760100
9642500
9761900
9797300
9734600
9690200
9686800
9772700
9705400
9691700
9711000
9720100
10256400
9841000
9668100
9688900
9761400
9684900
9747000
9676200
9819400
9761300
9674200
9779400
9695100
9685300
9682600
9762000
10148200
9721600
9627800
9684400
9792700
9677100
9646800
9749500
9683800
9627600
9747200
9594700
9765700
9679000
9607000
10188100
9675400
9658200
9788500
9895200
9933900
9936800
9931700
9899900
9960300
9931300
9751900
9692300
9709700
9802900
10329800
9744100
9749000
9741600
9762400
9762300
9900200
9892500
11893100
11787700
10576500
9940800
9841800
9798700
9823100
10243800
9897200
9925900
9797800
9901100
9793000
9799000
9886400
9828900
9823400
9764500
9772700
9863400
9737800
9766500
9719200
10206400
9781600
9773800
9763200
9751800
9711600
9760500
9732000
9882900
10008200
9774700
9740700
9776800
9717100
9997000
10266800
9680100
9771700
9825600
9671100
9827700
9684200
9743300
9714700
9817200
9794800
9705700
9799900
9746300
9705900
10289500
9665100
9677100
9753400
9736100
9570400
9595100
9652400
9572000
9681900
9641900
9573700
9656000
9592300
9574900
9626700
10175900
9696400
9639100
9697100
9677600
9645800
9692400
9721000
9742300
9723900
9657300
9575400
9730600
10007100
9637300
10366300
9793700
9668400
9776300
9792000
9653100
9867900
9770600
9689400
9816800
9648600
9585800
10240700
11921200
12001900
10541500
9837400
9794800
9858500
9883500
9805700
9907100
9837600
9794800
9922700
9936900
9762800
9898400
9821700
9794400
9786000
10310000
9787400
9829300
12027000
10905700
9847000
9783700
9858400
9791200
9804200
9820100
9880900
9884100
9964700
9830400
10306800
9766200
9813000
9826700
9818700
9860000
9807200
9864600
9757300
9838700
9854800
9853900
9763600
9767900
9931500
10269300
9726600
9765200
9795800
9843800
9903300
9778200
9791700
9772300
9815100
9817500
9758300
9814700
9836100
9908100
9750600
10327400
9774200
9686400
9897100
9798100
9725900
9794500
9789200
9681000
9753700
9819900
9783300
9839300
9818800
9747600
10347500
9744800
9727500
9767800
9694400
9700800
9888000
9734000
9706900
9722200
9702700
9798100
9725400
9769500
9747800
10189600
10584000
12556600
12655700
9872900
9775300
10029700
9848800
9913600
9788000
9801000
9801000
9783800
9812800
9889000
10384400
10096600
10060500
10037300
9988200
9997000
9798900
9880200
9760900
9791300
9779800
9759500
9783600
9770000
9703700
9843900
10248600
9699400
9683000
9801200
9715800
9709900
9667000
9880900
9752100
9654300
9789400
9881300
9858600
9651600
9749600
10286100
9833600
9638000
9652300
9713500
9727300
9683400
9789100
9619600
9739700
9701500
9654400
9679100
9656600
9686400
10304700
9719400
9585700
9668600
9629700
9588700
9875200
9784900
9712200
9821000
9625400
9679000
9736100
9737400
9701500
9926200
10321800
9645900
12226000
12484000
9694200
9689700
9668000
9645000
9678600
9764800
9724800
9797300
9599300
9627300
9743900
10284400
9781200
9932300
9757300
9728100
11389600
12037500
11366400
9913600
9774300
9868800
9797900
9895500
9778300
9840700
11233700
9861200
9825900
9783200
9816400
9916800
9852800
9782200
9824500
9957300
9836800
9838600
9799200
9779100
9783900
9805800
10261700
9752600
9767200
9732600
9741300
9792400
9800600
9766600
9770000
9860700
9864100
9889400
9771700
9709300
9773100
10293800
9769100
9715000
9748800
9712100
9719300
9802600
9758100
9660500
9730300
9797100
9676700
9718700
9699800
9587200
10212100
9726600
9627700
9680400
9569700
9769100
9753400
9684800
9745700
9750800
9783000
9747700
9593200
9668500
9713300
9635400
10291200
9707200
9639600
9814200
9757000
9788200
9652900
9723600
9705000
9691700
9710500
9702300
9639300
9629800
9682700
10291900
9652800
9710600
9683000
9672500
9742700
9827400
9609900
9728400
10366500
12282600
12000300
9838400
9800200
9803700
10364200
9820900
9803900
9852900
9801200
9838600
9843400
9845500
9814300
9854600
9871500
9790500
9783500
9778800
9819200
10255400
9775100
9867600
9725800
9875500
9785000
9758300
9798000
9727300
10665800
11708200
9787200
9968100
9781500
9890700
9878900
10691500
10036400
10119400
10157200
9790100
9809700
9798400
9826600
9858900
9790900
9803900
9763200
9786700
9793700
9956600
10315900
9805800
9745000
9748500
9870700
9818900
9765300
9900300
9942000
9747300
9827800
9876800
9785900
9852900
9725700
10297300
9880600
9748500
9892900
9747300
9629900
9684800
9751000
9664500
9659700
9685700
9668300
9852800
9759800
14085400
10049300
10668300
9703200
9791900
9774600
9717400
9764500
9766700
9767100
9766100
9772400
9691900
9796600
10063100
13154300
12009300
11314700
9886700
9928300
9799500
9873300
9947000
9941000
9892100
9934000
9860800
9834700
9808200
9939700
9956500
9772900
10328400
9788700
9798200
9832600
9779100
9805200
9855600
9772600
9728000
9785500
9688800
9683000
9678200
9674700
9726700
9650100
10286400
9766500
9733000
9668700
9755800
9665500
9663900
9718200
9701400
9729500
9928600
9703000
9844800
9758900
9703400
10288400
9708400
9701900
9741300
9669100
9609800
9761000
9632800
9695300
9772900
9644800
9749700
9753000
9659100
9724000
10215900
9686000
9811000
9618500
9616900
9762900
9628700
9773000
9673400
9626300
9686200
9714300
9633800
9721200
9755100
9633400
10322000
9644200
9718000
9779300
9757700
9771000
9778000
9666100
9679400
9672900
9628100
9661100
9760100
9656100
9705400
10314700
9624400
11247000
11733600
10471300
9795000
9883000
9788800
9890500
9797700
9933900
9996000
9948300
9907800
9885700
10396000
9841700
9874600
9838800
9821700
9728800
9782600
9903500
9768800
9817500
9777900
9768600
9818700
9615400
9734600
9676800
10136000
9693500
9792700
9590700
9711200
9703600
9735900
9782800
9847200
9606300
9721300
9769700
9639200
10152100
9806800
10297200
9626100
9791200
9690400
9616300
9670000
9712400
9637300
9751800
9766600
9622800
9671600
9699200
9796100
9706800
10277700
9668800
9653900
9712700
9814800
9667100
9665700
9760300
9688700
9691200
9593300
9641500
9620600
9713900
9671600
10296200
9769200
9547500
9605700
9653900
9496700
9718600
9724700
9601800
9579200
9648600
9650100
9605000
9640100
9618800
9703400
10336400
9638200
9634400
9773500
9619900
9547800
9820300
12085600
11532200
10989200
9863400
9782400
9864800
9825200
9841400
10422500
9821600
9972900
9797900
9915000
9870300
9800600
9798400
9774200
9913900
9837100
9787300
9785900
9805100
9696100
10221300
9629800
9671400
9601000
9643600
9664000
9740400
9587600
9671400
9559100
9921200
9820000
9720200
9749200
9751500
9826000
10317500
9850500
9730100
9763500
9728600
9696600
9691200
9754400
9732800
9715600
9637300
9666300
9680300
9681100
9771900
10203300
9640200
9693500
9750100
9695400
9667200
9806900
9762200
9700700
9662500
9602100
9669600
9602900
9849400
9793000
10234500
9718900
9728400
9659900
9757200
9711600
9633000
9678000
9756600
9766100
9709600
9752500
9974000
9719400
9910300
9718100
10325000
9736800
9772800
9803700
9719600
9767500
9775200
9853400
9824300
9761200
9696100
10164400
12192800
11738800
9829600
10402800
9798000
10985200
11340400
9871400
9873500
9859400
9788200
9791400
9947800
9769500
9780100
9880700
9860900
9902700
10300800
9783700
9773400
9811900
9847500
9776000
9784000
9886800
9780000
9796200
9849100
9721700
9792100
9812600
9855800
9716700
10237900
9669600
9993300
9671800
9759100
9730300
9702700
9710900
9780000
9689400
9693600
9651400
9765900
9688800
9658400
10220600
9730500
9647900
9726900
9897600
9688400
9738900
9664800
9718200
9716900
9743000
9703200
9725300
9631200
9613900
10342000
9835000
9883100
9913600
10063700
9880200
9828500
9745200
9919900
9762600
9758600
9843300
9954000
9997300
9930700
10465700
9677200
9751000
9814200
9674900
9707300
9742300
9694100
9706500
9644400
10025600
9870600
9827300
9908100
9853500
9679000
10822300
12079000
12025800
9836100
9917100
9791700
9801400
9803000
9902200
9869300
10033900
10013700
9777300
9787400
9797400
10322700
9782000
9918900
9946700
9806900
9890100
9784500
9884100
9757300
9678000
9789700
9704600
9752500
9684600
9690600
10192200
9705500
9615600
9772900
9770900
9763400
9727100
9662100
9681400
9688700
9687900
9652500
9744400
9720200
9657600
9743000
10249000
9692300
9790700
9667900
9624900
9691100
9884300
9759900
9697000
9615200
9702200
9775100
9602100
9753200
9719500
10298500
9735800
9839300
9795000
9769100
9796900
9656500
9605400
9663300
9560900
9687700
9658500
9721300
9631000
9628700
10256000
9657600
9704800
9651800
9642900
9724100
9708000
9692100
9755300
9977800
9694900
9870700
9771700
9741300
9881000
9691100
10192800
9879800
10455700
11765900
10252200
11546800
11922100
10434800
9889100
9849800
9886900
9793700
9849300
9784600
9854700
10274800
9852000
9792500
9767200
10060300
9925600
9867200
9838000
9869200
9785600
9926200
9928200
9834100
9785400
9894500
10290900
9720300
9765000
9815800
9832500
9784200
9802200
9648600
9806800
9582000
9646200
9919300
9777400
9753700
9703400
9777100
10332000
9693000
9841100
9756500
9808800
9692200
9894700
9904200
9728600
9729500
9728300
9769700
9792900
9722500
9873500
10351100
9743400
9745500
9838300
9866000
9717700
9884600
9793800
9670800
9701400
9690600
9792300
9620900
9642400
9657100
10379500
9665600
9741100
9786000
9653300
9765400
9720800
9743400
9643400
9662800
9732300
9775700
9670700
9728500
9664300
10372900
9628900
9569800
9646800
9741900
9705100
9922900
9764300
9693300
9870800
11070700
12548200
11841800
9836200
9849000
9770700
10456100
9796100
9806100
9843200
9858400
9882300
9827900
9837000
9875200
9851700
9869200
10023100
9910800
9979400
9996100
10415900
10021400
9878900
9849500
9763000
9743400
9727200
9618500
9684100
9751600
9588100
9865900
9739900
9641200
9666100
10227300
9658300
9669000
9708200
9798200
9773200
9725000
9660800
9784500
9726500
9681500
9638300
9678900
9864000
9718800
9614900
10244500
9746800
9690100
9761200
9773100
9771600
9718300
9585700
9679900
9683800
9678500
9768800
9767800
9668500
9669100
10350100
9649000
9686700
9747400
9746800
9728000
9669100
9618500
9831000
9678000
9680200
9746500
9720900
9857400
9712300
10227800
9704000
9686300
9635800
9641700
9633300
9576500
9745600
9715900
9616200
9663000
9807400
9802100
9891300
10219500
11971500
12540700
9857100
9789600
9897900
9809400
9787200
9803300
9754000
9845900
9857000
9922700
9844900
9949400
10023300
9930700
10420100
10037200
9857400
9985600
9928000
9964100
9951200
9662000
9778400
9703300
9683700
9760600
9672000
9679600
9756400
10284200
9663700
9765500
9729300
9709100
9950900
9760100
9625300
9711700
9676800
9875500
9801500
9860200
9722100
9758600
9693400
10220100
9848000
9733000
9774600
9821500
9716300
9679300
9719600
9747900
9735600
9802800
9827300
9923800
9792200
9786400
10279500
9890400
9816200
9785900
9682700
9685400
9790500
9705000
9656100
9743900
9771100
9817700
9806900
9726500
9683700
10244700
10076000
9688300
9686400
9597300
10611700
9826000
9721200
9726100
9850000
9739400
9662300
9615200
9756400
9899000
10374000
9736300
9843700
10242300
12089100
11857200
10046200
9803400
9770800
9815500
9881800
9816400
9930200
9985800
9834400
10103200
11409300
11316900
11209100
11167200
11543600
10758400
9871300
9800100
9864600
9958300
9783800
9850900
9891800
9791800
9811900
10435900
9784100
9805000
9822300
9850300
9781000
9817700
9748800
9936700
9866400
9874800
9814300
9900600
9877100
9787400
10314100
9845600
9801400
9770200
9782200
9832400
9819100
9778300
9847900
9755800
9825400
9835000
9883800
9778200
9777300
9814400
10295100
9867400
9809700
9751700
9843400
9708200
9790500
9840400
9826700
9792900
9757800
9784500
9881100
9795700
9802300
10274800
9731000
9742900
9828000
9729000
9685300
9811800
9852000
9651500
9673000
9876400
9761000
9740700
9674400
9607900
10370800
9840500
9779500
9864900
9768200
9829800
10426300
11730600
11820300
9863200
9828000
9808900
9789500
9833600
9791600
9843300
10520200
9795800
9855600
9881100
9782800
9871200
9800900
9907700
9808200
9779400
9807800
9798700
9795400
9816600
9755200
10198200
9772500
9802400
9824100
9677100
9648200
9706800
9646700
9675200
9760800
9603900
9638500
9820000
9644300
9716100
10257700
9640100
9762900
9773800
9891400
9795800
9878600
9800900
9824800
9734000
9663200
9807800
9766500
9830200
9618300
9601700
10109500
9599600
9552800
9656900
9825500
9606300
9656800
9671800
9633700
9613100
9745500
9624400
9568300
9678900
9727400
10242400
9676800
9639300
9534500
9674600
9636100
9666400
9716800
9712900
9732000
9759800
9650900
9652700
9728200
9647600
10518300
9683700
9658300
9685900
9635800
9906800
9903800
9856400
9785000
9754300
9861500
11723400
11692400
9903000
9800100
9942300
11421200
11048900
9794100
9836000
9865000
9929300
9789600
9837500
9825200
9898700
9833200
9793800
9771600
9806200
9788800
10411100
9920200
9798000
9723200
9747900
9671700
9813500
9682400
9826700
9815000
9726500
9714800
9791300
9688500
9677600
11144300
9940700
9787000
9861900
9827300
9763900
12536800
9841000
9825700
9760200
9792900
9849100
9703700
9830600
9782600
10189000
9820100
9690300
9726000
9740700
9720000
9713300
9777200
9647000
9763600
9641400
9698300
9626000
9604000
9644900
9774600
10213000
9588100
9645100
9642400
9649400
9678200
9729200
9645200
9644800
9558900
9625000
9612200
9545200
9656800
9687800
10327400
9727500
9643400
9679800
9721600
9791600
9676700
9812900
9757800
9799100
9643300
9834900
9759400
9667700
9680700
11980200
11877600
10869300
9785200
9786900
9783300
9835900
9831900
9788700
9963100
9880700
9814200
9790200
9792400
9794600
9811600
10387800
9968300
9927400
9821500
9725600
9849900
9848200
9728400
9734600
9751700
9695300
9728500
9728200
9611500
9670200
10226400
9687800
9634800
9794900
9728800
9684300
9943600
9657200
9740600
9706400
9720200
9694400
9748300
9705100
9784000
10263300
9740000
9630300
9664100
9672900
9561500
9757400
9656100
9586900
9756400
9777500
9694000
9821900
9635400
9684800
9769100
10144000
9578300
9739800
9700900
9640500
9733400
9643500
9691500
9668300
9618200
9677900
9662800
9594800
9680900
9596000
10262000
9718700
9696300
9679200
9613100
9562300
9576700
9729400
9700600
9691100
9580500
9643600
9727000
9749500
9685900
10241700
9834000
9848100
9757800
9819200
11227200
11852400
10524600
9860600
9844900
9802000
9801000
9797500
9764100
9855500
9888300
10310000
9771000
9799500
9882600
9856100
9864900
9788800
9811300
9822400
9845600
9692700
9763800
9755800
9863700
9741000
10340100
9719100
9787200
9696400
9698900
9637200
9664100
9658600
9620300
9676900
9668300
9568500
9640200
9612000
9640000
10291200
9668600
9694600
9831100
9704100
9718600
9705800
9794400
9704800
9734900
9731100
9772000
9750300
9706200
9712700
10164400
9751900
9709300
9654500
9932800
9792600
9636200
9739700
9723300
9682200
9774800
9799500
9666600
9793200
9708800
9597200
10142500
9598500
9658300
9704800
9654500
9601500
9771500
9630300
9678400
9781900
9642200
9702000
9747300
9663000
9693300
10235100
9671500
9820800
9653800
9694900
9718300
9726600
9718800
9711500
9819900
11526000
11950800
10430400
9911200
9852000
10396700
9840800
9835800
9842000
9951300
9876300
9916800
9899000
9875400
9962200
9750400
9791800
9772500
9693000
9643100
9707400
10276300
9751400
9791800
9721100
9696200
9772600
9624800
9743200
9792200
9716300
9946800
9835400
9804200
9750900
9707000
10198400
9854200
9642400
9608000
9833500
9719800
9763900
9719900
9826100
9765800
9751600
9668400
9791000
9753800
9685200
10343200
9712600
9786300
9703700
9729800
9657500
9773200
9664500
9732100
9618200
9653900
9734400
9697300
9702500
9658700
9755600
10157100
9647500
9606200
9768700
9679400
9677100
9643200
9742800
9634100
9670500
9565100
9550000
9634900
9757100
9642200
10162300
9568900
9645500
9668400
9655100
9682700
9687800
10597300
11077500
11080700
11585800
9933900
9784300
9895600
11387000
12279500
10459100
9800500
9802800
9825300
9874700
9885300
9815400
9797500
9785600
9824900
9989600
9847100
9947600
9986900
9879600
10453700
9871800
9902200
9757100
9790100
9768600
9802300
9755700
9757300
9729400
9736300
9625700
9818200
9572400
9606600
10234800
9674800
9655400
9745300
9540000
9641300
9645200
9603400
9601200
9708300
9612300
9686100
9616300
9750900
9659600
10175600
9778400
9629500
9623700
9657600
9617300
9569000
9744400
9636200
9696700
9723700
9640900
9687800
9717800
9680600
10275100
9707000
9683700
9653000
9568500
9561100
9623500
9551800
9591500
9625500
9600500
9628500
9651100
9752100
9737200
9581700
10195200
9638900
9586200
9696200
9659700
9718000
9695200
9566300
9692900
9925700
9661200
9595300
9687100
9613900
9757300
10189800
9705800
9683700
9686000
11432100
12004900
10286700
9847000
9779000
9789200
9914400
9800000
9854900
9929500
9866300
10452000
9978600
9803000
9870900
9733600
9651400
9831600
9801900
9625300
9714200
9618100
9505100
9775100
9676600
9634800
9711700
10166100
9642900
9603700
9660800
9833400
9586500
9588200
9761100
9537600
9596600
9807400
9592900
9673600
9697300
9593000
10307400
9579200
9519000
9929500
11043400
13580800
9875500
9753500
9910100
9623500
9746300
9624000
9676800
9722700
9615400
10310300
9703500
9606500
9648700
9616800
9581300
9687000
9614400
9591600
9712600
9605500
9607100
9636100
9564700
9616400
9635100
10160500
9649400
9670200
9662300
9662100
9572700
9716200
9604600
9787800
9755300
9589500
9676200
9681400
9666900
9690200
10513800
9739900
9727900
9801400
9627600
9981700
9609800
9682400
10105900
11478200
11410100
9921400
10162000
10733100
9833700
10635700
9926300
9865800
9891900
9867100
9843700
9890000
9877700
9812400
9835600
9980100
9792400
9972000
9812100
9779700
9776900
10337400
9787100
9770900
9956900
9773500
9702100
9656000
9793600
9645700
9609600
9647400
9659000
9579800
9740600
9597200
10189700
9684500
9543400
9606800
9557300
9561300
10345300
9617400
9536800
9608600
9628400
9773100
9626100
9672100
9655700
10213200
9710400
9680500
9749500
9705200
9661400
9779200
9681900
9824200
9572200
9525100
9695200
9566400
9603700
9649700
10221000
9709300
9822200
9635400
9613800
9730000
9691000
9520300
9588400
9621700
9635500
9741600
9554600
9612600
9662200
9552900
10179300
9572400
9685800
9594800
9634000
9698300
9759600
9641700
9756900
9594900
9774000
9631500
9628500
9682200
10899300
11849100
12039600
10179700
11300900
9887800
9815600
9909200
9817200
10102800
10057300
10006200
9979700
9994500
9945000
9894300
10298600
9807000
11093300
10045200
9925900
9902600
9976000
9952700
9814400
10565800
9826000
9839700
9939500
9903900
9830300
9775000
10261400
9835200
9710000
9720900
9923000
9690200
9664800
9716800
9600800
9606400
9566200
9561800
9529300
9625000
9556300
10296200
9662900
9672900
9682400
9722500
9510200
9720100
9572400
9527700
9720900
9696700
9568500
9765300
9580100
9601900
10271100
9634900
9607300
9736700
9574800
9717200
9792200
9600300
9736400
9631700
9567600
9562500
9581500
9673900
9662800
9608100
10402200
10000200
10549700
9755700
9739900
9828400
9771700
9760400
9711500
9676700
9792000
9747700
9699500
9668300
9645600
10250800
9620800
9624100
10973800
11864300
11576100
9841100
9788000
9780100
9794500
9904500
9821600
9830800
9796700
9847000
10346900
9836500
9791800
9792100
9888200
9747900
9785900
9761500
9786900
9931200
9788100
9743100
9702500
9684200
9783600
9640400
10306000
9679600
9687500
9665000
9608900
9642100
9696500
9685100
9813600
9718700
9721300
9694300
9745000
9691000
9702300
10202300
9652100
9647800
9598200
9674400
9718700
9708500
9779100
9678000
9664700
9658200
9735800
9606500
9755900
9656000
10144700
9644900
9745200
9618400
9692000
9575200
9664000
9747800
9685700
9674900
9604900
9700500
9707900
9735400
9710300
10109500
9738200
9681200
9698900
9731100
9812700
9641200
9591800
9650300
9723300
9608900
9539900
9656800
9680200
9741400
9638700
10214500
9714000
9595900
9683000
9757300
9558200
9589500
9843700
12392300
12196800
9924600
9897700
9785600
9793400
9885000
10340300
9788300
9815500
9780600
9820000
9748300
9700200
9864500
9775100
9805700
9924300
9795000
9682100
9806000
9705600
10247100
9758900
9777700
9861400
9830600
9759200
9762100
9813100
9691800
9742700
9762500
9560600
9675500
9663400
9718600
9958800
10420500
9649700
9750500
9668200
9654400
9643500
9747000
9591500
9651500
9606500
9730500
9765300
9585600
9680700
9650800
10189500
9625600
9691000
9710000
9743800
9684800
9643900
9766000
9696300
9542600
9662500
9600900
9590300
9688700
9523600
10143900
9674400
9731400
9749600
9653700
9648300
9639200
9703500
9619200
9634700
9738300
9796700
9653300
9681000
9650100
9558300
10291400
9642700
9574800
9746500
9851300
9586200
9755600
9583200
9736400
9727800
9687600
9557000
9670400
11232800
11859500
11806400
9830800
9794000
9907900
9884600
9897400
9785200
9910200
9772500
9891900
9912600
9833800
9863400
9886900
9722800
10360900
9772400
9798900
9703000
9776600
9707100
9786700
9799300
9642800
9788700
9598100
9598300
9690000
9690200
9717000
9677700
10268500
9693500
9771600
9628200
9601100
9610300
9670700
9596700
9657900
9706500
9709100
9796000
9604100
9633000
9619700
10266700
9658700
9566600
9627900
9757100
9627000
9801200
9798500
9533200
9684600
9703100
9537200
9680800
9551900
9577200
10607600
9761500
9708900
9996100
9597900
9656800
9683100
9700700
9703900
9964100
9744100
9614100
10045700
9681000
9634900
9801400
10032400
9719300
9715700
9565000
9659200
9621900
9570000
9665500
9739000
9548700
9563100
9617700
9641200
9780600
10785300
10309100
9667300
10246800
12595300
12350200
9877500
9813800
9777200
9805600
9881200
9864300
9811600
9811400
9856300
9809600
10545000
9902600
9817600
9801600
9773700
9754400
9766800
9588200
9735300
9637900
9690100
9626500
9671500
9667100
9720900
10276300
9790300
9590500
9595800
9647500
9617900
9709000
9695200
9559600
9653500
9744500
9586500
9705400
9604000
9835600
9734300
10243900
9656400
9876600
9780300
9903400
9882300
9686000
9712000
9871700
9713200
9832400
9784700
9692800
9894300
9769800
10275100
9864400
9786800
9709300
9828000
9714300
9661500
9776500
9668400
9598200
9732100
9573600
9596100
9782600
9658200
10225300
9774200
9637400
9713500
9658200
9612400
9702000
9656200
9660300
9635900
9677700
9797700
9718400
9615600
9638400
9724900
10254500
9822600
9692000
9579900
9734900
9607100
9648400
10867200
11899100
11571100
11603000
10081300
9881400
9798600
9862600
10407000
9873800
9838800
9812600
9472000
9821200
9805100
9904500
9971300
10063000
9810900
9875500
9905600
9718900
9679700
10379500
9732500
9612400
9879000
9719300
9611200
9779200
9594600
9691800
9676400
9781200
9696200
9850100
9599600
9577900
9761700
10184100
9661800
9793200
9680200
9647900
9814800
10009500
9680700
9759600
9621400
9564500
9734400
9628100
9694700
9659300
10145600
9874700
9629300
9670400
9808100
9656100
9588600
9722300
9690700
9600100
9657900
9553200
9705000
9668100
9818300
10323700
9813500
9761200
9712200
9738600
9707800
9647200
9595700
9568100
9697400
9727400
9632300
9637400
9657200
9580000
9657800
10156600
9595100
9780700
10358500
9585800
9644000
9602400
9641100
9830500
9517200
9611600
10106100
11572000
11604100
9851100
10324500
9778300
9817900
9772500
9785100
9943300
9849600
9758000
9821900
9818700
9825700
9879800
9653400
9618400
9722000
10217600
9896100
9811500
9872100
10021900
9856800
9692300
9688900
9733400
9751100
9571900
9674500
9588900
9610300
9763700
10097400
9617400
9822100
9710900
9685800
9781500
9615200
9616300
9597700
9622900
9647000
9678800
9842500
9676500
9614100
9635800
10421900
9793700
9624200
9587200
9686500
9594200
9630200
9727800
9634900
9806500
9768600
9765300
9592500
9712700
9535800
10141000
9679200
9688000
9601000
9652800
9649100
9655400
9605300
9620500
9781200
9737200
9647600
9731700
9736500
9769800
10197600
9555100
9722600
9675500
9538400
9599200
9623600
9469800
9674200
9577800
9567800
9793500
9602600
9724800
9791700
9509600
10310500
10319100
12627800
12750500
9917700
9812600
9792300
9946800
9814900
9844200
9893300
9988900
9948900
9951200
9890600
10441500
9816300
9774200
9642800
9784600
9762400
9673000
9657500
9731300
9660900
9723000
9828800
9609500
9674400
9649100
10107200
9631800
9637500
9669800
9605400
9622600
9649500
9722900
9602300
9593900
9836800
9637800
9701400
9661900
9688700
9671400
10271300
9686900
9784200
9709500
9576000
9713500
9742800
9627800
9651800
9711900
9649200
9582900
9651900
9692700
9611900
10227600
9739200
9746800
9631500
9752500
9732000
9831900
9791000
9839200
9764400
9801600
9736700
9660800
9798200
9557100
10195000
9650700
9904500
9810700
9765000
9787300
9569000
9628100
9660200
9610900
9600300
9715400
9669700
9709700
9751400
9591100
10188200
9550500
9571400
9727500
9543900
9623000
10334100
11685700
11221000
9948000
9925900
9915800
9790400
9798100
9827100
10389800
9898900
9950000
9970200
9797700
9761100
9928000
9864300
9742800
9786100
9748100
9692000
9736800
9687500
9642600
10256800
9684400
9736800
9761000
9721300
9858900
9752000
9916500
9733900
9760100
9670300
9575200
9771200
9548400
10154200
10208800
9621100
9622700
9659700
9579700
9656100
9701800
9565800
9639100
9799100
9713100
9715300
9604500
9653000
9715300
9667600
10264700
9517100
9825700
9657300
9603800
9683600
9626300
9592300
9735300
9597300
9597200
9638700
9620200
9664900
9588300
10218000
9603500
9747900
9675100
9738100
9511500
9658500
9647700
9703900
9697900
9562400
9626100
9662200
9578800
9716300
10175300
9704900
9608600
9663000
9664500
9701100
9779800
9723600
9595000
9762800
9603500
9581200
10257500
12051100
12104900
9949500
10532800
9912400
9794600
9854900
9769000
9857000
9896400
9810300
9998300
9739900
9670600
9898400
9876300
9889200
9945300
10289100
9596000
9704400
9763800
9626000
9720200
9668000
9634000
9635000
9720600
9631300
9626200
9650300
9561300
9678100
10012800
9659900
9717100
9555800
9574700
9684900
9586400
9634700
9635400
9595900
9713200
11691800
10606600
9842500
9860100
9702900
10248800
9722000
9663000
9636900
9743000
9583300
9550500
9858700
9556700
9793000
9654700
9600300
9782100
10047700
9820600
10255500
10022300
9511800
9586200
9659700
9616100
9603500
10463100
9613400
9585500
9602900
9575100
9724400
9644000
9640200
10307700
9663700
9611300
9673000
9589800
9679900
9638300
9613700
9627300
9637000
9642000
9818500
9736100
9556800
9777100
9594200
10122000
10958300
12577600
11928600
9796600
9851200
9782800
9864200
9834100
9802300
9824900
9757800
9784800
9785600
9870700
10703700
9899900
9723800
9784200
9705100
9742700
9705600
9652300
9730700
9710200
9656000
9641300
9589100
9625800
9706800
10201300
9761800
9774100
9680400
9684500
9792700
9617600
9794200
10025900
9638500
9694100
9671000
9797100
9725100
9826500
10173800
9777400
9609600
9739000
9753700
9669500
9683400
9676300
9664000
9649500
9688300
9609600
9705300
9664700
9658500
9607900
10314500
9655300
9698200
9676200
9670200
9621500
9725600
9717200
9488700
9551700
9607800
9606300
9731000
9625700
9674500
10231600
9676500
9549700
9610200
9637000
9595100
9695200
9610300
9609500
9645200
9782100
9675500
9655600
9622300
9703900
10151300
9699200
9734500
9723100
9550600
9677000
9612300
11397500
12004700
11401400
9833200
9865000
9866300
9766900
9938800
9792200
10274100
9818300
9887500
9845700
9876700
9930400
9837400
9855800
9759000
9728500
9754000
9881800
9729700
9729700
9622900
10199800
9684500
9710900
9582800
9646800
9661700
9667000
9733100
9683100
9563200
9736200
9608500
9615500
9662600
9647100
10187700
9701400
9639600
9628500
9557100
9569500
9605300
9575500
9617600
9584900
9693700
9622800
9594200
9629800
9624600
9726100
10160900
9514700
10183400
10118500
9695200
9684000
9570100
9599700
9738800
9605600
9803200
9674400
9640900
9682800
9636900
10224000
9577600
9674300
9694000
9587700
9843800
9716900
9793600
9723800
9783700
9610700
9731500
9772000
9731000
9802500
10244100
9645000
9719000
9726000
9573900
9625500
9738500
9556700
9769900
9604200
9730900
9713600
11719100
12205100
10049900
9829400
10436500
9826200
9871300
9981500
9798000
9857500
9792300
9900400
9721600
9655700
9685800
9783700
9642600
9761300
9727000
10305200
9715300
9688400
9646700
9676200
9636700
9579700
9721100
9639400
9621400
9628000
9568700
9554600
9761500
9647800
10303700
9619000
9612600
9814000
9665400
9662500
9590000
9722600
9606200
9607700
9729400
9606300
9746600
9670000
9628500
10223200
9692800
9591100
9694700
9663200
9607300
9666900
9637100
9555400
9654900
9559100
9634500
9639100
9559600
9713800
9761900
10152200
9634100
9618200
9667100
9669000
9615300
9633600
9703200
9655900
9564500
9848600
9561000
9640700
9541000
9625100
10211400
9649100
9664100
9818100
9792400
9543000
9652600
9700500
9601700
9731800
9658500
9809400
9595500
9653100
9723500
10169200
9630900
11040800
12139300
11813500
9935800
9864400
9791500
9811100
9785000
9829200
9850800
10036100
9839600
9998600
9778400
10286900
9705300
9844000
9814900
9689200
9757800
9723300
9659600
9705500
9697200
9764300
9610500
9714700
9669300
9582200
10131300
9624200
9689200
9699100
9771400
9596700
9654600
9635500
9573700
9663700
9606500
9605200
9724500
9655200
9455800
10238300
9644800
9577100
9704600
9590700
9605100
9714000
9527400
9666600
9592700
9422900
9651100
9642400
9650000
9632900
9541300
10182300
9697800
9590900
9655400
9656500
9594100
9689200
9626100
9594300
9740200
9677900
9615400
9769200
9570800
9750000
10294700
9550900
9654300
9612300
9626900
9731200
9755600
9545100
9616000
9554900
9696900
9810000
9520300
9630500
9529600
10198800
9611300
9644800
9641200
9712000
9567200
9725800
11024300
11724000
11115100
9917500
9824500
9924100
9848200
9825400
9819300
10356200
9804200
9811300
9856400
9765200
9716200
9741600
9766600
9733900
9747300
9733200
9746300
9657400
9764800
9681400
10235600
9652000
9729600
9786400
9785800
9719200
9755700
9800600
9765800
9817300
9808000
9699200
9763000
9877600
9705100
10275300
9674700
9662400
10336600
9737800
9787000
9673300
9647800
9762300
9639900
9646700
9706700
9570200
9643800
9656100
9502200
10172200
9711000
9631600
9771400
9669600
9766200
9629000
9625500
9563400
9700500
9517200
9671400
9611600
9538400
9747100
10336000
9649800
9745100
9576000
9689700
9681800
9512500
9616800
9720500
9591900
9651000
9687700
9605200
9783600
9628100
10292000
9758000
9606800
9573200
9717400
9615500
9719500
9604500
9687400
9710400
9690800
9664000
10493200
11711600
11105200
10372900
9914600
9768100
9999500
10007400
10026600
9944400
9926700
9896300
9811100
9947400
9941300
9912500
9932500
9691700
9865500
10470300
9751500
9736600
9838400
9777400
9822100
9633600
9742000
9728600
9716700
9680300
9716100
9700100
9650200
9665200
10237200
9595700
9733600
9586400
9632600
9776000
9556700
9520500
9574100
9569800
9601500
9625100
9713100
9743900
9649700
10246500
9718100
9577700
9693200
9599400
9708700
9719800
9606200
9786700
9584600
9610600
9639200
9662500
9596200
9693600
9631700
10182700
9833000
9689000
9625000
9686600
9605700
9682000
9685100
9529200
9778200
9702700
9533100
9656900
9576400
9775500
10122600
9566400
9551700
9669400
9591700
9619300
9569600
9534700
9681000
9571000
9483100
9651500
9480500
9647500
9730700
10037800
9599400
10341900
11676100
11373700
9914600
9802700
9788400
9864700
9828800
9801400
9931300
9782300
9764300
9880400
9573000
10097800
9770500
9741100
9554900
9707700
9608600
9668100
9854000
9670900
9710300
9765900
9661400
11872000
11632700
9831300
10312200
9864900
9891700
9855500
9817200
9780500
9720400
9712600
9954300
9672000
9801400
9753000
9678900
9749900
9636400
10253300
9742500
9670600
9833100
9767000
9659800
9683600
9728900
9639800
9795600
9824000
9607900
9757600
9649600
9537600
9637600
10142400
9592000
9638600
9591900
9685500
9604200
9733100
9569800
9609700
9709200
9621100
9663000
9717300
9620300
9515200
10240700
9737700
9705400
9718000
9653900
9647200
9637600
9590700
9768600
9580800
9596600
9580800
9626300
9600600
9580100
10135400
9580700
9697400
9592100
9638600
9576700
9439400
10047700
11512200
11418200
9858300
9799200
9834100
9824500
9848500
10297800
9946400
9766700
9752500
10010700
10110100
9941000
9828800
9856800
9788000
9713800
9770700
9791700
9673200
9746300
9666400
10344700
9694400
9590300
9692600
9786300
9714500
9670500
9698600
9722400
9821400
9693500
9674900
9699500
9670700
9645200
10304900
9673800
9662800
9751100
9518200
9678500
9743000
9523600
9702000
9661400
9702500
9661400
9686100
9533800
9666800
10218400
9511400
9652400
9614700
9785600
9701900
9656100
9681500
9737500
9634800
9697700
9656400
9616900
9718700
9680300
9699300
10234200
9653800
9689900
9710500
9632400
9712100
9800800
9814500
9776600
9651000
9724500
9724900
9582600
9762200
9708400
10184800
9758100
9686700
9672000
9619400
9909500
9683000
9737600
9655000
9799700
9760100
9580100
10394600
11872700
11362800
10560900
9816400
9780800
9846500
9785100
9791900
9775300
9826400
9777800
9783900
9969900
9967500
9851100
9981300
9819600
9878700
10217700
9732700
9677200
9691700
9717700
9690200
9820000
9688300
9670400
9756700
9638100
9660400
9687900
9559700
9749400
10167100
9548900
9577600
9547400
9668400
9671500
9512500
9655800
9804200
9559600
9601700
9588300
9566400
9604400
9638000
10237800
9669400
9696400
9566800
9706900
9667700
9628100
9651200
9655700
9623100
9751000
9608200
9661200
9612600
9610900
9765100
10043600
9670000
9740400
9659300
9665400
9535700
9679700
9698500
9609500
9570900
9898800
9717000
9647600
9699300
9717100
10242000
9684200
9693700
9699800
9717500
9800300
9794300
9522000
9598100
9659800
9661100
9641900
9715800
9576900
9727500
10169300
9517700
10192900
11669900
11519500
9911000
9935300
9791000
9840000
9834400
9885400
9913800
9927100
9895300
9909500
10313100
9642600
9705000
9745700
9608800
9718200
9671900
9484400
9751400
9665100
9563600
9793000
9619500
9575200
9626700
9598000
10151800
9698000
9604400
9614500
9645600
9564700
9610500
9729700
9646300
9663400
9694000
9596900
9625900
9711900
9609300
10173200
10219400
11651800
9812100
9791100
9726800
9711000
9797400
9620100
9668900
9830900
9589700
9715800
9699900
9565800
10194400
9673700
9731100
9675800
9679300
9671400
10001400
9561000
9648400
9642600
9657700
9744900
9744000
9657800
9728800
9622100
10207000
9785700
9724900
10717200
9744700
9730300
9640800
9650500
9758200
9553200
9857300
9754000
9682200
9775400
9681400
10180500
9743700
9645700
9726700
9787300
9633400
9659500
10443100
11731300
11387500
9817600
9770000
9796500
9846900
9847500
10319100
9834400
9898700
9826600
9844300
9856200
9750500
9866900
9725900
9570700
9727700
9604000
9569800
9680300
9625500
9667500
10319200
9792000
9651100
9969300
9810300
9653700
10058000
9857200
9769400
9791700
9838800
9693200
10106900
9880300
9728900
10543900
9879000
9785100
9831900
9659500
9531300
9606700
9590300
9536700
9626900
9509400
9771900
9812100
9613000
9671100
10159700
9676300
9683100
9735800
9694000
9675500
9719500
9648400
9810000
9733200
9778000
9647400
9577000
9614300
9581800
9519700
10531300
9637300
9842500
9550300
9539500
9757000
9590800
9662900
10158000
9703000
10849000
11289200
9806800
9805400
9857000
10433800
9779100
9833500
9789600
9746200
9762400
9741900
9802600
9820600
9844200
9766700
9901400
11656900
11522900
10068000
10313900
9786000
9810200
9801100
9885800
9815100
9829900
9868400
9886800
9834600
9848700
9737400
9742400
9762800
9800400
10257500
9788300
9730500
9810700
9751000
10177500
11759600
10276200
9874800
9886800
9937800
9784100
9833700
9819200
9782900
9942000
10357200
9790700
9762700
9715000
9739700
10373900
9849600
9726500
9711300
9856600
9730500
9702700
9706300
9791700
9749000
10245300
9629400
9600900
9747500
9586600
11410800
10874100
9787500
9771800
9780600
9873000
9690200
9816200
9728300
9779300
10312800
9791100
9651600
9737100
9712600
9679800
9749400
9821000
9704600
9716300
9834300
9649400
9785000
9720300
9679100
9763900
10257000
9732500
9731800
9664800
9789200
9697000
9907200
9679300
9709300
9752600
9755400
9809300
9795900
9740600
9866200
10391600
11987700
12232900
10343200
9781900
9794300
9887000
9888600
9890400
9861000
9800000
9909100
9833100
9766900
9865700
10377800
9794400
9782700
9745400
9856100
9727800
9716600
9767100
9901400
9782400
9597100
9591800
9848600
9548600
9726200
9629500
10556700
9708700
9708200
9672000
9814200
9800600
9843900
9919200
9825400
9718300
10046000
9693600
9774000
9682300
9599200
10277700
9704400
9690700
9609400
9719200
9580400
9637700
9701500
9714200
9720500
9703500
9602700
9758500
9626600
9617700
10277800
9646600
9606800
9652900
9691800
9559800
9758800
9733300
9584800
9668500
9649800
9634300
9816900
9780800
9712200
9660000
10124200
9594500
9814200
9647600
9658500
9737400
9665900
9830000
9637800
9629300
9740500
9583900
9604900
9698000
9763800
10511300
9601500
9743200
9798900
9725100
10201700
11756000
11661900
9938800
9868900
9883400
9843100
10025800
9814000
9887900
10301100
9925000
9778600
9788900
9772200
9793100
9990400
9910100
9833900
9763900
9604500
9684300
9700500
9569200
9636400
9700100
10010100
9617300
9577600
9545900
9724900
9634800
9732700
9703000
9711200
9674600
9791400
9615700
9823600
9638400
9506300
10187300
9703000
9551700
9638800
9631300
9646400
9667600
9614100
9605700
9633500
9680400
9596500
9617800
9637800
9622400
10291600
9554300
9683500
9618700
9583400
9772200
9594600
9667300
9658200
9485700
9621300
9708500
9576200
9756100
9625500
10121300
9783200
9621000
9634100
9784700
9578200
9613400
9642900
9650500
9668300
9646100
9715900
9751700
9808600
9813400
9644200
10123700
9735100
9688000
9576700
9776800
9597700
9577000
9672300
9609500
9562100
9680600
11115900
11973600
10820900
9811400
10429500
9838600
9882000
9848700
9855700
9843700
9804200
9839000
9785500
9824500
9713600
9803900
9733300
9767400
9672600
10295500
9738900
9678100
9763600
9750200
9711400
9553600
9649700
9496400
9659500
9617400
9634800
9682100
9613600
9618000
9587500
10187600
9653400
9826200
9592500
9664700
9652000
9577700
9602900
9634300
9631500
9693500
9569000
9692300
9664200
9628700
10244700
9673800
9688700
9785400
9705400
9585600
9650400
9645300
9603400
9667300
9588800
9621600
9626800
9609200
9785100
10356500
9813400
9820100
9641700
9622300
9723400
9634800
9708700
9823400
9649600
9753400
9804100
9839100
9753300
9669100
9703200
10340400
9678000
9823100
9794100
9827000
9971000
9688000
9643600
9548300
9649900
9503500
9605000
9631900
9716400
9997600
11412000
10946800
11623100
11292000
11051100
11061200
11129800
11042600
10755000
10617000
9930200
9807300
9855800
9926000
9886400
10622300
10027000
9847200
9826600
9865300
9857600
9979100
9823700
9898100
9822000
9789200
9790400
9849400
9741600
9626800
9647800
10200400
9568500
9680500
9744000
9645200
9646100
9724800
9567800
9631900
9667500
9568600
9705200
9681300
9618600
9542200
10195800
9561400
9640500
9696800
9597200
9821200
9560400
9590600
9588200
9568700
9725400
9667900
9552500
9699800
9677300
10191300
9708200
9672300
9584900
9689100
9655300
9604000
9773900
9948200
9700900
9793500
9798100
9864900
9769300
9684800
10196400
9704200
9649200
9663600
9561400
9698600
9651300
9712200
9688600
9693100
9544900
9647000
9687800
9723300
9678900
9598700
10109300
9623700
9715100
9561000
9636700
11089600
12567900
11980800
9922000
9798800
9781600
9792000
9862000
9994000
9831100
10297400
9869900
9975000
10057300
9832200
9885600
9903600
9708600
9697000
9621000
9635400
9727200
9658800
9685200
9642600
10199300
9754100
9746600
9727500
9810800
9621700
9649000
9723200
9589400
9690600
9607000
9742800
10006900
9692600
9898800
9742800
10170500
9680200
9663500
9572700
9730800
9657500
9573400
9615400
9688200
9816900
9710500
9694000
9602700
9605500
9717600
10243600
9635200
9713300
9576600
9666200
9685500
9661000
9688000
9678300
9592900
9726500
9564900
9593900
9684000
9716500
10250400
9834100
9557700
9657800
9825300
9566400
9675100
9683600
9719900
9616100
9744500
9587100
9768000
9688400
9676000
9638800
10226300
9656500
9809100
9818200
9696600
9608900
9554900
9730000
9608700
9520700
11841700
11928700
11234400
10046600
10011600
10277200
9814800
9970400
9802300
9796800
9915900
9806900
9843400
9924800
9850600
9679000
9848300
9985300
9651700
9642700
10227800
9630100
9685100
9640400
9653400
9611800
9720100
9622000
9701300
9724400
9600900
9673200
9704400
9683300
9662300
9665300
10223700
9598200
9620800
9675800
9840000
9582100
9688700
9557300
9656200
9589200
9561800
9639400
9815100
9711200
9666500
10252000
9562300
9729900
9549500
9743400
9623700
9710200
9981400
9612800
9776200
9649800
9583000
9895300
10356100
9734300
10128800
9701000
9656100
9722100
10477700
9733100
9739100
9712700
9759000
9614100
9643600
9733200
9667600
9678000
9713600
10259400
9789200
9834100
9748400
9869900
9853900
9749100
10968000
9873600
10074600
9929200
10390700
10591800
9862900
10334300
10780000
12482600
11960000
9955300
11330000
11239600
10839300
9809100
10508000
11072900
10918100
11064500
11315400
11392200
11331900
11549000
11789600
10894400
11155000
11166100
10887200
11345000
11543300
10745800
11348200
10993400
10563400
11630700
10728700
10458300
12210700
11173200
9905400
9873000
9786600
9905000
9844800
9870600
10018700
9768900
9781700
9778800
9849200
9797500
9826000
9797000
10003200
10348100
9881600
9797000
9760400
9734600
9715600
9791800
9939400
9758300
9824200
9730700
9621400
9651300
9695800
9829400
10208400
10145000
9999200
9783500
9815400
9644800
9677900
9771300
9585700
9713500
9654600
9572400
9676600
9621600
9619800
10371100
9670700
9721100
9700000
9593400
9738100
9556000
9520600
9678400
9679300
9597200
9627800
9638000
9587900
9588300
9605300
12243900
11937300
11040400
9920200
9794300
9800400
9769800
9904000
9778000
9877400
9796400
9921000
9902500
9696000
9786200
10316700
9882900
9694900
9607100
9827200
9811000
9859100
9746200
9736900
9649900
9615000
9639000
9553900
9754200
9588400
10142200
9839500
9604500
9651000
9727600
9808500
9666700
9783700
9669200
9609100
9669600
9760500
10537600
9699500
9726700
9647000
10061400
9851200
9902600
9627500
9783900
10604100
12335800
10324700
9980800
9912600
9911700
9796700
9827600
9897200
9813400
10367900
9987000
9670800
9763500
9851800
9761700
9697500
9850400
9671000
9717100
9673200
9639800
9566000
9634600
9725900
10271800
9630200
9542900
9597600
9585500
9594500
10661000
9602700
9683200
9632600
9602700
9793700
9610500
9721800
9661400
10246600
9651200
9762800
9718500
10778200
11972000
11805300
10920700
9913900
9769800
10119000
9836600
9992700
9771300
9887200
9821200
10250300
9873900
9858800
9877800
9892900
9796600
9738400
9671900
9821800
9680800
9713800
9698600
9693400
9652700
9678800
10229400
9807200
9814400
9851800
9742800
9819200
9683500
9594900
9686200
9617000
9830500
9684300
9590800
9738400
9630900
10163000
9752400
9552300
9721000
9634800
9561200
9672900
9652600
9585200
9628000
9629100
9655600
9623100
9750600
9550500
9782100
10249000
9569300
9691300
9634900
9570700
9799300
9747100
9614500
9852300
9564900
9748300
9898800
9505900
9722900
9561000
10199900
9731100
9556400
9588700
9693500
9612700
9642500
9602800
9749600
9658100
9645300
9593600
9751000
9591400
9582000
11592000
9759600
9639800
9728300
9590500
9717300
9678500
9536000
9695300
10398500
12042300
11977700
10183600
9992600
9972300
9766400
10333000
9782300
9780300
9770200
9915100
9915900
9951400
9770300
9836600
9952800
9840100
9865200
9729400
9815300
9716800
10328400
9782400
9734300
9655700
9653800
9777500
9682800
9642600
9609700
9705500
9649900
9601000
9602200
9642900
9707700
10118500
9685300
9699400
9614200
9679300
9806500
9598400
9767800
9749000
9631300
9668500
9662200
9669400
9764200
9647100
9770900
10188000
9728200
9736500
9553300
9616900
9870100
9689400
9665500
9592800
9536500
9722000
