127
52
2
34
27
78
9
28
26
16
9
18
5
124
2
22
6
70
31
18
2
117
44
8
4
201
34
5
11
45
17
8
4
10
17
21
21
45
25
58
7
11
66
69
10
30
71
6
13
64
84
236
16
105
58
17
24
29
30
114
5
28
60
2
7
16
5
27
66
49
22
10
22
34
59
3
35
38
28
4
38
31
77
72
24
37
81
14
6
28
5
40
19
54
27
20
22
24
14
12
24
104
52
4
18
16
58
15
1
11
18
41
90
17
93
31
40
3
23
1
18
12
36
15
1
24
3
3
70
32
79
93
4
7
13
15
7
40
99
18
2
9
11
9
37
5
60
12
4
11
7
122
11
5
1
54
7
45
4
63
7
26
74
20
9
12
42
8
35
17
70
9
2
3
63
12
30
9
37
31
63
50
18
21
34
48
50
14
90
27
15
2
29
14
12
31
145
1
90
3
13
24
22
4
3
40
40
8
1
35
26
25
33
18
27
12
23
5
64
59
20
62
8
26
19
2
7
3
7
7
28
16
34
1
39
77
18
7
53
9
5
8
11
18
20
47
7
11
13
1
2
58
23
28
8
16
100
31
53
23
4
12
10
41
8
11
4
68
44
49
13
5
10
18
4
6
13
50
21
52
7
40
11
34
11
7
50
17
11
29
19
6
32
6
8
10
13
44
29
29
23
37
8
13
21
25
79
31
56
7
5
9
30
59
42
11
26
4
46
18
38
18
3
34
14
23
36
111
20
33
22
14
4
8
100
3
13
23
16
4
82
81
8
22
19
19
2
19
68
45
22
24
7
26
10
7
49
62
13
14
75
63
4
4
80
13
32
27
51
122
4
16
49
23
24
41
25
35
79
11
31
4
18
16
32
6
54
8
4
18
22
27
35
18
39
14
55
8
70
5
38
67
44
21
2
13
54
1
2
57
1
6
4
68
75
42
29
19
5
122
19
3
50
80
14
99
24
27
5
24
25
2
4
26
41
30
101
9
55
24
2
7
37
9
34
15
20
39
15
4
32
12
51
15
1
96
4
38
19
26
46
46
110
25
69
22
1
8
89
11
3
24
55
19
73
3
16
2
16
74
63
123
47
46
16
51
37
33
37
7
38
7
23
2
41
77
3
3
21
17
22
24
52
25
3
7
53
42
17
3
5
10
15
6
4
59
8
18
4
41
38
16
8
12
12
35
39
5
36
23
3
17
7
15
24
6
9
10
21
12
56
112
73
4
20
9
6
47
28
33
80
6
38
18
5
16
15
24
18
26
12
34
5
1
35
43
35
10
12
54
43
1
36
33
36
17
27
40
78
13
22
9
5
58
16
10
28
16
53
61
31
56
94
69
28
48
68
20
30
46
35
15
51
31
47
1
7
21
12
25
27
24
2
1
37
24
32
9
14
74
30
2
26
71
1
66
50
3
12
19
2
33
33
32
68
30
109
15
88
25
16
21
48
90
43
100
14
19
2
32
41
15
42
30
15
19
37
7
17
41
33
21
54
19
15
20
80
2
82
26
23
46
59
50
6
4
38
22
18
28
77
37
10
2
92
28
42
88
78
72
37
19
14
3
106
11
46
32
116
8
30
94
13
48
14
56
3
5
19
73
6
8
48
10
10
10
5
62
5
11
37
40
17
18
43
25
7
21
27
30
1
9
11
10
47
13
31
6
8
77
8
36
12
26
2
30
31
10
21
26
26
65
6
5
51
7
25
29
6
5
12
5
3
23
2
41
4
20
13
44
2
3
14
6
7
34
7
3
5
17
69
93
45
29
51
2
47
15
25
3
30
22
36
4
60
35
6
3
1
137
20
40
3
20
14
3
56
34
10
33
20
17
32
54
6
54
48
20
22
14
60
1
9
58
3
1
107
27
73
38
21
31
2
40
14
12
62
29
39
69
30
1
72
48
4
3
40
11
137
7
65
56
69
35
108
31
21
13
57
13
30
23
83
100
35
11
63
8
23
53
13
8
14
19
10
5
4
43
18
5
32
13
3
16
51
65
13
13
33
20
2
34
26
23
29
2
36
27
66
58
11
16
27
53
12
42
14
5
25
24
31
18
2
7
30
29
25
20
24
12
7
60
81
36
4
56
17
55
15
20
1
17
24
7
31
18
23
5
11
58
7
10
82
27
64
38
30
27
62
63
17
50
14
30
45
35
23
9
62
4
49
12
67
215
49
62
28
49
7
37
74
7
29
3
4
4
37
31
13
4
16
28
84
20
14
16
72
14
21
29
24
32
16
5
28
61
33
58
80
15
