2897
2663
2612
2640
2882
2696
2667
2812
2813
2828
2772
2680
2936
2518
2631
2601
2666
2636
2771
2909
2999
2862
2670
2807
2757
2732
2834
2672
2517
2709
2517
2518
2632
2667
2782
2713
2738
2950
2604
2672
2733
2629
2760
2729
2845
2575
2660
2752
2758
2583
2569
3028
2554
2899
2798
2514
2673
2574
2683
3100
2596
2766
2677
2593
3020
2678
2584
3040
2859
2508
2596
2522
2515
2895
2829
2567
2976
2704
2747
2636
2604
2690
2445
3120
2970
2578
2484
2625
2859
3040
2812
2734
2576
2578
3014
2520
3089
2783
2720
2612
2743
2317
2506
2650
2580
3047
2634
2935
2484
3054
2644
2900
2756
2816
2683
2653
2892
2779
2562
2644
2741
2614
2495
2648
2734
3081
2932
2808
2974
2745
2804
2621
2580
2533
2922
2961
2801
2937
2533
2733
2837
2573
2547
2610
2687
2760
2763
2640
2713
2365
2706
2644
2690
2648
2768
2574
2652
2982
2883
2512
2759
2552
2624
2616
2652
2612
2803
2479
2739
2552
2923
2614
2735
2964
2749
2879
2799
2537
3074
2552
2529
2822
2956
2785
2919
2632
2657
2963
2643
2479
2661
2722
2640
2719
2962
2594
2515
2563
2824
2879
2692
3024
2743
2834
2731
2886
2564
2496
2706
2558
2655
2842
2998
2740
2689
2795
2850
2859
2718
2886
2819
2731
2802
2629
2646
2619
2643
2831
2647
2644
2516
2684
2553
2827
2642
2575
2609
2395
2681
2982
2748
2659
2814
3283
2403
2910
2613
2961
2684
2478
2664
2641
2757
2688
2784
2628
3352
2913
2521
3065
2601
2537
2567
2994
2647
2746
2648
2445
2658
2697
2662
2752
2573
2656
2670
2526
2694
2739
3021
2415
2687
2823
3145
2549
2671
2648
2694
2882
2778
2830
2606
2935
2808
2791
2801
2632
2398
2845
2826
2971
2427
2807
2578
2855
2565
2744
2581
2613
2850
2730
2554
2912
2905
2442
2791
2486
2641
3044
2544
2692
2973
2945
2906
2560
2609
2930
2821
2747
2885
2738
2811
2935
2638
2666
2751
2637
2502
2845
2756
2697
2794
2799
2548
2492
2858
2556
3253
2487
2497
2581
2671
2701
2711
2794
2949
2864
2953
2427
2539
3442
2904
2720
2751
2708
2880
2669
2658
2688
3136
2856
2509
2789
3122
2665
2933
2534
2627
2655
2685
2913
2809
2557
2674
2788
2487
2781
2823
2685
2624
2663
2625
2821
2715
2598
3005
2846
2424
2608
2728
2995
2626
2997
2505
2551
2629
2897
2926
2650
2649
2614
2627
2636
2669
2956
2722
2846
2874
2699
2941
2683
2671
2672
2731
2767
2623
2698
2648
2783
3004
2541
2570
2611
2804
2953
2556
2870
2728
2840
2792
2634
2696
2732
2758
2610
2484
2858
2495
2580
2552
2841
2661
2694
2687
2823
3077
2486
2838
2617
2589
2631
2950
2638
2658
3083
2863
2593
2876
2723
3082
2672
2601
2911
2819
2727
2649
2836
2555
2906
2818
3344
2852
3026
2661
2601
2676
3018
2625
2674
2655
2488
2836
2540
2657
2962
2603
2697
2843
2894
3270
2845
2546
2703
2564
2590
2870
2829
2769
2780
2943
2726
2923
2542
2655
2741
2649
2741
2540
2885
2787
2712
2728
2748
2991
2739
2859
2477
3096
2612
2764
2638
2409
2752
2631
2665
2794
2921
2796
2834
2685
2744
2742
2539
2735
2744
2838
2603
2940
2681
2856
2636
2676
3002
2588
2702
2860
2785
2854
2563
2673
2707
2758
2927
2645
2843
2463
2630
2766
2973
3128
2443
2721
2954
2573
2694
2675
2592
2768
2725
2764
2841
2867
3426
2622
3020
2586
2718
3587
2967
2640
3033
2806
2839
2586
2519
2801
2743
2683
2765
2909
3155
2733
2747
2704
2800
2537
2453
2762
2911
2711
2704
2961
2646
2464
2589
2717
2471
2771
2853
2841
2895
2856
2844
2831
2824
2615
2629
2707
2664
2726
2534
2628
2847
2683
2599
2581
2583
3028
2837
2804
2658
2489
2943
3074
2657
2534
2646
2847
2766
2847
2705
2596
2916
2722
2736
2760
2574
2728
2666
2560
2849
2564
2734
2603
2571
2653
2550
2720
2656
2714
2530
2920
2687
2714
2724
2728
2618
2798
2753
2642
2691
2707
2663
2545
3175
2686
2803
2543
2401
3206
2842
2791
2641
2761
2763
2466
2508
2763
2571
2815
2943
2828
2810
2534
2936
2981
2642
2569
2767
2671
2803
2485
2871
2722
2610
2700
2590
2790
2453
2810
2770
2728
2676
2739
2631
2817
2884
2681
2584
2712
2495
2716
2533
2639
2661
2454
2792
2572
2845
2968
2590
2906
2864
2764
2679
2740
2867
2771
2983
2747
2853
2700
2911
2341
2960
2721
2740
2580
2891
2919
2619
2865
2824
2641
3454
2639
2884
2581
3087
2937
2398
2519
2923
2765
2593
2760
2506
3181
2751
2689
2849
2621
2559
2501
2839
2947
2586
2911
2828
2711
2905
2712
2909
2576
2786
2699
2531
3001
2417
2612
2891
2830
2795
2602
2806
3015
2679
2451
2714
2911
2807
2776
2673
2651
2832
2657
2521
2737
2463
2501
3204
2702
2546
2914
2728
2418
2627
2786
2713
2710
2591
2762
2635
2707
3022
2658
2814
2916
2803
2587
2542
2551
2751
2413
2795
2757
2722
2533
2517
2579
2893
2965
2782
2646
2865
2661
3026
2643
2552
2744
2676
2886
2564
2783
2831
2687
2751
2604
2894
2586
2674
2872
2617
2737
2771
2722
2628
2705
2745
2673
2859
2774
2926
2818
2795
2970
2567
2852
2734
2767
2748
2651
2472
2745
2857
2628
2602
2594
2544
2989
2594
2727
2630
2814
2762
2585
2627
2884
2661
2716
2964
2447
3049
2717
2633
2655
2596
2801
2866
2555
2589
2784
2687
2547
3475
2700
2660
2714
2595
2582
2760
2666
2612
2757
2459
2610
2957
2742
2720
2614
2724
2664
2555
3037
2600
2671
2362
2503
2772
2608
2608
2725
2660
2799
2612
2657
2678
2696
2795
2571
2796
2935
2939
2752
2616
2542
2766
2814
2701
2816
2563
2861
2668
3138
2549
2837
2855
2569
2626
3248
2657
2646
2648
3081
2557
2562
2748
2599
2432
2925
2835
2462
2943
2773
2782
2856
2704
2575
2560
2490
2761
2813
2717
2675
2758
2875
2679
2999
2701
2563
2624
2708
2606
3299
2658
2813
2858
2600
2690
2589
2742
2888
2438
2543
2658
2616
2777
2996
2768
2879
2788
2616
2736
2622
3010
2576
2837
2662
2897
2815
2635
2792
2734
2626
2845
2557
2534
2765
2863
2954
2955
2646
2863
2602
2760
2706
2544
2775
2849
2578
2565
2755
2611
2751
2623
2527
3028
2801
2620
2585
2765
2952
2591
2617
2663
2560
2571
2546
2630
2685
2582
2768
2838
2645
2592
2790
2715
2809
2420
2707
2901
2686
2620
2676
2722
2830
3241
2714
2794
2616
2720
2711
2873
2877
2695
2729
2748
2617
2948
3147
2580
2752
2832
2779
2484
2821
2887
3101
2485
2585
2533
2560
2592
2705
2775
2574
2700
2449
2538
2673
2711
2857
2688
3125
2639
2840
2552
2752
2588
2487
3105
2816
2492
2838
2508
3136
2789
2869
2465
2534
2673
2719
2794
2579
2621
2567
3112
2720
2747
2780
2731
2501
2810
2774
2605
2534
2578
2521
2523
2597
2895
2773
2684
2664
2792
2635
2735
2670
2907
2786
2648
2677
2804
2723
2705
2574
2571
2534
2741
2607
2821
2605
2605
2630
2565
2510
2677
2662
2903
2501
2766
2661
2537
2625
2698
2581
2900
2783
2581
2543
2740
2436
2566
2717
2568
2754
2529
2687
2871
2932
2835
2701
2615
2624
2665
2688
3096
2704
2601
2672
2795
2845
2982
2696
2799
2897
2702
2898
2586
2528
2757
2864
2731
2625
2719
2651
2646
2804
2551
2650
2758
2849
3006
2802
2595
2528
2508
2760
3033
2906
2676
2803
2730
2830
2718
2978
2678
2680
2645
2656
2898
2572
2711
3285
2612
2774
2757
2783
2774
2374
2578
2507
2729
2650
2691
2662
2650
2805
2599
2975
2775
2746
2770
2451
2786
2763
2783
2600
2485
2871
2703
2831
2552
2646
2461
3107
2558
2805
2591
2526
2779
2546
2621
2695
2542
2791
2555
2459
2735
2700
2734
2766
3261
2941
2955
2664
2738
2753
2662
2831
2539
3006
2673
2961
2811
2462
2582
2532
3381
2794
2861
2557
2485
3050
2672
3101
2580
2607
3082
2917
2659
3041
2514
2725
2850
2723
2619
2568
2580
2595
2933
2783
2761
3075
2634
2551
2652
2922
2719
2981
2481
2878
2741
2710
3287
2644
2526
2479
2859
2700
2459
2868
2759
2489
2508
2735
2595
2841
2768
2536
2973
2633
2978
2861
2600
2585
2760
2523
2800
2496
2380
2694
2599
2681
2630
2718
2734
2782
2720
2502
2754
2784
2732
2624
2703
2583
3060
2447
3175
2607
2605
2462
2769
2668
2639
2891
2693
3194
2863
2750
2893
2886
2597
2752
2898
2654
2697
2897
2713
2722
2540
2814
2588
2716
2731
2620
2653
2681
2581
2973
2883
2827
2894
2940
2791
2939
3047
2772
2781
2627
2579
2530
2809
2601
2886
2986
2960
2746
2548
2912
2781
2835
2693
2613
2884
2785
2668
2504
2751
2667
2725
2564
2702
2724
2567
2545
2814
2618
2591
3047
2410
2511
2637
3148
2528
2514
2780
2564
2801
2645
3223
2595
2510
2532
2615
3008
2587
2897
2482
2617
2791
2765
2750
2997
2659
2591
2821
2578
2631
2727
2633
2667
2581
2653
3005
2524
2655
2762
2785
2761
2567
2602
2475
2829
2589
2908
2573
2566
2769
2520
2625
2629
2624
2611
2719
3159
2701
2902
2467
2721
3095
2684
2585
2777
2747
2727
2883
2580
2488
2846
2504
2720
2701
2786
2461
2687
2824
2611
2613
2762
3139
2708
2724
2781
3121
2555
2770
2965
2574
2462
2981
2538
2682
2631
2754
2574
2644
2879
2588
2735
2777
2636
2519
2771
2752
2648
2693
2834
2730
2718
2903
2846
2606
2656
2649
2808
2563
2673
2637
2528
2598
2375
2681
2774
2740
2532
2470
2571
2707
2741
2684
2734
2522
2577
2712
2671
2429
2576
2829
2571
2667
2992
2647
2677
2633
2768
2937
2834
2652
2815
2738
2575
2523
2704
2468
2616
2957
2772
2786
2773
2582
2740
2535
2588
3008
3149
2613
2733
2690
2546
2635
2673
2610
2691
2641
2577
2875
2737
2776
2641
2775
2579
3053
2661
2730
2574
2592
2508
2990
2508
2715
2900
2866
2609
2722
2569
3035
2919
2731
2484
2647
2743
2548
2920
2387
2805
2524
2653
2977
2779
2499
2677
2595
2547
2582
2930
2666
2712
2409
2838
2568
2501
2516
2771
2534
2661
2900
2456
2877
2968
2596
2919
2631
2614
2826
2713
2577
2707
2541
2736
2652
2738
2293
2770
2517
2789
2589
3217
2505
2751
2684
2640
2670
2532
2795
2721
2587
2593
2617
2594
2410
2599
2957
3225
2703
2719
2908
2755
2472
2713
2858
2930
3101
2864
2734
2718
2741
2701
2946
2586
2662
2892
2901
2536
2708
2803
2787
2863
2907
3001
2530
2801
2532
2615
2776
3005
2657
2644
2738
2692
3012
2744
2607
2704
2586
2726
2557
2811
2973
2705
2783
3110
2617
3155
2724
2714
2930
2955
2646
2575
2580
2536
2686
2769
2582
2558
2815
2641
2474
2769
2560
2863
2771
2371
2733
3031
2646
2625
2623
2587
3153
2832
2882
2732
2909
2692
2654
2431
2786
2621
2548
2910
2708
2843
2737
2669
2942
2604
2337
2730
2691
2594
2840
2613
2435
2887
2747
2619
2864
2700
2828
2869
3206
2604
2580
2633
2965
2895
2531
2622
2688
2634
2470
2576
2573
2865
2598
2423
2628
2936
2783
2672
2551
2742
2852
2705
2598
2858
2913
2675
2811
2565
2941
2979
2538
2684
2679
2691
2600
2544
2909
2719
2636
2666
2755
2609
3182
2696
2746
2695
2654
2922
2733
2464
2677
2904
2882
2783
2658
2692
2869
2646
2636
2836
2396
2622
2740
2533
2910
2632
2399
2540
2610
3101
2912
3168
2464
2637
2577
2807
2629
2810
3013
2517
2404
3210
2777
2585
2693
2810
2886
2601
2481
3173
2723
2653
2888
2546
2360
3169
2912
2593
2626
2608
2585
2535
2813
2866
2709
2491
2934
2868
2670
2623
3206
3072
2963
2648
2757
3021
2744
3032
2931
2749
2757
2810
2726
2862
2569
2802
2671
2473
2641
2485
2689
2848
2574
2648
2510
2627
3126
2784
2680
2910
2734
2846
2694
2608
2863
2821
2502
2672
2834
2523
2401
2492
2496
2460
2851
2668
2510
2606
2802
2939
2713
2706
2586
2719
2659
2953
2697
2714
2937
2874
2808
2547
2794
2705
2678
2989
2726
3326
2921
2852
3025
2738
2826
2706
3118
2565
2838
2614
2634
2657
2609
2688
2547
2871
2514
2732
2708
2542
2834
2631
3378
2952
2589
2701
2596
3119
2739
2790
2751
2867
2608
2656
2613
2989
2556
2697
3060
2732
2594
2565
2546
2986
2729
2735
2566
2806
2752
2617
2806
2828
2641
2842
2621
2606
2690
2710
2570
2727
2551
2838
2797
2611
2584
2780
2805
2491
2626
2764
3001
2769
2548
2563
2635
3147
2506
2906
2625
2654
2559
2547
2602
2589
2392
2926
2462
2702
2553
3162
2602
2875
2642
2874
2708
2784
2644
2921
2868
2733
2725
2680
2860
2656
2646
2491
2813
2758
2472
2800
2725
2664
2668
2890
2640
2804
2583
2741
2599
2665
2521
2662
2847
2820
2809
2991
2697
2676
2718
2789
2542
2594
2842
2921
2583
2510
2800
2703
2927
3087
2827
2729
2600
2680
2715
2764
2735
2582
2569
2607
2890
2878
2956
2566
2623
2633
2643
2813
2571
2701
2695
2733
2661
2775
2625
2683
2664
2466
3023
2454
2945
2577
2710
2703
2806
3235
2626
2716
2538
2641
2598
2914
2992
2641
2590
2791
2691
2510
2624
2758
2785
2661
2510
2576
2642
3091
2665
2733
2493
3126
2786
2711
2767
2856
3004
2609
2958
2687
2968
2534
2513
2832
2839
2520
2463
2445
2684
2955
2857
2707
2953
2686
2842
2755
2519
2729
2585
2556
2654
2797
2475
2651
2719
2839
2640
2720
2765
2520
3143
2831
3113
2959
2461
2844
2828
2589
3128
2650
2665
2673
2613
2533
2661
2555
2568
2579
2794
3606
2909
2779
2437
2420
2689
2663
2669
2994
2597
2647
3087
2825
2577
2847
2716
2694
2879
2487
2639
2925
3074
2837
2853
2676
2631
2833
2599
2983
2749
2843
2768
2515
2778
2779
2660
2767
2778
3033
2627
3284
2703
2631
2878
2635
2697
2443
2564
2570
2629
2735
3028
2826
2692
2564
2657
2877
2650
2775
3530
2793
2692
2367
3299
2707
2688
3218
2753
2826
2633
2701
2755
3540
2798
2669
2669
2751
2867
2880
2868
3015
2612
2768
2713
2680
2874
2515
2774
2574
2684
2956
2433
2684
2811
2832
2673
2719
2710
2742
2576
2678
2512
2666
3181
2763
2654
2673
3014
2836
2643
2806
2649
2666
2688
2895
2710
2782
2744
2645
3063
2641
3239
2753
2961
2522
2757
2784
2462
2458
2642
2842
2704
2591
2775
3022
2844
2561
2882
2591
2695
2552
2612
2779
3176
2646
2631
2838
2665
2651
2949
2664
2719
2681
2455
2669
2948
2868
2663
3080
2650
2842
3304
2749
2879
2755
2644
2897
2729
2740
2917
2767
2792
2485
2699
2738
2736
2550
2761
2611
2754
2669
2706
2672
2895
2744
2824
2931
2735
2512
2636
2703
2913
2492
2836
2848
2439
2990
2641
2898
2697
2789
2924
2709
2673
2641
2825
3197
2716
2442
2528
2826
2661
2478
2800
2884
2955
2860
2648
2584
2760
2738
3000
2594
2809
2586
2673
2700
2590
2618
2555
2630
2699
3216
2969
2701
2755
2650
2730
2733
2710
2529
2603
2684
2689
2864
2657
2745
2630
2745
2788
2514
2580
2527
3114
2854
2663
3050
2824
3097
3033
2688
2755
2806
2450
2594
2706
2837
3069
2893
2645
2780
2802
3165
2881
2775
2459
3055
2993
2880
2870
2652
2622
2590
2610
2861
2715
2787
3033
2639
2640
2572
2579
2599
3152
2612
2586
3147
2876
2821
2536
3053
2881
2539
2633
3007
2720
2827
2548
2578
3079
2666
2993
2620
2515
2646
2661
2775
2699
2919
2910
2754
2552
2716
2776
2836
2859
2639
2960
2503
2498
2620
2676
2559
2541
2577
2868
2541
2795
2927
2827
2703
2542
2792
2816
2743
2528
2606
2784
2740
2674
2397
2970
3313
2723
2533
2624
2541
2734
2508
2543
2778
2574
2806
2720
3185
2755
2714
2744
2723
2474
2620
2664
2795
2559
2907
2679
2840
2485
3017
2681
2908
2812
2537
2656
2618
2626
2720
3006
2942
2494
2980
2700
2642
2632
2824
3043
2742
2756
2560
2642
2600
2600
2791
2786
2608
2726
2827
2501
2854
2744
2708
2526
3267
2404
2950
2720
2696
2625
2876
2724
2476
2780
2704
2660
2691
2552
2502
2887
2672
2610
2714
2681
2954
2489
2870
2747
2617
2675
2806
2695
2744
2530
2761
2660
2752
2900
2687
2611
2804
2634
2780
2794
2770
3073
2745
2556
2380
3081
2906
2591
2693
2425
2699
2556
2791
2822
3047
2668
2626
2629
2727
2704
2732
2964
2767
2738
2651
2486
3110
2845
2556
2537
2830
2605
2862
3017
2703
3002
2589
2597
2702
2759
2801
2689
2732
2628
2696
2936
3064
2905
2589
2601
2851
2992
2438
2586
3079
2706
2862
2771
2751
2687
2594
2480
2880
2626
2764
3097
2519
2907
2649
2449
2493
2863
2747
2973
2560
2842
2947
2939
2645
2656
2595
2544
2910
2633
2552
2903
2650
2637
2403
2666
2981
2702
2804
2744
2689
2623
2606
2612
2702
2910
2850
2536
2689
2849
2565
2627
2760
2694
2664
2626
2709
2741
2723
2910
2474
2496
3060
2867
2847
2583
2608
2546
2739
2681
2783
2677
2882
2707
2854
2799
2566
2721
2589
2696
2607
2641
2555
2635
2533
2591
2880
2908
3175
2713
2741
2592
2861
2693
3067
2649
3090
3049
2687
3016
2455
2683
2817
2687
2790
2922
3039
2641
2747
2786
2627
2537
2737
2759
2734
3221
2592
2745
2728
2766
2749
2926
2438
2493
2422
2720
2575
2720
2993
2556
2752
2799
2823
3136
2572
2687
2642
2425
2942
2751
2757
2593
2707
2814
2700
2704
2780
2539
2641
2577
2540
2844
2639
2833
2963
2572
2864
2645
2658
2601
2675
2733
2634
2764
2695
2627
2857
2784
2681
2581
2792
2791
2853
2785
2624
2499
2884
2812
2534
2933
2640
2649
2751
2942
2594
2769
2870
2992
2842
2640
2762
2653
2846
2470
2659
2983
2626
2614
2893
2588
2996
2598
2863
2684
2631
2663
2545
2864
2732
2777
2518
3020
2659
2668
3011
2571
2480
2687
2887
2555
2696
2539
2692
2787
3166
2550
2678
2782
2630
2980
2601
2886
3047
3076
2659
2693
2783
2658
3103
2646
2860
2784
2943
2830
2804
2796
2765
2893
2799
2619
2693
2767
2994
2498
2670
2649
2653
2828
3018
2744
2728
2620
2569
2840
2839
2647
2904
2573
2620
2790
2798
2822
2737
3142
2806
3181
2662
2714
2592
2736
2551
2742
2585
2743
2720
2893
2763
2904
2696
2853
2509
2528
2925
2659
2872
2654
2764
2511
2971
2527
2635
2697
2578
2661
2873
3032
2550
2772
2682
2663
2802
2696
2794
2919
2885
2576
2756
2482
3003
2520
2613
2991
2828
2741
2739
2676
2446
2804
2726
2766
2816
2630
2751
2493
2704
3080
2613
2758
2628
3007
3124
2911
2640
2764
2618
2597
2536
2705
2817
2859
2744
2714
2554
2632
2581
2565
2572
2675
2979
2955
2729
2704
2699
2760
2909
2512
2773
2585
2726
2847
2787
2579
2733
2419
2714
2563
3236
2837
2565
2660
2740
2791
2455
2794
2604
2758
2888
2764
2779
2805
2616
2669
2986
2797
2824
2700
3050
2914
2663
2900
2851
2643
2628
2848
2622
2787
2528
2912
2828
3071
3000
2573
2486
2516
2799
2737
2816
2605
2659
3054
2906
3009
2591
2876
2693
3100
2698
2665
2550
2705
2865
2560
2673
2667
2707
2830
2618
2943
2594
2699
2736
2611
3161
2695
2732
2605
2640
2766
2826
2495
2673
2803
2611
2691
2736
3077
2574
2601
2725
2639
2632
2711
2838
2721
2911
2664
2682
2753
2555
2808
2767
2863
2760
2588
2753
2655
2535
2785
2787
2607
2536
2972
2550
2706
2853
2728
2552
2699
2673
3087
2491
2532
2898
2647
2473
2740
2405
2893
2540
2576
2564
2586
2798
2674
2642
2867
2634
2824
2869
2727
2730
2492
2810
2804
2824
2773
2840
2776
2838
2677
2562
2848
2672
2590
2621
2663
2718
2790
3014
2539
2598
2747
2592
2689
2602
2669
2588
2677
2737
2878
2457
2487
2588
2925
2707
2674
2769
2894
3095
2891
2521
2544
2681
2754
2865
2673
2532
2921
2693
2513
2807
2570
2778
2944
2868
2727
2942
2690
3100
2552
2723
2644
2551
2621
2716
2715
2781
2623
2543
2610
2723
2467
2538
2741
2600
2676
2916
3022
2889
2603
2437
2746
2524
3074
3191
2809
2742
2887
2763
2679
2679
2613
2644
2631
2861
2602
2579
2924
3014
2559
2577
2591
2495
2662
2628
2981
2675
2909
2666
2598
2598
2675
2610
3038
2517
2927
2628
2642
2971
3114
2788
2718
2744
2502
2557
2771
2841
2436
2611
3527
3208
2636
2693
2525
2890
2570
2585
2773
2633
2514
2899
2920
2583
2684
3199
2855
2631
3078
2832
2468
2570
2559
2731
2608
2680
2680
2969
2808
2986
2563
2610
2363
2781
2609
2627
3015
2766
2792
3004
2702
2491
2827
2549
2847
2708
2721
2716
2498
2683
2861
2805
2636
2701
2671
2802
2815
2744
2557
2513
2574
2544
2522
2459
3068
2713
2671
2648
2458
2987
2534
2661
3051
2887
2588
2745
2897
2582
2833
2764
2733
2522
2811
2705
2659
2679
2636
2782
2834
2434
2539
2622
2743
2549
2801
2540
2882
2696
2656
2491
2935
2577
2497
2630
2743
2596
2725
2688
2843
2808
2655
2572
2723
2825
2723
2988
2727
2573
2710
2578
2844
2707
2823
2504
2864
2628
2772
2586
2938
2618
2843
2622
2521
2906
2553
2739
2567
2662
2795
2860
2732
2903
2640
2460
2728
2575
2767
2827
2942
2540
2471
2943
2544
2649
2573
2536
2915
2741
2680
3110
2673
2679
3103
2896
2752
2841
2934
2882
2738
2746
2568
2573
2607
2631
2556
2917
2522
2727
2624
2829
2622
2827
2820
2687
2849
2902
2498
2484
2970
2592
3034
2549
2886
2595
3151
2638
2798
2632
2789
2609
2802
2471
2542
2700
2551
2473
3154
2567
2547
2518
3205
2668
2653
2528
2986
2947
2785
2551
2634
2822
2673
2565
2650
3056
2607
3379
2944
2872
2653
2861
2878
2531
2787
2900
2702
3005
2782
3142
2679
2643
2692
2666
2627
2504
2532
2763
2652
2911
3169
2698
2399
2760
2627
3253
2573
2525
2657
2454
2701
2605
2654
2751
2987
3025
2857
2831
2613
2537
2618
2581
2457
3010
2642
2563
2565
2563
2714
2489
2888
2587
2822
2580
2871
2861
2757
2886
2649
2643
2788
2607
2718
2574
3068
2881
2561
2795
2725
2468
2975
2783
2903
2583
2679
2659
2722
2579
2595
2821
3014
2557
2628
2820
2685
2683
2882
2595
2626
2610
2809
2573
2535
2663
2672
2589
2795
2585
2504
2289
2531
2656
3193
2657
2543
2966
2771
2985
2582
2575
3000
2922
2555
2619
2483
2656
2691
2644
2592
2608
2986
2537
2697
2549
2742
2686
2848
2554
2724
2706
2660
2580
2769
2881
2501
2683
2659
2765
2731
2940
3188
2714
2579
2624
2731
2920
2699
2883
2557
2768
2806
2884
2570
2914
2593
2954
2526
2630
2959
2589
2691
2922
2633
3631
2436
2758
2730
3149
2637
2688
2545
2934
2442
2639
2812
2986
2601
2617
2843
2661
2639
2732
2542
2739
2611
2788
2886
2661
2844
2600
2657
2485
2654
2529
2826
2552
2628
2902
2592
2799
2497
2685
2838
2732
3065
2541
3159
2568
2576
2896
2781
2660
2699
2652
2551
2455
2610
2544
2578
2872
3016
2892
2584
2940
2891
2617
2616
2630
2682
2782
2966
2917
2735
2891
2753
2716
2723
2720
2898
2569
2609
2907
2558
2742
2969
2625
2590
2612
2709
2520
2919
2631
2685
3197
2721
2848
2830
2844
2802
3163
2960
2831
3026
2696
2724
2836
2585
2906
2663
2551
2894
2591
2803
2561
2759
2917
2695
2831
2639
2619
2613
2555
2789
2680
2565
2789
2525
2935
2578
2546
2546
2725
2989
2459
2802
2894
2438
2569
2762
2418
2919
2748
2429
2894
2611
2501
2746
2624
2675
2946
2762
2826
2748
2551
2650
2942
2790
2726
2682
2849
2570
2468
2731
2783
2658
2637
2819
2645
2892
2592
2592
2675
2640
2542
2751
2736
2607
2697
2759
2805
2657
2626
2610
2595
2733
2743
2760
3140
2912
2613
2817
2667
2566
2666
2819
2824
2755
2633
2674
2613
2484
2529
2490
2631
2709
2568
2971
2635
2567
2535
2924
2833
2501
2924
2556
2726
2599
2781
2624
2914
2667
2882
2610
2727
2808
2655
2756
2539
2691
2854
2570
2719
2764
2945
3253
2707
2811
2647
2607
2392
2725
2468
2742
3063
2852
2692
2622
2990
2735
2798
2632
2739
3088
2772
2614
3306
2556
2518
2843
2409
2704
2689
2711
2601
2712
2572
2998
2680
2700
2612
2665
2402
2998
2860
2564
2685
2516
2663
3016
2652
2606
2541
2734
2711
2728
2731
2910
3014
2913
2807
2656
2591
2666
2773
2602
3146
2831
2814
2654
2500
2626
2636
2602
2834
2660
2896
2565
2637
2674
2708
2768
2779
2910
2760
2486
2826
2767
2378
2701
2557
3107
2985
2625
2654
2651
2748
2578
2904
2623
2714
2564
2570
2875
2543
2684
2577
2544
2638
2659
2791
2591
2722
2946
2708
2438
2690
3004
2542
2724
2477
2667
2593
2482
2717
2488
2568
2632
3001
2899
2550
2699
2868
2710
2512
2572
2445
2693
3035
2546
2645
2725
2982
2689
2935
2438
2836
2588
2512
2642
2486
2686
2917
3071
2774
2919
2790
2731
2775
2807
2728
2653
2855
2656
2387
2799
2673
2687
2552
2492
2531
2642
2590
2816
2625
2903
2632
2707
2564
3050
2778
2815
2729
2528
2847
2802
2788
2512
2799
2676
2646
2935
2527
2759
2635
2633
2652
2668
2835
2739
2711
2398
2809
2545
2484
2777
2776
2649
2517
2731
2656
2879
2838
2809
2618
2510
2817
2592
2925
2585
2997
2632
2750
2804
2942
2499
3110
2802
2734
2846
2695
2548
2847
2768
2722
2831
2416
2603
2625
2960
3160
2588
2445
2926
2740
2658
2561
2619
2784
2921
2421
2433
2569
2675
2614
2676
2627
2667
2522
3056
2557
2947
2987
2503
2548
2578
2961
2696
2686
2736
2761
2734
2985
2533
2853
2809
2903
2692
2602
2753
2385
2658
3092
3314
2506
2911
2795
2513
2849
2858
2620
2350
2881
2717
2595
2650
2664
2577
2817
2522
2502
2550
2873
2537
2600
2632
2828
2520
2489
2694
2763
2904
2658
2876
2720
2607
2723
2533
2873
2582
2885
2767
2610
2640
2742
2566
2832
3338
3070
3144
2740
2877
3004
2713
2573
2229
2782
2632
2478
2793
2651
2457
2606
2568
2791
2806
2665
2680
2586
2594
2732
2491
2942
2918
2709
2751
2958
2680
2926
2981
2901
2621
2761
2633
2400
2561
2603
2474
2452
2832
2485
2671
2750
2388
2591
2625
2518
2531
2979
2895
2493
2732
2745
2578
2811
2808
2730
3143
2654
2990
2557
2611
2335
2830
2711
2677
2538
2655
2753
2961
2726
2482
2583
2626
2776
2751
2637
2616
2689
2678
2630
2662
2696
2715
3165
2818
2933
2855
2791
2563
2828
3039
2826
2581
2778
2560
3091
2507
3076
2602
2745
2597
2812
2977
2805
3047
2639
2724
2933
3049
2602
2928
2706
2728
2811
2510
2547
2635
2685
2947
2754
2568
2635
2852
2590
2844
2585
2502
2612
2720
2529
2684
2525
2510
2683
2703
2604
2702
2662
2723
2788
3055
2642
2911
2829
2893
2561
2601
2633
2619
2598
3029
2785
2506
2718
2653
2827
2650
2648
2523
2863
2767
2470
2712
2806
2744
2634
2540
2818
2814
2672
2794
2688
2993
2459
2705
2596
2799
2548
2803
2746
2681
2910
2768
2499
2510
2534
2640
2806
2754
2692
2645
2885
2568
2685
2596
2685
2556
2494
2506
2917
2993
2752
2658
2743
2649
2563
2607
2739
2647
2638
2542
2638
2528
2660
2792
2524
2807
2726
2961
2745
2888
2841
2622
2805
2759
2712
2798
2476
2432
2938
2572
2939
2674
2726
2525
2456
2577
2893
2713
2765
2707
2592
2763
2875
2441
2572
2485
2967
2710
2741
2610
2724
2718
2805
2692
2568
2745
2762
3216
2618
2551
2509
2723
2647
2606
2887
2747
2701
2588
2502
2639
2694
2609
2874
2697
2574
2772
2825
2514
2654
2718
2903
2429
2806
2574
2912
2725
2615
2792
2716
2665
3023
2606
2573
2582
2962
3006
2704
3126
2567
2587
2773
2677
2516
2613
2516
2698
2711
2675
2613
2773
2584
3110
2574
2562
2840
2640
2649
2840
2720
2934
2557
2485
2882
2681
2921
2804
2478
2435
2746
3071
2877
2837
2515
2693
2601
2641
2595
2660
2682
2776
2733
2653
2752
2812
2381
2701
2713
2729
2533
2766
3294
2595
2459
2461
2742
2843
2518
2527
2462
2634
2438
2567
2703
2778
2777
2498
2585
2777
2753
2644
2863
2521
2625
2730
3032
2789
2709
2566
2826
2499
2560
2571
2579
3001
2627
2521
2746
2728
2553
2445
2942
2766
2517
2747
2619
2794
2513
2575
2573
2802
2752
2582
2786
2652
2602
2896
2628
2755
2681
2544
2548
2727
2740
2824
2555
2752
2776
2472
2459
2623
2992
2478
2864
2600
2640
2997
2670
2651
2593
2550
3134
2489
2602
2823
2786
2626
3048
2722
2782
2697
2678
2678
2573
2737
3197
2510
2500
2581
2744
2481
3047
2809
2878
2517
2914
2897
2512
2693
2676
2723
2902
2804
2566
2613
2621
2565
2782
2815
2565
2579
2589
2586
2713
2664
2515
2520
2916
2681
2485
2991
2649
2948
2791
2620
2511
2730
2839
2526
2746
2530
2616
2856
2583
3016
2729
2657
2577
2516
2795
2616
2678
2602
2715
2850
2881
2808
2690
2604
2869
2657
2902
2696
2897
2431
2814
2661
2684
2564
2566
2584
2560
2565
2753
2691
2564
3161
2522
2491
2620
2735
3017
2605
2587
2491
2597
2715
2802
2789
2591
2717
2551
2495
2580
2672
2950
3182
2649
2771
2916
2548
2585
2850
2683
2696
2699
3296
3198
2545
2563
2587
2556
3052
2733
2547
2504
2711
2809
2686
2836
2457
2714
3231
3098
2727
2619
2976
2556
3011
2818
2677
2565
2754
2602
2976
2815
2806
2681
2509
2645
2842
2797
2663
2691
2752
2631
2459
2928
2677
2673
2803
2775
3072
2593
2857
2883
2584
2616
2577
3178
2570
2928
2484
2922
2641
2731
2447
3016
2768
2481
2631
2563
3115
2728
2887
2546
2793
2684
2627
2559
2681
2611
2926
2825
2610
2978
2650
2660
2650
2733
2639
2755
2584
2867
2782
2993
2723
2799
2667
2618
2770
2436
2584
2788
2626
2607
2810
2727
2691
2576
2535
2890
2720
2755
2749
2758
2788
2670
2773
2612
2642
2540
2556
2604
2769
2698
2770
2520
2512
2698
2481
2692
2518
2633
2827
2792
3189
2686
2642
2620
2544
2634
2646
2604
2594
2555
2804
2541
2869
2652
2455
2880
2616
2706
2805
2676
2604
2590
3063
2942
2803
2466
2897
2616
2572
2663
2676
2650
2548
2767
2804
2787
2591
2453
2717
2740
2706
2648
2723
2459
2894
2994
2701
2522
2842
2689
2833
2606
2856
2671
2703
2872
2782
2583
2511
2805
2535
2556
3071
2695
2807
2614
2529
2670
2511
2690
2917
2926
2540
2907
2732
2642
2498
2884
2587
2910
2405
2763
2646
2610
2578
2725
2688
2918
2703
2749
2693
2593
2637
2891
2601
3270
2658
2448
2616
2444
2679
2701
2798
2631
2588
2918
2715
2488
2735
2786
2542
2720
2834
2531
2699
2987
2670
2624
2927
2647
2885
2721
2849
2591
2617
2675
2587
2990
2487
2602
2929
2780
2895
2911
2712
2925
2840
2669
2709
2607
2849
2744
2514
2709
2764
2873
2766
2514
2795
2752
2582
2622
2776
2748
2634
2800
2624
2803
2502
2771
2660
2738
2651
2827
2643
2626
2649
2730
2571
2653
2789
2830
2863
2845
2867
2654
2665
2769
2666
2649
2668
2614
2567
2654
2697
2547
2797
2392
2795
2693
2767
2693
2711
2600
2546
2893
2721
2740
2826
2798
2428
2445
2878
2692
2733
2799
3028
2525
2563
2813
2687
2676
2675
2611
2738
2562
2645
2562
2649
3288
2612
2667
2586
2588
3206
2783
2703
2678
2604
2630
2641
2491
2615
2372
2631
2888
2602
2568
2646
2491
2628
2509
2726
2580
3127
2617
2554
2560
2717
2743
2574
2639
2707
2586
2512
2922
2666
2595
2720
2675
2605
2492
2483
2481
2642
2727
2571
2745
2698
2571
2934
2582
2663
2592
2755
2568
2602
2668
2695
2750
2911
2768
2809
2649
2997
2659
2918
2982
3092
2929
2736
2730
2762
2681
2792
3030
2461
2752
2671
2627
2696
2613
2653
2762
2791
2882
2811
2853
2411
2604
2956
2583
2864
2646
2650
2621
2539
2554
2589
2846
2770
2806
2677
2605
2750
2743
2679
2493
2702
2639
2852
2642
2616
2351
2678
2499
2590
2861
2733
2990
2794
2722
2658
2494
2665
2713
2833
2833
2887
2730
2645
2617
2463
2796
2610
2603
2728
2754
2730
2478
2644
2602
2569
2721
2413
2978
3040
2551
2565
2481
2698
2758
2647
2496
2576
2605
2591
2627
2646
2539
2676
2635
2674
2799
2964
2914
2928
2885
2997
2567
2891
2691
2655
2697
2750
2713
2994
2656
2480
2963
2684
2726
2622
2519
2879
2958
2662
2620
2597
2741
2769
2560
2956
2669
2845
2578
2476
2845
2754
3035
2772
2762
2422
2720
2804
2744
2653
2691
2506
2766
2882
2660
2483
2657
2567
2883
3082
2548
2719
2942
2794
2647
2788
2663
2702
2992
2662
2614
2810
2461
2842
2804
2764
2828
2670
2743
2518
2858
2642
2602
2611
2604
2538
2716
2636
2549
2584
2600
2626
2781
2802
2718
3171
2533
3081
2584
2651
2498
2619
2546
2636
2604
2850
2503
2422
2916
3088
2869
2681
2824
2986
2765
2665
2796
2847
2733
2827
2656
2766
3019
2731
2497
2763
2716
2484
2523
2779
2549
2801
2791
2702
2507
2707
2560
2540
2795
2653
2607
2721
2583
2473
2813
2659
2663
2624
2768
2603
2552
2564
2568
2502
2782
2718
2685
2667
2935
2605
2671
2542
2708
2854
2506
2633
2616
2542
2854
2738
2597
3026
2781
2836
2930
2614
2699
2628
2615
2626
2599
2754
2458
2837
2921
2619
2720
2624
2815
2723
2832
2645
2404
3100
2635
2804
3110
2558
2822
2639
2652
2485
2568
2926
2580
2520
2628
2676
3106
2803
2675
2653
2713
3002
2523
2656
2716
2485
2963
2732
2457
3101
2957
2687
2561
2637
2825
2720
2676
2695
2931
2473
2947
3017
2990
2791
2752
2731
2653
2556
2886
2614
2670
2841
2684
2605
2546
3182
2509
2599
2900
2772
2759
2618
2520
2810
3229
3099
2649
2879
2687
2809
2745
3043
2832
2908
2695
2973
2756
2637
2769
2492
2775
2923
2539
2551
2845
2972
2510
2878
2542
2914
3132
2761
2792
2590
2742
3028
2735
2664
2717
2757
2750
2697
2598
2600
2821
2709
2572
2576
2569
2691
2875
2751
2658
2738
2673
2549
2567
2772
2678
2658
2652
2671
2775
2765
2978
2465
2515
2747
3000
2922
2529
2912
2406
2635
2936
3045
2624
2653
2595
2649
2764
2796
2536
2762
2435
2760
2560
2746
2591
2802
2997
2844
2986
2522
2658
2664
2658
2815
2799
2756
2981
2582
2635
2578
2866
2653
2624
2667
2616
2756
2561
3208
2727
2586
2882
2493
2706
3019
2700
2858
2968
2720
2794
2755
2840
2751
2678
3000
2783
2743
2652
2920
2685
2915
3002
2793
2566
2815
2691
2770
2951
2482
2569
2717
2650
2584
2866
2702
2483
2723
2930
2624
2875
2742
2732
2433
2535
2646
2702
2735
2896
2632
2856
3020
2901
2542
2717
2815
2897
2753
2788
2752
2622
2928
2585
2478
2770
2814
2874
2355
2501
2832
2702
2941
2743
2817
2630
2619
2888
2771
2616
2792
2529
2588
2610
2921
2672
2647
2656
2834
2454
2579
2888
2669
2599
2466
2937
2968
2799
2506
2698
2765
2840
2889
2531
2626
2814
2720
2622
3005
2720
2806
2729
2820
2547
2757
2754
2973
2818
2681
2824
2834
2763
2904
2694
2494
2836
2479
2867
2810
2467
2570
2740
2522
2559
2724
2594
2407
2644
2604
2985
2440
2609
2479
2704
2577
2702
3272
2873
2794
3085
2907
2703
2894
3050
2566
2750
2626
2730
2431
2630
2886
2556
2671
2659
2456
2798
2665
2728
2573
2824
2579
2717
2877
2520
2573
3070
2869
2979
3178
3075
2691
2784
2591
2831
2704
2414
2731
2760
2517
2572
2726
3005
2934
2877
2802
2747
2890
2609
2729
2772
2522
2564
2572
3245
3070
2622
2888
2845
2814
2706
2731
2826
2647
2871
2698
2651
2939
2739
2415
2818
3006
2621
2572
3001
2703
2444
2826
2835
2522
2960
2880
2679
2685
2665
2438
2578
2645
2844
2674
2604
3255
2961
2512
2726
2452
2788
2878
2667
2638
2803
2642
2862
2621
2841
2869
2647
2653
2920
2623
2770
2752
2671
2631
2577
2770
2538
2742
2525
2627
3005
2733
2625
2798
2701
2393
2748
2587
2524
2510
3122
2575
3002
2785
2735
2867
2500
2737
2693
2558
3157
2513
2991
2714
2791
2733
3208
2562
2648
2587
2652
3041
2671
2724
2778
2551
2539
2510
2652
2533
2821
3197
2438
2542
2595
2602
2847
2583
2587
2636
2668
3163
2540
2690
2680
2875
2618
3094
2674
2831
2908
2792
2587
3078
2454
2495
2704
2713
2594
2780
2563
2547
2765
3028
3262
2700
2722
2576
2615
2577
2897
2643
2610
2844
2763
2517
2717
2594
2667
2712
2869
2610
2623
2548
2650
2635
2548
2496
2706
2558
3303
2999
2662
2437
2683
2893
2688
2593
2655
2726
2613
2528
3003
2556
3106
2584
2589
3167
2562
2717
2554
2704
2704
2987
2737
2709
2896
2778
2883
2754
2492
2660
2657
2662
2564
2727
2681
2464
2636
2789
2562
2650
2675
2578
2819
2726
2583
2634
2826
2546
3210
2772
2659
2710
2758
2745
2956
2792
2865
3394
2614
2561
2551
2686
2444
2608
3153
2787
2841
2615
2841
3024
2726
3098
2515
2785
2940
2938
2823
2710
2647
3061
2861
2996
2710
2528
2790
2623
2597
2583
2824
2735
2614
2623
2622
2727
2794
2639
2586
2830
2762
2819
2732
2620
2809
2594
2396
3075
2496
2811
2870
2779
2660
2688
2709
2865
2504
2851
2810
2501
2772
2869
2829
2459
2566
2663
2694
3089
2430
2855
2846
2743
2832
2778
2625
2469
2655
2744
2796
2665
2548
2643
2793
3055
2623
2733
2802
2838
2690
2526
2590
2682
2606
2719
2582
2547
2691
2799
2489
2422
2655
2829
2615
2723
2598
2736
2503
2808
2549
2586
2931
2383
2614
3190
2712
2686
2546
2874
2577
2835
2559
2438
2627
2657
2630
2500
2663
3212
2881
3000
2598
2975
3185
2992
3053
2626
2573
2740
2729
3056
2494
2651
2680
2598
2543
2898
2549
2572
2784
3074
2789
2791
2784
2582
2547
2880
3009
3041
2937
2857
2799
2686
2782
2436
2753
2565
2678
2771
2728
2631
2913
2522
2577
2674
2528
2536
2535
2799
2971
2735
2915
2935
2769
2701
2821
2623
2633
2749
2622
2759
2641
2940
2551
2821
2598
2753
2801
2609
2760
2726
2536
3122
2591
2636
2421
2616
2897
3020
2924
3161
2469
2799
2901
2985
2403
2972
2612
2636
2422
2530
2783
3017
2793
2496
2507
2764
2836
2533
2604
2852
2696
2798
2637
2636
2687
2808
2510
2788
2645
3368
2555
2761
2747
3206
2612
2628
2610
2591
2645
2593
3053
2764
2664
2573
2739
2578
2597
2555
2888
2661
2857
2618
2655
2591
2634
2598
2654
2646
2634
2540
2650
2716
2518
2687
2974
2764
2810
2937
2725
2672
2705
2765
2704
2623
2861
2642
2979
2694
2863
2841
2623
2908
2807
2773
2772
2847
2759
2763
2841
2719
2510
2777
2749
2573
2611
2979
2465
2657
2645
2658
2785
2928
2677
2644
2861
2614
2691
2871
2902
2705
2632
2866
2522
2855
2588
2583
2780
2608
2662
2764
2436
2655
2943
2961
2628
2645
2862
2774
2661
3393
2695
2882
2852
2973
2657
2689
2787
2719
2928
2887
2631
2502
2716
2841
2756
2695
2678
2697
2693
2734
2529
2695
2826
2814
2811
2879
2646
2997
2914
2745
2725
2617
2669
2889
2590
2842
2601
3018
2904
2598
2689
3014
3005
2443
2940
2874
2547
2982
2839
2636
2563
3150
2600
2791
2447
2627
2735
2695
2720
2956
2655
2836
2652
2642
2522
2800
2951
3073
2645
2869
2585
2910
2707
2985
2931
2900
2783
2353
2696
2687
2662
2614
2649
2643
2907
3026
2580
3093
2586
2444
2800
2615
2945
2910
2710
2472
2690
2832
2560
2652
2726
2729
2504
2967
2466
2532
2496
3009
2733
2552
2753
2973
2431
2683
2717
3005
3179
2814
2596
3156
3027
3014
2724
2826
2621
2856
2716
2620
2736
2425
3040
2714
2545
2718
2621
2527
2820
2518
2895
2706
2798
2530
3195
2538
3130
3006
2820
2825
2669
2767
2841
2428
2539
2694
2643
2830
2642
2870
2586
2714
3019
2650
2782
2650
2492
2546
2932
2801
2624
2547
2596
2576
2628
2701
2771
2583
2734
2683
2419
2927
2743
2787
2505
2826
2821
2782
2800
2811
2760
2654
2547
2673
2992
2538
2917
2803
2669
2441
2664
2692
2927
2966
2507
2871
2590
2657
2837
2496
2850
2742
2749
2772
2651
2770
2861
2604
2591
2754
2630
2684
2690
2798
2914
2593
2983
2670
2608
2566
2920
2721
2544
2789
2498
2584
2608
2906
2796
2551
2645
2965
2673
2929
2656
2558
2918
2880
2597
2710
2814
2444
2650
2621
2653
2813
2476
2851
2565
2604
2527
2776
2823
2687
2862
2968
2696
2526
2689
2905
2633
2597
2674
2722
2382
2556
2784
3197
2575
2729
2888
2609
2619
2673
2839
2548
3059
2768
2613
2666
2949
2720
2620
2820
2542
2491
2652
2706
2540
2467
2725
2862
3288
2736
2615
3190
2613
2681
2565
2728
2557
2696
2786
2739
2879
2597
2810
2740
2654
2679
2668
3074
2696
2473
2593
2692
2674
2611
2703
2957
2488
2703
2833
2535
2710
2766
2518
2567
3031
2732
2807
2422
2628
2430
2506
2556
2734
2640
2909
2660
2840
2735
2741
2589
2665
2755
2731
3127
2534
2698
2561
2348
2585
2434
2985
2560
2402
2656
2582
2446
2883
2838
2444
2554
2906
2647
3066
2539
2890
2549
2590
2545
2538
2724
2700
2963
2703
2568
2792
2816
2470
2610
2650
2818
2652
2647
2616
2658
2669
2610
2675
2746
3091
2878
2723
2865
2579
2981
2725
2982
3062
2544
2470
2603
2611
2797
2733
2629
2407
2714
2822
2576
2519
2814
2614
2738
2973
2990
2599
2764
2814
2507
2604
3022
2375
2653
2680
2488
2752
2611
2970
2958
2567
2859
2661
2664
2631
2691
2795
2649
2719
2678
2676
2792
2710
2617
2458
2545
2634
2626
2779
3056
2427
2717
2667
2609
2637
2845
2836
2663
2735
2548
2441
2740
2631
2610
2563
2556
2662
2556
2601
2434
2715
2618
2713
2773
2690
2679
2499
2492
2739
2616
2857
2609
2658
2744
2751
3024
2647
2774
2519
2651
2860
2928
2609
2962
2673
2707
2983
2473
2746
3254
2725
2483
2806
2633
2596
2692
2477
2595
2777
2674
2718
2812
2556
2820
2572
2628
2660
2549
2962
2854
2661
2777
2592
2852
2630
2652
2679
3054
2696
2848
2506
2665
2958
2578
2534
2887
2875
2664
3027
3006
3227
2730
2889
2609
2665
2790
2798
2603
2823
2729
2650
2555
2660
2558
2912
2590
2633
2781
2609
2457
3045
2704
2664
3118
2716
2729
2858
2585
2684
3118
2573
2513
2539
3138
2862
2625
2691
2838
2711
2853
2725
2402
2977
2698
2615
2604
2606
3036
2593
2852
2516
2656
2721
2574
2734
2760
2855
2491
2610
2658
3108
2678
2799
2674
2865
2681
2644
2919
2594
2967
2533
2731
2716
2609
2502
2717
2618
3386
2565
2794
2764
2775
2706
2694
2488
2799
2608
2726
2880
2650
3023
2617
2834
2942
2760
2507
2556
2480
2795
2534
2710
2600
2687
2786
2750
2887
2414
2886
2873
2911
2514
2808
2796
2883
2787
2785
2711
2607
3049
2384
2633
3306
2600
2933
2823
2836
2947
2568
2561
2635
2722
2807
2841
2681
2922
2722
2929
2509
2837
2605
2503
2757
2807
2682
2482
3020
2673
2953
2478
2747
2923
2812
2805
2633
2538
2628
2525
2548
2754
2645
2586
3237
2876
2785
2719
2742
2721
2437
2577
2569
2577
2586
2737
2722
2863
2904
2819
2580
2717
2723
2560
2667
2657
2580
2815
2471
2867
2887
2913
2703
3003
2674
2768
2389
2620
2672
2557
2497
2516
2605
2441
2997
2988
2963
2481
2721
2741
2568
2751
3035
2453
3197
2721
2853
2520
2700
2582
3038
2874
2661
3085
2667
2665
2520
3351
2884
2770
2520
2477
2769
2796
2788
2684
2927
2859
2604
2916
2738
2919
2793
2535
2586
2888
2589
2515
2516
2565
2840
2541
2649
2909
2598
2554
2823
2596
2692
2687
2694
2873
2848
2610
2470
2724
3021
2609
2811
2938
2917
2952
2996
2495
2666
2602
2587
3047
3051
2676
2760
2512
2975
2631
2757
2753
2660
2973
2722
2590
2928
3274
2648
2612
2664
2539
2873
2635
2830
2877
2526
2808
2919
2894
2817
2778
2794
2744
2634
2723
2670
2731
2698
2854
2781
2697
2829
2762
2793
2958
2725
2384
2591
2416
2662
2603
2908
2453
2842
2584
2590
2722
3322
2914
2883
2643
2540
2528
2555
2865
2705
2946
2544
2494
2542
2716
2659
2870
2417
2774
2587
2570
2669
2684
2995
2963
2546
2480
2816
2595
2821
2590
2712
2724
2778
2462
2911
2891
2519
2692
2954
2891
2758
2410
2809
2843
2675
2808
2648
2455
2493
2971
2718
2916
2850
2764
3069
2499
2865
2879
2783
2894
2769
2812
2554
2875
2972
2931
2801
2887
2727
2675
3047
2821
2784
2778
2537
2974
2613
2583
2644
2829
2445
2729
2967
2745
2565
2685
2736
2982
2728
2592
2828
2588
2781
2698
2740
2532
2653
2810
2711
2759
2677
2806
2730
2554
2748
2750
2557
2645
2422
2706
2666
2561
2596
2685
2747
2910
2534
2695
2741
2687
2603
2590
2584
2690
2841
2908
2885
2716
2814
2469
2475
2634
2752
2794
2818
2397
2616
3136
2868
2922
2983
2967
2700
2793
2705
2813
3140
2581
2811
2597
2613
2989
2615
2596
2715
2683
3517
2679
2687
2877
2482
2679
2632
2706
2906
3196
2613
2779
2927
2712
2736
2514
2647
2616
2917
2526
2635
2784
2519
2955
2769
2646
3043
2660
2795
2658
2951
2631
2465
2923
2601
2847
2487
2677
2644
2570
2706
2763
2918
3157
2683
2662
2894
2992
2818
2700
2655
3051
2693
2594
2690
2699
2714
2441
2517
2771
3069
2685
2969
2651
2958
2613
2753
2725
2676
2568
2742
2611
2898
2740
2975
2545
2490
2517
2507
2706
2709
2543
3178
2695
2853
2786
2870
2668
2797
2487
2780
2806
2641
2716
2695
2567
3063
2907
2739
2728
2716
2907
2599
2618
2439
2675
2621
2469
2853
2581
2617
2566
2703
2643
2671
2861
3263
2685
3141
2912
2753
2610
2630
2633
2632
2558
2718
2548
2538
2496
2697
2644
2675
2817
2619
2670
2864
2982
3003
2638
2584
2598
2905
2725
2617
2749
2791
2717
2643
2788
2750
2849
2622
2647
2644
2910
2663
2724
2883
2408
2712
2597
2664
2674
2440
2489
2676
3373
2847
2655
2653
3240
2449
2700
2582
2590
2696
2513
2584
2511
2765
2813
2485
2704
2545
2907
2887
2670
2709
2438
2951
2657
2766
2688
2571
2683
2532
2846
2520
2691
2484
2791
2853
2657
2862
2641
2634
2664
2702
2785
2796
2559
2824
2567
2407
2887
2729
2725
2491
2737
2665
2850
2915
2998
2835
2650
2904
2489
2771
2661
2408
2960
2835
2687
2506
2864
2705
2623
2625
2432
2876
2910
2929
2419
2908
2565
3076
2764
2897
2607
2561
2903
2693
2624
2692
2602
2749
2794
2806
2788
2476
2549
2582
2596
2638
3033
2862
2727
2703
2529
2875
2831
2722
2537
2632
2966
2640
2855
2459
2559
2594
2593
3049
2643
2850
2853
2749
3027
2772
2677
2569
2677
2897
2716
2690
2982
2496
2860
2674
2604
2639
2607
2644
2626
2842
2766
2599
2718
2871
2739
2708
2778
2937
3053
2755
2831
2595
2465
2855
2677
2789
2440
2627
2898
3047
2546
2656
2965
2722
2959
2838
2829
2805
2587
2730
3135
2558
2707
2606
2653
2646
2669
2618
2754
2597
2841
2548
2977
2947
2584
2465
2851
2537
2797
2507
2568
3330
2681
2531
2699
2599
2516
2973
2536
2716
2696
2772
2481
2670
3048
3404
2605
2856
2734
2709
2706
2594
2856
2894
2966
2544
2642
2736
3036
2597
2555
2682
2431
2967
2613
2823
2735
2722
2622
2607
2619
2542
2625
2824
3244
2783
2832
3001
2677
2735
2751
2987
2802
2627
2781
2470
2656
2693
2756
2683
2808
2526
2847
2735
2600
2749
2874
2808
2490
2652
2786
2539
2687
2709
2365
2471
2849
2973
2749
2922
2610
3031
2613
2681
2707
2787
2783
2851
2414
2495
2488
3030
2718
2926
2600
2886
2719
2547
2430
2602
2606
2946
2924
2866
2665
2744
2935
2963
2624
2883
2553
2765
2803
2821
2759
2708
2578
2762
3017
2810
2906
2632
2753
2436
2895
2739
3107
2530
2710
2867
2580
2483
2624
2603
2692
2683
2494
2567
2805
2779
3074
2926
2538
2710
2896
2589
2858
2671
2711
2969
2520
2788
2625
2666
2773
2671
2875
2684
2846
2402
2596
2535
2485
2524
2903
2731
2653
2669
2774
2682
2768
2639
2728
2638
2774
2870
3060
2818
2482
2889
2679
2985
2532
2842
2886
2822
2552
2676
3148
2824
3154
2939
2733
2588
3012
2504
3097
2583
2721
2625
2909
2939
2603
2715
2690
2803
2838
2800
2935
2715
2761
3119
2729
2760
2856
2460
3051
2688
2797
2835
2974
2738
2416
2662
2584
2498
2522
2733
2842
2647
2695
2696
2709
2735
2831
2637
2708
2857
3197
2841
2732
2993
2679
2724
2713
2854
2580
2546
2594
2681
2834
2617
2828
2532
3105
2642
2667
2718
2532
3136
2519
2663
2750
2859
2613
2684
2641
2489
2452
2526
2857
2957
2692
2580
2736
2475
2733
2544
2625
2864
2780
2629
2950
2818
3240
3140
2766
2802
2923
2619
2574
2519
2899
2793
2553
2749
2766
2630
3006
2727
2625
2632
2764
2705
2653
2668
2696
2756
2952
2972
2907
2705
2910
2815
2551
2586
2743
2641
2633
2780
2765
2746
2617
2588
2461
2649
2510
2687
2594
2559
2779
2697
2664
2847
2635
2445
2601
2581
2906
2567
2954
2904
2692
2584
3420
2581
2898
3023
2616
2800
2578
2863
2553
2712
2634
2646
2897
2948
2679
2834
3007
2570
2849
2689
2690
2645
2531
2646
3175
2468
2859
2762
2938
2806
2781
2713
3041
2513
2775
2566
2938
2879
2674
2523
2553
2918
2592
2396
2556
2992
3085
2570
2862
2680
2453
2651
3013
2930
2998
2576
2643
2745
2691
2666
2785
2915
2858
3274
2665
2583
2683
2866
2515
2772
2879
3094
2746
2539
2626
2686
2680
2985
2930
3038
2507
2956
3025
2654
2881
2802
2888
2647
3143
2713
2747
2486
2701
2506
2630
2736
2509
2683
2881
2526
2775
2591
2893
2713
2809
2951
2676
2816
3109
2716
2752
2592
2792
2506
2880
2980
2767
2610
3085
2578
2852
2864
2733
2847
2633
2924
2786
2616
2767
2667
2611
2499
2794
2605
2715
2771
3103
2624
2569
2875
2945
2758
2937
2638
2746
2532
2763
2835
2543
2801
2637
2889
2657
2691
3006
2581
3049
2470
2651
2643
2755
2859
2869
2472
2707
2753
2558
2446
2434
3140
3028
2493
2616
2604
2613
2667
2704
2917
2895
2709
2807
2759
2711
2637
2701
2664
2979
2467
2645
2729
2644
2618
2844
2558
2799
2983
2586
2582
2474
2805
2709
2623
2927
2932
2657
2468
2707
2626
2721
2469
3019
2632
2333
2581
2718
2846
2793
2871
2582
2951
2489
3025
2579
2776
2764
2965
2825
2608
2674
2843
2685
2956
3002
2768
2790
2491
2794
2820
2644
2608
2546
2572
2916
2503
2558
3030
2928
2596
2818
2642
2771
2741
2750
2788
3095
2495
2669
2627
2567
2768
2547
2680
2895
2692
2539
3015
3014
2808
2997
2694
2430
2822
2669
2704
2524
2927
2651
2807
2820
2632
2640
2825
2833
2706
2539
2550
3194
2436
2902
2794
2913
3071
2889
2826
2906
2746
2855
2772
2671
2766
2557
3729
2557
2909
2520
3100
3033
2740
2676
2463
3024
2454
2701
2736
2727
2617
2554
2964
2930
2588
2584
2637
2752
2939
2518
2511
3120
3129
2668
3205
2672
2938
2705
2647
2439
2588
2619
2751
2753
2736
2908
2705
2775
2686
2567
2941
2716
2873
2871
2633
2777
2753
2908
2694
2557
2566
2661
2980
2768
3022
2507
2532
2867
3431
2890
2700
2724
2676
2775
2545
2579
2639
2567
2741
2804
2709
2490
2716
2558
2404
2467
2717
2688
2940
2707
2597
2666
2643
2605
2632
2940
2829
2591
3044
2525
2772
2623
2552
2756
2876
2671
2657
2738
2672
2506
2814
2724
2603
2581
2637
2900
2606
2631
2841
3417
2620
2549
2623
2727
3171
2593
2805
2628
2533
2597
2564
2974
2784
2465
2578
2825
2622
3009
2701
2614
2642
2697
2781
2612
3067
2937
2712
2871
2881
2798
2921
2938
2922
2661
2749
2672
2486
2931
2769
2945
2635
2682
3040
2542
2676
2927
2612
2543
2795
2693
2802
2674
2691
2855
2838
2659
2860
2876
2519
2736
2714
2522
2574
2939
2939
2797
2524
2581
3291
2708
2542
2748
2635
2634
3236
2894
2679
2627
2419
2911
2782
2907
2577
2648
2656
2696
2959
2919
3202
2726
2766
3090
2835
2648
2722
2681
2531
2669
2466
2857
2598
2880
2784
2805
2609
2508
2636
3126
2450
2675
2662
2887
2648
2525
2777
2744
2774
2587
2496
2757
2883
2885
2959
3181
2562
2576
2536
2617
2521
2800
2710
2844
2838
2653
2412
2316
3017
2770
2606
2964
2462
2821
2667
2595
2844
2786
2807
2590
2811
2558
2841
2543
2885
2812
2592
2778
2671
2660
2705
2628
2420
2759
2705
2803
2683
2574
2991
2777
2670
2877
2668
2526
2690
2792
2493
2650
2488
2590
2623
2659
2764
2683
3047
2469
2597
2559
2675
2541
2924
3005
3128
3323
2587
2568
2772
2643
2645
2629
2510
2703
2761
2884
2704
2594
2858
2950
2876
2509
2600
2944
2845
2848
2584
2724
2698
3108
2529
2834
2400
2879
2639
2844
2929
2554
2580
3074
2821
2523
2590
2571
2594
2729
2464
2636
2813
2675
2774
2696
2594
2525
2669
2525
2788
2702
2518
2694
2752
2459
2735
2611
2771
2740
2976
2724
2952
2593
2678
2717
2781
2560
2832
3163
2628
2848
2735
2649
2634
2712
2556
2678
2997
2772
2615
2696
2643
2513
2636
2685
2661
2597
2406
2958
2517
2819
3321
2575
2445
2745
2761
2506
2738
2707
2578
2798
2716
2793
2749
2865
2533
2572
2648
2876
2789
2600
2729
2964
2617
3119
2791
2714
2901
3001
2712
2659
2747
2825
2625
2748
3009
2779
2543
2648
2790
2709
2524
2487
2608
2644
2671
3289
2712
2734
2697
2623
2736
3052
2921
2842
2648
2872
2706
2575
3111
2705
2719
2805
2600
2459
2624
2669
2884
2750
2734
2986
2797
2667
2731
2650
2663
2639
2563
2691
2710
2827
2503
2505
2846
2599
2624
2529
2799
2806
2775
2777
2754
2630
2685
2902
2606
2627
2579
2642
2724
2880
2752
2782
2671
2748
2775
2370
2895
2776
2708
2602
2589
2668
2886
2489
2522
2961
2599
2664
2653
2680
2588
2546
3145
2568
2995
2804
3038
2778
2705
2671
2625
2779
2721
2695
2610
2571
2690
2709
2512
2840
2524
2534
2703
2559
2662
2818
2602
2609
2743
2785
2829
2605
2997
2721
3092
2739
2507
3188
2635
2875
2610
2980
2551
3006
3044
2604
2870
2779
2601
2895
2675
2629
2681
2651
2864
2832
2777
2884
2761
3214
2654
2751
2719
2561
2773
2436
2716
2823
2587
2686
2875
2552
3012
2641
2645
2513
2505
2579
3005
2941
2633
2604
2563
2807
2974
2905
2982
2571
2569
2856
2889
2697
2865
2603
2553
2670
2868
2695
2793
2710
2535
2512
2951
2777
2784
2645
2749
2468
3066
2746
3008
2787
2606
2537
2734
2618
2691
2657
3107
2686
2543
2729
2717
2685
2625
2673
2896
2599
2659
3186
2544
2679
2681
2543
2678
2797
2929
2604
2764
2599
2706
2834
2476
3022
3004
2518
2733
2572
2961
2543
2703
2876
2689
2938
2641
2956
2747
2649
2619
2998
3110
2634
2532
2662
2580
2709
2715
2842
2671
2616
2620
2664
3020
2761
3236
2458
3175
2718
2693
2664
2589
2566
2711
2701
2529
2508
2521
2899
2688
2801
2764
2457
2709
2637
2494
2503
2816
2849
2927
2836
2721
2700
3019
2638
2572
2427
2655
2533
2534
2748
2772
2693
2654
2779
2603
2882
2629
2493
2650
2966
2647
2738
2774
2657
2611
2823
2601
2705
2715
2706
2838
2736
2910
2724
2921
3340
2897
2669
3021
2542
2661
2726
2740
2923
2695
3123
2900
2635
2762
2687
2629
2748
2633
2812
2602
2681
2748
2540
2934
2991
2658
2551
2857
3193
2647
2635
2586
2754
3027
2483
2550
2673
2665
2607
3256
2631
2650
2481
2523
2675
2529
2576
2714
2619
2714
3157
2632
2670
2913
2709
2606
3136
2780
2551
2670
2530
2770
2435
2807
2618
2646
2794
2728
2692
2633
2773
2792
3247
2922
2456
2660
2448
2677
2929
2820
2524
2809
2705
2681
2607
3315
2715
2479
2608
2574
2858
2884
2774
2924
2837
3315
2834
2758
2530
2609
2627
2856
2755
2724
2797
2763
2722
2656
2442
2613
2832
2626
2739
2698
2674
2719
2905
2505
2640
2681
2633
2700
2871
2825
2840
2707
2622
2750
2670
2946
2510
2740
2743
2918
2642
2727
2694
3016
2732
2681
2604
2762
2513
2950
2913
2771
2623
2461
2715
2876
2861
2492
3113
2646
2450
2422
2911
2510
2548
2906
2653
2655
2551
2758
3028
2781
2935
2386
2864
2605
2680
2820
2484
3035
2721
2888
3017
2341
2677
2875
2771
2624
2761
2753
2909
2819
2940
2571
2537
2962
2644
2620
2549
2633
2795
2865
2822
2570
2568
2932
2904
2685
2950
2813
2638
2518
2739
2777
2586
2863
2577
2556
2458
2654
2762
2451
2647
2674
2781
2614
2742
2706
2878
2669
2710
2722
2740
2468
2492
3227
2606
2675
2591
2646
2554
2579
2767
2669
2777
2520
2614
2819
2948
2747
2739
2573
2782
2697
2919
2853
2619
2599
2716
2665
2968
2953
2635
2627
2684
2647
2780
2781
2926
2724
2672
2967
2738
2867
2615
2887
2672
2658
2465
2671
2621
3243
2816
2495
2683
2596
2851
2868
2809
2924
2585
2827
2891
2955
2723
2808
2741
2713
2781
2708
2717
2424
2592
2706
3059
3049
2850
2777
2653
2588
2687
2720
2693
2622
2442
2465
2894
2754
2560
2562
2354
2684
2491
2589
2752
2914
2709
2583
2645
2551
2676
2464
2589
2653
2543
2799
2728
2605
2721
2690
2806
2707
2945
3023
2838
2731
2821
2786
2529
2788
2683
2754
2846
2968
2746
2677
2777
2879
2825
3503
2722
2607
2664
3104
2563
2721
2839
2862
2493
2581
2752
2603
2814
2530
2837
2697
2853
2523
2594
2793
2570
2542
2590
2726
2588
2713
2518
2834
3009
2960
2637
2718
2838
2975
3223
2641
2479
2630
2629
2744
2627
2924
2682
2442
2651
2680
2700
2620
2764
2868
2684
2769
2606
2936
2520
2489
2561
2965
2773
2832
3246
2692
2648
2703
2790
2921
2566
2717
2596
2554
2898
2578
2510
2678
2842
2641
2523
2492
2722
2682
2696
2835
2517
2835
2685
3188
2431
2878
2646
2614
2499
2629
2639
2566
2630
2579
2898
2877
2996
3024
2535
2704
2970
2502
2794
2553
2769
2515
2779
2624
2719
2681
2688
3027
2841
2474
2858
2517
2707
2556
2683
2733
3093
2650
2853
2741
2583
2472
2690
2628
3091
2473
2582
2660
2647
2848
2577
3076
2586
2682
2659
2842
2814
2474
2633
2592
2661
2426
2801
3152
2477
2627
2723
2585
2811
2635
2525
2636
2778
2687
2827
3513
2666
2883
2759
2879
2637
2681
2814
2609
2679
3015
2672
3140
2523
2824
2615
2756
2369
2438
2766
2828
2702
2843
2765
2770
2522
2573
2656
2952
2553
2592
2634
2793
2889
2674
2559
2446
2834
2507
2724
2552
2526
2687
2842
2975
2679
2864
2596
2853
2773
3030
2667
2861
2828
2914
2801
2555
2565
2751
2669
2650
3168
2602
2697
2735
2704
2873
2512
2870
2610
2885
2883
2781
2754
2702
2718
2498
2519
2507
2925
2704
2560
2472
2482
2381
2703
2614
2660
2679
2614
3167
3100
2751
2932
2874
2869
2833
2723
2626
2734
2593
2799
2682
2801
2615
2578
2640
2746
2765
2387
2721
