192
178
219
302
256
296
222
312
213
276
197
446
243
137
266
254
283
208
260
303
194
291
292
283
189
209
338
197
341
218
247
280
218
416
207
333
223
177
269
255
264
299
282
237
156
362
233
157
207
242
225
186
180
284
184
303
261
248
262
312
211
190
210
205
284
330
272
269
261
190
203
226
236
183
301
241
193
188
250
241
371
275
409
235
360
261
177
313
306
248
162
308
168
215
301
252
287
267
210
332
181
297
509
265
299
445
225
175
264
218
211
208
241
258
235
186
182
362
302
329
275
191
144
250
294
198
182
239
244
353
267
419
255
218
240
231
257
223
223
401
341
291
280
270
295
406
226
244
233
215
321
233
250
291
296
204
194
172
265
148
318
345
293
255
243
306
246
205
265
171
261
212
196
164
169
201
256
164
285
263
179
357
185
226
191
278
223
381
223
261
250
351
171
316
175
296
217
231
211
172
302
306
423
172
291
263
216
195
196
477
280
257
182
234
242
164
210
204
258
197
237
343
223
155
268
320
209
218
335
299
211
264
194
388
216
173
187
246
247
191
213
196
220
226
292
208
228
194
272
163
586
171
185
196
316
285
171
191
182
166
212
190
274
252
511
228
232
281
150
255
173
199
273
235
162
231
281
219
201
230
189
225
200
291
207
292
196
208
193
218
187
181
272
319
339
190
293
298
274
239
214
167
480
288
246
208
331
227
172
216
323
317
341
241
245
272
214
164
215
264
170
327
291
280
218
252
239
192
312
278
182
204
295
291
186
198
314
196
264
228
202
210
219
186
214
214
366
240
233
208
395
272
210
317
323
266
353
203
333
200
241
277
297
270
245
255
258
162
221
253
169
272
260
235
254
288
348
228
238
213
219
261
255
190
273
255
285
290
263
257
180
435
252
199
304
250
228
214
191
229
228
225
316
189
310
269
224
208
247
228
253
198
277
314
220
195
231
209
290
232
254
189
219
185
192
209
196
238
167
218
237
463
253
165
238
202
195
203
157
232
392
264
282
202
237
239
160
229
368
219
320
240
177
269
188
346
282
182
265
596
262
173
206
283
257
275
191
306
285
265
239
256
200
248
370
199
238
227
185
205
249
286
171
316
235
242
213
222
189
221
292
237
189
270
319
262
270
170
257
351
290
181
184
273
295
152
200
313
337
128
350
194
248
405
279
333
199
246
205
394
254
214
228
188
184
148
296
200
210
219
259
235
294
254
208
227
208
201
379
374
189
267
363
218
322
220
171
204
220
346
179
192
189
152
204
258
211
223
332
231
237
250
267
352
264
157
282
244
204
309
259
310
288
249
149
218
264
270
322
247
261
189
205
214
389
290
226
155
180
274
288
270
182
248
278
280
174
185
213
315
277
323
242
289
210
317
235
476
279
212
201
227
196
213
330
192
216
157
186
204
252
237
185
185
349
288
241
183
335
351
201
308
186
202
161
291
245
301
308
240
280
274
173
251
181
321
252
197
203
187
182
220
236
255
248
275
220
330
224
242
239
197
165
247
302
292
192
298
299
284
188
240
360
212
271
278
285
201
227
262
294
301
200
176
243
228
179
259
274
221
235
214
219
385
266
185
225
217
242
229
275
181
204
274
389
226
224
260
353
253
259
277
320
310
238
246
329
369
249
354
155
284
191
220
485
193
228
234
305
303
197
188
156
262
203
176
427
186
197
219
182
224
162
253
217
231
212
224
252
232
248
214
176
302
253
325
246
236
277
199
360
280
270
239
228
143
200
402
183
230
215
446
204
217
251
323
217
234
336
292
322
203
262
252
180
204
191
199
264
183
211
154
228
349
136
223
273
206
282
260
311
248
176
455
185
219
259
245
269
319
359
273
284
142
220
273
171
241
164
195
229
178
308
275
216
260
237
212
266
349
218
350
449
255
300
244
178
190
205
196
509
169
266
260
269
217
296
262
303
296
170
217
261
359
280
238
248
136
239
390
398
249
173
156
449
130
128
358
160
238
204
249
289
256
177
261
256
282
264
303
297
312
247
324
211
294
254
245
250
248
296
194
252
195
290
301
185
266
239
237
252
215
197
230
284
262
254
305
209
197
225
245
169
198
260
237
234
245
211
312
255
296
442
267
166
326
257
238
269
249
298
278
213
161
298
201
303
229
312
380
337
315
191
147
212
131
486
188
271
343
170
240
195
408
178
312
273
286
192
310
161
190
228
275
246
238
296
217
194
195
385
196
283
304
172
434
265
218
270
342
334
294
256
229
340
285
187
302
334
222
203
288
262
263
306
213
228
256
264
232
186
262
238
343
252
200
208
154
313
196
184
197
161
275
199
320
353
233
373
259
252
219
625
219
178
307
429
333
295
247
226
216
215
212
275
293
379
252
258
246
293
441
227
350
166
310
208
341
154
214
190
310
183
203
175
172
352
254
181
285
325
161
248
227
251
336
236
205
179
153
293
438
223
198
204
281
317
233
332
318
189
349
351
263
236
284
279
330
212
265
184
161
222
255
183
207
209
174
234
199
219
219
193
261
302
203
199
221
190
280
204
199
223
219
244
206
247
227
150
270
270
175
295
240
217
354
187
210
420
241
284
175
213
291
176
295
220
317
296
238
198
174
180
307
249
220
243
340
218
199
222
223
220
236
201
219
394
259
213
174
170
340
228
134
291
280
193
213
221
216
342
293
277
245
246
198
210
206
175
294
339
239
332
202
348
245
257
206
237
261
318
340
304
173
429
241
257
281
227
199
170
253
324
160
247
383
255
215
290
233
260
294
270
165
170
197
321
246
249
265
299
232
244
199
237
210
343
253
244
231
153
235
290
223
297
212
372
235
333
205
222
247
278
173
382
286
280
235
197
155
199
236
299
343
247
415
198
340
375
254
146
202
280
291
237
210
250
175
226
227
248
298
327
250
211
215
290
365
245
303
222
232
300
234
173
209
200
179
263
280
213
217
220
200
226
286
208
187
202
252
198
203
283
181
274
227
217
277
200
195
218
193
253
226
228
270
191
408
200
315
256
218
271
244
279
296
212
244
392
252
280
242
343
192
302
205
327
249
220
216
224
287
201
221
141
350
196
245
276
250
268
219
170
234
176
288
187
212
326
336
385
263
265
270
235
226
173
326
305
200
289
231
278
422
284
414
220
246
186
299
228
176
164
204
269
234
206
243
266
278
145
284
270
213
142
224
215
327
231
193
238
203
276
266
231
182
250
351
292
338
240
234
281
293
256
500
228
331
398
652
330
278
228
248
251
240
211
225
192
237
224
249
199
169
235
217
196
367
303
214
284
225
178
246
181
196
445
453
229
214
198
224
200
224
198
232
199
380
253
294
328
190
282
195
203
204
269
280
168
288
262
253
223
245
307
419
218
243
209
244
150
214
181
248
260
257
244
227
300
253
228
256
435
229
230
199
461
210
321
272
222
260
235
255
189
280
195
280
221
160
275
174
242
572
188
225
218
231
175
291
228
311
194
200
290
286
177
176
194
291
233
392
236
221
275
212
212
307
246
290
307
212
244
203
272
360
162
190
194
214
249
256
492
199
366
218
198
233
225
619
267
331
329
183
176
210
236
187
211
245
203
277
165
242
149
166
173
272
252
276
240
175
257
212
300
338
228
253
251
192
215
169
328
228
283
192
199
245
246
210
151
356
360
231
191
308
432
268
389
244
184
195
275
163
257
316
282
295
189
159
299
158
216
341
125
220
303
193
164
199
254
177
211
214
368
366
237
362
276
276
265
231
218
338
201
310
332
265
247
227
188
209
196
205
380
232
228
211
288
236
248
192
314
355
175
301
221
201
320
225
198
340
312
226
225
508
180
330
363
438
263
199
286
189
265
381
305
193
285
291
206
257
221
158
236
243
327
156
236
227
357
291
263
401
278
225
302
355
255
198
234
217
332
257
203
303
294
184
222
279
229
270
272
348
202
255
230
197
374
223
274
266
281
218
193
188
184
244
207
270
405
227
299
411
220
216
199
333
207
221
207
300
226
203
291
178
350
275
395
269
256
219
218
330
235
238
314
194
199
200
237
490
245
221
333
285
313
264
239
204
326
348
170
324
223
175
341
197
173
226
202
262
187
184
254
425
195
244
235
243
331
289
248
210
241
165
337
226
213
208
236
512
258
225
368
224
323
296
196
248
305
224
244
242
161
328
293
227
174
532
245
194
177
308
282
198
262
170
280
544
189
212
282
194
258
258
276
299
267
191
351
164
181
279
243
180
234
168
243
285
313
345
197
231
218
261
193
268
195
175
231
387
309
267
331
281
226
209
206
300
214
250
194
321
146
399
225
203
177
161
224
157
176
341
163
217
234
212
211
205
308
218
305
232
191
200
267
206
210
233
264
269
160
245
167
234
200
198
299
292
225
461
230
260
207
245
251
255
246
200
383
210
207
178
335
289
490
268
239
240
215
235
189
433
217
263
263
181
175
288
359
296
192
196
244
195
188
242
243
322
247
248
260
256
212
187
201
189
244
209
267
193
340
286
198
291
208
267
457
235
393
385
192
172
268
301
275
193
332
233
325
241
273
295
187
243
258
255
244
173
213
263
249
181
206
286
235
165
205
302
187
298
202
284
148
230
234
237
188
216
391
182
268
372
226
240
647
220
251
242
171
510
243
320
249
328
223
171
341
183
235
185
388
455
282
292
212
204
380
220
217
207
296
254
246
231
338
197
183
196
226
168
297
254
321
230
174
220
181
240
295
243
255
199
178
184
240
290
237
218
195
228
187
244
220
332
160
372
220
312
160
332
234
215
231
242
205
213
235
210
309
183
161
263
364
252
300
222
174
213
189
175
229
202
250
172
487
252
246
217
212
232
206
173
242
190
206
278
266
232
252
199
173
205
205
295
232
202
189
232
187
313
207
165
298
215
361
262
199
192
204
432
163
204
235
251
209
178
263
229
190
197
180
156
159
483
283
269
299
308
253
215
203
278
185
231
300
240
193
290
319
164
304
307
251
260
173
211
243
259
189
293
161
195
176
215
238
261
197
341
244
199
224
243
285
193
281
206
225
396
229
184
242
278
211
289
186
399
202
191
234
198
239
189
342
195
245
209
328
249
254
306
369
217
257
325
182
167
219
216
323
200
296
230
176
217
224
279
271
179
205
237
287
241
239
181
177
234
331
215
213
165
145
188
310
221
301
191
253
230
261
277
274
208
221
247
218
320
212
221
192
196
336
193
200
233
196
405
253
251
324
239
218
321
247
270
265
453
213
332
196
264
181
214
215
172
271
275
190
184
168
169
338
177
338
189
305
524
211
204
254
245
254
258
324
269
180
177
324
182
171
198
420
273
205
269
260
309
218
158
352
503
254
265
288
272
195
177
179
278
215
206
393
262
339
482
234
355
238
161
276
199
281
319
267
337
288
306
164
282
225
223
235
197
226
252
285
203
165
314
167
195
211
201
468
366
322
383
152
326
355
307
330
406
231
196
168
281
193
209
225
381
240
393
225
257
252
336
246
182
257
186
198
356
231
222
363
239
251
240
222
170
251
226
301
256
205
224
587
345
221
410
236
279
255
292
237
347
248
159
207
297
261
222
210
433
323
196
268
225
240
191
194
243
305
222
224
153
313
180
295
204
223
190
185
242
228
313
234
247
214
265
221
287
331
232
179
232
276
194
243
204
226
358
228
315
188
231
389
182
280
208
235
212
200
180
298
362
163
279
207
277
222
308
247
216
334
346
250
209
203
396
379
194
285
225
165
182
191
177
181
310
223
268
205
338
357
300
295
275
309
285
214
348
243
269
247
205
152
288
224
186
292
159
336
213
184
333
200
197
203
250
234
234
185
271
255
233
162
435
222
235
248
200
215
410
235
324
307
260
232
257
456
318
207
230
236
170
311
237
258
319
216
165
155
276
260
255
257
196
222
214
326
191
281
194
229
213
275
302
325
410
324
208
360
203
396
222
396
197
246
437
234
315
138
263
270
326
250
203
334
221
246
189
224
164
409
253
273
214
296
203
193
198
206
237
211
170
245
269
219
235
273
238
286
156
189
221
223
241
458
245
309
208
415
306
198
303
281
208
166
415
451
225
350
310
247
199
155
196
231
211
190
272
220
326
267
254
202
341
352
166
223
345
258
294
225
201
413
176
290
217
233
209
304
266
234
225
298
244
232
221
259
255
181
214
235
209
276
300
283
230
335
281
312
318
189
275
249
332
266
195
154
195
187
246
211
200
165
253
232
260
179
313
207
320
181
281
216
279
202
241
356
190
179
206
284
186
388
249
206
221
263
253
203
204
241
330
261
239
244
316
257
254
324
298
268
161
269
173
326
181
387
284
373
218
117
190
404
260
242
228
182
238
270
260
185
288
179
294
216
196
196
198
234
321
224
261
238
201
174
218
237
236
222
220
368
268
274
194
233
233
289
198
624
220
327
199
365
200
235
216
203
163
222
325
263
218
299
224
199
265
282
194
512
229
239
235
186
147
183
171
238
220
218
241
427
208
193
198
203
247
188
318
220
329
308
261
218
215
299
227
266
198
168
312
240
160
242
181
168
213
166
232
250
232
173
313
296
244
258
228
199
226
202
273
220
313
226
252
325
140
161
229
258
314
289
217
261
229
245
223
198
303
306
216
152
268
265
177
204
258
184
189
193
286
210
190
225
305
255
300
220
223
287
255
281
291
172
267
334
237
195
229
207
202
267
171
337
189
179
293
268
428
312
281
261
206
204
223
193
218
180
241
267
272
371
276
291
224
197
456
190
238
323
272
322
202
187
198
255
354
210
308
265
172
249
250
219
270
186
143
235
257
328
193
211
205
289
301
211
279
440
201
288
273
257
191
265
177
230
217
308
180
213
382
198
294
206
174
214
194
229
239
178
228
197
211
176
232
220
246
183
157
199
244
337
273
275
215
213
264
204
206
287
299
241
146
215
180
243
208
172
298
279
178
175
186
228
248
285
266
416
236
382
209
223
196
209
174
193
217
254
245
261
221
141
178
203
428
164
238
367
260
158
306
274
249
240
185
285
225
222
181
300
239
293
219
188
326
257
189
149
208
177
393
199
288
214
285
264
215
296
171
349
191
485
223
222
353
217
154
184
392
191
153
297
201
209
370
275
215
309
318
305
250
210
238
191
200
190
170
267
217
178
218
166
272
180
239
464
277
303
337
248
271
197
224
206
164
261
269
231
175
240
250
207
197
299
224
247
296
250
310
206
186
185
231
202
329
206
295
233
225
222
342
225
342
214
306
197
218
166
185
296
202
269
279
183
210
219
390
250
197
237
257
169
227
194
262
211
213
159
237
269
221
188
276
178
270
191
271
281
213
603
264
237
231
245
189
175
176
248
186
169
287
301
254
181
159
325
259
172
171
221
171
360
240
241
262
232
191
260
186
240
388
320
234
194
464
287
259
232
184
286
142
214
391
334
162
287
195
229
293
261
241
251
289
178
187
239
153
157
162
245
206
184
223
247
194
172
343
274
200
216
278
190
182
200
221
160
249
233
235
310
273
207
369
333
166
323
306
271
258
213
207
291
178
337
292
216
321
196
141
190
234
375
291
264
268
139
349
227
188
226
226
171
288
358
244
178
213
294
262
217
261
276
186
220
205
278
287
201
206
468
157
168
176
203
330
175
196
207
319
229
193
212
285
303
337
191
265
440
463
187
166
263
190
211
191
238
154
247
272
195
197
249
236
162
187
283
181
206
183
179
384
268
169
206
256
198
247
303
162
221
264
353
244
237
301
174
402
356
204
180
259
212
188
233
257
238
261
179
300
296
229
148
322
530
299
227
206
295
231
347
251
253
202
346
226
336
193
196
217
240
207
230
192
242
305
238
288
139
313
259
202
290
349
263
199
322
165
356
221
348
265
252
332
162
166
203
275
250
201
189
127
231
201
235
227
203
170
227
249
182
182
246
215
399
268
206
237
288
376
202
234
359
217
336
206
241
178
188
328
207
183
278
279
198
166
214
267
187
211
198
191
203
195
325
341
200
361
254
284
187
215
332
150
313
185
342
231
160
273
207
255
270
223
219
274
157
296
225
267
210
260
216
423
261
267
271
334
289
209
338
200
303
196
224
199
241
259
184
283
264
233
226
147
272
259
184
178
191
232
188
156
230
269
229
189
213
228
221
184
161
156
187
221
202
193
243
167
242
183
197
242
210
233
241
281
204
253
272
300
230
219
220
183
216
179
323
216
203
201
268
209
268
193
473
299
225
300
269
199
231
175
301
335
246
289
248
252
180
265
194
246
216
182
250
203
143
175
330
269
220
205
253
203
238
212
361
185
307
266
235
383
220
324
248
184
240
407
238
210
310
414
261
272
184
174
234
225
201
313
185
209
254
298
199
222
207
233
169
202
528
229
163
386
236
200
229
247
222
176
389
257
219
208
205
205
217
268
407
238
197
162
247
295
217
184
348
251
252
324
389
214
302
226
166
270
166
215
182
343
274
214
206
302
167
219
329
159
310
334
175
274
186
184
407
167
188
206
270
203
213
178
155
348
187
328
301
264
186
229
253
382
208
212
178
228
238
605
212
232
287
248
210
178
286
216
322
337
250
237
188
195
205
310
209
389
260
226
208
288
430
202
258
232
244
308
170
197
227
234
219
171
214
170
285
197
224
218
243
260
248
281
223
331
260
273
216
199
320
220
160
244
272
245
285
179
180
235
217
272
171
215
221
223
226
194
236
227
244
210
259
347
245
181
246
399
219
216
225
429
215
222
159
214
245
212
194
212
253
236
187
212
210
258
269
210
346
291
298
222
241
229
158
267
245
287
277
227
264
290
166
252
267
170
162
388
304
336
343
175
298
149
267
192
197
172
332
323
177
270
224
221
263
235
232
285
299
231
403
232
180
356
350
207
172
439
213
246
190
172
323
221
226
216
224
226
237
206
172
452
354
353
178
239
177
273
180
301
258
249
247
204
198
257
211
273
222
231
208
307
203
302
402
223
316
311
252
222
262
189
426
241
235
198
235
292
204
241
285
223
260
167
332
233
192
206
220
235
272
227
304
196
198
380
211
309
258
219
303
188
169
235
202
216
221
233
270
240
219
200
431
251
233
196
210
206
200
240
225
325
196
167
336
220
198
241
239
229
217
213
274
187
236
177
233
338
263
232
204
164
302
209
178
199
187
201
232
429
249
254
276
413
177
237
317
231
219
295
167
226
219
189
175
196
218
183
401
235
255
308
289
179
339
259
212
258
271
197
165
346
292
295
211
195
283
285
224
231
243
212
243
252
239
233
258
293
222
214
279
206
253
324
290
170
296
289
178
280
243
162
187
311
257
258
180
264
194
291
228
224
281
224
177
194
245
177
148
198
204
210
230
263
136
323
264
274
215
317
242
188
253
344
187
268
189
193
224
424
208
291
228
150
173
223
210
197
230
275
266
203
285
230
280
220
345
268
271
291
300
264
211
325
459
243
261
406
328
243
296
231
283
276
193
235
286
217
171
208
250
256
199
198
257
256
214
301
279
255
313
280
202
300
210
293
393
212
361
211
372
223
221
348
213
263
202
201
273
213
226
242
184
224
367
240
192
322
222
192
295
189
186
359
195
185
184
195
198
232
256
183
248
171
270
331
234
293
275
226
420
321
210
185
239
239
183
292
238
198
279
410
247
234
308
270
283
185
169
258
232
270
187
281
221
287
191
202
182
167
388
220
207
221
280
176
211
198
203
295
196
286
265
249
173
309
196
330
191
256
440
209
272
209
444
239
206
239
205
171
347
300
183
204
180
257
323
230
247
242
210
241
286
294
207
199
293
228
310
232
221
302
170
213
350
267
181
205
284
247
149
138
212
322
287
247
228
227
253
222
375
241
198
342
170
207
128
314
257
279
222
322
208
195
260
295
332
265
575
242
227
259
200
257
208
235
226
180
204
211
229
313
171
294
252
175
209
227
365
417
315
313
194
179
180
186
156
238
228
206
206
298
382
268
379
269
193
261
171
233
180
297
246
362
167
324
239
248
310
198
175
216
228
288
201
341
176
282
279
278
200
305
285
240
231
292
232
254
189
242
186
204
224
203
236
236
127
202
315
220
203
280
161
201
294
237
227
163
201
192
313
171
190
152
177
276
256
246
417
238
204
161
294
203
212
224
286
364
157
321
239
330
252
207
286
315
269
204
345
201
190
299
203
304
305
292
296
228
169
167
282
184
256
229
283
207
233
172
237
161
276
288
204
355
339
146
240
316
188
218
264
212
245
223
163
330
262
217
180
274
381
240
246
258
247
186
159
295
232
485
317
174
280
237
277
231
160
198
378
376
228
395
180
358
260
235
255
186
256
203
171
181
156
253
158
421
212
270
332
214
309
338
267
194
353
190
198
187
301
275
191
253
350
222
263
322
247
277
415
245
262
305
286
233
245
231
235
154
280
215
235
185
290
325
183
283
299
265
190
208
234
161
345
234
194
342
301
282
170
379
449
193
263
359
205
306
212
258
204
240
257
405
182
308
250
179
264
224
219
167
182
344
214
298
166
283
196
192
232
181
207
210
305
312
209
281
239
244
420
243
165
244
231
238
192
228
181
249
342
267
458
167
211
190
167
288
312
295
159
289
310
181
169
306
251
203
354
222
343
217
225
185
258
223
225
272
206
357
285
198
330
209
171
189
157
220
169
372
267
246
479
201
257
158
164
185
207
258
267
218
293
243
275
209
188
288
293
169
312
182
362
319
219
282
162
202
316
376
242
199
145
182
475
198
203
215
261
159
187
271
376
189
205
148
261
171
384
213
279
248
276
273
279
235
264
175
174
276
265
279
226
248
282
271
194
252
154
235
288
211
236
364
186
179
241
328
223
311
240
192
183
218
327
160
157
206
318
240
250
261
214
384
178
251
211
263
188
194
372
212
212
238
247
224
380
447
409
196
235
216
225
238
254
262
269
198
334
257
185
288
291
244
192
191
327
204
253
200
227
205
229
281
270
220
208
218
190
202
303
138
242
272
231
246
191
285
233
332
333
279
210
428
230
239
201
186
286
247
247
221
249
269
223
356
243
175
272
169
172
270
246
182
220
314
223
210
183
238
304
240
282
215
158
215
254
240
270
244
369
162
268
192
279
214
261
303
302
222
228
362
252
204
221
159
232
177
332
213
158
248
187
182
269
200
225
220
218
156
279
201
184
230
253
208
210
273
216
227
250
196
223
175
214
168
194
286
260
247
316
167
303
183
178
188
347
339
321
172
340
218
295
300
210
152
270
267
254
657
259
351
333
366
286
191
169
201
256
146
248
216
162
322
193
206
193
350
262
274
401
300
204
254
304
217
245
264
375
279
196
256
188
274
213
215
343
321
246
219
228
208
243
198
204
296
192
275
214
153
190
361
223
270
157
438
290
286
190
175
293
233
185
279
265
155
349
182
223
281
389
297
237
212
234
209
243
269
351
220
264
194
267
315
238
207
243
241
192
175
290
324
321
288
325
190
244
212
172
217
261
240
227
304
222
193
294
177
172
328
200
260
135
194
166
178
188
175
234
403
229
234
243
258
260
174
154
283
391
246
294
428
219
207
328
198
207
191
361
265
187
199
377
292
206
349
283
198
218
266
164
312
325
282
247
272
193
332
185
215
285
260
142
231
272
223
327
280
300
231
318
239
176
337
238
282
394
190
219
307
234
344
179
254
298
242
300
280
229
233
260
267
276
239
195
270
212
416
275
342
320
164
176
181
249
240
261
240
193
263
330
204
273
217
252
269
269
279
245
348
267
302
202
236
251
194
145
198
238
338
332
236
358
218
183
207
208
204
268
259
232
152
253
310
236
211
471
260
273
414
283
217
324
303
216
167
264
209
499
296
146
294
225
239
242
370
235
321
237
251
129
187
190
294
207
286
223
225
202
283
163
193
267
222
186
210
159
227
158
418
219
273
233
234
194
304
389
222
324
218
282
231
429
188
237
295
189
200
187
251
227
222
252
195
505
183
247
277
261
292
243
143
226
337
231
283
239
245
215
283
272
252
181
218
198
296
247
242
297
193
227
362
195
252
261
216
431
245
224
332
187
294
189
295
275
239
214
246
267
231
235
261
268
285
224
240
236
227
176
190
286
221
248
227
243
230
229
176
269
231
200
271
266
312
203
233
207
148
327
184
194
216
309
269
212
263
303
210
327
155
382
244
234
197
208
154
239
526
273
274
186
328
270
327
366
428
220
220
285
394
181
516
264
189
183
196
293
216
220
239
197
318
193
227
218
302
273
201
301
231
229
174
319
238
240
189
211
267
219
272
250
247
252
209
294
180
230
157
279
245
277
268
246
248
232
295
223
206
258
181
237
250
317
267
355
165
234
176
260
237
261
250
225
293
220
225
301
253
235
361
276
434
211
211
132
425
242
181
229
274
210
204
266
180
220
322
225
368
216
155
216
197
232
204
320
241
305
251
278
247
303
162
194
267
316
253
363
416
283
373
217
285
434
366
287
245
238
289
226
330
342
352
255
200
207
391
263
498
238
355
215
259
235
251
224
206
248
222
367
291
179
364
289
176
228
206
191
310
303
340
204
286
239
268
349
331
177
218
283
227
185
222
384
193
218
317
255
188
186
309
274
178
206
257
228
246
263
249
221
160
321
203
183
197
263
404
245
202
290
321
231
259
144
361
332
184
348
313
197
506
261
393
212
273
298
289
202
207
319
303
267
207
257
238
211
258
261
381
223
263
335
208
285
275
180
173
297
393
355
285
217
272
229
233
196
244
161
229
381
295
263
264
213
346
255
225
397
244
191
247
216
194
279
305
160
198
358
353
257
224
190
323
267
193
314
361
270
304
210
208
198
217
328
262
316
205
265
172
214
213
219
204
325
270
233
258
309
277
186
255
249
325
282
214
417
297
160
300
478
243
194
261
226
159
241
328
209
163
260
162
314
291
293
244
200
266
361
175
184
229
218
213
253
222
179
202
181
272
266
213
284
172
251
280
259
199
177
318
257
135
353
362
209
189
184
225
314
182
266
295
182
220
302
189
338
250
302
267
214
221
290
248
187
255
174
294
139
182
378
215
229
232
270
271
322
243
338
268
475
219
238
160
319
217
272
187
218
134
228
342
174
214
205
253
211
299
271
213
305
209
260
178
271
306
254
312
233
268
332
180
246
313
392
245
178
222
255
207
198
201
290
377
204
217
305
177
152
195
435
192
425
174
168
196
340
244
245
169
179
341
239
175
224
384
202
174
225
286
190
279
215
245
244
175
267
170
247
223
177
213
164
354
197
187
230
221
148
230
219
302
235
170
230
350
213
441
364
334
263
286
201
266
242
183
284
179
343
357
209
245
339
231
554
300
297
233
218
234
204
318
328
329
215
298
225
162
268
296
211
404
270
228
208
257
200
260
159
234
174
190
489
229
269
185
237
177
248
209
304
229
232
273
233
266
248
183
359
260
190
171
259
235
240
170
193
197
439
194
209
190
209
293
287
241
373
182
339
271
217
213
247
393
261
170
446
340
260
240
278
196
247
194
221
223
258
207
321
218
239
307
412
192
205
258
188
146
216
163
214
189
292
215
291
254
264
239
214
292
279
178
271
321
282
257
372
313
275
207
327
195
204
266
274
197
211
242
255
409
179
214
293
220
242
222
243
189
303
177
306
259
222
266
138
307
222
184
293
243
260
397
297
223
209
213
275
328
247
257
210
224
190
248
340
235
333
280
229
160
203
193
308
283
305
191
260
234
145
203
294
312
230
210
337
309
212
189
239
223
287
244
172
202
247
213
282
189
260
192
219
200
416
211
208
178
314
152
221
251
272
196
291
266
220
167
214
234
303
229
342
183
400
250
217
378
186
205
255
291
221
191
186
193
151
220
190
339
205
221
293
252
195
197
257
236
383
246
204
227
153
318
276
195
430
285
212
242
169
213
224
178
303
194
256
304
187
229
182
296
214
205
296
346
267
240
236
224
180
276
219
183
284
192
305
232
325
262
343
259
282
293
243
241
253
180
239
352
231
253
227
353
270
151
222
307
282
216
170
167
209
166
323
260
220
287
380
207
317
241
157
345
220
172
285
298
224
251
517
204
261
285
287
196
188
312
300
283
216
321
304
239
154
262
189
320
185
230
232
278
319
255
288
319
167
256
310
205
306
260
212
322
229
294
220
222
270
295
206
217
164
238
327
264
240
196
181
202
179
295
217
193
239
183
283
473
214
125
233
232
212
210
235
205
211
219
287
272
299
236
200
219
319
279
301
250
470
199
336
173
260
399
224
242
222
307
149
278
212
283
204
348
176
171
205
155
259
139
184
258
344
278
179
239
199
247
192
274
219
315
239
238
199
310
176
299
313
216
239
214
315
220
190
277
323
210
208
316
302
256
168
236
484
279
184
369
198
339
176
296
327
252
219
327
243
279
213
211
211
272
154
190
224
220
243
228
224
190
232
202
258
252
180
162
199
190
172
225
260
198
219
239
317
217
297
203
144
178
156
447
203
156
320
253
272
295
234
212
182
199
209
240
256
191
214
160
240
186
129
216
301
355
214
201
163
230
215
233
216
475
294
307
161
422
158
407
213
209
474
192
227
283
174
295
289
251
240
196
239
179
312
181
290
176
177
236
204
244
305
361
198
308
251
201
180
244
273
230
219
202
305
283
247
214
151
215
194
255
234
183
164
361
241
224
254
156
263
251
234
305
221
229
199
422
226
188
324
185
332
254
180
239
195
252
209
267
325
233
238
247
228
239
179
195
187
205
222
250
296
283
253
238
304
278
289
300
301
284
356
298
236
274
258
199
225
180
236
282
282
152
265
213
228
221
273
211
300
215
234
264
270
211
231
187
220
328
228
300
254
229
197
269
184
244
221
272
263
263
190
212
181
167
320
326
180
246
218
278
250
376
195
244
240
305
200
157
166
163
175
387
217
206
513
209
185
374
240
231
302
224
230
229
152
184
192
224
275
239
205
302
273
244
318
247
238
312
209
150
321
212
237
211
183
380
272
202
216
243
231
210
244
255
212
188
188
241
264
297
222
219
177
375
214
180
322
272
205
275
241
205
231
202
438
285
197
213
260
198
226
248
215
177
199
216
291
300
224
203
197
229
212
231
176
202
189
208
269
181
355
222
489
200
196
229
552
324
290
219
341
299
238
208
237
238
317
173
202
400
228
200
204
285
297
188
236
224
181
213
254
221
188
284
201
380
248
324
380
384
264
231
282
258
244
207
210
271
190
204
305
241
208
255
345
229
173
180
444
233
285
308
295
261
249
257
209
254
305
185
397
292
179
419
211
282
157
168
302
220
291
248
228
398
336
214
218
224
218
202
295
329
213
160
286
377
307
207
401
247
316
304
238
204
200
215
238
383
168
184
228
199
258
240
257
382
236
260
169
242
288
426
200
232
235
221
213
246
167
161
388
285
208
340
216
256
154
151
186
201
304
257
160
148
407
175
162
233
180
355
223
182
336
295
192
265
191
214
276
239
313
212
180
171
262
177
297
200
182
407
285
317
216
277
382
210
303
226
158
253
306
283
304
233
259
210
189
230
269
155
321
205
257
154
275
224
176
188
262
185
197
193
268
302
192
215
236
193
222
243
265
226
260
423
305
358
330
225
201
251
205
186
182
299
214
257
177
224
272
220
256
177
438
263
188
429
244
304
280
207
282
219
220
418
263
171
185
216
145
213
227
232
302
213
194
393
171
211
214
280
231
304
362
238
260
332
280
237
244
290
198
159
304
244
202
251
184
389
260
331
241
202
194
327
173
235
220
221
242
292
225
200
188
283
227
268
230
215
382
193
279
181
159
187
157
215
195
422
268
270
258
228
188
348
257
188
491
250
345
182
317
240
410
281
210
311
209
313
182
171
428
284
233
212
321
301
288
146
249
240
181
268
205
240
153
174
315
176
291
208
183
240
372
271
229
247
315
428
264
169
285
333
217
262
231
223
265
234
222
253
207
199
216
174
202
206
383
216
233
150
162
343
261
240
239
198
232
154
290
286
148
206
377
363
174
264
211
171
193
257
252
159
149
193
345
231
258
244
232
145
120
281
246
229
272
204
359
238
338
253
202
355
300
225
313
149
182
248
228
228
276
296
242
206
252
172
382
231
255
228
268
222
220
232
251
183
446
176
191
179
288
314
224
192
391
347
203
259
244
170
193
199
334
166
299
208
259
253
273
126
293
187
333
253
220
315
175
387
260
232
319
208
241
206
267
224
228
294
252
195
210
297
236
259
185
218
202
269
192
197
188
271
173
275
183
267
238
201
224
229
213
236
204
264
199
383
155
331
256
154
206
137
163
220
216
217
186
297
236
182
280
179
304
163
264
253
243
238
275
197
244
234
220
165
454
195
285
214
287
205
352
257
179
227
213
238
175
199
365
172
316
206
183
196
271
237
272
254
182
181
247
317
243
217
194
359
233
195
401
310
221
193
302
265
186
262
193
209
200
153
272
310
248
209
293
224
227
266
217
205
258
474
206
320
308
216
281
217
181
155
195
274
224
275
226
213
289
251
267
254
227
176
183
318
226
250
241
182
327
224
158
201
218
275
267
218
237
234
269
266
236
291
296
382
270
299
195
220
198
242
226
327
234
315
217
182
173
223
242
204
197
228
163
161
258
223
240
226
267
212
243
536
283
300
217
184
211
327
342
288
185
185
232
203
281
214
205
230
229
237
250
274
284
184
476
338
188
243
216
344
217
240
260
202
213
170
223
301
150
175
245
219
207
169
360
209
315
166
289
265
198
300
317
346
204
221
315
263
417
393
504
383
146
233
307
247
215
179
194
254
258
228
173
187
234
161
302
244
255
175
173
214
247
218
216
524
399
268
279
308
262
193
210
323
327
295
258
273
204
434
206
267
318
484
274
352
259
236
312
375
379
316
215
210
212
296
239
172
250
282
219
227
252
211
299
231
146
192
357
274
253
222
205
349
201
252
256
199
205
185
285
135
222
266
238
244
173
325
283
225
249
296
335
379
197
469
320
228
212
143
183
196
196
339
219
283
156
200
177
186
322
200
470
355
211
245
254
285
289
187
232
226
350
250
225
220
241
212
188
267
214
192
296
218
235
292
246
214
228
265
199
155
241
237
212
223
286
392
220
162
262
168
179
169
216
395
220
201
284
326
266
266
313
351
274
273
229
264
247
236
293
198
237
231
178
237
320
323
246
144
258
358
219
272
243
194
232
238
230
308
235
235
301
183
324
246
177
180
203
244
358
261
271
250
178
211
201
294
159
238
254
232
368
175
153
245
294
156
235
353
281
268
273
332
515
282
246
265
219
261
244
162
374
299
194
211
310
193
249
216
164
220
230
232
233
219
350
233
277
254
226
369
183
297
157
180
404
246
329
393
243
349
360
276
183
152
232
210
296
170
201
231
257
237
161
236
189
242
233
396
378
163
223
287
451
283
176
247
251
289
296
202
284
249
290
230
176
258
349
257
220
260
303
430
250
277
197
217
233
186
195
248
400
525
258
374
271
228
262
198
309
173
309
235
253
226
340
206
296
263
183
236
226
223
177
190
232
170
240
176
243
225
185
214
202
247
257
232
236
363
576
178
248
255
317
302
249
243
188
321
248
232
255
224
158
376
191
221
264
278
202
404
176
300
218
161
232
277
325
257
275
305
217
293
251
217
347
198
305
259
209
289
182
210
348
287
241
260
443
234
240
219
235
216
261
220
226
187
208
154
221
211
202
216
249
250
255
203
182
244
158
259
252
253
178
229
222
247
219
220
288
207
334
231
223
260
206
227
208
235
286
229
216
306
217
307
316
179
244
228
300
226
209
174
234
196
237
190
231
213
261
377
226
220
206
280
224
173
187
295
207
261
231
231
199
302
170
194
177
328
202
300
274
216
352
239
203
291
239
405
199
242
291
256
180
256
176
189
286
261
179
194
268
277
283
245
167
271
215
259
207
183
160
314
174
215
173
242
179
373
206
176
351
218
205
172
205
226
392
307
245
334
275
227
222
348
180
218
179
273
335
297
255
315
261
198
264
174
205
313
265
288
208
204
188
174
240
224
332
193
258
187
214
242
326
162
353
173
235
223
209
257
338
210
258
243
193
220
194
283
296
437
208
318
176
497
206
194
234
217
203
196
231
231
224
241
238
219
258
213
168
173
206
227
152
261
383
138
255
221
234
175
149
322
310
216
178
302
259
199
349
262
223
266
341
195
254
427
230
141
347
150
203
256
220
315
238
215
281
342
232
335
340
285
227
266
231
311
306
205
221
150
195
273
229
213
306
322
432
253
274
294
191
200
237
273
468
192
311
254
301
138
263
188
403
377
263
261
313
256
304
289
220
302
219
353
178
520
436
276
171
178
189
133
308
327
201
196
269
156
188
245
328
278
254
253
192
264
261
415
243
193
362
233
298
281
200
282
187
351
165
264
261
268
250
178
321
202
214
210
227
207
211
277
219
165
379
245
233
176
348
175
160
228
357
209
266
218
292
145
247
168
175
214
203
265
206
200
199
256
282
261
255
139
182
292
341
266
161
170
357
199
223
433
326
245
285
230
189
288
301
240
215
184
323
203
247
347
252
214
394
242
270
205
336
227
170
251
251
210
319
216
191
219
228
187
222
221
200
186
167
261
215
299
234
233
324
260
314
226
193
231
172
288
186
180
340
201
253
201
266
276
207
264
268
166
175
242
193
190
222
233
220
193
207
201
180
265
205
364
288
204
203
240
237
219
247
212
286
226
244
192
310
195
296
268
215
284
289
202
165
235
276
220
185
198
240
244
207
251
205
232
164
267
201
316
183
168
198
202
223
226
203
348
218
288
238
224
266
178
270
274
256
238
258
196
248
195
236
279
226
174
238
224
210
198
321
304
235
247
309
300
341
190
276
202
331
263
212
266
320
238
355
188
275
306
240
239
238
214
249
303
190
202
238
214
240
229
247
316
244
213
384
214
149
225
217
291
206
199
214
208
163
159
278
225
281
148
330
189
212
238
215
252
249
361
255
209
270
243
256
206
284
275
220
295
250
179
216
210
249
187
200
180
384
355
316
175
224
193
255
264
188
213
227
162
401
240
276
262
237
203
252
225
299
220
290
176
312
188
215
225
335
265
189
299
206
256
208
249
199
289
230
318
259
213
248
181
217
357
348
229
403
351
188
416
160
271
197
242
307
267
349
260
450
253
261
311
212
320
213
250
214
174
434
228
262
280
377
322
246
214
265
272
263
239
187
305
228
247
240
186
204
361
240
310
222
228
260
174
538
293
213
194
307
194
220
259
201
198
204
201
254
295
179
248
345
260
227
500
242
166
189
257
227
232
224
253
288
205
275
202
184
215
284
270
195
357
272
269
242
184
277
170
227
265
195
210
258
190
265
176
282
308
287
187
188
288
217
218
250
184
208
260
417
232
259
205
144
185
421
211
403
297
281
195
299
434
141
173
305
343
199
306
256
208
183
237
167
193
160
287
291
170
313
183
208
305
256
212
264
278
295
233
353
202
375
188
210
248
202
252
258
198
340
246
298
229
226
303
250
164
365
302
300
244
175
282
203
316
265
250
265
194
254
147
230
173
157
270
274
223
369
251
255
281
245
182
322
228
172
222
354
204
317
228
240
311
252
203
318
230
279
199
225
175
168
205
205
231
251
187
202
251
258
226
229
253
186
220
267
379
169
244
368
237
323
274
207
215
321
134
248
195
303
374
238
214
263
256
388
241
258
382
249
284
294
363
240
187
236
226
229
265
163
477
272
195
194
269
218
218
286
202
247
234
203
329
214
225
185
229
199
211
201
272
201
185
235
208
205
252
381
277
190
284
230
247
179
215
201
169
163
233
469
171
253
287
244
214
220
268
244
182
213
240
226
399
249
220
223
211
245
229
312
319
197
491
188
247
233
288
178
248
327
237
272
185
220
291
255
232
484
188
255
230
296
210
327
263
227
296
245
191
276
225
368
219
317
241
177
215
274
229
265
209
245
198
170
246
233
366
363
231
342
304
222
370
189
321
268
337
211
242
174
161
146
334
448
266
234
269
161
266
230
288
220
265
194
233
208
186
449
178
320
378
363
270
300
338
268
317
248
186
188
326
300
253
202
238
238
197
211
210
374
201
325
191
203
178
174
266
312
173
298
188
171
347
167
200
265
380
323
235
263
311
152
306
251
209
192
204
257
255
273
229
304
278
278
185
174
191
179
290
179
376
163
235
188
186
167
293
295
222
220
189
292
260
198
236
320
312
185
233
384
372
239
238
387
217
237
278
164
279
250
260
238
256
209
184
264
240
293
196
221
276
300
438
234
184
302
200
175
201
218
274
504
238
278
289
163
240
243
174
281
275
255
213
207
214
266
208
189
305
227
306
296
293
279
310
160
257
288
224
184
162
253
306
239
270
448
191
296
254
232
233
206
294
335
340
196
357
387
214
184
376
266
191
135
221
229
257
261
224
242
347
259
231
209
274
174
251
322
164
270
147
193
458
179
188
309
253
274
212
257
213
254
217
243
363
184
176
195
219
288
226
244
205
325
247
496
273
166
367
195
394
195
203
213
238
174
197
229
216
222
278
184
381
253
189
230
205
190
299
244
330
286
277
275
263
190
210
251
236
257
289
220
235
295
222
366
190
244
224
296
178
280
292
222
179
197
222
389
211
274
293
255
218
286
347
230
255
197
208
280
150
145
348
191
211
261
276
292
276
302
201
193
349
339
263
267
224
421
233
496
427
156
180
232
267
161
171
229
205
241
402
247
249
252
255
218
259
282
402
192
296
246
259
195
217
244
190
256
230
187
258
205
343
256
288
205
259
251
178
379
187
248
252
185
231
204
242
231
285
230
228
298
212
295
183
270
236
183
179
227
225
169
161
263
227
167
273
180
138
441
171
265
300
179
255
253
217
237
180
222
317
269
197
197
236
357
288
194
159
291
273
169
222
158
218
148
317
234
268
415
274
458
282
200
192
375
238
239
330
206
195
191
232
270
228
218
241
489
222
338
255
375
327
178
291
242
192
203
216
417
222
238
336
172
339
233
190
174
291
324
248
442
292
182
331
235
388
208
244
304
239
299
261
205
247
358
185
234
349
294
198
170
340
175
289
320
258
170
262
274
163
257
337
240
191
157
338
263
229
287
298
289
183
212
206
205
175
214
205
161
218
214
275
293
226
170
187
223
239
303
298
227
328
245
175
375
227
258
248
284
244
266
439
217
335
369
240
395
227
364
282
221
367
319
327
246
286
210
255
238
301
219
202
223
353
185
246
321
300
222
220
205
284
210
224
157
196
177
156
194
197
246
338
200
364
309
209
222
364
194
348
145
234
311
192
270
210
229
193
227
374
187
371
219
276
140
428
369
261
252
238
185
204
398
168
253
274
155
202
240
215
427
271
174
300
193
264
252
220
324
191
252
249
382
231
305
265
262
201
270
226
283
251
164
193
214
233
247
167
228
411
210
236
252
230
247
281
251
314
226
209
200
255
243
244
150
228
250
342
267
197
201
189
205
188
287
274
222
208
252
217
185
295
251
199
299
266
210
282
253
215
258
218
204
187
357
276
229
287
283
293
250
431
192
285
184
467
336
189
212
185
170
253
200
227
160
159
393
144
215
360
332
136
213
227
150
252
235
183
294
194
313
301
291
278
237
308
238
194
398
306
194
291
438
252
166
255
228
187
194
259
316
164
202
316
432
234
192
254
256
219
196
333
306
418
225
214
333
236
311
192
254
236
264
182
229
202
175
148
255
385
196
319
253
255
286
300
244
220
199
225
205
264
263
174
182
216
277
212
373
183
309
289
170
190
238
198
186
206
310
248
167
313
270
197
243
187
267
213
224
206
220
366
238
207
424
210
249
243
203
210
219
357
191
235
477
287
489
217
298
241
313
192
252
334
246
171
207
261
215
277
254
271
142
263
202
279
181
389
149
263
143
292
243
157
266
232
239
405
215
285
208
233
204
212
158
176
221
219
232
187
211
189
287
175
236
203
313
245
172
212
279
231
332
211
209
339
282
201
256
268
181
254
237
266
174
275
236
308
328
251
292
252
207
208
282
324
193
235
152
418
230
222
268
235
183
150
313
242
207
188
389
319
184
206
201
275
173
323
335
300
312
199
226
295
223
221
229
292
205
183
301
194
300
209
359
274
234
274
148
161
229
289
186
228
314
184
150
351
313
238
337
226
207
330
245
238
249
248
187
265
253
272
197
215
360
220
176
368
228
172
422
289
254
284
231
220
229
368
175
245
256
285
370
186
202
361
347
248
343
207
190
221
294
294
208
185
289
267
222
249
338
345
166
335
275
172
220
234
387
396
302
160
247
218
174
155
307
271
235
387
230
289
242
182
186
251
314
219
294
397
403
265
220
202
285
177
260
275
331
236
343
255
242
182
298
216
289
274
298
313
187
222
175
280
398
260
319
336
542
227
229
296
265
205
192
222
199
197
235
205
247
196
134
349
168
187
665
221
232
197
333
232
210
221
203
240
351
272
166
339
265
224
292
204
193
415
538
299
282
213
228
213
328
336
337
319
252
201
322
152
256
161
207
192
187
288
201
230
223
217
140
461
270
195
493
176
338
253
198
242
242
235
331
289
249
358
235
166
478
279
172
267
276
212
289
286
299
246
209
189
251
254
268
397
165
372
260
231
277
317
169
255
317
221
174
189
241
212
188
233
199
530
191
252
270
189
280
185
218
306
238
275
270
254
265
202
181
194
323
208
214
345
220
216
292
295
221
239
297
302
231
338
262
231
202
162
291
193
