3795800
689400
451000
358100
298700
278600
174500
174400
192200
176900
178700
185600
178400
172200
171700
176600
173300
178500
168400
184100
174900
178800
203400
176800
176800
171800
178000
177900
172500
173800
176500
171300
181500
178300
185100
180400
176600
174100
173800
176700
176700
171800
178000
178100
179000
168900
171400
172500
185600
173400
169800
175300
191600
187500
174900
155200
158800
167200
159400
159900
158700
158500
159400
158900
156900
158600
158900
158800
161200
160500
157200
155700
160500
169600
158500
160600
160600
158900
161900
162200
166200
203500
160300
167800
173100
178200
161500
195600
170700
182100
215400
185800
189000
184500
187200
181100
186400
198900
171400
183900
161000
157800
178300
180500
178700
233700
194100
158800
194400
198200
195600
193300
169000
165300
162700
163800
159400
162500
160900
159900
163300
160300
166000
172100
160700
169800
163900
164200
159400
159900
165000
207200
163700
207400
156200
165500
157200
164700
158000
169400
159400
153400
154900
160500
154000
157600
157300
171100
170500
155800
155000
160000
160400
157200
161800
157500
153000
160400
157300
158300
157100
163100
162900
157800
169200
169200
168500
159800
161800
157500
166300
167600
158000
157900
163700
162500
166500
158700
161500
177900
159900
166800
169100
166800
161700
160500
157400
156300
161100
157400
164400
162200
167000
159100
165300
160500
156600
160800
154600
158300
155700
157300
157100
161000
154000
157600
165100
159400
156100
151700
158600
157000
156700
155400
155300
158900
153100
151600
160300
158400
155400
154500
155000
157900
161000
170200
159800
159600
155500
159600
155700
164800
159500
156000
177100
156200
159200
159200
154600
152600
170200
156700
157700
155100
163500
156200
164900
158300
161200
157900
156800
159500
159700
152200
153100
161100
156600
155200
151600
164500
164600
182500
167600
155200
156500
166300
155400
167800
155800
160500
158200
157900
162900
165200
161000
174900
155500
156900
155800
164800
158900
158200
174200
152800
163200
167800
157100
167300
162600
161300
163200
160900
156900
158800
155500
156600
161200
159000
160000
157100
157500
160900
164800
157200
157100
158100
157400
160600
157200
159200
155700
160600
158100
164700
166200
155800
154000
160100
157400
155700
158100
156000
157300
167700
154900
162600
166900
154800
156600
158300
160200
155200
155000
158200
158000
155500
156000
161000
162000
154400
158300
155300
156700
155600
158900
155200
157400
157400
158100
160100
162400
167000
158200
152100
156600
162000
155800
151200
153800
158400
155400
155100
160600
155700
166400
158400
152800
171500
158900
156400
159300
155900
157600
157500
159400
156300
157600
159900
157700
153500
158900
154400
157300
159000
153600
153300
159700
157500
156800
165800
155700
157500
157700
157000
157100
156600
157200
175700
153600
157600
163200
161600
160300
156700
157700
164000
154300
163000
151600
155600
155000
160400
153400
180600
157400
173900
171300
158600
153900
168500
156400
154200
151900
159600
155500
154700
155100
153500
170700
172000
157200
161300
156900
155400
161100
156300
155800
157100
157300
157600
155000
160600
163500
165500
156800
162400
155100
156000
159100
156900
154900
158600
158900
155700
157200
161200
158400
158500
155200
158500
160500
155000
156300
158500
159400
159500
155700
160500
169200
165900
169500
165400
156400
160300
155200
155600
167100
157400
154300
158200
159500
162500
157200
162700
171900
157400
160400
155500
163400
163500
157000
155000
154700
162100
157500
159600
168200
168200
159600
163700
161300
155600
157400
158700
158300
152100
155700
165100
154900
158300
167100
163400
161300
183800
158800
154500
154900
156100
154800
155600
174600
156900
161200
190500
163700
158000
155400
155400
155900
158100
157200
155300
156400
156000
165200
191300
155000
155400
156700
157400
155400
151300
158400
154900
155100
155500
161300
156200
151100
154100
160600
155100
155400
156800
155900
154500
154100
154800
157200
159100
153900
154700
156900
156300
155100
154700
160200
157000
155900
155400
158700
156900
155100
156800
157400
156700
156300
158000
155000
156600
154100
178500
155000
156000
155300
154900
158900
157700
156100
155300
155900
156900
162600
157200
154500
219900
155000
157600
157700
160900
155600
156000
161300
158800
193800
151700
155000
156300
155500
156000
162600
157600
164800
154600
154400
153000
156100
152100
157100
172300
155400
156600
156000
157800
173100
155600
156400
155000
169200
155700
151900
178200
168400
158500
168900
182200
155800
155400
164300
165800
162800
167500
160100
166900
160800
162000
158600
163400
159300
170200
197800
166300
159600
184900
155300
154600
165500
167600
168500
163500
161300
159600
161900
157000
161900
156700
157500
155200
162600
156000
159800
159100
170600
166000
160700
168900
162700
205600
152800
155600
177900
167800
171400
172300
163100
155500
158200
161600
157400
156000
158400
157200
155200
157300
159100
159100
156900
156500
157900
154500
155000
157300
154600
155800
154600
160200
149300
140200
143300
142400
139400
140500
142300
142600
140400
140300
143600
145900
140600
145700
157200
142100
140000
140100
140600
146500
140100
138600
141600
144300
143600
140100
147400
140400
140400
138300
142300
140900
144900
163600
143100
141000
140500
151000
144600
146000
141200
143500
141900
149800
140500
149300
142500
140900
140000
140200
146000
149200
142500
145300
152200
147300
140800
139100
144000
140600
140500
142400
145800
140300
141800
164000
157900
145900
142000
139900
145000
140600
140300
140000
143700
140100
143900
139600
143900
144200
150200
140000
144000
142300
144300
138900
145500
140100
140500
142700
144800
142100
142100
146100
149100
151100
146500
140600
142700
140400
141700
144500
160300
140300
143400
146800
146400
154400
153700
144900
142300
144100
139600
141600
145000
143800
142800
141800
150400
146000
144000
148900
153200
140300
142300
147200
149500
140600
139400
147700
142200
143100
141800
147800
168400
143400
139400
151200
148000
142900
144100
141300
145200
144300
139700
149400
145300
141900
147400
145800
146900
141900
141400
141800
141400
140700
139500
144300
146200
142700
143600
156600
146600
143000
139800
141900
140400
143600
139200
142300
142200
142400
150800
149700
140200
144600
140500
140500
140600
142300
139400
139700
141100
140400
146200
143500
142400
140000
140400
142100
142200
140700
140300
141800
141800
140900
140800
146100
140900
140000
140500
139300
145200
146200
140400
139300
144800
140200
140100
139200
145700
139900
140900
140300
145300
143500
140700
140000
143600
141800
139900
140000
144900
142900
144700
140300
145800
142600
140000
143100
145900
140400
139500
144100
142200
146100
149500
143000
141600
140000
147600
140300
150300
140500
140200
139800
141900
140000
141700
143300
145000
153400
141200
143400
143200
140900
140100
142700
142700
141400
141100
146800
161500
141500
143000
141900
141400
139500
136900
147500
150000
140500
142000
145200
145100
141100
139800
146100
140800
140600
138800
146200
142300
151400
152200
155400
140900
141000
140600
147700
146400
140400
141400
145600
154500
141100
152800
149800
146100
139100
139300
145200
148500
142300
139800
144000
140100
150000
142800
148000
153100
144400
142200
146200
142100
147000
143100
143500
140900
145500
149300
144900
142000
148100
149700
142600
147100
141700
149200
141800
144700
145100
141400
144200
144100
142100
146100
149000
142600
141600
145100
143400
142800
142100
142500
143500
146900
142300
147300
156600
147800
152000
140400
140500
139200
142500
142500
140600
142200
142400
142600
153500
147600
142100
141000
140200
140400
142300
140200
139700
143400
140200
140200
145000
149900
141300
140700
139300
143400
141200
139200
141800
142800
141100
139700
143700
142200
140200
139800
142500
142100
139000
140400
141400
139900
141800
140800
153400
144600
142300
141700
140700
142200
141600
141000
139400
142000
140900
141900
139000
142600
142000
149600
140000
154100
137100
141500
142000
143300
144500
140300
142400
174200
145100
140800
147800
153000
153500
148000
146200
142600
146900
142000
141500
140100
144900
145300
146200
141000
143800
154400
144900
149100
150800
145000
147500
142600
144700
140400
141600
145100
140100
140300
147100
146100
143800
146500
153500
157600
143900
142100
144600
148000
142400
150600
142300
143000
142900
146300
163000
145700
141700
146200
149100
146200
140100
144500
140000
138900
142500
141500
143700
142700
141500
146100
146700
141800
141600
141400
147400
140100
144200
140600
141400
141300
143200
145500
143400
140500
147100
143800
142400
139200
142300
146300
143200
142500
142300
145400
142500
144800
142700
140300
139400
142200
164300
158300
143900
143000
142700
145900
140300
142900
148000
140100
142600
141600
140300
144000
142600
141300
140000
140100
143900
145200
145800
141100
150100
153100
140000
139900
150200
140200
139800
142000
141700
137000
139900
143300
151500
175900
142500
146400
141800
144100
138800
137200
137700
140800
149400
140700
146900
158900
142900
146900
148500
141300
152200
155500
147200
140500
145100
146300
151000
153900
141300
158700
154700
145100
152000
158500
142800
142200
141100
149400
140400
140400
139600
142600
139600
140600
143700
141700
143700
138800
142900
139900
140400
141100
142500
140300
146900
141300
142200
140100
139100
140900
142100
140400
139800
142000
143000
138000
140900
141300
143000
141600
144300
142500
145900
140600
139400
141600
182800
141100
140700
142100
145300
144400
140400
143000
140700
144400
139500
142700
140200
140600
141600
143200
140300
141000
140500
145400
140600
139700
140500
142300
144600
140400
139200
141700
139700
140800
141600
142700
140700
137400
141000
144000
140000
139900
142000
141100
143800
139500
142100
141200
143500
139800
142300
140300
143500
142600
142900
140700
137700
142900
146000
140800
143100
140100
145300
142700
139800
141700
141300
144100
139800
142400
140900
140700
143400
142600
139200
141100
139600
142700
140100
140000
144100
145800
140900
140000
142900
151900
170000
167600
150300
158500
147800
2494500
174300
155700
121200
127500
110100
117300
116500
118200
118600
113000
112300
112000
112100
108100
113000
113500
112000
112000
112100
112000
112400
112000
112600
112700
112000
112100
112200
118400
111900
120400
167000
149800
147100
141600
140100
152400
141700
147000
136700
145000
140900
182300
153900
149600
163000
160700
149400
164500
157000
139900
147300
141800
143100
145900
145600
137400
143700
142700
162700
140800
150100
144600
142300
147100
151700
138100
140400
140000
143400
140400
147000
143500
140100
140300
154200
140800
135600
145700
157600
143800
142000
147900
146800
149400
141400
144500
148600
171900
168800
143400
158800
141000
139800
146900
141200
140100
148100
141700
140900
140300
144200
141700
141400
143000
143600
142400
140600
143000
142700
142000
138900
145200
141800
142000
140100
143700
160900
141200
140800
139800
143800
145400
144200
140300
142400
140900
143300
139500
142200
140500
143300
140000
141800
140800
140900
141000
142600
140100
140400
141400
145400
141700
112100
112300
115000
115100
111900
112100
111900
111800
115600
117800
113200
111900
111900
114800
112200
111800
112200
113100
116400
115300
112700
112200
111800
113000
112100
118100
117500
112400
115700
111400
112200
111900
123400
122600
115900
111900
107000
115900
138500
137000
117600
118500
108000
132600
112100
112300
118200
122800
123500
139100
132300
129500
123800
136400
133400
140800
117200
138500
132100
118500
120400
111700
130600
136500
126200
125900
137100
113100
107200
133300
151500
108100
144700
120500
114300
154700
111900
112600
114800
112000
115100
125700
112200
112100
111800
119000
114500
111900
126500
108100
122500
113200
111800
112000
128300
112000
115000
112000
108200
112000
111900
111900
112000
112100
111900
111900
111900
111900
112000
112000
111900
111800
107900
108000
115800
112900
112200
112100
112100
112100
112200
111900
112200
112000
111900
113800
111900
111900
112300
112100
111800
118300
114100
112100
111900
111800
133800
123000
111900
112000
125800
134200
157500
172000
178200
157800
116000
126800
112200
111500
112000
108200
112400
113500
113500
112400
112300
111700
111600
114900
115600
119900
108100
111900
107900
112000
115500
112400
112000
112200
112300
116700
112200
115300
121100
115200
112300
114900
108000
112200
116900
111900
116800
107900
112100
124700
116000
112000
114400
115900
117100
112000
121000
117400
115400
118000
111500
112000
111500
297600
311000
109500
114700
116200
112000
125900
125100
112000
112000
113800
112600
112300
111900
119000
120700
111900
111700
123800
115500
112000
119800
112600
131700
112000
112200
112100
112200
115700
111700
112200
125700
111800
111900
112300
113800
139500
111500
111500
114400
111800
112100
113900
107800
114500
116000
112100
112000
112400
111900
111900
115500
112100
112100
117800
111800
115600
109900
111800
112100
111900
113600
115600
157600
112200
112200
112000
112000
112300
111900
107800
112200
112000
113800
112100
111700
112000
112000
111700
111900
112100
111400
115700
115500
116500
111900
112200
108000
111900
112000
115500
115100
111800
106800
111800
112000
111900
115300
111900
112100
112100
112200
112100
111200
115400
112300
112400
111900
111900
112000
115300
112000
112000
112200
111900
120100
115400
112800
107000
116400
112300
112000
114500
115600
111800
112000
111800
112000
114600
112100
112000
112000
112100
111900
115600
114400
112400
112100
112000
112100
111700
115100
123400
117400
111800
111400
115800
112100
115000
112300
112000
123200
111900
113700
111900
115800
111900
111900
112000
111800
114700
115700
111800
116300
112100
115900
116900
115500
115700
113400
122100
112000
118100
112000
113500
111800
111900
116300
115200
114700
117900
112700
112200
115800
126600
113200
112000
112100
115300
112300
122100
113900
108200
112200
115200
111200
118900
115100
112000
116100
117600
112200
118900
112900
112200
111900
118000
112000
115300
114100
112100
112100
111800
107900
115400
112000
111900
107900
112200
115000
115300
115500
111900
112100
112000
112200
114200
112000
112000
107900
111800
111900
109400
113600
112100
111800
115900
108400
111800
111900
107800
108200
112200
112000
111800
111900
111900
111800
112100
112200
113600
112000
111900
111700
112100
113300
111900
111900
111900
112200
112000
111800
112100
112100
111900
111800
112000
128800
111900
111900
107800
112000
109500
112000
113600
115700
112000
112000
112100
112100
111900
115400
111900
112200
112000
112100
112100
112300
114900
112000
108000
112100
111900
128700
114500
111700
111700
116900
112100
107800
114100
113700
112000
112000
111900
112000
113500
114300
112900
112000
111900
111900
112100
115500
111800
112300
111900
112200
112000
120700
115700
115300
112100
111800
115300
115800
115900
111700
126800
118800
116000
111900
112300
119400
115700
111800
113400
119700
112200
108200
111300
112500
114700
111900
112000
125500
111900
111900
115300
111900
112000
112000
119500
112200
121200
112200
114400
115200
116200
111900
118600
108000
111900
111900
112100
120500
111800
112200
112200
111900
112000
112000
108200
112100
118800
117400
112100
128600
117700
112100
110200
114300
112100
112200
111900
111800
113500
111900
111800
112300
112300
113400
111700
118200
111900
112100
111900
112000
108100
112000
111800
111900
111900
112100
112000
111800
112100
112200
113300
113900
111900
112100
112000
111800
112100
111900
111900
112300
112100
115900
115300
115700
112100
111900
111900
107300
111900
118800
111900
112200
112200
111600
112200
114500
115300
112100
112200
112400
112500
112000
114600
112200
112000
111900
112300
112000
111900
111700
114800
111800
112000
112100
112000
107700
111900
114200
111900
112000
112300
111900
111900
114800
111900
112100
128000
112200
112200
115200
111900
112200
111900
112400
114200
112400
111800
108000
111900
112100
112000
111700
117900
111800
112000
111700
112200
112200
111900
112000
112100
111900
111900
112100
112300
112000
113600
112300
112000
111800
112200
112100
113900
112100
116100
112300
108100
112000
107800
118300
115800
112200
122000
112100
116700
111700
116000
112000
116300
111800
111900
114600
117600
112200
112100
112100
111800
126400
117000
115700
112100
111100
112700
115500
107900
107600
115200
112100
116000
112400
113500
125000
112000
116500
112100
115400
120500
112000
127600
112000
118300
111800
112400
111900
111800
115100
111900
121300
118700
112000
112000
118300
112000
123000
118100
111800
111800
113200
115500
111800
112000
112300
111900
116700
115300
111900
111800
111900
112000
111900
112100
119600
112200
112100
111700
111900
119600
112200
113600
112000
112100
114700
114600
117600
112300
112200
112000
114300
112200
108000
112000
111900
112100
116200
117900
111900
112400
112100
111800
114700
112200
112300
112200
112400
112000
111800
111800
112200
111900
111900
112200
112000
112200
112300
111700
117400
112000
111900
112300
123500
111800
107700
115900
112100
116700
112000
107700
112000
111900
113800
107700
112000
111900
112000
114800
113100
111900
111900
111900
122700
112000
108100
112400
111700
112200
111900
112100
111900
112100
111900
113600
112000
112200
112000
111900
113500
111900
112300
112100
112100
112200
112000
112100
119800
112200
112000
112200
115200
115600
111900
111800
111900
111900
111900
115300
112100
112000
112300
112000
112000
111800
123800
135800
111900
112200
115600
111900
112000
112000
124900
111700
107800
112200
118300
112000
112100
113300
112100
115500
122300
112000
115700
112500
112100
113000
114800
112100
111700
112000
124400
111800
111800
111900
117200
107800
112900
111900
113700
111900
115400
116100
112500
111800
107600
112200
119100
111800
111600
112200
120100
111700
114800
111800
120800
114900
118800
113300
112100
111800
117700
112400
111900
112100
122700
123400
111800
127200
112000
114900
111800
111800
111900
112000
112000
112200
113400
112200
111900
111800
112000
113700
111800
112000
112100
112200
113600
111900
112200
111800
112000
113100
111700
112100
107800
112200
112000
115000
111900
112000
112100
112000
111900
113600
112000
111800
112300
112000
113600
112000
112300
112200
112100
113400
111700
108200
112000
111900
113400
112000
111900
111800
111900
113500
107700
111900
111900
111800
114200
112100
111900
112100
112200
112200
112100
112300
112300
112000
120500
112200
112100
111900
112000
113800
111900
112000
112300
112000
111700
112500
111700
112100
111900
113700
111900
112200
112000
112100
115500
112200
112300
111700
112100
112000
112100
123900
112400
112200
112000
112100
115700
112300
112000
112200
112000
112300
114700
111800
111900
111800
111900
111900
112000
136100
112000
111800
112200
112000
113200
115200
107900
112100
112000
112100
118500
111800
113600
112200
112100
112200
122100
117900
112200
111900
111900
118400
116000
115700
112000
112200
119300
112200
112200
115400
121100
112100
112300
112300
119700
116000
119900
112100
112000
112400
111900
115700
111900
112100
120500
115400
112100
117700
112100
115200
111900
115800
112000
112200
119700
117000
110900
125200
111900
111900
116000
112500
114800
115600
112100
121200
129400
112100
115500
114800
112000
112000
112000
111700
115200
112400
112000
112100
112100
112100
117700
112200
112300
116800
113600
113000
112400
112100
112000
113600
112100
112000
124000
129500
124100
111800
149700
111900
112000
112200
112000
113500
107900
112100
112200
112000
114100
111900
112100
111800
112300
113600
111900
112100
112000
112200
113300
112000
112500
112000
111800
132400
112000
112000
111800
112300
113500
111900
111800
112200
112100
112100
112000
130500
112100
112100
111600
123500
112000
111900
111800
112300
112100
111700
111800
126900
140900
112000
112000
112300
111800
112000
114600
112100
112100
112200
111900
117500
112000
111800
111800
112200
111700
111900
112100
114100
112200
111800
112100
112100
113500
112200
111800
112000
112000
113500
112100
113500
112000
112100
112100
112100
112000
111900
112200
111800
112200
114300
112100
113800
112000
112400
112100
112100
120100
111900
114600
112000
125800
115700
111900
114200
114600
111900
111700
123300
112000
112100
115600
121500
111900
112100
112000
115300
112200
112400
112100
112000
123500
120900
115400
111800
112100
127800
119100
112000
117700
112200
112100
109300
113100
116600
113600
115800
120900
111800
112100
113600
112300
112000
112000
112200
112200
117000
111900
112300
115800
117400
117000
112100
113400
111900
113400
112300
112000
111900
112000
113500
112100
112000
111800
111500
112300
111700
116100
112200
113900
111800
124000
112000
112200
111800
112200
112000
112200
112200
112400
112200
111900
114200
112000
112200
113500
112200
107600
112300
111800
112000
112200
113900
112100
112000
111800
112200
111900
112100
111600
111900
112100
112100
112000
112000
111900
112400
112100
111900
112100
112000
113600
114900
126000
112000
112100
111900
112300
111800
111900
113800
111700
112200
108100
112200
111800
112000
113500
122000
112300
112100
111800
120600
112100
112200
111800
111900
112200
113500
111900
112000
112000
112200
112000
113600
112000
113600
112000
111900
112000
112000
107700
112000
109500
122300
114900
112400
112000
111800
112200
2170400
114900
114500
113000
107900
112200
111600
111900
108200
115600
114600
111900
112100
111900
112100
112200
112100
112200
111900
119200
116400
111600
111900
114100
115800
112000
115500
125200
117300
111800
112200
126600
137100
141800
139700
142300
166000
138600
145000
144800
144500
140900
146600
142900
143100
145100
135700
112200
119900
111700
126600
112200
111900
117800
138500
111400
107900
124600
113500
111700
112100
126400
121800
111900
112100
112000
112100
134200
134300
126000
133000
130400
139200
136300
139500
125000
127200
128200
112100
143200
131300
127500
127000
120800
136800
129900
118000
130600
129000
137300
134100
111900
119300
111900
111700
111700
108100
114600
107500
112200
112100
111900
115500
111900
111500
108200
107800
112100
111900
115100
112100
112000
112200
112100
123200
112200
111900
112000
112200
112300
113600
112000
112400
116100
111800
112100
112300
111700
112200
111800
112300
111800
113300
112200
112100
111900
112100
112400
111800
111800
111800
111900
114900
112000
112300
112100
112000
112100
114900
114800
111600
111900
112000
112200
117600
111900
111500
112000
112000
112000
114300
111900
112000
112100
112000
111900
112000
112200
112100
111900
113700
112000
112200
112000
111900
113700
112300
112100
112000
112500
111400
111400
112000
112100
112000
115900
112000
112300
112000
111900
112000
112200
114800
114700
106400
116100
111400
124400
114700
113000
111300
112200
122400
111700
121300
115400
114700
115300
111900
117600
111500
107400
112000
112200
112000
114900
115400
107900
111900
111800
111800
112100
112300
112000
112400
111900
112000
112100
111800
112100
111800
111900
112100
113700
112000
112000
112300
112100
111800
111900
112400
112000
111800
112200
112300
111900
116700
111900
114900
107700
123400
138300
112200
112300
111800
137800
128600
136700
139500
133100
140900
144300
141200
158300
145800
116500
153300
142400
132000
137900
111800
111900
144600
140700
154900
146200
158600
153400
134600
145700
130400
138700
127400
143800
138800
129400
113800
111800
112200
112200
112100
111600
112000
141800
112000
112000
112100
112100
111900
111900
111800
111800
112200
107900
113800
111600
111900
112200
115600
114300
112000
112000
112100
111900
112100
111900
113900
112000
112000
112100
112100
111900
112000
113800
112100
111700
111900
112400
114600
111900
112000
112000
111900
111700
111900
113600
112100
112200
112100
112400
112200
111500
111900
112000
112200
112300
112200
112300
114600
111900
111900
112400
112400
111900
114400
114700
112000
112000
111800
112000
112000
114400
112300
111900
112200
112100
112000
111800
112100
115300
112100
112300
111900
112200
113600
112000
111900
112100
112600
112000
112000
113800
108500
111700
112000
112200
113400
111300
113600
111800
112200
111900
107800
112100
111500
111900
111900
111900
112100
112000
115300
112300
111900
111900
112000
112200
111800
113700
111700
112200
110100
111800
111600
111300
112100
112100
112000
112000
112100
112200
112100
113700
113700
112200
112300
111800
112400
112200
111700
111900
115600
114800
111900
111600
112300
112100
113200
116000
112200
110900
112000
111800
112000
113700
107600
111900
111900
112300
112000
111700
112100
111800
107600
108200
115300
111900
112000
112300
111200
111500
137900
114400
116100
107800
111900
111800
111900
115500
111900
112000
112000
111700
112000
116100
114900
112100
111500
112200
111900
111500
112000
113500
115200
112100
111400
112000
111900
108000
111500
114100
111700
111900
111500
112100
112300
111500
111800
112000
112100
112200
112100
112200
112100
111900
112000
112000
113700
112200
111900
112200
115100
114600
111500
112300
112200
111800
111500
115200
115200
115300
111900
112300
111900
116000
112000
115700
110100
111900
112200
112100
116800
112000
117900
111600
112200
107800
111500
112200
115400
115400
115500
111900
111700
111800
112300
111900
114600
115400
115600
112000
112000
111900
111600
112000
115400
111500
111900
112100
112100
114100
111900
111500
112000
112000
111700
112200
113500
112600
112000
108000
112200
112100
111800
107800
112000
112200
111300
112000
112000
111900
115300
112000
112200
110800
112000
119600
112200
113900
111800
112200
112000
111800
112100
111300
112000
112000
112000
111700
111700
114200
111600
112300
111900
112200
112100
111900
111900
112100
112100
112300
112000
111900
111800
115800
112300
111500
112300
112000
111900
114700
111500
111600
111100
112200
111900
111900
114200
112100
112100
111900
112100
112300
112000
113600
111900
112300
111900
111900
111900
112400
112000
111900
111800
108000
111400
113600
114100
112000
112000
112100
113700
112100
113500
112200
112100
112000
111900
113200
112300
113600
112100
111900
112000
111500
122800
111600
111900
111700
112100
112000
111800
113600
111900
112700
111700
111800
111700
114100
111900
107600
112100
111800
111600
113900
112000
107600
112000
111900
112100
111900
113200
111800
115900
111800
112000
111900
112000
113300
112200
111600
112000
112000
113900
112100
111600
112100
112400
111800
116400
114400
107800
112200
112000
112100
112000
111500
111700
111900
112100
111900
112300
112000
114300
112000
111200
112000
112000
112000
112200
115200
112100
112200
111500
112100
107800
112000
111700
115500
108900
112700
111600
112300
112100
114100
111300
108000
111900
112200
114900
113500
112000
111800
111700
107900
111800
111400
113600
112200
113500
112100
112200
111900
111900
113800
111900
113600
112100
112400
112000
111900
116300
111800
111500
111800
115500
114500
111600
107900
112000
112000
111500
108000
113800
112100
111800
112000
112000
111900
112000
111800
112200
112200
112000
112300
112300
112100
112200
112100
111900
111600
116300
112100
111600
112000
111900
111900
112000
112300
112000
112500
111900
112100
112000
112000
111900
112300
112100
112100
114300
112000
112000
112000
112200
112100
112300
112100
111800
111900
111800
112100
113200
114500
112000
111900
111900
112100
112300
111700
112000
111500
112100
112000
113600
112000
112400
111800
112300
112000
112000
111700
117200
143400
151900
111700
118900
125700
155400
132200
147300
121900
140900
144300
134400
130000
124600
135100
145700
125500
133800
122000
141400
146600
150600
112000
115600
140000
111300
112300
112000
115500
113800
115300
112200
111800
111900
112000
112100
115300
115400
111500
112300
111900
112000
112500
111800
112300
111900
112000
127900
113700
112000
115400
112000
111200
112100
122500
111500
112200
112100
113300
112100
112100
112300
111200
111700
112100
113500
111900
111800
112100
112000
113200
108200
116000
112200
111800
111900
112000
116700
112200
111900
112200
114800
112100
123400
115300
107800
111300
115800
112000
111900
113800
112000
112100
115700
112300
112200
112000
119900
114000
112300
112100
111700
125800
117600
114900
115600
112300
112100
116900
112100
111500
115400
111900
112300
117400
111900
117700
122900
114200
111900
108100
119000
112000
108400
115400
111600
116400
111800
112200
112000
114500
120300
112100
112300
124400
112100
117700
112200
114700
112000
112100
111400
112000
114300
113500
111700
112100
112100
111300
113500
111800
111500
112200
111500
111600
112000
113500
111900
112000
112400
112300
111800
112000
111800
111900
115800
112100
112000
113500
112200
112000
108000
112000
112000
112500
111400
112000
110000
112400
112200
111800
111900
115400
112200
111800
112000
112300
112100
111700
112000
114200
112100
111900
112100
112000
111900
113500
114400
115100
112200
112100
111800
108200
112000
113400
115300
114300
111900
111900
112300
111800
112000
113600
111900
112200
111800
111900
111800
111900
112300
112300
112000
112200
112200
108000
112100
116000
111900
111900
116500
111400
111800
111800
111800
111900
112300
113700
112100
112100
112100
111900
111200
112300
131200
111700
111800
112000
112100
113300
111600
112400
112100
112100
112100
111600
113700
112000
114200
111900
108100
115200
111400
111800
111900
107900
119700
115500
114800
111700
112000
123600
118100
112400
112300
120300
112100
111300
116900
112000
113500
112400
108300
112000
106600
112200
107900
111400
112400
120600
117100
107700
108000
111800
111900
111900
111900
118100
120300
112100
112000
116000
112100
111900
111800
113500
108100
111900
113300
111800
113300
112000
119500
111800
117200
116400
118400
112100
111800
112300
112400
111900
112000
113600
112000
112000
112300
112100
111600
111800
111600
112100
116400
113300
111900
107600
111300
114700
112200
112300
112000
112000
112100
114400
114400
114300
112000
112200
111800
111200
115400
115600
111700
112100
112100
111900
111900
107900
111500
111900
112100
112300
111700
111800
113800
111900
112200
112000
112200
112000
111900
111900
112000
111600
112000
108000
112100
111900
112000
112000
112200
116000
112000
112000
112100
111800
111500
111900
111800
111800
112100
112100
112000
111900
111800
111800
112100
111900
111600
112200
113700
112300
112300
112200
111800
111800
111700
113800
112100
112000
112000
112000
115500
113700
115200
115600
112200
111900
108000
107600
112200
114500
115400
115500
107900
112200
112000
111700
115000
112100
112100
112200
112100
112400
111900
108300
113400
112000
112000
112100
112200
113300
111200
116000
112000
111900
112000
112200
115600
113400
116000
111700
111800
112100
112000
111300
112400
113500
111900
120600
121700
121800
110500
120700
112100
113700
112200
133000
112100
112400
116000
112000
112100
111500
120500
112100
117800
111600
112000
119800
115300
112200
112400
118300
113600
111900
112000
112000
112100
112600
112000
112000
116900
112500
112500
111900
123700
111400
121000
112100
111900
112100
112000
111800
116100
113800
112200
111900
112500
112600
112100
112200
112200
112100
111600
111500
108100
112100
111900
115300
115900
111700
111700
111900
112100
111800
115200
111800
112100
111600
112000
115100
115600
112100
112000
116000
111800
107700
111600
112200
111400
128000
113600
112200
112000
111700
112100
112200
112200
111800
112000
112100
112100
111900
112400
112100
111900
112000
111800
112100
107800
111900
112400
108100
112000
112100
116500
116800
112200
111800
111900
112000
111400
112100
112000
111800
107600
111900
112100
111900
111400
112000
113700
111900
112100
112100
112100
113400
108100
112100
111500
111800
127300
112100
107800
111500
114400
112100
112100
107800
111800
114300
114800
107900
112400
111900
111900
107700
114500
111900
112100
107900
111900
109500
112200
112100
112100
111500
109600
112000
111800
112400
112100
144900
112100
111800
116600
115600
111900
115600
113000
107900
111800
116200
118600
112300
107800
112900
122300
116200
111800
108100
115000
112400
121700
113700
115800
112400
115500
112000
112000
136300
111900
113500
115000
111800
117400
111900
116500
111700
119600
113300
112100
112400
111900
117000
111400
117500
113300
126300
112200
116800
112300
122500
111900
112300
111900
115800
111500
112000
111800
111300
112000
113400
111600
111900
111800
112300
108100
116400
111700
112100
111400
111700
112100
111600
111700
112100
112300
112200
111900
111800
113600
112000
114700
112100
112200
111900
111900
113400
111900
113700
112200
112100
112200
111600
113600
111200
111900
111900
119600
112100
112300
116200
112000
122800
111500
112100
108000
107700
113400
112000
113400
112400
112200
111400
2277600
112600
112000
111800
112100
111900
112100
112100
112900
112200
112200
112100
114800
114600
112000
112100
112100
112200
112200
114800
114700
114800
112400
111900
111900
112100
112200
114600
112100
111800
111900
112300
112000
111900
112400
112000
112200
112000
111900
112300
112000
112000
112200
112300
112000
111800
112200
112000
111800
111900
112100
112100
134300
111900
112100
112200
111800
107900
112000
114000
112100
108000
116200
117200
113400
115200
117300
111800
112200
113600
116700
112100
112200
111900
112200
111800
118500
118800
118000
117000
113400
119400
112200
111900
112100
111900
109900
108100
118000
115300
108200
112100
112100
115800
112300
115800
128500
111900
111900
118200
119400
107900
116200
117300
114500
112100
111900
113800
112200
111300
111900
107700
112000
112300
118500
113900
114300
116000
120600
117700
112100
111900
112400
107800
115600
111800
112300
111700
112000
112100
112200
111700
112100
111800
112100
111900
112000
112300
113600
108000
111800
112300
112100
113500
112100
112200
112100
111700
113900
112100
111800
111600
108200
113800
111900
107700
111800
111900
111900
111800
112100
112100
112200
112000
112400
112100
111900
112200
112200
112100
112000
112000
112100
112100
112000
131800
112300
112200
112000
112100
113600
111900
111900
112100
112300
113600
111600
112300
112200
112100
112000
112000
112100
112300
112000
113900
107900
111900
112200
112000
131100
112000
111900
112000
112100
112100
112300
111800
112100
112000
112100
112100
111900
111800
112000
113500
143100
188600
120500
112400
112000
112100
112000
112000
111900
112200
112200
112200
114500
113400
112000
112000
111900
112200
112000
114300
111900
112100
111800
112100
112100
112100
112100
112000
113600
119800
111700
108000
112200
120000
115400
112100
122400
110700
118000
111900
112400
116900
112000
111900
115400
112000
115800
112400
112000
118900
123900
108300
150000
114700
114700
116900
116900
114900
112000
112300
111800
115400
112500
112200
113500
114300
113000
112400
112100
116400
121300
111900
122600
111900
120100
112000
117500
112200
121400
117900
116500
112000
112100
113200
112000
112100
112000
111900
112100
112100
113800
112000
112100
112300
111900
111000
111800
113700
112100
111700
112000
112200
131500
130200
113000
135800
108000
133400
139200
115200
112100
121900
151700
143500
123900
137000
156000
126700
125200
144600
156000
178000
155800
145700
158700
111700
117100
165900
118600
111900
126900
135100
165800
135400
126600
161000
112400
124000
123600
127100
112000
112200
111900
112000
111900
112100
110100
114700
112200
112500
112100
107700
111900
114900
114700
112100
112000
115200
112000
111800
114800
112200
112100
111900
111700
112300
111900
113600
114400
112000
112000
111800
112000
112000
112500
111800
112000
112100
112200
111700
112000
112100
112100
111900
111900
112000
112100
112100
116000
112200
112100
113500
112000
111900
112100
112100
112000
111800
111800
112300
112100
111700
111700
112600
113800
118500
112300
115900
113800
108000
125500
107700
111700
114300
114900
116500
107900
118000
115300
113700
111800
112100
115400
117200
117100
111700
112200
116100
113900
111900
124800
112100
112000
109100
115500
112000
115400
111900
112100
112500
111800
113300
112000
112200
112200
111700
112200
112000
112000
116500
112000
112100
120700
112000
112400
112100
117800
116500
112200
112400
124400
112100
112200
108700
112100
112100
112100
111900
112100
112100
112200
111900
118100
112000
111900
111900
111900
116200
108600
111900
112000
111900
120300
115100
112600
112000
112000
111900
112200
115400
112100
111900
112100
111900
115100
115400
113400
111900
112100
112100
113800
112300
112200
111900
111600
111800
111900
112100
111900
114400
112100
112200
112000
114900
114400
115000
111900
111700
112000
112100
114600
114300
112200
112200
112200
112200
115400
112100
112000
112500
112400
112000
110800
115700
112300
112000
112000
112300
114700
111700
111700
112200
112200
112100
116000
112200
112000
112200
111900
111800
114500
112100
261700
113600
121800
111600
112000
112100
111800
111800
114600
114900
113000
111900
112000
111800
111800
114500
112000
112000
111800
112200
114600
114600
111900
115800
112200
112500
111000
125400
112200
112000
116800
112300
115600
112000
112300
112300
112000
120000
112200
114300
111900
112100
115800
112000
112200
112200
112300
107900
116900
112100
113700
112400
112200
116000
138100
112200
112000
116400
121600
107600
122400
117800
112300
118000
111900
120300
112000
115800
107800
114400
112100
112000
112100
113900
112100
109600
112200
142100
112100
113900
116700
112200
113700
112100
112000
120900
116800
112000
112500
112300
113500
112500
111700
112100
111800
113800
112000
111800
111900
112100
112100
114900
110900
107800
111900
112300
111800
114600
114700
112000
111900
108000
112300
114900
112000
107800
115600
112000
114600
114900
111800
112200
112800
112100
111900
111800
115200
112100
112000
112100
112400
115300
115400
112000
112000
112000
112000
111900
112300
112200
112000
112400
112000
115100
112000
112100
112000
112000
112000
113800
112100
112000
107600
111800
114700
112000
112000
112100
112200
112100
114300
111900
112500
108000
111800
111800
114800
112200
111800
111900
112000
114700
113300
107700
112000
112000
114300
115800
112000
112300
115800
114800
112100
112100
107800
112100
111900
112100
112100
112100
112000
112000
112200
112000
112100
112200
108000
111800
112000
111800
112100
112100
167100
112200
113800
115300
111800
122400
112000
115200
119700
112200
118900
116500
112200
112000
143400
113000
111900
127000
111900
111900
108500
112300
107900
165400
108200
124400
115900
111900
112100
114200
111800
112100
111300
112200
112000
114600
112000
113800
108300
116500
112100
112100
107900
112000
118500
117600
111800
111800
118800
112100
113900
112100
135700
117400
112000
117600
128800
126500
112300
119300
112500
112000
125000
116800
110500
112100
112400
112300
112200
112000
119400
112000
112000
112400
112500
112000
112100
115600
112300
112400
112200
111900
113900
112100
112000
111900
112400
111900
112200
111900
115700
113300
155800
145100
115800
111900
111900
112400
112000
112300
114000
119600
111900
111900
112400
112100
112000
114800
114700
112300
112100
111900
113900
114700
111700
112000
112400
112000
112300
114600
113400
112100
112100
112200
111800
112600
111900
115600
112100
112200
112000
112100
116300
112100
112000
112500
112100
114800
112100
112400
111800
111900
112200
111900
113500
114000
112000
112200
112300
112100
112400
115300
112100
111900
122400
112500
112000
112100
112400
146100
112000
111800
106800
115900
111900
128100
112100
112100
111900
111800
115700
112000
114500
112100
112000
119800
112700
117600
115700
115800
115800
111900
121200
124300
116000
108200
118100
121700
112000
112100
124900
115700
116700
112100
116300
115000
121700
112800
112000
141900
114400
115600
112000
117300
112300
120500
112000
112000
117000
116000
112300
112300
113500
112200
112200
112000
111900
112000
114700
114700
111900
112000
112200
112300
112200
114600
112100
112100
117900
108000
112000
112000
112900
113700
115700
113200
111900
112100
112300
112400
112100
116500
112000
112200
112200
112400
112300
112400
115400
112200
107900
107900
111800
117700
121600
112400
112300
135300
122300
123000
119700
112200
130400
113100
112000
120600
124800
127700
114900
122700
131300
112500
112100
112500
112000
205200
112200
130000
138600
111900
107800
127900
134900
143900
122900
122500
143100
112200
129900
142800
146200
145300
147600
115000
141800
136300
117900
139200
116400
122400
116400
112100
111800
114100
112400
112200
108100
112300
118100
111900
112100
112100
112200
116300
112100
113400
111800
115100
118100
117900
112100
143900
131600
130900
122400
112100
122900
112100
117700
112200
112200
111800
112300
116100
124000
117100
112000
122300
107900
115400
111900
111900
122300
114400
112100
121700
117300
113900
115300
112300
127900
112000
114800
115900
115100
112200
116700
111900
119100
114900
112000
111900
112100
111900
114500
114800
111800
112700
112500
112500
110100
112200
112400
112200
112100
114200
114600
112300
112100
112100
112000
117200
115400
111900
112000
112200
112100
113600
115500
111900
111800
112100
112000
113400
124600
112600
112000
112300
112200
148700
115700
112200
114400
112000
112000
112000
112000
112700
111800
112100
111900
114500
115400
112200
112000
112300
112000
114900
112000
111900
112000
112100
112100
139000
113100
111900
112000
112200
112100
112300
112200
112100
112200
112400
112100
115700
115500
112400
111900
112000
112300
112300
115500
115900
112100
112300
112200
115600
135900
112000
112000
112100
112000
112100
112200
108300
111800
111900
112100
112200
109200
109200
112300
112200
112100
107800
113600
112300
112400
106300
170600
124400
118400
112300
121100
114000
108200
112100
108300
115400
114600
112300
111900
120800
113900
112000
112300
127000
134000
136500
116200
128900
133900
115300
112500
121700
135900
137600
113700
114900
124600
112500
117400
112000
114800
114800
128600
130600
111900
112000
116600
113700
112000
112100
120000
112400
114500
114600
118300
112300
115500
111900
111900
115000
112000
112300
112200
114300
117300
112000
112200
115300
115200
112100
112000
112000
111900
120200
115400
112100
112000
112000
112100
112100
112000
140800
111900
112200
112200
112100
115400
115300
112200
112000
112100
112200
115000
112100
112300
112100
112400
112000
112300
111900
113600
114500
112000
112200
116700
128300
117200
143200
120600
112000
122200
112400
112200
112300
112200
112000
122200
111900
112000
112000
112100
230800
107800
112200
112200
122700
121800
107500
108300
112100
112000
179200
122500
107600
112200
116900
113200
112100
112000
112100
114600
112100
112200
112500
112100
112400
114400
114500
114300
111800
112200
112100
112300
112500
143300
112600
111900
112200
112300
112200
114600
112200
112300
112100
112100
112100
119700
107700
116700
108100
112400
115700
127800
113100
112600
112300
123600
120500
122700
112200
112200
112100
112200
112200
116900
111100
112300
112000
112300
119300
112000
113200
112300
111600
122100
112300
112200
117200
111900
117900
112000
112000
112000
107700
112300
107800
114700
112200
111900
116600
124900
122200
112000
124100
112100
112000
110100
116300
112400
112000
125100
112500
112100
112100
108100
112200
115600
112000
119000
112300
121100
113900
112000
125000
138900
117300
112100
113800
112000
112000
112000
111700
111900
112100
112100
112100
112200
112000
114100
112100
112000
112200
112100
112200
112300
112000
112100
114700
109100
114500
116900
112100
112400
112000
112100
114900
108300
112200
111800
112100
107900
112200
111900
115700
112200
112000
111900
108100
112200
111900
113600
112000
111900
112000
112300
113800
112000
112000
111800
111900
112100
115200
112200
112100
112100
111700
112100
112000
112000
112100
112000
112300
112100
114900
135100
115000
112400
113300
112200
112100
114400
112200
112100
112100
112000
111900
112800
112000
114600
112000
112000
112100
115900
112400
115500
115400
112100
112200
112200
112000
112100
115500
115600
134100
112100
112200
111900
112200
110900
112700
108400
112100
112100
111900
112000
112100
114200
112100
112200
112100
112000
117400
112200
2190300
116400
153300
122800
117000
146900
112100
118500
116600
111800
112200
108300
112100
112100
114300
107700
116900
112200
111900
115900
115700
114100
123600
112100
112200
115800
169300
322600
116200
112000
112300
120000
112100
112100
112000
118800
112100
111900
115300
115500
112100
108000
115300
116300
112300
114300
115000
111800
114000
114800
121200
125700
112600
108000
112000
121300
116200
112100
112100
115500
112000
111900
119500
114200
112000
112100
111900
111900
112100
114800
114600
115100
112000
112000
111900
112000
112300
112100
115200
112000
112200
111900
111900
114100
108300
111900
112000
112200
112100
112200
107700
115000
115300
115300
117100
112100
112200
111900
108700
114600
115600
114700
112100
111900
112100
112400
114700
112300
112200
114400
112200
111900
112300
111900
112200
112200
111900
110400
114800
112100
111900
112100
107800
112000
112200
116700
111900
112100
127300
115300
128200
112200
112400
111800
112100
115200
115700
115600
112300
112100
111900
112000
112100
115200
115900
113000
112000
112000
111900
107800
112000
116100
112200
112200
112300
112400
136300
112400
112600
112100
112000
112200
112100
112100
123900
121700
121700
108100
112500
112200
112100
125500
112100
112000
112300
112200
112100
111900
117900
112400
112300
111900
124700
124300
112000
112200
117700
116600
117200
112200
111900
111800
113300
111000
113100
112100
116000
124100
120900
118100
112100
112200
112000
112000
112200
113000
112300
112500
112300
114400
112200
112200
108000
112200
121300
112000
111900
108200
112100
115900
111900
118500
112000
113600
121200
112100
119500
112500
120100
112100
118100
115900
112200
114900
112300
113500
112500
112100
116600
122500
111900
113500
111900
112000
111700
112100
113900
108000
112000
111900
111900
112300
112000
114200
112100
112200
112000
108000
112100
112100
113700
112100
112000
112200
112000
111900
112000
112000
112200
112200
112000
112100
112100
112300
111800
112300
112100
112100
112500
113500
112200
112200
116200
112400
112100
112200
113500
112100
113900
115700
115300
112000
112100
112200
112300
112200
115100
115500
115300
107900
112200
112400
112200
112000
115400
115400
111800
112300
112300
112200
111800
112400
112400
116700
111900
111700
112200
112000
112100
112000
115800
112000
111900
112300
111900
112000
112600
111500
115200
111800
112300
111900
112000
112100
112400
115000
112400
112200
112000
112200
113800
112100
112000
111900
112200
110000
113700
113400
115600
112100
112200
112200
112400
112000
115300
115800
115300
112100
112000
112200
112000
111900
112400
113500
122300
130700
112000
117500
111800
115000
112200
114800
113700
120900
126800
122900
116500
124200
110400
129900
144100
125700
133300
136100
131300
112000
113400
124300
129500
124700
125500
142000
134300
118100
131000
128600
154300
125500
147100
133300
134100
111400
111700
112200
154800
112200
119000
120300
112200
112100
112100
123600
115300
111900
113300
123700
107500
119700
112000
124000
112000
111900
130600
113900
116100
112000
124200
118800
113800
112000
112100
113700
112200
111900
111800
112000
112000
115600
111900
115400
112100
112000
112200
115200
115400
136400
112100
112300
112000
111900
114600
112000
111900
112000
112100
112300
114900
115400
112300
112500
112400
112000
112500
112000
114600
114700
112000
112200
112100
112200
114400
114700
112200
112000
112200
112300
111800
114600
111900
112100
112300
111900
112300
115500
115300
112000
112200
112200
112200
112200
112100
114400
112100
112000
111700
112100
135900
112200
112100
112100
111900
116600
112100
112000
112000
112100
113800
112100
112100
112200
112000
112000
112100
112100
112300
112200
112100
112000
114500
114700
112000
112100
111900
114400
112000
111800
112200
112000
112100
114500
114400
114600
112100
116200
112000
112100
114600
113300
116000
112000
113800
118400
123100
112600
112000
112000
112200
115700
112000
112000
113100
112100
112500
112500
112200
120600
112100
106600
119600
115600
112000
116600
112200
124000
118900
120400
113100
112200
123900
117800
113600
115200
111900
112100
112100
111900
114100
114800
116300
108000
115400
114800
112300
119100
108200
112000
108300
111600
111700
112200
112000
117400
112100
121900
111900
124900
111900
118900
112100
112200
112200
112000
111900
112200
112300
112300
111900
112300
112000
112000
112000
112100
107900
111900
117400
112200
112100
112100
112200
137000
111900
112200
112200
111900
113900
108000
111800
116400
112700
113600
112100
112200
111900
112100
112300
112100
112200
112000
112000
112200
112000
128000
108700
112300
112300
111800
113800
115300
112100
112100
108100
112000
112300
115100
112100
112100
111800
112300
116000
115000
112300
112400
112200
112100
112000
113700
112300
120900
112100
112000
116200
114100
112300
112100
112500
112400
112300
112000
113800
112500
111800
112400
112100
113600
112000
112200
112400
112300
114100
112200
110500
112100
112000
112100
112000
111800
112100
112000
112300
112100
112100
112100
112200
112200
111900
114400
111900
112300
111900
112000
113600
111800
112200
112100
112200
112000
112200
112400
112500
121000
112700
119300
113100
121400
112500
107000
112300
126400
112200
111800
114900
122800
114700
112100
120100
119200
113500
111900
119500
114000
120600
112000
117200
112000
111500
116400
112200
124700
112000
112000
112000
112800
126000
116600
111900
112100
112200
118400
113600
111900
112300
111800
111900
116200
119800
112500
115400
112000
112000
113800
119900
121900
113700
118900
112100
111800
115500
113400
112100
108000
112100
112300
112000
112300
116300
112000
112300
113600
112300
112200
112200
111800
133800
112000
111800
114100
111900
112300
112100
112200
111800
112000
115200
110800
112100
112300
112100
112100
112200
115700
112000
111800
112000
112000
112000
116200
136300
111900
112200
112000
108500
112100
108100
112200
112300
107800
112200
112100
108200
112000
112300
111900
113800
112300
112000
112000
111800
107900
112100
112000
112000
112200
112000
112100
112100
112300
114200
112300
112000
113800
111800
112200
112300
112000
113600
112000
112500
112100
112200
112300
112200
112100
112300
112200
112100
111900
113800
111900
112000
107800
112100
113600
112000
182700
151500
117700
107800
112100
118200
112100
112400
114500
114400
112100
112200
112200
112300
111900
114700
114700
107600
112300
112000
112500
113700
108100
112000
112000
112000
113800
108100
112100
112100
112100
111900
112100
113600
111700
112100
116200
112300
112100
112500
111800
112300
112100
111900
111900
117000
112200
108000
112200
112100
112200
112200
112100
108200
112300
112100
112000
113800
112000
107900
111700
111900
113300
112100
112100
112100
111900
112000
120000
113700
112100
112000
112300
112000
113900
112200
112100
112100
107900
112200
112300
130800
108100
112200
112100
112200
112200
115400
112200
112000
112000
112100
112300
111200
112100
111800
112000
112300
112200
122600
112000
112100
112300
111800
114100
112000
112200
112200
112100
113600
112200
112200
112000
112100
111900
112100
113500
111900
112300
112100
112000
131600
112100
112100
112000
112200
113700
112100
111900
112400
114300
112000
112100
112500
112200
108000
109900
112000
112300
112000
112200
113700
112100
112200
111900
112200
108300
112200
112000
112000
112000
112000
108000
112200
112300
112000
112200
112100
113900
112000
112200
112100
110100
112100
112200
112200
111900
112100
112200
111900
111900
112900
112100
111900
112200
113500
111900
112200
111900
112200
112200
112300
112100
111600
112100
112300
112300
111800
112000
112100
115500
112200
112100
116100
112200
112100
138800
111900
112100
112200
112100
112100
115300
116200
112300
112500
111900
112300
111900
113500
112300
112200
111900
112100
112200
111900
111900
111900
114600
113700
112000
112300
112000
111900
118900
114500
112200
112300
111900
112000
112400
114800
114800
111800
112400
112100
111900
112100
115500
113200
112100
112200
115800
112100
108300
112300
112000
108000
115200
112200
112000
112400
112300
112100
112100
115600
115700
112000
112100
112100
112400
112000
115500
115700
122300
137800
112200
112100
112000
111900
114600
111700
112100
111800
112300
114400
114700
112100
111900
112000
112200
112000
115100
112000
112200
111800
112200
114900
114600
115800
119400
112300
112300
112200
112100
112100
111900
115500
107600
112100
112000
112100
111900
115700
112000
108000
112000
112100
112300
116400
111300
112100
111800
112400
111800
111900
123700
112300
115300
112200
117000
115300
114700
112200
112100
112300
114800
115300
112100
111900
112200
112200
114700
114900
112100
111800
112200
112300
112000
114400
111900
112100
112100
112100
112200
112200
112000
112200
112200
108300
111600
114000
112200
112200
112200
112000
113800
112100
112500
112200
108200
115200
116300
112100
112300
112000
112100
111900
112000
114700
111800
111900
112200
112300
114000
114500
114500
112000
112100
112200
112300
110500
112000
112300
112100
114500
112000
112300
112100
112400
112100
110400
114600
112500
108000
112000
112000
112000
118800
115300
108100
112100
112100
112000
115300
115400
111800
111800
111800
112000
112000
115300
115600
112100
112300
112200
112100
112100
114000
112300
112000
112300
112000
113600
116100
112100
112100
112100
112300
112100
114700
112300
111800
111900
111900
112200
113600
114500
112100
112100
112100
112200
112200
113600
119500
112300
112500
112100
111800
112100
116600
112100
112300
108200
112300
113600
112200
112100
112000
112200
112000
112000
112600
112200
111900
112200
112400
113600
111800
112300
112100
112000
112200
112000
129400
114600
111800
113700
111800
112000
111900
112400
112000
112400
112100
112100
112100
112100
112200
113600
112000
112100
112400
111900
112100
112200
112300
112100
112300
112100
112200
116000
113800
112900
111800
112300
112100
114800
115700
112100
111900
112100
112100
112200
112000
115300
112200
112100
112000
112200
112100
110400
112000
111900
112200
112100
112000
112400
112000
112200
112400
111700
112100
112200
112200
111800
112200
112400
115800
112000
112200
112400
112000
113300
112000
112100
112200
112100
112100
112100
112000
112200
112100
112000
112200
116900
112100
112000
112200
112400
113500
112100
111900
112000
112000
111900
112100
113400
112100
114900
112100
112000
113400
112200
111800
111900
111900
111800
112200
112100
112200
112100
112100
112100
112000
113600
112000
112100
112100
112000
112300
112200
113700
112000
112200
112000
112200
112300
112200
112100
112000
115500
112100
112000
113900
112000
111900
112200
112500
112500
111200
112000
112100
112200
112200
112200
113600
112100
112000
112000
112100
112300
112300
112000
111900
112100
111900
112100
134400
112200
112000
112000
114300
114400
112200
112100
112000
112300
119300
125700
111800
112000
111900
138700
139700
130800
111700
154400
146800
112200
112300
112000
146800
112100
130100
118800
107600
113800
112200
112100
112300
112500
111900
116900
112300
115500
112200
112300
112100
112100
112000
115800
115500
112500
108400
108300
112200
112300
114800
112200
112000
107800
112100
112000
112000
111100
112200
112200
112000
111900
112300
114400
114400
114400
112200
117400
112200
111900
112000
114800
115100
114300
112200
112000
112100
112200
107900
112300
111900
112100
112400
111900
112100
112200
2138500
232400
112200
112200
112300
112200
112000
112000
113700
112100
111900
112100
112200
111800
112100
113700
111800
112400
112200
111200
112300
112200
112300
112100
108100
108300
112500
111800
122700
112200
113500
112000
116700
111900
112000
113900
112100
112100
108100
112300
110200
111900
112000
112000
120200
112100
112300
108300
117000
112200
116300
117100
108100
112000
117200
108000
108400
112100
108100
111900
112100
111800
124800
116700
109800
112000
116200
108200
112200
113600
112200
112200
107800
113800
126800
112100
112100
115900
112200
123300
111800
112400
127200
115300
111900
112100
112100
107500
115400
114700
112200
112200
111900
112400
112000
117600
112100
111900
112100
108100
112200
112000
112000
112300
113500
112500
113700
112100
112000
107700
112000
117900
115300
115700
112200
112000
111900
112200
112000
112200
115500
115200
112300
112100
112100
111800
116600
112200
112100
112000
114600
112000
111800
112000
112800
112100
111600
112100
114500
112000
112000
112400
112200
112000
112600
113900
113300
112200
111900
112000
112100
112300
111900
113700
107700
112300
112100
112100
112400
112300
108000
112100
112100
112100
111900
113500
111900
112300
107700
112100
112400
112000
113400
112200
111900
112100
112000
112300
112200
113400
112200
112100
112100
112300
112400
112100
114100
112000
112000
118100
112200
112300
112000
112300
112100
112100
112200
112300
111900
112100
114000
112200
112200
111900
112200
114800
112300
113700
116800
112100
112000
112100
116400
112000
115600
111900
112100
114800
111900
111900
112400
127200
111900
112300
111900
115100
115400
120500
112000
115700
116900
112000
112100
113700
111900
112400
112000
112400
118100
112300
116300
112100
120900
112000
112100
117200
112000
112000
112200
119300
111800
116400
116000
112400
112200
112200
112200
123700
112000
112000
112100
112100
116300
112000
118100
119200
112200
111800
111800
112200
111800
113900
112000
112100
112000
111900
112000
111800
112400
112100
112300
112100
112200
131700
147700
134900
112000
112300
112100
112400
112200
112200
112200
112100
112300
113800
112200
112200
125400
120800
143800
118700
128500
151800
130400
136200
137500
124300
139200
141600
120400
112400
136900
134300
111700
128000
108000
145500
111500
124100
141200
149800
132300
112000
115600
112400
112000
112200
112400
112200
112000
112200
130000
115100
114600
112200
111900
112000
112200
112000
114900
112400
111900
111800
111900
111900
112000
116200
112400
112000
112200
111900
112100
114700
112300
113900
112300
112600
111800
111800
112000
110700
111900
148800
114600
111900
112100
111900
114600
117000
112100
112100
112100
113700
121200
112500
115900
112200
122900
112100
111900
125700
112200
111900
112100
117100
149000
111900
117400
113500
119900
113800
122300
111900
112100
114300
114400
121300
114400
111600
111900
117900
111900
116900
112500
115500
112100
115300
112000
112000
116600
111900
112100
125100
117500
113800
112000
119700
112100
112000
111900
108600
111900
112000
111900
112500
112000
108200
111900
112300
113400
112500
112100
112200
112200
114000
111900
112000
111900
112300
111900
137300
116500
113500
112300
131900
111800
132400
141100
140600
144300
112100
143700
112100
130200
136900
127600
122200
140200
132100
133800
140100
122700
132000
112200
112100
117400
127700
132600
139700
126400
148800
139900
120100
123500
149300
149800
121600
126800
120700
159000
151400
112100
112000
112100
114600
114900
114500
112000
112000
112300
112000
112300
111800
112100
111900
113300
112100
112300
112000
111800
112600
112100
111900
114400
112000
112200
111900
122300
113800
111900
115100
112300
117800
113600
112000
112200
113500
112000
115100
112400
108200
113900
107900
112000
113400
112300
113800
112100
115700
119800
119700
112200
113800
118600
111700
115900
112300
113600
112100
112300
108000
118600
112100
122200
107900
112000
117000
115000
116300
123500
113100
112100
111900
120000
108000
112100
106800
124300
108400
111900
120400
123900
113700
112000
130700
115400
120600
112200
108000
112600
112000
108200
112100
115300
115400
112100
112200
112100
112200
121500
112000
112300
112100
112100
111900
112400
112300
112000
114700
112100
112100
112100
112000
107700
112200
111900
112600
112300
114600
112300
112000
115800
112000
112300
108300
112000
113900
112400
112000
112200
112100
112400
115200
112200
112200
112000
111900
112400
112100
112200
115600
112300
112000
111900
112100
112100
112000
111900
112100
115900
115900
115800
115300
112200
112000
112000
112300
112100
114800
114600
114500
112000
112100
112000
111900
112200
112200
109600
111800
112100
112200
112100
112000
112100
111700
112100
112700
112500
108200
114700
119500
116300
107900
112300
117800
112100
117100
112100
117300
115600
112200
112000
112000
120600
115500
118400
112300
112200
112700
115700
112500
118800
118500
115300
115700
112100
112400
119300
117900
110900
108500
115500
117000
123100
115100
108400
112100
114500
117900
134400
112100
119400
119400
112200
112000
107800
114500
123800
117700
112400
112200
113400
107800
112200
115400
112000
112000
112300
112200
112000
107800
114000
112200
112300
115400
112400
112200
112400
112200
112200
112200
111800
112000
116800
110500
112300
111700
112100
112000
111900
112000
113800
111900
112400
112000
111900
112300
112100
112300
112200
111900
112000
112000
112200
112400
116300
112200
112100
112100
112500
112100
112300
109500
112100
112000
107900
112100
111900
112200
112100
112100
112200
112200
112200
111900
111900
112300
112000
112200
112200
112000
107900
111900
112100
112000
113900
111900
117800
112000
111800
113500
112200
108000
112300
112000
112200
108300
112400
112300
112100
112200
111900
108100
112000
113800
112300
130400
111900
111700
112200
111900
112000
163200
163600
128000
131400
122200
137200
112600
114700
119100
121400
118500
111800
112100
112200
112200
112000
119100
112200
115600
112400
111800
112200
120300
118100
112300
121300
112100
108100
116900
112300
112100
119200
107800
112400
111800
111900
111900
113500
125900
117400
112000
112200
116900
112300
108000
109300
116000
116100
111800
117900
118700
112000
112200
114000
112100
122200
112200
112100
111900
111900
123700
112400
111900
112400
108100
112400
112000
112000
111800
115900
112000
112300
112100
112400
112200
112100
123000
255200
158400
188200
185500
196400
196700
148400
141800
149800
142500
148100
112200
112500
111900
112200
113700
112300
112000
112100
112100
113500
112100
112200
112000
112600
112100
112400
112000
111900
112000
112400
112100
113800
112100
112000
112000
112400
113400
111900
112300
112100
112200
113900
113100
112000
112100
112200
111900
111700
115700
115500
112100
112100
112200
112000
118200
114800
112200
112200
112300
112400
108300
112200
112300
112100
112200
113300
112200
112200
112000
111800
113600
112100
112100
112200
181300
290900
190700
196600
190100
186400
144700
107700
112200
111800
113500
112000
116800
112000
112200
112400
112100
113600
112000
112100
112200
112000
113800
112000
118200
121000
112000
117600
120600
112200
121200
112100
118500
113800
112000
108000
111900
112200
117100
113100
112100
112600
111900
119600
111800
116700
112200
111600
123600
111800
120600
111800
120000
118400
111900
116500
112100
115500
112000
114600
112300
112100
112300
112000
113600
111800
112100
113500
111900
112100
119300
113000
122300
107600
120700
116500
116900
112300
122400
116600
112100
113400
112200
112100
112600
111900
113500
111800
111800
112400
112200
113600
112200
112100
112200
111800
112500
112000
113600
112300
112100
112200
111800
134100
111600
112100
115500
112000
113700
112400
112300
111900
112000
112100
112300
112000
112300
112200
111900
112100
112300
112000
111800
112100
112200
113900
112400
111900
112200
112600
113800
112100
111800
107800
112200
112000
112000
111900
114500
111800
112000
112000
113600
112100
112100
112300
112200
113800
112300
112300
112000
112100
112100
111900
112100
112100
112600
111900
112000
112000
112200
112300
112200
112300
114200
112000
112200
112100
112000
115500
112500
112100
112100
112100
113400
111700
112700
112100
112100
112100
130700
112300
112100
112300
111900
113700
112400
111700
112100
112200
112300
112100
112200
112000
112300
112200
112100
113400
112100
112000
112200
113900
113500
112200
164300
125700
123900
115300
111700
112100
113900
112200
112000
123300
112100
111900
111900
116100
113800
112500
112000
117800
112300
108000
111800
111900
122600
116500
120600
142200
112200
112200
115600
117300
111700
112100
112100
124600
112000
112100
112000
117300
113500
112000
112300
112400
107900
112000
112200
111900
112000
117600
112100
121400
112000
122600
112300
112100
112100
116500
111800
112400
112100
112900
127600
113700
108100
111800
112400
112200
112100
113900
115900
115400
112000
112300
111900
112000
112100
112200
115300
122800
112300
112000
112300
112200
112000
111700
112600
111900
114600
112000
112200
111900
108200
116800
112000
113800
111800
112000
112000
111900
112200
112000
133300
112300
111900
112100
112200
112000
112100
112400
113900
112000
112400
112300
112000
112100
107800
113700
112100
112200
106900
112200
111900
112000
113400
114200
112100
112300
112100
112000
112200
113700
112100
112200
112000
111800
111900
112100
113400
112000
111800
112400
112400
111900
112200
112000
111800
113700
112100
112300
112100
112200
112000
112100
113700
112400
113800
112100
112300
112000
112100
112200
112100
112000
108600
111900
113700
111900
114100
112200
112000
122500
112200
111900
125000
111900
112100
116300
112000
111800
112200
115800
111800
119100
112000
121300
112100
118900
128100
111800
112000
111900
112100
111800
109300
107900
111900
119000
112200
112100
115200
112300
113200
107500
112000
111900
140800
117600
112100
116600
112000
111900
121500
111900
119000
112100
112300
113500
112000
115300
117200
116700
113700
112000
107700
112200
111900
113700
112000
112200
112200
111700
114000
112200
111800
112100
111900
117300
116800
112100
112100
112000
107700
112100
123100
109500
112200
112000
112000
112100
113700
116100
112100
112100
112000
113500
112300
111900
112300
112300
113700
112300
111900
111900
111900
113600
112400
112000
112100
112000
113500
111900
111900
112000
112500
112400
112100
111800
112200
112100
112100
112200
115600
112200
108400
112000
112200
112200
112200
112100
112300
112000
113800
112200
112200
111900
112400
112300
112300
112300
112100
112000
111600
107700
112400
111900
112000
113800
112200
111900
112000
112300
113200
112100
113800
112700
112100
112600
108400
113400
114900
113400
112200
112100
111900
112100
115500
112100
112300
112100
112200
112100
115100
115400
112200
112200
112200
112000
111900
115500
126000
111900
116300
112200
112100
116500
115700
112300
112100
114800
112300
110800
143400
112200
116400
114700
112400
112000
111800
125600
112300
112100
127400
113400
112200
111700
109300
112300
118600
112100
112200
108600
142100
123900
111900
117000
112000
117000
111900
112000
113600
112200
112100
122100
112000
112300
112000
112000
112400
112600
108100
112300
113700
112300
112000
112200
114200
112100
112200
112200
117500
112000
112200
111900
111900
111900
112400
111800
115400
114600
112100
111700
112200
112100
114600
122900
114000
112100
112500
111800
112000
2029400
297900
112300
114100
112000
112200
112200
112000
112100
112100
112200
112300
112200
112100
112300
113700
112100
112300
112300
112300
112000
112400
112200
112400
112100
112100
111900
112200
112500
112200
112400
112400
112200
111900
113600
112500
113400
112100
112300
112000
112300
114000
108000
112000
112200
112300
112200
112100
112400
112200
112000
114800
114800
141100
112100
112000
112200
112000
112300
115500
115700
115800
112200
112200
112400
112100
112200
115500
112100
112200
108000
107900
109500
112000
117100
112200
111800
111900
117600
115300
113400
112300
112300
119700
112600
112200
112100
121200
117500
112000
115300
112000
116400
111800
112400
112200
114400
120800
108000
119400
112400
112100
116700
115000
116300
118600
117900
119900
112000
108000
107800
112000
115500
111500
111800
111900
112600
112200
113700
123100
121500
112000
117000
111900
116900
116300
112000
112200
112100
112500
112300
112100
112200
112000
112200
111900
112100
112500
112300
112100
112100
112300
113700
112400
107700
112000
112200
112100
112100
111900
112200
112500
112100
120000
112500
112100
112400
111900
121300
112200
112100
112200
112300
112000
112000
119200
112200
112100
112200
112100
112300
112400
113800
112500
140900
112100
112600
112000
112200
113600
112300
112200
112100
112400
112000
112200
111800
112300
113500
112400
112400
112200
112300
112000
112200
113500
111900
112100
112200
111900
112500
112100
112200
112100
112200
111900
116700
112000
112200
113800
112300
112200
112100
112100
112100
112200
113600
112300
112000
112100
112200
111800
112100
112100
112100
112200
112000
112200
111900
112200
113800
112400
112000
112200
111800
111900
112300
113500
112000
107800
112100
112200
108000
112000
113900
112300
112200
116800
111900
112000
112100
114800
112000
111900
112000
112200
110300
112200
112100
112100
116400
111800
112100
124800
115500
112000
112000
112200
111900
111900
115100
115500
112200
118000
112200
113400
115700
112000
111000
112200
112100
112100
116700
112300
119700
107800
112200
111900
112000
108100
118300
112000
112100
108400
141500
112400
112100
118700
113700
112100
112200
115300
115600
108100
112000
125400
112100
112200
112000
115500
112200
117500
112000
112100
112200
112100
112100
112200
112100
112400
113800
112000
112000
112100
112200
112200
112100
113700
112200
107900
116600
112300
112000
112100
112300
112000
112200
112200
112200
112100
111900
112100
112000
112200
112100
112100
113800
112100
112100
111800
112100
112300
112000
112400
112100
112000
111900
112300
113900
112000
111900
112000
112300
111900
112000
114000
112000
112600
112200
112100
112200
114500
113800
112000
112300
112100
112000
112100
112000
111900
112200
111600
112100
112100
112200
112200
112200
113900
115700
115400
112500
112200
112200
112400
111000
112100
111900
108100
112500
112200
112300
112700
112300
114000
112000
111700
112000
112100
111900
111900
112100
111900
114200
108000
112100
112300
114800
114400
114700
112300
112200
112500
112500
112200
112100
112300
112300
111800
112000
112100
114100
111900
112000
112300
112100
112000
116300
112100
106900
114900
111900
110500
119200
115200
112200
109400
127700
115100
113300
112100
112200
112000
111900
120300
112100
112100
110900
114000
115300
114500
112200
120900
267700
111900
112200
115400
115600
112000
112200
112100
112200
115800
122900
112200
111900
118000
116800
111900
107800
113200
112300
115200
118200
112300
112000
112300
140700
112400
112400
115700
112000
112100
112200
112100
126500
119800
122600
112400
112100
111900
111900
112400
125800
130000
112000
112000
112100
119900
124700
118000
112100
123400
137500
115600
116500
121400
144200
146300
143600
108000
128800
119100
135000
130700
145100
133600
112100
112100
112200
132700
116500
146400
139800
131900
128100
130500
147700
144000
120100
162300
154600
145800
130400
147700
112000
113200
112300
112200
111900
107900
112000
141000
112200
112200
112100
112200
113800
112200
112000
112000
112100
112200
112400
112300
112200
111800
112400
112500
113400
114200
115500
112000
112000
112300
112200
112600
112100
116000
112200
112400
112500
112200
112000
115700
112100
111900
112300
111900
112200
112200
111800
114000
112300
112000
112100
112100
112300
111900
112200
112100
112300
111900
111900
113800
112100
112200
112100
112200
112200
110300
115000
114600
107700
112300
112100
112900
112200
117400
120900
114800
112900
108300
108100
112100
112300
111900
112800
116800
112200
112000
112100
115700
118300
112000
124600
112200
114400
115500
116700
112100
112300
120700
117700
112200
111900
112400
112100
112000
107700
112300
118600
114800
114800
112200
111700
112500
113700
119200
112000
117300
122400
127800
112000
112800
111900
114500
