2228100
2196300
2216300
2218700
2165100
2221800
2213200
2214700
2216600
2209400
2235100
2216200
2214500
2223400
2213800
2237600
2206000
2221100
2216600
2215400
2219100
2240900
2276000
2222300
2214800
2164600
2219700
2250200
2213000
2214900
2331600
2214800
2265400
2213800
2215500
2216700
2216000
2245400
2220000
2214600
2159900
2214000
2266700
2219300
2290800
2218400
2160000
2223400
2241000
2216100
2216900
2215100
2218700
2213300
2236800
2217400
2212700
2222000
2214600
2219700
2258300
2156700
2237100
2244800
2216700
2236300
2212200
2218700
2230100
2216200
2213700
2216500
2223100
2213500
2228600
2214900
2243200
2216200
2808200
2849800
2552800
2552900
2674900
2297000
2191700
2207000
2214000
2229900
2215300
2228700
2214400
2216900
2217900
2205900
2746400
2217500
2217500
2216500
2218500
2225100
2237300
2216800
2215900
2213700
2220700
2223200
2234200
2151900
2213700
2221400
2212800
2239300
2218300
2214300
2216200
2216000
2220300
2234400
2220100
2220500
2213900
2222000
2218000
2217500
2216000
2212100
2217300
2215100
2241600
2222400
2218300
2223000
2218500
2226500
2218200
2215100
2219300
2212300
2222200
2242300
2219500
2233100
2222200
2231500
2255600
2217900
2218900
2214000
2222500
2216600
2250500
2219900
2218500
2218500
2214800
2230200
2216000
2215400
2219800
2216200
2217800
2234300
2219500
2223600
2221400
2224900
2213900
2213900
2230500
2221600
2228200
2213000
2242400
2216900
2227300
2219800
2218100
2243100
2218700
2216800
2222300
2235100
2296600
2241100
2220900
2218200
2155900
2229200
2221500
2223500
2224900
2255600
2316900
2380200
2435600
2264900
2215900
2237500
2214500
2221400
2221800
2216100
2223000
2213800
2213500
2568800
2311800
2224300
2154100
2230400
2263700
2214100
2219900
2218100
2220200
2221200
2235600
2698000
2215700
2256800
2216400
2235900
2221500
2217200
2287800
2213700
2214800
2215500
2220100
2223500
2231300
2214600
2239000
2212900
2163600
2215100
2168000
2216300
2232600
2182300
2218900
2254400
2221200
2237200
2231800
2213800
2218700
2234600
2497200
2322100
2447700
2499500
2825800
2802100
2933200
2475900
2882500
2881100
2775700
2231200
2235600
2206500
2172800
2259400
2216100
2197000
2221900
2212400
2212100
2237100
2214700
2222500
2229200
2230200
2246900
2218000
2227500
2226900
2234100
2238000
2173200
2217300
2218300
2219300
2212700
2261200
2220400
2214000
2217500
2394500
2433300
2530200
2766400
2637600
2616600
2389300
2329400
2684300
2563400
2358300
2524400
2586000
2462400
2546900
2533800
2636600
2296500
2317600
2392100
2281100
2346500
2272500
2345700
2332400
2312100
2397000
2320900
2330000
2387300
2349300
2386400
2299800
2232000
2217600
2213500
2222800
2249000
2226000
2214500
2215000
2386400
2221900
2226600
2228800
2214700
2216200
2214500
2239600
2215100
2214900
2632200
2216000
2216700
2212400
2224100
2382200
2267700
2311100
2367300
2273300
2227500
2212600
2399400
2633900
2582600
2640400
2596500
2582000
2229800
2228000
2226100
2223900
2224000
2247800
2158400
2213900
2224200
2191600
2219200
2241900
2218600
2217800
2237700
2214800
2251800
2221300
2216200
2230400
2224700
2224400
2245300
2223600
2224500
2224000
2217500
2247200
2223200
2223100
2176400
2223500
2216600
2245400
2215600
2213900
2246300
2217400
2236200
2213600
2217700
2216500
2213500
2221300
2233000
2216300
2218300
2214100
2215200
2209600
2211900
2216100
2214700
2220100
2222900
2245800
2227300
2223000
2232300
2225700
2214400
2232200
2221300
2270100
2234500
2219600
2182100
2214100
2222900
2190600
2213300
2223300
2215000
2219800
2213200
2218300
2221400
2239800
2218800
2215500
2216600
2228700
2220600
2242800
2224400
2462000
2680000
2750400
2621700
2720000
2683000
2839700
2631300
2752200
2522400
2700100
2714300
2542800
2630600
2732800
2717400
2751400
2670900
2627200
2618900
3312800
2554000
2650500
2665900
2677700
2677000
2681200
2673100
2651000
2656300
2754800
2636400
2655600
2665000
2693200
2655300
2643200
2662800
2663900
2697800
2688100
2656500
2657700
2681900
2616300
2653400
2638900
2658600
2526200
2618300
2625800
2600400
2660400
2611900
2677200
2660600
2672400
2595800
2705900
2670200
2502800
2595800
2655100
2649600
2568100
2515600
2653900
2658400
2619400
2708500
2657600
2652900
2655800
2660300
2527500
2633200
2627900
2668400
2599600
2609700
2504600
2642600
2654900
2567300
2611800
2629200
2677000
2640400
2424700
2520300
2554300
2532800
2511100
2458300
2559000
2666400
2589100
2609900
2255400
2217600
2231700
2212900
2215900
2220800
2165800
2214200
2231900
2220600
2216000
2217800
2216400
2241500
2222800
2884300
2235600
2226000
2221900
2220900
2224600
2225700
2226300
2223500
2238600
2223500
2218000
2214500
2219500
2215900
2230400
2221600
2224800
2223800
2213900
2238600
2219800
2249600
2217500
2214500
2332000
2190900
2214100
2221600
2219400
2236100
2757500
2227800
2225200
2217700
2278100
2522500
2775600
2609500
2764200
2728000
2381000
2654100
2661100
2722400
2260700
2296400
2284000
2298600
2312300
2322900
2354300
2279900
2388400
2298400
2228600
2238700
2214400
2224700
2213900
2163300
2276100
2421900
2396000
2422900
2401400
2419000
2440500
2433500
2403800
2478300
2488500
2520300
2476000
2418100
2420400
2490700
2439400
2417200
2239500
2346600
2349000
2276900
2328500
2231500
2326100
2285100
2260900
2226800
2165000
2222700
2224600
2226900
2272900
2221200
2222900
2227500
2222500
2246400
2222500
2230600
2222400
2226200
2222900
2243500
2219500
2215400
2216900
2219600
2236400
2219300
2221700
2160100
2213900
2221700
2247100
2215600
2213000
2216100
2221800
2214800
2218000
2222200
2256700
2217200
2212800
2241600
2213100
2216700
2218000
2215800
2217600
2213100
2213500
2218700
2169000
2217800
2239900
2250500
2215200
2214700
2216600
2239000
2219100
2214400
2221200
2281600
2219400
2320100
2213200
2216300
2219900
2212900
2916300
2214000
2215100
2216400
2215700
2223700
2236700
2220700
2220500
2215700
2218900
2421600
2648800
2223900
2232100
2236100
2248300
2219500
2216300
2207900
2221200
2215000
2314800
2197800
2214200
2220600
2221500
2240400
2214900
2213200
2218000
2187200
2225800
2239900
2213200
2237700
2213400
2314800
2309800
2269900
2302400
2319300
2368300
2343700
2355400
2331900
2264300
2218200
2160500
2239900
2213300
2216100
2218900
2212300
2240100
2215000
2215900
2220800
2215000
2203700
2235400
2221800
2221500
2216700
2216100
2236400
2215400
2215300
2212100
2219400
2213900
2238000
2221000
2270100
2218800
2215300
2232000
2213400
2212600
2219000
2214100
2215400
2219900
2216200
2219000
2214800
2217100
2156300
2808800
2217700
2215400
2215700
2215600
2275300
2217800
2214500
2219100
2401200
2635000
2271300
2227800
2233400
2221200
2223300
2259900
2487500
2221600
2212000
2216900
2237500
2252900
2221800
2216000
2217000
2213300
2236900
2204700
2223800
2228400
2222900
2244300
2217800
2217300
2738300
2215400
2239400
2213900
2231000
2220200
2216600
2220700
2237100
2216000
2143900
2215700
2217000
2216500
2223600
2217800
2212600
2222000
2176700
2238400
2214700
2222300
2225600
2212100
2215200
2213700
2214200
2217400
2221200
2221100
2254100
2219400
2223400
2246000
2294500
2234800
2257000
2320500
2277400
2319600
2305000
2336800
2237200
2169600
2220700
2215200
2267700
2218300
2158600
2218300
2156400
2215000
2234600
2256400
2220600
2223600
2224500
2221200
2212700
2217800
2217800
2232000
2216900
2241300
2222800
2219000
2219800
2237400
2216400
2218100
2215100
2216800
2213700
2152700
2170900
2214500
2224500
2216100
2212700
2224100
2232400
2219700
2218600
2214000
2224600
2236500
2230100
2212800
2226700
2215000
2214100
2217000
2214700
2217400
2214300
2215000
2223700
2212800
2224200
2216000
2215200
2500500
2333500
2230800
2171500
2224400
2224000
2277500
2221100
2215500
2217300
2219000
2213700
2241900
2216000
2214400
2215500
2215000
2240300
2284700
2217300
2216700
2448200
2979400
2581900
2715400
2761300
2417800
2705000
2743600
2749100
2262200
2222900
2248900
2225900
2218400
2212200
2213700
2237000
2213600
2191900
2303500
2312600
2315900
2323900
2312600
2262700
2332200
2322800
2327600
2175600
2216700
2168000
2213900
2278900
2218800
2220400
2217400
2214700
2215700
2242800
2216000
2244600
2218600
2213300
2222400
2232200
2217500
2217700
2224800
2213200
2230400
2219600
2153700
2214700
2215800
2412300
2230000
2221200
2225400
2223000
2220700
2239600
2214700
2219400
2319000
2652600
2751400
2695400
2705000
2580300
2742000
2561200
2335600
2638100
2547900
2287200
2633000
2415300
2516600
2378300
2519100
2546900
2487000
2639100
2536300
2544100
2493500
2399700
2496600
2221500
2237900
2226600
2220100
2221600
2228400
2231900
2175600
2213700
2219600
2214900
2272900
2227700
2219200
2211600
2214300
2219500
2214300
2238800
2216900
2231100
2216300
2215300
2218200
2216400
2155100
2218800
2212400
2223700
2238900
2211700
2219200
2214800
2225700
2212400
2214700
2695100
2215000
2219200
2233300
2181300
2150400
2153900
2246500
2214800
2217000
2246800
2220400
2219500
2218200
2220000
2236700
2155000
2217000
2213900
2217900
2215800
2236000
2217900
2215200
2219200
2217400
2239300
2222400
2388000
2315100
2369700
2242500
2328900
2296600
2272800
2181000
2287900
2298900
2289800
2163600
2217100
2217600
2243900
2170900
2162100
2221100
2230200
2227100
2246700
2237200
2227400
2217100
2220800
2236000
2214600
2272300
2455700
2434500
2488200
2408600
2154600
2216500
2223800
2221000
2190200
2213900
2218500
2213800
2219500
2249600
2215800
2218500
2247200
2219700
2217900
2235600
2219100
2213700
2230300
2215000
2225800
2240700
2213900
2155800
2237000
2152400
2237600
2180900
2229200
2223800
2172000
2223200
2217300
2219100
2213200
2215900
2216400
2241400
2215800
2213600
2218500
2217900
2212500
2292800
2235300
2230800
2215700
2259300
2272000
2314300
2190300
2298800
2273400
2333100
2248100
2222100
2213100
2225300
2217500
2243700
2219100
2216100
2762000
2226100
2215500
2215900
2214000
2217700
2213500
2216500
2238500
2217400
2223900
2213500
2218800
2177500
2205800
2222100
2217100
2215500
2218300
2247900
2200600
2214300
2230200
2214300
2239000
2166700
2217900
2227200
2214400
2214900
2217600
2220300
2217800
2240900
2220600
2223000
2216600
2217300
2219900
2214100
2216300
2227100
2276100
2214700
2220200
2217600
2219300
2217700
2215600
2244800
2145500
2215400
2218700
2213900
2218500
2267900
2221300
2217900
2214400
2218900
2262000
2213300
2214400
2218600
2220500
2216200
2237000
2221800
2212800
2224700
2218500
2215100
2218900
2231600
2216900
2213600
2222300
2159400
2199100
2219400
2213700
2210700
2210400
2231100
2215000
2163900
2217600
2203500
2230800
2222500
2213600
2224000
2217100
2215300
2222600
2215600
2226600
2372700
2355800
2226500
2221900
2232000
2227700
2217000
2214500
2234400
2221200
2157800
2226800
2214100
2245900
2219600
2411900
2447700
2702700
2615900
2761300
2415800
2686900
2728900
2715800
2363200
2168200
2719700
2225800
2238400
2215100
2221400
2219100
2220500
2244900
2214700
2214800
2216500
2214200
2223600
2235400
2213000
2220000
2213100
2218900
2216600
2215500
2216900
2216900
2222300
2231100
2255200
2234400
2224200
2228700
2220900
2221100
2215400
2213700
2225600
2221700
2238000
2246900
2221000
2222600
2225600
2228800
2360000
2160200
2171300
2153800
2222800
2213300
2254300
2224800
2225400
2236600
2220000
2299700
2221700
2216600
2217600
2218900
2224500
2316600
2287900
2353100
2317100
2290600
2357000
2349800
2330400
2305800
2255800
2230400
2215100
2268200
2370200
2216500
2222800
2248400
2220100
2214300
2220100
2214800
2243700
2233400
2215800
2217900
2215100
2215900
2244600
2222000
2234700
2308300
2250900
2244800
2248800
2216700
2218500
2361700
2258800
2233200
2194800
2295900
2242500
2295100
2274600
2266300
2187700
2231600
2219300
2226300
2218600
2230800
2226800
2222800
2226400
2257000
2215400
2246000
2223000
2228100
2253500
2222100
2232900
2221000
2216600
2215000
2240500
2727300
3825200
4583900
2382400
2494900
2243600
2213600
2219500
2235000
2156900
2238700
2213500
2193600
2215300
2215200
2212700
2312300
2257800
2218600
2245000
2217600
2220200
2218400
2217700
2224800
2216700
2213400
2215900
2216700
2553600
2379600
2220600
2229000
2233200
2226700
2213500
2214700
2219200
2222800
2156700
2226400
2243600
2227100
2216200
2232400
2215600
2235300
2216800
2214600
2219400
2222700
2219000
2242000
2212900
2216900
2220100
2231400
2218900
2215000
2220100
2212700
2231000
2212700
2236500
2214800
2225300
2220900
2216500
2203900
2160300
2302100
2307200
2214100
2217100
2165300
2202800
2220700
2215300
2218000
2214200
2214100
2152400
2218900
2214900
2212000
2226400
2216800
2215800
2219000
2216200
2214300
2230000
2214200
2217900
2216500
2220100
2234400
2218100
2165600
2216100
2218900
2218100
2230000
2217700
2216100
2217300
2215400
2246600
2218100
2214000
2217300
2216800
2215700
2233300
2216300
2224300
2469200
2687100
2228200
2223900
2516100
2226300
2220400
2220100
2212000
2217200
2214900
2217700
2213800
2233200
2215600
2218900
2221200
2214800
2235700
2218500
2225800
2228700
2213500
2215300
2253800
2215100
2224300
2221800
2221900
2245600
2225500
2226300
2268800
2214700
2214800
2246600
2220600
2216700
2218400
2217900
2237000
2225500
2242600
2276400
2214100
2213700
2255500
2212900
2219600
2177900
2218000
2218200
2214700
2357500
2478900
2234100
2232300
2226500
2227600
2217500
2175600
2159200
2221900
2216300
2222400
2219700
2212500
2219300
2238900
2215100
2217600
2214600
2225400
2153500
2215000
2221300
2216200
2177200
2223700
2219700
2234400
2217400
2219600
2184000
2211800
2218800
2220100
2333600
2308800
2271700
2305300
2318800
2288300
2345000
2243500
2352200
2301400
2299700
2226400
2365800
2219000
2156900
2220200
2222600
2215700
2169200
2213800
2221100
2219400
2470500
2503800
2783100
2759300
2900600
2474500
2886100
2893800
2930900
2242900
2222500
2213300
2229000
2222900
2225400
2235000
2365200
2384200
2364600
2331300
3018800
2279800
2342100
2408500
2201300
2499600
2794000
2242200
2175800
2225500
2357900
2269800
2180800
2387200
2221600
2228300
2256700
2364800
2216200
2219600
2228200
2248100
2254500
2218300
2261000
2627900
2593400
2589300
2704600
2658200
2326000
2243500
2228900
2220100
2230500
2226800
2221300
2231100
2468200
2500600
2413600
2512600
2474400
2243000
2307900
2153000
2216100
2222800
2218900
2259900
2447100
2326800
2349300
2337200
2381800
2361800
2264600
2401400
2274700
2224700
2216700
2213600
2216400
2236900
2229000
2230100
2218800
2218500
2220800
2216600
2221800
2230600
2215000
2216900
2219000
2218400
2227500
2234000
2219700
2242000
2214800
2205700
2214800
2223700
2220700
2218000
2219800
2169100
2257700
2275000
2225400
2220500
2212000
2217400
2269900
2445900
2211500
2220000
2235700
2221900
2278000
2806900
2214100
2219600
2214100
2264800
2251400
2224300
2216800
2215000
2218400
2218800
2221600
2222800
2217400
2214800
2223200
2169300
2223800
2213300
2212900
2222600
2256800
3126500
2524700
2221600
2219700
2217800
2265900
2216600
2218500
2219300
2214800
2147000
2230700
2217700
2214500
2214900
2152100
2215100
2199500
2215500
2211600
2216500
2218300
2230900
2308600
2316500
2324000
2238600
2316000
2372200
2344700
2263500
2344300
2294900
2254600
2393500
2153200
2216100
2241200
2215100
2183900
2213700
2215100
2169900
2235600
2221300
2251500
2312800
2219800
2215000
2221500
2211200
2214400
2157100
2221400
2235100
2216100
2175800
2218100
2216000
2226400
2221400
2209800
2230700
2215200
2430900
2631700
2641800
2655600
2716800
2763800
2144800
2229700
2238700
2356400
2368500
2371800
2323300
2270500
2219400
2221800
2238400
2223700
2217700
2255000
2215100
2214400
2233100
2213400
2218800
2215200
2221800
2239700
2217200
2228600
2223400
2188900
2223300
2237100
2218100
2212600
2218100
2174800
2212200
2233900
2218000
2212400
2229100
2215300
2239300
2213600
2223700
2220600
2222700
2218800
2215600
2215800
2230500
2158600
2229600
2243900
2229300
2218100
2214500
2702100
2224100
2220200
2214700
2213400
2219200
2189000
2256500
2214500
2216000
2216100
2160500
2262100
2212300
2157900
2209500
2215900
2250400
2239900
2230100
2229100
2215900
2224600
2228700
2248200
2216200
2217300
2177400
2219400
2172300
2212700
2210900
2219500
2188500
2192400
2240500
2219400
2186800
2210400
2220000
2230300
2150600
2504800
2634900
2229400
2184900
2252400
2224300
2222300
2225100
2221600
2250000
2220300
2219900
2201200
2207400
2238800
2223500
2214400
2218600
2215000
2214600
2205000
2239700
2215100
2213400
2184300
2216700
2217500
2469200
2221700
2223500
2212400
2202600
2197100
2214000
2224600
2204100
2208700
2212500
2205700
2184200
2212500
2221400
2231000
2212900
2171000
2214100
2200400
2204600
2206100
2216600
2170200
2415500
2360700
2715900
2724300
2620000
2532400
2668900
2766100
2586400
2142600
2225800
2219200
2224500
2216400
2222600
2324900
2211700
2224000
2213300
2213700
2232700
2217000
2216700
2219900
2217800
2221500
2214900
2221200
2253100
2791600
2223300
2220400
2234000
2252500
2223700
2218400
2219600
2223300
2223400
2242900
2220200
2224500
2214700
2290700
2244800
2220200
2220200
2223900
2228300
2176600
2229400
2216200
2216900
2214900
2169800
2234500
2219500
2217800
2224000
2230200
2224100
2238700
2159100
2219000
2218300
2215100
2229700
2214800
2216200
2154700
2220500
2239100
2234300
2213200
2220800
2214400
2226600
2222100
2232800
2162900
2214600
2164200
2194200
2267900
2215500
2204600
2221100
2214100
2216900
2227300
2224100
2220000
2212300
2208800
2236200
2225500
2219300
2207000
2220500
2214400
2183900
2217100
2213600
2222100
2219800
2217300
2238100
2220200
2221300
2216400
2224000
2230300
2221500
2164600
2222400
2218100
2214400
2217500
2212600
2231500
2226200
2227400
2218300
2211700
2242100
2252500
2279200
2274300
2228400
2345000
2359300
2326500
2334500
2293700
2246200
2289000
2263800
2300100
2305100
2235600
2266000
2269100
2224300
2253800
2217800
2223100
2277700
2238700
2221300
2225600
2229000
2220000
2837800
2422900
2313600
2221200
2215700
2325400
2177300
2213500
2218100
2396700
2275400
2215800
2248800
2217900
2216100
2441900
2264900
2407900
2364100
2472000
2273400
2273900
2225400
2335600
2372600
2350700
2264900
2533800
2521300
2557900
2460200
2366600
2418100
2422600
2279400
2325300
2206000
2227400
2233300
2220300
2218900
2218200
2225500
2225700
2236200
2224000
2213800
2219400
2216400
2227900
2248000
2221000
2215700
2211500
2218900
2253100
2219000
2223300
2214500
2220000
2221300
2205700
2215100
2214600
2225700
2215300
2236200
2221200
2221000
2366600
2216100
2219600
2208900
2491900
2435600
2356600
2238600
2373500
2237200
2248300
2215200
2218300
2234000
2236100
2218200
2212200
2219700
2224700
2226900
2224100
2215500
2164400
2222200
2250200
2172300
2218700
2219800
2205400
2217600
2219300
2233500
2228500
2156900
2209100
2231300
2214200
2234800
2213500
2226200
2214800
2245000
2229200
2226400
2226800
2229400
2234900
2219800
2220200
2224000
2215700
2215900
2216700
2214500
2746300
2214000
2219400
2204700
2213300
2223800
2223400
2217000
2214200
2238800
2216100
2218200
2220400
2219000
2196300
2228300
2214400
2276400
2312900
2238300
2219000
2181600
2210200
2197400
2215200
2204300
2219200
2219500
2209500
2223900
2213100
2167400
2214600
2194900
2211800
2158500
2217100
2183400
2209500
2218200
2229300
2210300
2226700
2213200
2218700
2214800
2225300
2218700
2236300
2222500
2200800
2224400
2167300
2219000
2206700
2214100
2219500
2214900
2191900
2233100
2214100
2209700
2176200
2219300
2248500
2344700
2385700
2332700
2345000
2318400
2263900
2383300
2376000
2307100
2214000
2225900
2220200
2215700
2218100
2218400
2236600
2218800
2215900
2216900
2211400
2219700
2223700
2437100
2471500
2778800
2891400
2769200
2424800
2694200
2792200
2757900
2349000
2221900
2225300
2223300
2221100
2243000
2221700
2219100
2212300
2219100
2228400
2215700
2231800
2215000
2219600
2213600
2218000
2228800
2239100
2672600
2219700
2215700
2217900
2244700
2227000
2224300
2239700
2655300
2225600
2236700
2215700
2224100
2228500
2229300
2231500
2218500
2220500
2256800
2223500
2230000
2244700
2227100
2218500
2233700
2218200
2218800
2243500
2218300
2238800
2224300
2215600
2186700
2215100
2215900
2189000
2214100
2217700
2225800
2217200
2234000
2215200
2217800
2213900
2242100
2216300
2242800
2220400
2216800
2216500
2197600
2237700
2219800
2219800
2222300
2247900
2166300
2246000
2224600
2228400
2228000
2194300
2239100
2216300
2223000
2227600
2235100
2229500
2241100
2228000
2218000
2212000
2239400
2218900
2231600
2213700
2227400
2218000
2215000
2260800
2276900
2222800
2213400
2212300
2237000
2257500
2271200
2346700
2343400
2437800
2313700
2342000
2350300
2346800
2344900
2324900
2331000
2295600
2219100
2218800
2264400
2234500
2221500
2222800
2223300
2227300
2247600
2214000
2220800
2213300
2221500
2217200
2244400
2226900
2220500
2229700
2230500
2231100
2311500
2305800
2293200
2442800
2333100
2523400
2351900
2334300
2388100
2295000
2564000
2832000
3276200
2692700
2714700
2410500
2221200
2226900
2221200
2238800
2226500
2214100
2216200
2219800
2231200
2215700
2138500
2218500
2213800
2215900
2240700
2217900
2159500
2214200
2214200
2224200
2220300
2224900
2223400
2223800
2220300
2242400
2224200
2234100
2215800
2237600
2169100
2215700
2154500
2242800
2214200
2224400
2281500
2214800
2218800
2223500
2221000
2216700
2204700
2219700
2216500
2345900
2218400
2235400
2219300
2211700
2211700
2226500
2214500
2161300
2217100
2218700
2217600
2215800
2236300
2215200
2221700
2208300
2261000
2226500
2234400
2222000
2220800
2211000
2255700
2222400
2200300
2220000
2218000
2224700
2212500
2221400
2224100
2214700
2215500
2241400
2259900
2162400
2222500
2215900
2217800
2253000
2139800
2215800
2214400
2209300
2214600
2222800
2221700
2213900
2214600
2163600
2205800
2226200
2219300
2220400
2160300
2216100
2216200
2213600
2216600
2221700
2220900
2223100
2234500
2223400
2213600
2217600
2223400
2217400
2217400
2214700
2208900
2172400
2216900
2742200
2225900
2218300
2150800
2193600
2218900
2217300
2165200
2162300
2213900
2213600
2196200
2200700
2266800
2214700
2207100
2217400
2152400
2193400
2190200
2180000
2195900
2156300
2154100
2135600
2164400
2185900
2155000
2169600
2193600
2217200
2228000
2165100
2195400
2154600
2208700
2098900
2206000
2213900
2208200
2162600
2210300
2198100
2246500
2176500
2210200
2199700
2154400
2200600
2219400
2229900
2204000
2202300
2123300
2206800
2207700
2234700
2143000
2134500
2199200
2223000
2214600
2190500
2214100
2205900
2108300
2130000
2198800
2201700
2157100
2131500
2208000
2231900
2213200
2199700
2219800
2211300
2171300
2389800
2255300
2215100
2208000
2211300
2245800
2495100
2474200
2793300
2813800
2653300
2505000
2767200
2889500
2519400
2204900
2228100
2219500
2229200
2215700
2241700
2215700
2216000
2220400
2216300
2218700
2221600
2186000
2218500
2229800
2224600
2233800
2237500
2222300
2222800
2221300
2220100
2222000
2308100
2630600
2789300
2951600
2873000
2830400
3090400
3576700
3158800
2982600
3294300
2909600
2878400
2781400
2795100
2771300
2713800
2364800
2782000
2466900
2524200
2717900
2528300
2399300
2679900
2597000
2317800
3415200
3369400
2733300
2565000
2521300
2471700
2461800
2559000
2364600
2566200
2368500
2512300
2574700
2407700
2559300
2467300
2372300
2258300
2220200
2167100
2220400
2219700
2225300
2242200
2160600
2214300
2170900
2219200
2227800
2223300
2219900
2222100
2216400
2217000
2169900
2213400
2222700
2222600
2214300
2287900
2220200
2230900
2214400
2219200
2161000
2273800
2227200
2219400
2162100
2226700
2251800
2238100
2225100
2211400
2228800
2214200
2226900
2249100
2220100
2221700
2153900
2157000
2216600
2230700
2215700
2214900
2225800
2220600
2615400
3534700
3080000
2281200
2167400
2165200
2214900
2214200
2369200
2494000
2250300
2222900
2222200
2229900
2221800
2220700
2228700
2162900
2218100
2223800
2224700
2223400
2248000
2199000
2215100
2250300
2213200
2247300
2312500
2197600
2273100
2246600
2388800
2299800
2303100
3061800
2458500
2441700
2564100
2501400
2544100
2431500
2398800
2430800
2406700
2434600
2406400
2485800
2387200
2487100
2405500
2493700
2216800
2216200
2226700
2227500
2224900
2218200
2221300
2206400
2218000
2212700
2221100
2219400
2219900
2220100
2165000
2281300
2279100
2284100
2294800
2259600
2246500
2223100
2224900
2212800
2225900
2214400
2236000
2227000
2218800
2218600
2213500
2216800
2237900
2154900
2221100
2230100
2214000
2216300
2189100
2220900
2213300
2215100
2216200
2224300
2352800
2463000
2542800
2515500
2432500
2537200
2431500
2354900
2569000
2572100
2529100
2575700
2456900
2645800
2447900
2683600
2548400
2398100
4839100
11516200
3810500
2438500
2279800
2343400
2417900
2394600
2391300
2365800
2408400
2351900
2349900
2358000
2265300
2216600
2256500
2157300
2213400
2221400
2305200
2219200
2219900
2215300
2218900
2219700
2216100
2218000
2216600
2223600
2211600
2232700
2226200
2223200
2234400
2213200
2214100
2224600
2219500
2212800
2215800
2218800
2212700
2771600
2218800
2217000
2217600
2213500
2200900
2198200
2218600
2219900
2218800
2212600
2214700
2259400
2757800
2221500
2228800
2214500
2238800
2218700
2215600
2226700
2145700
2227900
2233000
2216500
2221900
2218900
2214700
2220500
2231900
2220600
2223000
2224500
2213600
2228200
2220800
2213100
2219800
2224700
2218400
2221000
2221600
2219600
2215100
2211400
2236100
2260900
2221100
2214900
2214600
2218400
2222000
2218100
2212900
2215600
2217000
2217600
2216400
2214300
2389400
2496200
2549200
2923700
2999600
2677400
2842700
2914700
2898100
2533500
2423200
2505100
2473900
2423700
2384000
2425600
2440900
2736000
2420600
2499000
2227300
2243700
2221000
2215300
2280000
2498000
2345800
2226000
2212300
2165200
2228500
2216500
2242900
2214300
2222800
2232400
2217100
2235000
2219500
2209700
2218200
2220100
2224600
2222800
2218700
2222500
2219200
2170900
2220400
2227800
2223200
2224200
2227700
2222000
2248900
2217800
2235000
2160000
2204500
2264400
2213500
2224600
2225000
2290200
2839000
2218900
2221800
2217700
2216300
2220900
2172900
2229000
2222400
2224700
2219500
2222000
2154500
2211400
2231600
2237900
2223800
2223600
2504200
2586000
2271300
2225400
2227000
2218100
2217500
2166700
2237200
2227500
2222600
2214300
2216800
2244800
2229200
2154700
2221400
2221900
2686400
2719700
2419400
2183600
2290100
2224100
2221400
2213400
2216400
2214900
2208900
2238000
2214000
2219500
2216000
2213000
2217200
2186300
2223600
2213800
2220300
2235300
2241300
2260900
2380700
2349700
2393500
2384100
2376700
2301000
2331900
2324500
2247300
2408000
2251400
2240100
2175800
2214000
2245200
2219100
2219400
2216100
2212400
2214900
2214900
2243700
2219500
2214100
2220700
2249500
2222800
2207900
2219200
2216000
2213700
2222000
2214200
2279000
2304500
2300900
2337100
2319800
2324100
2381500
2317000
2356400
2334500
2372600
2255800
2220600
2234000
2241500
2223300
2221900
2222600
2235400
2230700
2228600
2223100
2216300
2327000
2223800
2230800
2224100
2225600
2241300
2222900
2711200
2213600
2217800
2224200
2225500
2223700
2215300
2218700
2209700
2214600
2239100
2219900
2216200
2227500
2216300
2212800
2227100
2216400
2215000
2209600
2228500
2222900
2240400
2142400
2225600
2212800
2218000
2225600
2215000
2213900
2153800
2213600
2215600
2230600
2219400
2219000
2211900
2195800
2223600
2644400
2239100
2228600
2223200
2222000
2245200
2211100
2251400
2336500
2279800
2312700
2317500
2347300
2232200
2220600
2218200
2215700
2225300
2216200
2212200
2218400
2235400
2223000
2221500
2212300
2220500
2214200
2230300
2217500
2228100
2217000
2214800
2234200
2212000
2216900
2228000
2221700
2157800
2229400
2219800
2220600
2223800
2219100
2226100
2209500
2215300
2212900
2223700
2231300
2218500
2212400
2226000
2219500
2214700
2228200
2216700
2214500
2202400
2247600
2219000
2200600
2222500
2215100
2227900
2252400
2219800
2217000
2180600
2227700
2207900
2233200
2230100
2215400
2213400
2217700
2216500
2230300
2239600
2211700
2216000
2215900
2227900
2237400
2221300
2645400
2214000
2426600
2674800
2621200
2284800
2220200
2227700
2263000
3033700
2215600
2220000
2225000
2213800
2142000
2231900
2220100
2219100
2261900
2240200
2222700
2223400
2171700
2216700
2235000
2216600
2211900
2217100
2214300
2219100
2244000
2217100
2223100
2225500
2229300
2221700
2208300
2253400
2218300
2225000
2345300
2265000
2213400
2213300
2315800
2240600
2221700
2227100
2367300
2368000
2557400
2714900
2619200
2516100
2677300
2563800
2684400
2395300
2305000
2224300
2219500
2221200
2207900
2217500
2178600
2214600
2215600
2241000
2167500
2223800
2157600
2218700
2213400
2221900
2224500
2212800
2217700
2213000
2218900
2157200
2214900
2239800
2210900
2226100
2172700
2210800
2216300
2159600
2213600
2215100
2172200
2213400
2150800
2226200
2209400
2231600
2215100
2219000
2217200
2226600
2218600
2120900
2152400
2161000
2310400
2200100
2227100
2222000
2229900
2192000
2225500
2240200
2245500
2164500
2214800
2161600
2213900
2249100
2225300
2230600
2170100
2231900
2803500
2220200
2221100
2222100
2218800
2221400
2225100
2219700
2222300
2216500
2742600
2289300
2260500
2330600
2316300
2306600
2298000
2306400
2318500
2317200
2320900
2464500
2379900
2326500
2408300
2389700
2271900
2304900
2159700
2194800
2221700
2216500
2222500
2216400
2214800
2220300
2211000
2217900
2217400
2242100
2213700
2216100
2220300
2158100
2226200
2171400
2227900
2164700
2213000
2226100
2216700
2548000
2360400
2281500
2354600
2331700
2285300
2342600
2407500
2182300
2243400
2212900
2223800
2213600
2217500
2243200
2311400
2276400
2222400
2220200
2151200
2248100
2221500
2223400
2223600
2215000
2221500
2216400
2155900
2222700
2213800
2216300
2224500
2228100
2216100
2215600
2221600
2218300
2213900
2216400
2214500
2163200
2216100
2220300
2214900
2261400
2608900
2709000
2515900
2383100
2388200
2405500
2306300
2306100
2287000
2396800
2309000
2224900
2224900
2148500
2152800
2218900
2213000
2214900
2235300
2216800
2224300
2217100
2221300
2228200
2218300
2218500
2220100
2822800
2220900
2211900
2217900
2215900
2275600
2214300
2213900
2195200
2305600
2220100
2162600
2217000
2222600
2215100
2318100
2214500
2320800
2243300
2225400
2217200
2312600
2224400
2215000
2213500
2371100
2625800
2333900
2218800
2218200
2232300
2214600
2218400
2262800
2239600
2219100
2224500
2218100
2214800
2358000
2230800
2216100
2201500
2213300
2219000
2298900
2222700
2160600
2213500
2221800
2212300
2200200
2217100
2261700
2217500
2214300
2221500
2226900
2217800
2225700
2220600
2216800
2229900
2249100
2219400
2153400
2221600
2215000
2217800
2220900
2213400
2235700
2209300
2228000
2205400
2214000
2215300
2212500
2197700
2212300
2213200
2218500
2125700
2219300
2220400
2216400
2196800
2213800
2220400
2214600
2148300
2217300
2214900
2212400
2571100
3136300
3120900
2245400
2177400
2202600
2266300
2227800
2227900
2256700
2262100
2241800
2215600
2222300
2232700
2160700
2262400
2188500
2225600
2229000
2226300
2221900
2272400
2338900
2396800
2297200
2280800
2243800
2332500
2771600
2317200
2277600
2321200
2242200
2332200
2394900
2260500
2312500
2191500
2216400
2217200
2218900
2214300
2234100
2161500
2213800
2217300
2222900
2217500
2231000
2198800
2220000
2212000
2216200
2222300
2215000
2247500
2212100
2225000
2221800
2217200
2215200
2302300
2261800
2302600
2196200
2320100
2258600
2220600
2215600
2322500
2409900
2491200
2697400
2734300
2724100
2477500
2658800
2767800
2640000
2247400
2221600
2222500
2166600
2212100
2218500
2214800
2213800
2217000
2214700
2219300
2222800
2214200
2214600
2215900
2223800
2225900
2219100
2221600
2214900
2223100
2213200
2221400
2223500
2217100
2216900
2226100
2220200
2214800
2214800
2221800
2212900
2214000
2219700
2379700
2233500
2221700
2233200
2173200
2252800
2228700
2220500
2226500
2229800
2238800
2224900
2213200
2219900
2216900
2339000
2241600
2216600
2214100
2218000
2216100
2190600
2221500
2218400
2151400
2217200
2224300
2243100
2216200
2216500
2174200
2213900
2213700
2126800
2217800
2218100
2219600
2215400
2664500
2212800
2227400
2230500
2213900
2212400
2227000
2220000
2266400
2153100
2218400
2238000
2229000
2147400
2223300
2218300
2207600
2231600
2218200
2222700
2215600
2218000
2252300
2243800
2221500
2146900
2153500
2222400
2216700
2188500
2213200
2215900
2216500
2239200
2218600
2217500
2223300
2211900
2154200
2218000
2218800
2220300
2221200
2215300
2223200
2216200
2209900
2219800
2215900
2142200
2225200
2220400
2156500
2179700
2220800
2224900
2211500
2184700
2204900
2213800
2153600
2197900
2218600
2213900
2210000
2207000
2210200
2212200
2201600
2208200
2182600
2206300
2217800
2216900
2164300
2196600
2221400
2209100
2225000
2212700
2208900
2219100
2176900
2483200
2377200
2216200
2198600
2217600
2256900
2212100
2219500
2222600
2218700
2222500
2244900
2216900
2221300
2214900
2221400
2155600
2231400
2215300
2213400
2216000
2217000
2233400
2167200
2215600
2223500
2211600
2219600
2218500
2220800
2218400
2216600
2225100
2217600
2197300
2220800
2199900
2225600
2222900
2787300
2240000
2216100
2218200
2218300
2236300
2215700
2225500
2217900
2215600
2214300
2203600
2218200
2216000
2201300
2212100
2229100
2207500
2202800
2155200
2144900
2191400
2158800
2201100
2195400
2223900
2167900
2199200
2198700
2216300
2168700
2409400
2227900
2307200
2324900
2240500
2318300
2297400
2282600
2348200
2348300
2329100
2277700
2356700
2186700
2225600
2215300
2205400
2214800
2242200
2215900
2214200
2231000
2185500
2220600
2219900
2343000
2287500
4549300
2253000
2211800
2273500
2290800
2235300
2249200
2213100
2218700
2280600
2263800
2224800
2425800
2317900
2254300
2345400
2314700
2277400
2345500
2302000
2532900
2434800
2369600
2389400
2472000
2348600
2172400
2237600
2231200
2214400
2213900
2215100
2234100
2278200
2238600
2214800
2219200
2219700
2232100
2217700
2187100
2229900
2223000
2229000
2206900
2224300
2229300
2226400
2228400
2231100
2232600
2218300
2224500
2221600
2227700
2242000
2227200
2250500
2223200
2221100
2246100
2218300
2218200
2251200
2225000
2731000
2226300
2221600
2222900
2249000
2221900
2229200
2166300
2224000
2218800
2254600
2166100
2226600
2170100
2203200
2226500
2246500
2237100
2221200
2224800
2226300
2216800
2187000
2241000
2223100
2237600
2222400
2225000
2231400
2221600
2232200
2222100
2226000
2230100
2172500
2218500
2225500
2341100
2402300
2520100
2828500
2853500
2730600
2663900
2694100
2859900
2355300
2222400
2214800
2240700
2212800
2206500
2219800
2216400
2242700
2226700
2217500
2221500
2214300
2218700
2236200
2241200
2225900
2225900
2230000
2240600
2215800
2253200
2281000
2318400
2302700
2386300
2396200
2380700
2358500
2363600
2527400
2382700
2231700
2215900
2222300
2256200
2217500
2215100
2219400
2214100
2223900
2219600
2222700
2243200
2213300
2217000
2234000
2223800
2210100
2194400
2182700
2219200
2162500
2219000
2220500
2219300
2223900
2280400
2218800
2216000
2219500
2216700
2231600
2236900
2220700
2220200
2255700
2370700
2336600
2245100
2354000
2316400
2387700
2312700
2384100
2343900
2237300
2688400
2213400
2228300
2215800
2222400
2221600
2215200
2223600
2219800
2215900
2221300
2219800
2222800
2221300
2225100
2220600
2221800
2200900
2229200
2225000
2212900
2212200
2218800
2244000
2232300
2216500
2214800
2223000
2218500
2226900
2224400
2216500
2220500
2218800
2221400
2226600
2216700
2171100
2158700
2217900
2221500
2295800
2663800
2217100
2220700
2219600
2249700
2214900
2214900
2222800
2223000
2229300
2239200
2266600
2235800
2362800
2315500
2335900
2296600
2305500
2316700
2274500
2240700
2182600
2215400
2216800
2218400
2233900
2218200
2236400
2224000
2225800
2220900
2237200
2218700
2216500
2222100
2243500
2240700
2216100
2215900
2219600
2215400
2225200
2225200
2213900
2231500
2218100
2219500
2221500
2215300
2215700
2205700
2224300
2219000
2228700
2210900
2214700
2226300
2214200
2223900
2214100
2218000
2224700
2228700
2225100
2231000
2210100
2219700
2219400
2292400
2504100
2413700
2216200
2211700
2218700
2226100
2297300
2275900
2233700
2308100
2221100
2169800
2652800
2213300
2219400
2221200
2285800
2290800
2216700
2226900
2214900
2221600
2225700
2214900
2222100
2219900
2216900
2214900
2230100
2214400
2213900
2214100
2213500
2234700
2220900
2214600
2226400
2215700
2219200
2215200
2229000
2219800
2214800
2217200
2233400
2218000
2232300
2211400
2224900
2215600
2225000
2159500
2215300
2215200
2213900
2216000
2223200
2218900
2218400
2214600
2214200
2209100
2147900
2214700
2220000
2223600
2225900
2228000
2215500
2225100
2225500
2217700
2223500
2225000
2220300
2212500
2431700
2320700
2330100
2379300
2322900
2316300
2331000
2346100
2354100
2435000
2394200
2518400
2222200
2355100
2221100
2227900
2215100
2227500
2157900
2219500
2215500
2231700
2227000
2234900
2220700
2217700
2219200
2233100
2217000
2218700
2214500
2215500
2211100
2229300
2226000
2215900
2218100
2213800
2215100
2240200
2215600
2216300
2215400
2218900
2229500
2182300
2228700
2215300
2220600
2216400
2221000
2229100
2216000
2215200
2212500
2208300
2246000
2213700
2760900
2215600
2211800
2233900
2240000
2225000
2208800
2217300
2217600
2232600
2163900
2217400
2213000
2217800
2241300
2229500
2215700
2220500
2218000
2214900
2215600
2222700
2340900
2385800
2334600
2338000
2292900
2343400
2229700
2217000
2237000
2229600
2242800
2393800
2435500
2708600
2634000
2742600
2367300
2740300
2660500
2710800
2385100
2225700
2222700
2218900
2218900
2215400
2214700
2222500
2220000
2218100
2225200
2213000
2225100
2212000
2213700
2220500
2216100
2217400
2220800
2218400
2236200
2214600
2222000
2148000
2220900
2220000
2217500
2217300
2215900
2222000
2214600
2225600
2225800
2218200
2217400
2222600
2228600
2237100
2221900
2229100
2219700
2221800
2250000
2219400
2216200
2305700
2216500
2217900
2218800
2217100
2217900
2306400
2215900
2161600
2219600
2213600
2251300
2234600
2324100
2219300
2215000
2216600
2212100
2298500
2236000
2198800
2218500
2216200
2274200
2222300
2199700
2218000
2214700
2210600
2216700
2233700
2222900
2221100
2217200
2215300
2212400
2786500
2215000
2217100
2214800
2197700
2221700
2186300
2221100
2216700
2217100
2224900
2221900
2171100
2214400
2215300
2251000
2214000
2205100
2223900
2218000
2220900
2195600
2222000
2216000
2219000
2219500
2219300
2225300
2213800
2222600
2150700
2215300
2216400
2188300
2215100
2217700
2203800
2215400
2213400
2212000
2222400
2216000
2164000
2215100
2156200
2213700
2204800
2200800
2217000
2210400
2159700
2208100
2208600
2206900
2152500
2216700
2135100
2212700
2148600
2128700
2217600
2216000
2162100
2156400
2214500
2213000
2223400
2203000
2200100
2216000
2214000
2305500
2514800
2416000
2460800
2438700
2483500
2485800
2342200
2275100
2217600
2255900
2221900
2220100
2318400
2262700
2218400
2213000
2344200
2259900
2215600
2216800
2219300
2225000
2227300
2318500
2305100
2295700
2264300
2285900
2324100
2311200
2221100
2345300
2314000
2288800
2312400
2435400
2174300
2176300
2149000
2224600
2212300
2212000
2213600
2230700
2213500
2461500
2684700
2473300
2660100
2688100
2557800
2724700
2162300
2226100
2166900
2218500
2212000
2215300
2211700
2216000
2222600
2348800
2219300
2415800
2459800
2346900
2343400
2171800
2221600
2247000
2223000
2166100
2224500
2223200
2221800
2216000
2213900
2132200
2219400
2218700
2236900
2226400
2229800
2233300
2216600
2215600
2218300
2213700
2249500
2213300
2217800
2227100
2210400
2193800
2139300
2216100
2228900
2219500
2213200
2213000
2158700
2213700
2218000
2220200
2219300
2218700
2216100
2227900
2212200
2212100
2242000
2235900
2226300
2245200
2228900
2228700
2216400
2266100
2222600
2219700
2216600
2215600
2219400
2221500
2219900
2215500
2213600
2226000
2214000
2240200
2217500
2231900
2296400
2215400
2220000
2239900
2213300
2216200
2210800
2223500
2228800
2236200
2168800
2219100
2228900
2221200
2182700
2215700
2220900
2219800
2215100
2235800
2222000
2216300
2219600
2176100
2221200
2212300
2216000
2217600
2208600
2216900
2215100
2224100
2215500
2224300
2218800
2217900
2187200
2388000
2305000
2232900
2214200
2220800
2645100
2217700
2221800
2208300
2225500
2172700
2160100
2224700
2212800
2221200
2215000
2207100
2280900
2350900
2353000
2276900
2313900
2306600
2277800
2359000
2346200
2354300
2215100
2215100
2228300
2220100
2340700
2355300
2493700
2612600
2713700
2405700
2562900
2649200
2600000
2217300
2221700
2219900
2217400
2216800
2214500
2219800
2214500
2215400
2222100
2197800
2221100
2221400
2227700
2218100
2215000
2224500
2214800
2219600
2213900
2213300
2220700
2238900
2216000
2222500
2139600
2224400
2211800
2289100
2703200
2245700
2224300
2222600
2240700
2215400
2245800
2215100
2208300
2220400
2193600
2255000
2230200
2236100
2228000
2221600
2223500
2225500
2221900
2226500
2215600
2228900
2225600
2214000
2225300
2224400
2234400
2234700
2244600
2238400
2148500
2159100
2229800
2223300
2223600
2236900
2220800
2213600
2217600
2222200
2226900
2220200
2212200
2213300
2250000
2305300
2255000
2250500
2351200
2275000
2335100
2280200
2300400
2302200
2289400
2313400
2355100
2214200
2747200
2152300
2199300
2220600
2159000
2219400
2214700
2211900
2300000
2405900
2440000
2214200
2227200
2235000
2214900
2222600
2214700
2212400
2278500
2271500
2215500
2215600
2220600
2214500
2237700
2234400
2276600
2320700
2292400
2317400
2326800
2306500
2382500
2218200
2218200
2217500
3186600
3581400
2466900
2243500
2224100
2213600
2217800
2207600
2307000
2213900
2225400
2229600
2219700
2216900
2235100
2215300
2244600
2214600
2234900
2215000
2214600
2223600
2226500
2226500
2156600
2263700
2219300
2227900
2223700
2219000
2221700
2233000
2226600
2235600
2218000
2161000
2233800
2215800
2223700
2226600
2221800
2205200
2242100
2220100
2225600
2223900
2215800
2218000
2228000
2218200
2213200
2220100
2217900
2220900
2220800
2225900
2217100
2220700
2218200
2228800
2213900
2215600
2222400
2221000
2234400
2227000
2222900
2216900
2221800
2230700
2230700
2215500
2216400
2218500
2215300
2238400
2216900
2220200
2206900
2210300
2216100
2168500
2213000
2214400
2216700
2210700
2181000
2687200
2219900
2211800
2179500
2213500
2222500
2219600
2222500
2210400
2215500
2215400
2185300
2221000
2221100
2212700
2211000
2168600
2235300
2158000
2156000
2146400
2194900
2154200
2211800
2182800
2177600
2235200
2207900
2217400
2217300
2210900
2198300
2206000
2214000
2205400
2229000
2234100
2217700
2224400
2233200
2213000
2214600
2214100
2198000
2225200
2215000
2210600
2140400
2214100
2136800
2222400
2215000
2210400
2196400
2210600
2195600
2203100
2204200
2214900
2228400
2210600
2099200
2233400
2216200
2223600
2163300
2210800
2458700
2590400
2516800
2476900
2616500
2223500
2221200
2234300
2282600
2222600
2217700
2219000
2192500
2277900
2368800
2333700
2326600
2285100
2296400
2207500
2324800
2303500
2306600
2184600
2358400
2257100
2182400
2231900
2228600
2245700
2221600
2223800
2226600
2221500
2244100
2236400
2224800
2225100
2223900
2231500
2224200
2226400
2231900
2227200
2221500
2224800
2268300
2340900
2296200
2303700
2411100
2276700
2245500
2239400
2178600
2242500
2675500
2248200
2219400
2215400
2215100
2214900
2220000
2227400
2189300
2213100
2217500
2235300
2219000
2215200
2217900
2153100
2213600
2215800
2230700
2265900
2367200
2501600
2626500
2827100
2843000
2425800
2688900
2798100
2709400
2174600
2218400
2220900
2221700
2209200
2221000
2212700
2221400
2250600
2229200
2239000
2213300
2234600
2217700
2219300
2224900
2152700
2223200
2223800
2248400
2225300
2239400
2230300
2228500
2219200
2221600
2214200
2447400
2216000
2214600
2248000
2211800
2217300
2172100
2217800
2216600
2211900
2223800
2214500
2216200
2213900
2217700
2218100
2213700
2217200
2214600
2244900
2220000
2245500
2218500
2226000
2283800
2282400
2222800
2226100
2222700
2240500
2219100
2234800
2271100
2234700
2220600
2372400
2280900
2217000
2221900
2376900
2285600
2221800
2263800
2215900
2129500
2360900
2289000
2251700
2214500
2350100
2293300
2219900
2248600
2216300
2216800
2213300
2218000
2223000
2211200
2217200
2214200
2216200
2218900
2233800
2170300
2143100
2778300
2214100
2649900
2238400
2226300
2166500
2215100
2226000
2246400
2226400
2220400
2218700
2215200
2231700
2211800
2217600
2215600
2215000
2215900
2233500
2237100
2215800
2222500
2217400
2221900
2222100
2225700
2205700
2156100
2216800
2241200
2224200
2210000
2217200
2213400
2223800
2217700
2212300
2216600
2214900
2161000
2230100
2221400
2228300
2224200
2216400
2214200
2229800
2218100
2192800
2222800
2215400
2241000
2222300
2221600
2240500
2160400
2220900
2218300
2216400
2152800
2206900
2219700
2233000
2220200
2212800
2238600
2222300
2213600
2236200
2214400
2220500
2162600
2215900
2213800
2213600
2215300
2220400
2229000
2200000
2225900
2137200
2213300
2217900
2221400
2231800
2216200
2216400
2218900
2225300
2221600
2232900
2201700
2217500
2223000
2205100
2221300
2214800
2148600
2176000
2212800
2213200
2204900
2162400
2210500
2203300
2161300
2149800
2198000
2214100
2215600
2155400
2188400
2223200
2211000
2171500
2149900
2202100
2204300
2214900
2214900
2197200
2213000
2667700
2233800
2208300
2215800
2219200
2114300
2194700
2238700
2223300
2097900
2232500
2214000
2222300
2195200
2287100
2335400
2292500
2351100
2364700
2365000
2326400
2465400
2309300
2388100
2497700
2512100
2372400
2331000
2417100
2433100
2426200
2385900
2361900
2399300
2214200
2215000
2218200
2216500
2230600
2216500
2214800
2221500
2222000
2212900
2232800
2214100
2216500
2326400
2203500
2315900
2295900
2304200
2241600
2291500
2286200
2237500
2318000
2348500
2406600
2297100
2231300
2214000
2216700
2218700
2231500
2213200
2211900
2220300
2163300
2223200
2215900
2241600
2215700
2217100
2217800
2213700
2216900
2213200
2215000
2215500
2213400
2133500
2244300
2215400
2214200
2215600
2218400
2217000
2216600
2213700
2197500
2218500
2218600
2232300
2578100
2453500
2224800
2215300
2213900
2222000
2215400
2216500
2213800
2224900
2232700
2257200
2219200
2216300
2216700
2218700
2216200
2196100
2214200
2157100
2213800
2210900
2221200
2152000
2216100
2214800
2214700
2227300
2215600
2769900
2214800
2219000
2220200
2220700
2234800
2225600
2226400
2223000
2223300
2226500
2208400
2217000
2213300
2222000
2254400
2293500
2415900
2545700
2709200
2736400
2428900
2739100
2747500
2503300
2213100
2232300
2238700
2220600
2247200
2213400
2212500
2217200
2218600
2214000
2226400
2224100
2220400
2216200
2158700
2333200
2219100
2214400
2215700
2220900
2214200
2213900
2218300
2266600
2221700
2156100
2235200
2217800
2217100
2224700
2217200
2228400
2286000
2215400
2225300
2231500
2273700
2238800
2223400
2223700
2222200
2226600
2239000
2227400
2227000
2223400
2229100
2256200
2262200
2237200
2248500
2254200
2173500
2265000
2227000
2250500
2181800
2242000
2268600
2279900
2236700
2247900
2241500
2264800
2216300
2207900
2220900
2224000
2228400
2265300
2261400
2244800
2235500
2224800
2218300
2223100
2266700
2244600
2257300
2241500
2236600
2255200
2219000
2224000
2221700
2231000
2216500
2246000
2223500
2221100
2230800
2228600
2221100
2211500
2215000
2222100
2216400
2223200
2690600
2212200
2223900
2206000
2233700
2223800
2219200
2222300
2212100
2213900
2215000
2224700
2218300
2213700
2216700
2216600
2217600
2216000
2222300
2223000
2153400
2198200
2208200
2215300
2212800
2215400
2231900
2204100
2215100
2226800
2224900
2205300
2220100
2214800
2308100
2228400
2381300
2316900
2213600
2219600
2212400
2248600
2215000
2218100
2221100
2215400
2219500
2216100
2235300
2219900
2129900
2226300
2152700
2208800
2192200
2218500
2159900
2208600
2182500
2208900
2139100
2218900
2208300
2200900
2232200
2164600
2259700
2213200
2216300
2214200
2163500
2315100
2285200
2221500
2338100
2275600
2341200
2310500
2328500
2344600
2311900
2322300
2247400
2304900
2191300
2219600
2214600
2232500
2217300
2214600
2213500
2219600
2158400
2224100
2214900
2223500
2216300
2213200
2219900
2225000
2224600
2217000
2226900
2229100
2221600
2257700
2212900
2220300
2213500
2216200
2217100
2194800
2313200
2294300
2253900
2361700
2228300
2214400
2151100
2233400
2231600
2219100
2732000
2213200
2216900
2215700
2218300
2229200
2214800
2216600
2158800
2215700
2160200
2163900
2214500
2218600
2231700
2218500
2225300
2232400
2221400
2234500
2218400
2214300
2219100
2217700
2217400
2197700
2215700
2225000
2217400
2216200
2223500
2185000
2217400
2219100
2219900
2216100
2232800
2217400
2215200
2212900
2220000
2221700
2225000
2217900
2216700
2218600
2162400
2230200
2215600
2214600
2221700
2221000
2221200
2152000
2230200
2212400
2194200
2217200
2222900
2216600
2163900
2217000
2217600
2243500
2221500
2221500
2276500
2223800
2199400
2199100
2214100
2216200
2186600
2201200
2217400
2179900
2215700
2200700
2221500
2140600
2219600
2140800
2218500
2219100
2218100
2201100
2224100
2221200
2216500
2153600
2213100
2210000
2194700
2200200
2219300
2204900
2206200
2162200
2201400
2134200
2214600
2199500
2193000
2227900
2210500
2153200
2226200
2214200
2352100
2224700
2191300
2214600
2337200
2278600
2231400
2212000
2242900
2220400
2385600
2275900
2226700
2171800
2292700
2817800
2215600
2186300
2200400
2154800
2205500
2226300
2218600
2226200
2213600
2186500
2249700
2275300
2406300
2516600
2856300
2851800
2668400
2606100
2689300
2823600
2545800
2255400
2222600
2228000
2223200
2249700
2244300
2221500
2226400
2224200
2216700
2253300
2244400
2216700
2225700
2227400
2218700
2256400
2228300
2216400
2212500
2220200
2220900
2241000
2214800
2212600
2219000
2216300
2238500
2228800
2218100
2223700
2216500
2218900
2241300
2223400
2220100
2213100
2221400
2231300
2225000
2214800
2214500
2228600
2215400
2235300
2313400
2242400
2265600
2242200
2275100
2282300
2246200
2258300
2235700
2222000
2227800
2291300
2220500
2224400
2226400
2228800
2243600
2223300
2222800
2219800
2234500
2207700
2260400
2225900
2228000
2160000
2225300
2222400
2225200
2229800
2211400
2222000
2238900
2188900
2257200
2151100
2217100
2238700
2216300
2215700
2216100
2224400
2212900
2246600
2217300
2216900
2190100
2239100
2268300
2251200
2307700
2319200
2334000
2302500
2233600
2308500
3047900
2384100
2336000
2378800
2265600
2324200
2245500
2222800
2232400
2214900
2226500
2220500
2177700
2213100
2214700
2216800
2216800
2218000
2213000
2238200
2215100
2219000
2222100
2214500
2173400
2226600
2249500
2205600
2225600
2218700
2341800
2300800
2361200
2351000
2333800
2220400
2289800
2350800
2265800
2231900
2216300
2340700
2301600
2314100
2341800
2353600
2343700
2356400
2359000
2370900
2255600
2247700
2281600
2243400
2255300
2185300
2241600
2278800
2243400
2254000
2250600
2260900
2276600
2257700
2260200
2252400
2232500
2221500
2269000
2260600
2265400
2248400
2253100
2236600
2207400
2219200
2223000
2221600
2160800
2241600
2250600
2234100
2225800
2224400
2241600
2227000
2240000
2219500
2223200
2217600
2228100
2227000
2375000
2673800
2228800
2231700
2226000
2260400
2238800
2160700
2268800
2224600
2223900
2285900
2286000
2231000
2245000
2223500
2223900
2247600
2222500
2211800
2200400
2219500
2160900
2166300
2222700
2223900
2217100
2223300
2226900
2271000
2210200
2658000
2215800
2217200
2216300
2205000
2237000
2210300
2217500
2181700
2186800
2215000
2195000
2226800
2219500
2230500
2230100
2229900
2224100
2214500
2184200
2205600
2246900
2225600
2271700
2282600
2295100
2324800
2314800
2264300
2329800
2375200
2257400
2245500
2218200
2221700
2216000
2216500
2214200
2327000
2453900
2420800
2201200
2218600
2222300
2224600
2219200
2221900
2217100
2248000
2248700
2252400
2216500
2214300
2222100
2233900
2229200
2215400
2158600
2215200
2223400
2286100
2231400
2216100
2215100
2214800
2232100
2221200
2224400
2222600
2216700
2223800
2220800
2217000
2183600
2215200
2219100
2225700
2213500
2218600
2236800
2214000
2216300
2237700
2217200
2215500
2153900
2208500
2231200
2218800
2223400
2215300
2215300
2217100
2231900
2226000
2217400
2196000
2213500
2250000
2217000
2220600
2214900
2227500
2219000
2216400
2224000
2214600
2222900
2215400
2230300
2220200
2226800
2213100
2214800
2218300
2199300
2201600
2215300
2217500
2216800
2230500
2204900
2804500
2222300
2226600
2215500
2240100
2215900
2284700
2452600
2458400
2822000
2804100
2760300
2623700
2739900
2859800
2638600
2228200
2167300
2222500
2221400
2230300
2214000
2215900
2218100
2232600
2368200
2508500
2368700
2279400
2363500
2326700
2349500
2362500
2247400
2360400
2275900
2215700
2219700
2227000
2218800
2241800
2235400
2217800
2216000
2227400
2235700
2216600
2179800
2221500
2213500
2219300
2241600
2228600
2219900
2233400
2223700
2237200
2224200
2240300
2224100
2211900
2211700
2238500
2220500
2313000
2234400
2254100
2251300
2224900
2235800
2219600
2216800
2220700
2237700
2224700
2177800
2239100
2226400
2250600
2222600
2214700
2216500
2218500
2216400
2240100
2214800
2228600
2211100
2229400
2217700
2203500
2216000
2220600
2214100
2200800
2222500
2226800
2216300
2219000
2220300
2218100
2249300
2232100
2216400
2205700
2216200
2233400
2204900
2227200
2226400
2234100
2224000
2236200
2216800
2214400
2220100
2184100
2219100
2222300
2219800
2217700
2215700
2237300
2851900
2317400
2224200
2328600
2290100
2324900
2333700
2275800
2218800
2214100
2147300
2212700
2164300
2213600
2214100
2220300
2225900
2228800
2215100
2225200
2222900
2235900
2220900
2220900
2160900
2363900
2215700
2185800
2220900
2225400
2224000
2207700
2222000
2221100
2216900
2203100
2220400
2220000
2231500
2231800
2223700
2229400
2222600
2243700
2246700
2222600
2221500
2230800
2214400
2242700
2247500
2217300
2219800
2192100
2223600
2215200
2219700
2223600
2216500
2153300
2215500
2213300
2226700
2215400
2217700
2233200
2210100
2212600
2229400
2220300
2213700
2219300
2219600
2215700
2229200
2215500
2234100
2218900
2180300
2208500
2209500
2221700
2222900
2217600
2207300
2215600
2220500
2210100
2220700
2229300
2211900
2220200
2224000
2223500
2209600
2187900
2216300
2238400
2217800
2195400
2215100
2213700
2217400
2212500
2227300
2224100
2229200
2170000
2206500
2237700
2219600
2193100
2153700
2223500
2205500
2182900
2217000
2215700
2156000
2226100
2217500
2274900
2221900
3223400
2237600
2232000
2287600
2308800
2271500
2223200
2207200
2309200
2320500
2231800
2248200
2225200
2285000
2311900
2313000
2227300
2302900
2312700
2292600
2229000
2236500
2226400
2216200
2219500
2220700
2164400
2257700
2220100
2229600
2247600
2222600
2226700
2226200
2223600
2255900
2199100
2227000
2212800
2363300
2322200
2348000
2378400
2387700
2231500
2275600
2268200
2289500
2285600
2439500
2337100
2320000
2364500
2374300
2311500
2234700
2218400
2218400
2221000
2213000
2208700
2229100
2233900
2215200
2216700
2215900
2221700
2179900
2213600
2217900
2221100
2218100
2214700
2233400
2230100
2217900
2216700
2214100
2232900
2286100
2248400
2342900
2394700
2341700
2273200
2212400
2226500
2219500
2221200
2232200
2224800
2214900
2212800
2207600
2224800
2227200
2237600
2217200
2218600
2212700
2234600
2214600
2236900
2221000
2214200
2215900
2234600
2212100
2238300
2219900
2217800
2231100
2213700
2216900
2226100
2216600
2212400
2229800
2222300
2212100
2226900
2214500
2232900
2970900
2517800
2713300
2738800
2713100
2461500
2672500
2820300
2710500
2251700
2225300
2156000
2363300
2221100
2213800
2152000
2218000
2217300
2222200
2154600
2225900
2225600
2232300
2222900
2247800
2243100
2219100
2225100
2230400
2201100
2220100
2222200
2227300
2216700
2228500
2242100
2235800
2220200
2225600
2222200
2218600
2242300
2239400
2219000
2232600
2255000
2253700
2241200
2233300
2240700
2247700
2257500
2235200
2247700
2241400
2221700
2230100
2224700
2310400
2323400
2412400
2406800
2338800
2400100
2443400
2364500
2285400
2362700
2202900
2215100
2213700
2228100
2210400
2219400
2219700
2213700
2213900
2222900
2225900
2210200
2211200
2215500
2212600
2226600
2215400
2226500
2242300
2220500
2221300
2216900
2230700
2215200
2222100
2220700
2219900
2218700
2153000
2214100
2235100
2215400
2221600
2214400
2213100
2120800
2229500
2219600
2214100
2229800
2214700
2212400
2337800
2573300
2214400
2214900
2214400
2217400
2168700
2229000
2249800
2228700
2226700
2176000
2743100
2239700
2214100
2221100
2213500
2176000
2220000
2233500
2153700
2222300
2223700
2220300
2234700
2218200
2212400
2220600
2218900
2179000
2238000
2214900
2223300
2213100
2221600
2244400
2219500
2243900
2222600
2223400
2224000
2234100
2222800
2215900
2218200
2216700
2226100
2217800
2218100
2221900
2213200
2211100
2249600
2215900
2225600
2217000
2209800
2208600
2219800
2226800
2210600
2194000
2211800
2237300
2228100
2184500
2207000
2216100
2218100
2173200
2310600
2484700
2305800
2214900
2232600
2219100
2220500
2240900
2245500
2285900
2213000
2224400
2222500
2213000
2213400
2231500
2218700
2221100
2167500
2152200
2216900
2219300
2216300
2232500
2214700
2223900
2233900
2227500
2221600
2251400
2222700
2222300
2233600
2229000
2222400
2235400
2222600
2175800
2228600
2216800
2209600
2255000
2218600
2216000
2199900
2219400
2211900
2227800
2244100
2224000
2209300
2228100
2235100
2212900
2217600
2228000
2219600
2205500
2271300
2415000
2331200
2347600
2329300
2326200
2389100
2919600
2319900
2325800
2366000
2236600
2215200
2387800
2230800
2214400
2213700
2210600
2214000
2162100
2214400
2217900
2229100
2213100
2218100
2214000
2213700
2215700
2231100
2219600
2213200
2208200
2220900
2235100
2237200
2218100
2214300
2161900
2227900
2229000
2222700
2440000
2308900
2314800
2240800
2334900
2270300
2347200
2319700
2322500
2302700
2308300
2345000
2265000
2214500
2218200
2370100
2189200
2215300
2217200
2259500
2223000
2283800
2215200
2215800
2214900
2219000
2217800
2223900
2217000
2213900
2223500
2229500
2220300
2248200
2214300
2227800
2232200
2225900
2214900
2215300
2218600
2217800
2216900
2225700
2220500
2330100
2208300
2325800
2241600
2215300
2250400
2216600
2249100
2213800
2221000
2221500
2212800
2218500
2231800
2217700
2219900
2214900
2222900
2255400
2216600
2214000
2221500
2217200
2148200
2224600
2213400
2215500
2226800
2223200
2248700
2222600
2223800
2219300
2166300
2236000
2226000
2218000
2224200
2217800
2226600
2436800
2419800
2572000
2690800
3325700
2434900
2680400
2687700
2727700
2256400
2224000
2224600
2223500
2216300
2218700
2236100
2230100
2215900
2221600
2217500
2222000
2222000
2146200
2215700
2213800
2230000
2229100
2224600
2219700
2217900
2218600
2224300
2218800
2228600
2238900
2219700
2223800
2222100
2216200
2224700
2158200
2214400
2252200
2200900
2217500
2261400
2223300
2231400
2232500
2217800
2219100
2156800
2217900
2159400
2229200
2224500
2218400
2224000
2170700
2243300
2226200
2218900
2222800
2220800
2218500
2239500
2213700
2214900
2182300
2219600
2222800
2213600
2216100
2214100
2219000
2219000
2236900
2215600
2215400
2214400
2230400
2215500
2217800
2213800
2214000
2217400
2226800
2230800
2216100
2199500
2218500
2217000
2213700
2186800
2214700
2206800
2205100
2203400
2238500
2222800
2229500
2193800
2218100
2227200
2216800
2180400
2197300
2223400
2208400
2189800
2214200
2155500
2208200
2230300
2218700
2159700
2205200
2221600
2202600
2209400
2165300
2160300
2215000
2219900
2212800
2209200
2218300
2674600
2215900
2152700
2111000
2230800
2204700
2198000
2169800
2146600
2206100
2232300
2164700
2205900
2217800
2221000
2164300
2267700
2226100
2233300
2220500
2290700
2306600
2264400
2227300
2293700
2233800
2266000
2223000
2247600
2227600
2277700
2299400
2269500
2214000
2272200
2261700
2271100
2212600
2195100
2222500
2200700
2247700
2216500
2212900
2221100
2207300
2221000
2159200
2213800
2221100
2206100
2210600
2220200
2211600
2212700
2223900
2130700
2202100
2181600
2220900
2229800
2214600
2179800
2256600
2221200
2242600
2191300
2215300
2218300
2212900
2195900
2222100
2213800
2218500
2218400
2214400
2194300
2209100
2225300
2210400
2203600
2210800
2226900
2214100
2203400
2217800
2216400
2166100
2258400
2212200
2212100
2199000
2155900
2214600
2186400
2195900
2208300
2203800
2218600
2180900
2217800
2216000
2213700
2166500
2195100
2217100
2214500
2219800
2215900
2209700
2207700
2214100
2287900
2317700
2236400
2238700
2316900
2281600
2311000
2330600
2312400
2340600
2890700
2323200
2323600
2234100
2232900
2218200
2210500
2217100
2217800
2245600
2161700
2223300
2162500
2219200
2216400
2237300
2213600
2220800
2222200
2217500
2230400
2215400
2221400
2249700
2355500
2298700
2458800
2431000
2317300
2280500
2404000
2336500
2371800
2458800
2320900
2268100
2244200
2221600
2215700
2213200
2237600
2216100
2237000
2216500
2218400
2226600
2223600
2230300
2187100
2218500
2229300
2225200
2229400
2236300
2230700
2217200
2214500
2217400
2228900
2220700
2216500
2214300
2229000
2213900
2242300
2213400
2226700
2222800
2219000
2224800
2314500
2240300
2300900
2342600
2215400
2173800
2217800
2214000
2233300
2156400
2217300
2310800
2363700
2337800
2350300
2271200
2393700
2355700
2262500
2375500
2360900
2241100
2228000
2157100
2217100
2209900
2221300
2219100
2242400
2216000
2214000
2228200
2226700
2219700
2231200
2157600
2166600
2233200
2213900
2218700
2218600
2220700
2215200
2218200
2213400
2214100
2348900
2436900
2521900
2729500
2633800
2665600
2547900
3469300
2754900
2520700
2545200
2625700
2225600
2217900
2230100
2220400
2214100
2225700
2215400
2220300
2215000
2225000
2226000
2218000
2225900
2217600
2218300
2225900
2230100
2219200
2214200
2218300
2213800
2240900
2221900
2220600
2227500
2219500
2395400
2403200
2418500
2402200
2390200
2345900
2280600
2214400
2251200
2239700
2287000
2287100
2237500
2223700
2222200
2227600
2262000
2544200
2650300
2466000
2695500
2620600
2260900
2232800
2243000
2250300
2176200
2223300
2232300
2223300
2225100
2224600
2249600
2228200
2226100
2224900
2226200
2221900
2176900
2224200
2222600
2227000
2224700
2225100
2493000
2502300
2361800
2254600
2234500
2254700
2245300
2250900
2222000
2228000
2228400
2226400
2225700
2223600
2225600
2225300
2230200
2204500
2225100
2214800
2212200
2222500
2399800
4039600
3586900
3492700
2429600
2315100
2220700
2218600
2225300
2222800
2231700
2219600
2216200
2218400
2223100
2220100
2261400
2214400
2221500
2226700
2215500
2227800
2216300
2223800
2213100
2219900
2728200
2254700
2230500
2220800
2240600
2228700
2224700
2232900
2225400
2229500
2238500
2223200
2268400
2227500
2223700
2241200
2221800
2233900
2281600
2232700
2221800
2240300
2225900
2232400
2212000
2225500
2246000
2217400
2226200
2228600
2264200
2221300
2243400
2223000
2234400
2225400
2197000
2158700
2215500
2255300
2224300
2226900
2216200
2216400
2226000
2230000
2249400
2214500
2213700
2217500
2218700
2234900
2250600
2215300
2218100
2209400
2220100
2260400
2212700
2218000
2214400
2217600
2214300
2194500
2156800
2217200
2221400
2218500
2216600
2225600
2215200
2218600
2215000
2225100
2223200
2161900
2221800
2214400
2218700
2219100
2238700
2230200
2218300
2217900
2216000
2239700
2221000
2242600
2278800
2350300
2377900
2289700
2291200
2301700
2264300
2239200
2262400
2226500
2323500
5025100
11989600
3897800
2256800
2232700
2232400
2153100
2245200
2213800
2216900
2216600
2222800
2159000
2222100
2218100
2153700
2229000
2157100
2233400
2217000
2214200
2216900
2230500
2328000
2845200
2241900
2369100
2365100
2341200
2310100
2318200
2309600
2334800
2406200
2247900
2219500
2221700
2160200
2214800
2240300
2214500
2219700
2218500
2235200
2212800
2236200
2219300
2216800
2218400
2220700
2217100
2217700
2157900
2234300
2252100
2225100
2233300
2214300
2218700
2219500
2216800
2246800
2235500
2221500
2222300
2215500
2222900
2236100
2228200
2215700
2218100
2219700
2226300
2215800
2222300
2200300
2205800
2212000
2241000
2215600
2236400
2217600
2220000
2227800
2213100
2220100
2227400
2221800
2215700
2235600
2223400
2214200
2223800
2214600
2214400
2216300
2215800
2219100
2225000
2216900
2235200
2214200
2232800
2220900
2222000
2246300
2223600
2219200
2224300
2228700
2218300
2220500
2138200
2215000
2224400
2231800
2220500
2223300
2213900
2217200
2153100
2210200
2289500
2259700
2396300
2391500
2494900
2676700
2630600
2588800
2640500
2667000
2695700
2594600
2224800
2223400
2234000
2243400
2215200
2216500
2213800
2216700
2216100
2215100
2220100
2208300
2770500
2244700
2234900
2225100
2223500
2233800
2226900
2261700
2222000
2215700
2228500
2218800
2256700
2229100
2222300
2218700
2220800
2223000
2242300
2225700
2230500
2218300
2221000
2165000
2222000
2225900
2220900
2226600
2221100
2225400
2264500
2159000
2160200
2338100
2225800
2220800
2226200
2318600
2215500
2215000
2224600
2216100
2218500
2368800
2227700
2224400
2240100
2375800
2276300
2227900
2230200
2222000
2232000
2257900
2223800
2225400
2220100
2245400
2212500
2226800
2223700
2219200
2223500
2225300
2176400
2157400
2227900
2169700
2230800
2224200
2245900
2229200
2222200
2221200
2225000
2276700
2266200
2220900
2217700
2237000
2218100
2222400
2222700
2226200
2209400
2216500
2219200
2245600
2159700
2227600
2187000
2219600
2189600
2239100
2225700
2215900
2195200
2226300
2219700
2250300
2227600
2237000
2212400
2216200
2740500
2834000
2609400
2714100
2718200
2331900
2234400
2250200
2218600
2236900
2223900
2246900
2231400
2226500
2236400
2265100
2218700
2255100
2234000
2753800
2219100
2220000
2220100
2343700
2349000
2234400
2313300
2306000
2496900
2437500
2335500
2267200
2391400
2328700
2374300
2348800
2459600
2270900
2224800
2251300
2207700
2219500
2215200
2216700
2229100
2219800
2220800
2212500
2215000
2223000
2157900
2226200
2214900
2225600
2213200
2243600
2218900
2212300
2215900
2215300
2219000
2235700
2319500
2315900
2310600
2349900
2318200
2221600
2217300
2216300
2211100
2224600
2227700
2235400
2213500
2217900
2228000
2219600
2219700
2221800
2214200
2212000
2216200
2223000
2213900
2242400
2217200
2214100
2272600
2213600
2216800
2345600
2221500
2216300
2216800
2219600
2160200
2225900
2215900
2233200
2213900
2212300
2219900
2138900
2214200
2239500
2219300
2157900
2222600
2360600
2365100
2394800
2404600
2372600
2298700
2370900
2397000
2377400
2337700
2219700
2168800
2234700
2220800
2213500
2214900
2228100
2229700
2217400
2214600
2214900
2214000
2158700
2233200
2153000
2216200
2221400
2214400
2219200
2145300
2223900
2221000
2222000
2739400
2243700
2219800
2220400
2217500
2223600
2253500
2210200
2218700
2222700
2137100
2214400
2248500
2204200
2827400
2344800
2221900
2226000
2220400
2218500
2217100
2213100
2232200
2230400
2212000
2259300
2215600
2218000
2183600
2218600
2214600
2214100
2214300
2213800
2229400
2216200
2172900
2194100
2227900
2241600
2219600
2233600
2227900
2214000
2212400
2231300
2155100
2245800
2224700
2225400
2220300
2218900
2224300
2225100
2215000
2248200
2241400
2213700
2219400
2158600
2220100
2224400
2239200
2214400
2201800
2214800
2221400
2232500
2201000
2214200
2230600
2225400
2225400
2253500
2225800
2219000
2176400
2152500
2234100
2214500
2214400
2220100
2534900
2571000
2222300
2189900
2228300
2247100
2420000
2439100
2217300
2215400
2145200
2331300
2449700
2438800
2779000
2813200
2753600
2629200
2827400
2842100
2603800
2249100
2220400
2226600
2230000
2219600
2230200
2249700
2225000
2218500
2218500
2231100
2214300
2168600
2224100
2221200
2223300
2203100
2252400
2225000
2237600
2724700
2252200
2171300
2216200
2157000
2210400
2220300
2244100
2221000
2295800
2257200
2224000
2219000
2556900
2720300
2224700
2223600
2222100
2249400
2230100
2221300
2216400
2219600
2219000
2238400
2215600
2213000
2217000
2215500
2220300
2221900
2216700
2215400
2218200
2218700
2218400
2221700
2214900
2215000
2184600
2213900
2233500
2218300
2221600
2223000
2220100
2242700
2154900
2221900
2217900
2212200
2221200
2214300
2221800
2217900
2210400
2217100
2228300
2215500
2169300
2219200
2224700
2158200
2220900
2153100
2223300
2219000
2221300
2240000
2217000
2234800
2174200
2218600
2227000
2223800
2211400
2224900
2212000
2219900
2202700
2210400
2220800
2230400
2316300
2282400
2340500
2281400
2303000
2280000
2300900
2347100
2271700
2319700
2315600
2226000
2333300
2245600
2219100
2216600
2226400
2217100
2231300
2214200
2227900
2213300
2215800
2232500
2215700
2223700
2214200
2224100
2222300
2229000
2218000
2215800
2219700
2218600
2176900
2214300
2213800
2217500
2215600
2727100
2273700
2300700
2323200
2312200
2335100
2346800
2307800
2308900
2313800
2333100
2390300
2322300
2241000
2219700
2225300
2220300
2275600
2227200
2221400
2164300
2226200
2235300
2222300
2229600
2223600
2215500
2219500
2226900
2168900
2219700
2212300
2226900
2243100
2223700
2218500
2216600
2212700
2215800
2224900
2244300
2384000
2276400
2341000
2202300
2214000
2214000
2219900
2213100
2153400
2218900
2214200
2217800
2217000
2218300
2245700
2215400
2191500
2212600
2227400
2216000
2221200
2216400
2162700
2162600
2214500
2242500
2208500
2220400
2234800
2213700
2225200
2214300
2213500
2218500
2211600
2229100
2234600
2148300
2224500
2213400
2216700
2219600
2158600
2199100
2213800
2229500
2212700
2215100
2228800
2214700
2156600
2230100
2218800
2222400
2218500
2213200
2214600
2229000
2213700
2210500
2223500
2149100
2224900
2213500
2219500
2221200
2207400
2208900
2197100
2181500
2237800
2229100
2190300
2204400
2207200
2238600
2211700
2200300
2215200
2209000
2191500
2230100
2748800
2215700
2167200
2198600
2234300
2218200
2184900
2198400
2214600
2208600
2216800
2240900
2223200
2193000
2188900
2224000
2197100
2215300
2177200
2201700
2209300
2227400
2217100
2198500
2152200
2165000
2149000
2219700
2192400
2217800
2151300
2199900
2243400
2216500
2180200
2187800
2219100
2211700
2175300
2224200
2206000
2194600
2157500
2236300
2199600
2214300
2208500
2213100
2158400
2315900
2235700
2214700
2217600
2304900
2305900
2275700
2226000
2239200
2227900
2337500
2268300
2214600
2218600
2323800
2157500
2274000
2216300
2224400
2213700
2175300
2208700
2214800
2218700
2212000
2222600
2208600
2235100
2208600
2209400
2202000
2209000
2212900
2232500
2167700
2203100
2206400
2215900
2192900
2146400
2216200
2394500
2482100
2532300
2799700
2806400
2464700
2823900
2837700
2778000
2327000
2300600
2223500
2256500
2178600
2214600
2214700
2223200
2215100
2230800
2220100
2216000
2218000
2219400
2235700
2233500
2218500
2155800
2240700
2139900
2233200
2324200
2216900
2216300
2729000
2219700
2156300
2156400
2213100
2225600
2215600
2250000
2158700
2225700
2227200
2221900
2223900
2214400
2218600
2213600
2229300
2227600
2226200
2215700
2166600
2219400
2218900
2218100
2222400
2159100
2182800
2222000
2222100
2224900
2221800
2219900
2223700
2219900
2263000
2219800
2222800
2199800
2223000
2168700
2217500
2216500
2221900
2207400
2198600
2225700
2229600
2215300
2235100
2216900
2214500
2222000
2212700
2216800
2199200
2218800
2230400
2211200
2227700
2230500
2178700
2234600
2221400
2223200
2218400
2220400
2256100
2229700
2214800
2223500
2207200
2213300
2224500
2239500
2227000
2220700
2238200
2244400
2244200
2219300
2223300
2228000
2159900
2260600
2379900
2303700
2319900
2333000
2307100
2276000
2311800
2325600
2304000
2269900
2475600
2468400
2344200
2366000
2435900
2357400
2234500
2219000
2214300
2217000
2219800
2238500
2249900
2334100
2329600
2353700
2413300
2367300
2360900
2401800
2357000
2341800
2217200
2219500
2218800
2212300
2221300
2234500
2852200
2294900
2241100
2333100
2328600
2350300
2232900
2269300
2370600
2278000
2305000
2375400
2301700
2241800
2238500
2226000
2217900
2219900
2223700
2224700
2242000
2219700
2296000
2237700
2223500
2235500
2221300
2226300
2240100
2223400
2229000
2236700
2222500
2212000
2430900
2931400
3638200
4476700
2230100
2227600
2243200
2217100
2225900
2238100
2213500
2246100
2221800
2226000
2220700
2256600
2225000
2238100
2229100
2218800
2220700
2209900
2231200
2173000
2212500
2214600
2220300
2243200
2232400
2215700
2153800
2214100
2209400
2240500
2214200
2216900
2213400
2213900
2220100
2269200
2493700
2400200
2396700
2506900
2532600
2480500
2383400
2411100
2441000
2511100
2400000
2394300
2499400
2496900
2435500
2496100
2485100
2215600
2216200
2221400
2217100
2250900
2227400
2225000
2222500
2236600
2223800
2318200
2354700
2394900
2220200
2216500
2234700
2288800
2298000
2229100
2220700
2217300
2221700
2218000
2214500
2233400
2222300
2214900
2233400
2219800
2216900
2224200
2156400
2762600
2323000
2224900
2252500
2219200
2223300
2220900
2180300
2217800
2156600
2224300
2221000
2237700
2237400
2246600
2224900
2227900
2223300
2226400
2292900
2243700
2217700
2224600
2167300
2197400
2255800
2219800
2221000
2219700
2223800
2208600
2228200
2161200
2219700
2217600
2231500
2316700
2240700
2157500
2220200
2227400
2220500
2247300
2220600
2225900
2222600
2221200
2210500
2220800
2216400
2213300
2165900
2211300
2230300
2225600
2202900
2204900
2206700
2214900
2212100
2281700
2363500
2215800
2198800
2248200
2215800
2248700
2283900
2356100
2481200
2579600
2535700
2497800
2594000
2502700
2490200
2441800
2483100
2484500
2536900
2520000
2517400
2536300
2819800
2769900
2686500
2599600
2743600
2839000
2564800
2498200
2555200
2609400
2643000
2640700
2626100
2738900
2688900
2596200
2579700
2583400
2575000
2579300
2619700
2708900
2657800
2567300
2634300
2488000
2460300
2501500
2467800
2416800
2480300
2458200
2443700
2486600
2533100
2410700
2441200
2476900
2496300
2584200
2733400
2231000
2225700
2222000
2201100
2219600
2217800
2215900
2214700
2213700
2216100
2225500
2226700
2223700
2222100
2247800
2238200
2229300
2229000
2223100
2172700
2208000
2226300
2222000
2225400
2223600
2232600
2165100
2219600
2226900
2217400
2222800
2238200
2224800
2221800
2220300
2162600
2169900
2242800
2227100
2221000
2226500
2223500
2229800
2247400
2219500
2220600
2224300
2234400
2223200
2267300
2155700
2222900
2222700
2226200
2227400
2222100
2224900
2224100
2246000
2217900
2223800
2260000
2240600
2310800
2242200
2262300
2281200
2212000
2305700
2290300
2286300
2319500
2319500
2298600
2256500
2265500
2218600
2221800
2218500
2214400
2220100
2218800
2224600
2220700
2216700
2229100
2217600
2220600
2215500
2211500
2216400
2228000
2217500
2214900
2217500
2222700
2231100
2225000
2212700
2220900
2217900
2220800
2398700
2457300
2281600
2319800
2320100
2252400
2302100
2312400
2296000
2291500
2367000
2282700
2218700
2214200
2215100
2217600
2237800
2218300
2222800
2213400
2693400
2210700
2162400
2216400
2216600
2220800
2216800
2234300
2220800
2215100
2216800
2214300
2224500
2219700
2222000
2215600
2212600
2217000
2231900
2217300
2214900
2215100
2226900
2213700
2217700
2236200
2223500
2217100
2220400
2220900
2218500
2223100
2224600
2161900
2254800
2205000
2159600
2233300
2221700
2218100
2219000
2220100
2217100
2222600
2218400
2217300
2237000
2212400
2222100
2410700
2469500
2504500
2327300
2250100
2324300
2243700
2224600
2216400
2217500
2227000
2246400
2219300
2158500
2230600
2147400
2216100
2174900
2219900
2213400
2159700
2218500
2222300
2250800
2222900
2214100
2360300
2258800
2219800
2219000
2276700
2205800
2223300
2237700
2220400
2224500
2320300
2270100
2216800
2257500
2312300
2261900
2218100
2210800
2222200
2223600
2248900
2216000
2157500
2217900
2229600
2202300
2244500
2213800
2217900
2213500
2217300
2231200
2184100
2220200
2213900
2220200
2153300
2242500
2224900
2212200
2158100
2214800
2233700
2225400
2215300
2220800
2215000
2771500
2209300
2243600
2251200
2149800
2188300
2237500
2183200
2216900
2213400
2217200
2184700
2218400
2212700
2204900
2181000
2207300
2219000
2212000
2181500
2207700
2207600
2213100
2223800
2202000
2250400
2213400
2203500
2217800
2211400
2205800
2215000
2220700
2202800
2227500
2232000
2148100
2198900
2214600
2214900
2151400
2188500
2217500
2202700
2162100
2214000
2203500
2198600
2165900
2228600
2204200
2222900
2167000
2193500
2154300
2209900
2199900
2189900
2221500
2204900
2209700
2212900
2212200
2192700
2218700
2209300
2199700
2223500
2219200
2175000
2190600
2218500
2347000
2427900
2398000
2723100
2618100
2633200
2483100
2742400
2628900
2747800
2225900
2223200
2235400
2159100
2224000
2214400
2223900
2221900
2217500
2216500
2225600
2217400
2225600
2213000
2215700
2214800
2213000
2219500
2221900
2221000
2216700
2217200
2223800
2225800
2232000
2213900
2217800
2211800
2240100
2220600
2224900
2215700
2220700
2218400
2230900
2175900
2228900
2223900
2216100
2228000
2223800
2782500
2222700
2216600
2217900
2215900
2231400
2224100
2230400
2220300
2246300
2251700
2301500
2405700
2365400
2413800
2355600
2346200
2335400
2374500
2359200
2301400
2222300
2378800
2257100
2460200
2380800
2313200
2302500
2352400
2322100
2371100
2423100
2298400
2296400
2303400
2306500
2223900
2221600
2210900
2218300
2212600
2215600
2218500
2217000
2230800
2215100
2229300
2216100
2224000
2214600
2230700
2216000
2215400
2214200
2215800
2214300
2232500
2233900
2215400
2222200
2217800
2218300
2274900
2643100
2255100
2229500
2233200
2287800
2325100
2337600
2272100
2219000
2215500
2159400
2220600
2220500
2220300
2214800
2221900
2233500
2218100
2223600
2163300
2214200
2215500
2248700
2216800
2215300
2214600
2220900
2258200
2305600
2215000
2215200
2153800
2216900
2234900
2225400
2218400
2222700
2213700
2235900
2221900
2197400
2213700
2217200
2223000
2216600
2238700
2224600
2220500
2224300
2230300
2230000
2593300
2499300
2229500
2224000
2231000
2245900
2221800
2217700
2229200
2774000
2217800
2228400
2212600
2219600
2222100
2209900
2217200
2394300
2441700
2439300
2219300
2218300
2215400
2156900
2216500
2213700
2218000
2262200
2256000
2263200
2214300
2239100
2212500
2161100
2227300
2224900
2226700
2216100
2218900
2219300
2233000
2227900
2236700
2225000
2226400
2218100
2248500
2239500
2227500
2219100
2222300
2229100
2244400
2239200
2214000
2221100
2220600
2223400
2231300
2220300
2227200
2227100
2223600
2231900
2253000
2222700
2219900
2226100
2220900
2217000
2266400
2215200
2226100
2171200
2214200
2225000
2223400
2211900
2208600
2217000
2220200
2208400
2215000
2215100
2212800
2219600
2222000
2166200
2151600
2179700
2153900
2208700
2231300
2222300
2213100
2225900
2213900
2226400
2207700
2219300
2132000
2202600
2194400
2141900
2202800
2233400
2209200
2207400
2232400
2212900
2169600
2214400
2221300
2212500
2179600
2221100
2209400
2213700
2190700
2211300
2215000
2200800
2183400
2204100
2195000
2238500
2155300
2198200
2236500
2364900
2256200
2340500
2859300
2309000
2281700
2388800
2312300
2351400
2330300
2308900
2332300
2258200
2211900
2209300
2221800
2219900
2234800
2216200
2219800
2219000
2224800
2215900
2232300
2187200
2226400
2228000
2247000
2231500
2214700
2223100
2218900
2223700
2245700
2208100
2226200
2214200
2223200
2221700
2272800
2176000
2361800
2259800
2215000
2220300
2217300
2206400
2158900
2217100
2217100
2213400
2216100
2225400
2213000
2220900
2223800
2215100
2215300
2214800
2222000
2212600
2217900
2216300
2224600
2219900
2220000
2212800
2230800
2240500
2315800
2496600
2615900
2739400
2719300
2451400
2724300
2723700
2762800
2222000
2240600
2219700
2230100
2213900
2207500
2155800
2225800
2225500
2231700
2220600
2223100
2213500
2223800
2218600
2223200
2214100
2214500
2225300
2214300
2215700
2215600
2212500
2224100
2228800
2167100
2224900
2228400
2219600
2235900
2220600
2216800
2153300
2221400
2221400
2217300
2226400
2215500
2222300
2214500
2226500
2225800
2222200
2218800
2214700
2218800
2219400
2743400
2215600
2216600
2218800
2233800
2221100
2220100
2222100
2220800
2220200
2229600
2219200
2216100
2212600
2245400
2241200
2218100
2215500
2124700
2215800
2216900
2174900
2216900
2224000
2205500
2217900
2135900
2233300
2197200
2214500
2223300
2157200
2242000
2199900
2213100
2216300
2189600
2161900
2221700
2217300
2214200
2213300
2145800
2165600
2214400
2159700
2205100
2153300
2153800
2216100
2220100
2207200
2223500
2164900
2154700
2205800
2222300
2225700
2210900
2217000
2247500
2185700
2212000
2203900
2173200
2211900
2228800
2216700
2218500
2191100
2218000
2213900
2211100
2203800
2201700
2210400
2208800
2245900
2215700
2210000
2204800
2216800
2216300
2200400
2219600
2232200
2153900
2222300
2208200
2211500
2198100
2342500
2235100
2234200
2214000
2315600
2272400
2229700
2215000
2222100
2260000
2245000
2364100
2277300
2235800
2251100
2363400
2262000
2218000
2239300
2245100
2215000
2254400
2223500
2177600
2206500
2258700
2218600
2198800
2209900
2220200
2218100
2152500
2728300
2214800
2215100
2186000
2202900
2288900
2222100
2220300
2219900
2201300
2214800
2166500
2215300
2213800
2213400
2219000
2211900
2212500
2213500
2214200
2217700
2218400
2235000
2224500
2215700
2223900
2211900
2223700
2233300
2213500
2200300
2206400
2222100
2231100
2202000
2220400
2214400
2214000
2199400
2226300
2239400
2435400
2307400
2290400
2327700
2272200
2201300
2287400
2325000
2248100
2333900
2339600
2339800
2360400
2230600
2232400
2217100
2169200
2211800
2216000
2177300
2212300
2215400
2227500
2218400
2214100
2235400
2222800
2215000
3155600
3592600
2305500
2219500
2230500
2238600
2220600
2238800
2226200
2156600
2242800
2407400
2316200
2509300
2428100
2340100
2368900
2332600
2260100
2367600
2257600
2256400
2227200
2229800
2224500
2220000
2229900
2237800
2232000
2222900
2221500
2222100
2223600
2221400
2236100
2216600
2223100
2222100
2218700
2202200
2225100
2225600
2225900
2249800
2247900
2216100
2218700
2221300
2217700
2228900
2223000
2238900
2225900
2223500
2712300
2199000
2239400
2217000
2218300
2162700
2221300
2163500
2161800
2218600
2216200
2218800
2221400
2217700
2224900
2218500
2213400
2223500
2219800
2213500
2223100
2215700
2222900
2214000
2226000
2238700
2267200
2320500
2345300
2310600
2376100
2383900
2382300
2346600
2332100
2378300
2282400
2176300
2215200
2219300
2217300
2216300
2216800
2219000
2220300
2237500
2192000
2228900
2220700
2158900
2212100
2217900
2216000
2216400
2218000
2215500
2219200
2213700
2215400
2322100
2405100
2604400
2613200
2805000
2453900
2738200
2795700
2727300
2360200
2295000
2338600
2360200
2315000
2309800
2359600
2251500
2530500
2584200
2268600
2934700
2465100
2261100
2216200
2222300
2220100
