541700
558600
566200
561800
563500
562600
562800
563200
565300
562000
563000
562300
573900
562700
558000
563900
563100
562700
563500
563900
564000
565300
562100
563200
567000
565500
561100
562300
561700
561900
561400
565300
561600
561600
561100
561300
562200
562700
562000
567900
564700
585900
561700
563400
562200
563600
562100
563300
561800
562000
564700
562900
563000
562800
563000
568000
579700
572500
621700
611400
585200
601900
609100
563100
563500
631800
563900
563000
560600
566100
541200
561600
588000
561300
562200
562000
562000
560700
563300
561000
564100
562500
562900
562800
565800
566500
563100
564400
561600
561800
561600
562100
563200
541200
562600
564700
563500
565300
562600
566600
563300
562900
563600
563700
561500
561400
563300
562400
562300
561800
561400
562100
561500
560300
561800
562600
563100
539700
562700
561200
563400
562500
562300
563500
561300
565000
562600
562900
566100
563600
562800
564900
562400
563200
564000
566200
562800
565100
563900
562800
563700
562800
562900
566500
565100
561500
569400
604700
596000
603500
560800
562300
618900
563300
567400
562800
562800
568000
562900
562400
563200
563700
563500
563200
563500
561000
560800
562100
563700
561100
560900
561800
562600
562800
561200
561300
577100
561500
561100
561200
560600
563200
563200
561500
561800
560800
561700
562100
561500
562200
561300
563300
564900
562900
562800
560200
563000
562000
562300
562100
563300
567100
562800
562200
562600
561300
562100
562700
564600
564400
563300
566000
562600
562800
563000
563200
567700
561000
561900
562400
561400
561600
561300
562000
561400
561700
562300
561900
561300
562000
568000
561700
561600
592100
566000
628800
594000
566000
562900
569200
564700
562900
562000
564400
562800
558700
560700
560600
562000
561400
560900
562400
561300
562500
561400
562400
560700
561500
562900
561600
561100
561700
561400
561200
561600
564000
563600
565400
563500
564200
565500
562400
563300
562700
579900
562600
563200
564300
562700
563300
563500
562900
562000
562400
563400
563300
567600
562300
561700
561700
562700
562000
562700
561000
562100
561700
563200
562900
563500
562800
562900
563300
563500
580200
563200
564100
563900
562600
565400
565200
565300
566000
563900
564900
564600
565300
564400
563900
581200
562500
562800
563400
562500
563000
564000
570800
564400
562200
561800
563800
563700
563100
548500
562200
562800
561400
562300
562900
562000
563700
563400
563300
562900
563400
562600
562700
561700
566500
577900
563500
563100
562800
562300
1309600
561400
561200
561600
560800
561600
561000
562900
575200
582000
568800
563200
572000
564300
563600
563500
563200
562600
563800
565400
563100
562400
562600
583800
562300
569700
563400
563900
543200
562400
562800
563900
562600
562900
563100
561400
561700
561700
563900
562300
562000
562000
562700
563400
563300
562000
562200
569300
570100
610600
562800
563100
564000
581900
555000
563200
563800
569600
563700
563100
562800
563800
563600
562800
561700
561600
562500
561800
561200
560700
561500
562500
561100
561200
561300
562100
562800
561900
560800
561000
561600
561500
564300
561300
563100
564300
561800
563400
562700
562500
562500
563700
563100
614300
566500
565800
562800
577800
563900
561400
562000
560500
565800
561000
562800
561700
561000
562800
561800
561500
562100
561400
562000
563200
562200
558500
563300
562900
563200
562800
562000
562300
562500
564500
563800
562300
575600
562800
563100
563500
562700
563800
564100
563900
560900
562300
561300
562000
562300
561900
562200
562700
563000
560900
561400
561600
561600
563700
561900
561300
561200
543600
562600
562900
562600
578300
563200
563500
562700
562100
563400
545900
564100
579900
566700
562700
561400
561000
561900
562400
567200
563000
560800
562000
562100
561400
561700
561100
561900
563000
564500
563100
557300
562800
585800
563100
563500
562700
564000
564100
563900
562500
564600
540600
565300
580300
1442800
803500
2234300
564900
568000
583600
563300
582300
615400
588200
552600
574100
567800
609400
570000
606300
595200
567400
561900
571200
594700
620900
639000
594900
560700
564200
561200
551900
563700
562400
635700
564400
561800
563800
571300
575300
561100
561800
557300
584000
563000
565100
562900
562300
633800
608800
608200
627400
603800
643400
644800
686500
679100
652500
666800
651600
564800
577800
626000
699700
669200
652800
673100
683300
707900
705600
544700
616300
563900
548600
562800
563100
564300
564400
563100
563600
564600
564000
567700
562700
573700
576200
570100
564000
612400
564800
586200
612300
568100
543200
568400
605400
626300
574900
579400
598200
620600
568500
581100
568700
565700
564100
583200
568200
598900
572800
584800
560400
585300
572500
606200
573100
571200
579200
565000
564500
570500
564700
565800
565800
564200
587800
564800
564400
563500
563300
567100
564100
564400
568100
571200
564600
564600
566200
562900
567900
563300
567500
563800
564300
564800
566400
565300
562800
564100
545800
564500
564500
565600
565200
586600
564500
567400
564600
564900
564100
566400
565600
562500
562100
562700
562500
563900
563400
586700
564200
570700
588300
557300
580500
564300
579900
569200
587400
571400
564900
568200
594700
607300
615100
598900
621800
619900
574300
584700
559500
563400
605900
638100
585000
613700
563500
647700
564100
596300
550300
581000
573000
587000
622500
565700
564700
570900
564900
565300
590500
564000
564900
565000
563400
565200
567700
564600
594100
563500
564600
560800
561100
561300
562300
561900
561200
540700
563300
562800
563200
564000
563800
563800
564000
566400
564100
564400
567700
561900
561700
560900
561400
619400
612200
603300
598100
597400
621200
620400
620800
610100
625000
596200
603100
607800
610200
620500
607100
607800
596700
622300
607200
598500
598500
609300
625800
606600
620200
597700
596700
614900
606900
626200
613500
599000
594400
622500
619700
602200
605400
620700
1285900
563700
562200
563300
563200
561900
563600
563100
563300
562300
563300
561700
566400
564200
562700
562300
564200
562800
562900
565400
561900
561700
562500
562400
563700
563000
567000
578700
564000
541600
563700
562800
562400
562800
557200
563500
563800
563900
588300
563800
564500
562700
565200
564100
568400
574700
574900
566700
610300
564000
562200
539700
561800
561400
562700
561300
584800
568800
561400
563600
583200
564100
563700
561500
561300
563100
563800
565300
563400
565300
563100
564100
565600
564800
564700
565800
568400
562500
566200
568600
563700
568600
565000
564400
564300
563600
555700
563700
563800
563400
564400
565600
551500
564000
565200
557900
565400
566900
567700
567100
565300
563100
566700
565500
543200
568400
563400
564900
569800
561200
561600
561500
541300
562500
570500
562100
565500
561700
563100
563700
562000
563000
565600
564000
564900
562400
593400
564100
563700
565700
565400
633400
574800
604600
567400
568500
578000
608100
627800
622100
624600
646800
599200
562800
562300
563400
562900
563100
563800
575700
564100
564000
565300
563700
564800
564900
565500
564100
567600
564000
564600
570900
564600
563800
1283300
976900
1000500
721800
715700
660400
561500
567300
561300
561000
562700
567500
563300
562800
564500
563400
567400
564100
564800
563400
565100
564700
565300
563700
564800
566200
571900
563400
617600
612100
609300
593100
615500
583700
600700
575400
549600
584600
567600
590900
587700
594100
611400
611200
575000
639600
560600
631200
565200
608400
567000
564900
564500
568200
566200
564100
564400
564000
564800
543100
565400
564600
563900
565400
565100
563300
604300
563000
564500
562600
563800
580500
564300
566700
563100
560900
561900
561500
560800
562500
541300
562800
563400
552900
564800
591200
565200
564500
567200
564400
566100
565700
572000
564600
563900
562700
562300
567300
562000
561300
540000
539200
565400
563200
563300
564100
562600
563500
564200
573900
563700
565300
566500
564900
562700
561200
561600
561800
561400
563200
562600
567700
561000
563000
564600
543000
562900
556300
593500
563000
564200
562000
563400
563400
563500
563100
562500
561600
561000
563200
561900
560900
562100
561500
561000
563400
563000
563200
563000
564000
564800
562600
561700
562900
563800
562700
561900
578500
580000
629800
697600
642200
704100
564300
562300
564300
562100
562600
562300
562600
562500
590100
573100
561700
561800
562500
562600
567900
563000
562700
562800
562200
563500
563200
563400
579700
563600
564900
560700
561000
561600
561600
561300
561500
562400
561700
570600
561000
563000
580000
562400
563500
562900
579200
567700
570300
565600
561100
561700
561100
561700
561100
561400
563800
562300
564800
540900
562800
561500
564200
562300
562400
563500
563300
542300
542600
561100
562200
560800
560900
560600
560800
560900
561700
563100
560700
562000
563100
561700
562500
563300
562800
577500
563900
563900
562300
564000
561400
596900
562200
562100
563500
562300
563800
565700
563300
564300
578300
561400
561800
561600
561500
561700
542300
561000
561500
563400
562600
563000
562300
563100
589800
563600
563100
563000
564200
564300
563200
589600
562500
562300
561400
564600
561500
562500
561500
563500
564300
562600
563000
562800
563800
563200
562600
562900
563100
563600
562700
562700
562100
561300
560900
561000
561500
560400
560700
562000
561000
555700
561100
1219400
560900
560300
561400
561400
561200
564300
561400
562400
563300
564400
563100
563700
563200
562600
563700
562500
563000
578800
565000
564100
561900
561100
562200
561800
562900
560900
561800
541100
561400
563900
562400
581200
563100
540800
574700
568500
568200
605900
567200
565300
564800
567400
564400
564600
564800
564400
565200
541500
563300
564000
564100
541500
563300
564100
562700
564200
569300
563500
564200
563800
586100
563100
561800
561700
560600
562400
561700
561500
563700
562400
563300
562900
562500
562100
578300
564300
563000
562300
561500
561400
560300
561900
563000
560900
564000
587800
564700
563000
578800
563100
562900
563000
563200
561200
563500
562300
561200
561900
561500
561400
561000
561700
567200
568200
562300
563100
562800
562000
562600
541800
564000
563500
562700
565600
561400
561800
562700
562200
560600
561900
560500
562900
565300
563200
562600
563600
562100
563200
561900
563700
562900
578700
565000
561300
562300
562200
561000
562800
561900
561600
561400
562500
564700
607900
563000
659100
562600
563200
562200
562900
561500
563200
561700
561800
562000
561200
562300
562200
541100
561500
564500
611800
571100
563000
569700
581000
563200
611000
571200
587000
547600
562200
565700
591600
561900
592400
571300
583300
569000
567000
567800
609000
613900
562200
562900
605600
607400
565100
561400
590900
600100
562200
601900
621500
562900
563400
562700
563200
564900
562000
563100
561200
543200
563600
564500
549200
563300
568800
563700
565200
564900
561400
562100
560900
562200
562000
563100
563900
649200
564300
564200
566100
566800
563200
565500
545300
562700
613400
617800
577700
615400
561200
648800
691900
694400
699100
705000
693000
656300
679200
674700
567400
680400
706600
682200
682400
663100
722000
710800
685100
576000
563600
563100
563900
564000
564300
562800
562200
562800
577100
573100
564300
561100
561700
563800
580500
614700
563200
571700
581300
571700
578100
572200
581700
573800
593200
572500
618100
587000
573400
562100
571700
639000
606700
572400
562000
576300
600800
651300
572900
574800
588800
562900
566100
563000
561500
562900
562000
561600
561700
561900
561600
563100
562200
563500
562800
561900
563800
563500
582100
562400
563600
565100
562800
563700
562200
539800
561900
561200
561300
563300
566800
561600
561700
563300
563600
564000
562800
563100
562700
562500
567400
562300
564000
563100
563800
563300
561800
579500
560700
562000
561900
561900
561900
561800
562200
569000
594000
570900
563700
562700
562600
578400
562800
564700
562900
562600
562900
565500
564800
560400
561500
561900
605400
561300
561100
568300
561100
572500
593200
566200
577300
565400
595700
634600
588600
559500
614400
623900
568000
564700
553600
633200
564300
611300
564100
585100
627700
564900
571000
636900
608400
569300
540900
571100
587000
562800
570700
562900
564200
562900
563600
564300
563600
568100
564800
565100
563500
564400
563300
564100
564500
565200
565700
565100
565300
566300
567400
584400
563500
563500
565600
558000
564400
563500
567300
563100
564000
563900
563100
563200
562600
562500
566500
563600
569800
581500
690800
645300
660200
696300
634300
670600
674300
675700
704800
674300
670800
664300
687400
716600
573900
564600
564100
548700
569000
563800
565500
565700
564300
549300
589300
570900
564200
539500
562600
612600
600300
564100
603500
627100
560900
561900
1271500
568800
577900
563400
590100
565000
611300
571400
577900
571800
563600
566400
563600
563800
582400
582100
586600
620300
563200
570900
563100
562700
540700
561200
562700
562600
563200
564000
568300
568000
563300
562100
563500
562900
562600
562500
564200
564300
562800
562800
563500
564500
562100
563300
562500
561200
561800
563600
560800
561600
564300
564100
564300
542600
564200
564100
567000
565500
563900
563500
564800
564500
564900
564200
563200
562800
562800
562900
562600
560300
561100
562000
675100
714400
716700
569500
566000
564600
565400
568200
564700
567800
564400
563700
568100
568600
591000
566500
564700
568900
626100
577600
571000
561300
613100
595300
561500
543900
611400
563100
600300
565600
582400
546400
581700
568200
598300
564000
607700
614400
563400
564300
564500
566800
565500
563900
563500
564100
562500
694700
730700
606700
564100
568800
564800
565900
564900
564100
590500
564000
595600
587600
572400
648300
645800
633700
563700
562700
562800
565300
564900
587000
567000
563400
564400
563400
543600
564500
564100
564000
564600
565700
564800
564600
564900
540000
563200
564100
578900
570000
564800
550800
563000
562600
541600
561600
562600
562500
563000
562000
570500
562900
562200
569100
562600
561600
562100
561200
561900
561600
565200
563000
561600
562400
580400
563700
564500
571400
563200
555500
563000
564000
564800
541300
563800
564700
563300
563800
562900
580800
561800
561900
562000
561400
561700
560900
561800
560900
553200
561400
563600
562400
562900
578000
563200
563400
563200
572500
563900
564300
562700
565000
563700
563100
564600
563600
565100
566200
565000
565000
573000
541400
572700
563800
567000
564800
572300
564300
564500
564200
565800
592700
564700
564600
566800
652400
627900
624400
596700
624700
598300
597200
623200
623700
643800
627900
608000
605500
602400
622600
601800
605900
614500
564400
563500
566600
565100
565800
566100
563800
566400
567500
565200
579400
565500
563200
564200
565000
565500
565600
542500
564100
584500
567100
568700
542300
564900
552500
562100
561600
561600
562300
561900
564700
562500
560700
560800
562000
562600
565100
568900
564100
569400
568300
563800
564800
562900
564100
564800
564000
579400
563100
566300
564800
562600
563300
571900
545000
569400
565900
544000
566200
569700
564000
566800
541700
564900
563700
564600
565200
578800
567600
599100
560500
561700
563800
563700
564800
563500
563700
564600
565800
564300
564300
564400
566500
561500
562200
562500
562900
566100
563700
564500
583700
565700
564200
566000
564700
564400
570300
568900
564900
562800
561300
561900
562300
562900
587800
564300
565000
564700
564700
564100
563700
566500
565500
563800
564600
567100
565800
564600
566700
564600
563600
565800
564500
567700
567400
541200
562600
564200
567000
565200
564100
564400
563800
563200
565700
563200
564900
562600
563500
569000
569700
542000
566100
564700
566100
564200
565300
638400
636700
573000
564600
573900
564500
578600
543500
564600
564000
573200
582700
585900
562800
586900
563900
564500
562500
562700
573400
566800
563900
563100
562400
565000
566100
625400
643900
542100
564000
565100
570000
568500
550400
842200
634900
1760000
629900
601800
592500
563100
563300
606300
576600
571500
565100
566800
543800
562000
561500
561100
561900
561900
560400
567100
561900
561400
562900
594000
577100
607600
563200
567200
1316000
570000
564600
564900
564200
563400
564300
566200
565100
541600
569400
580100
614100
561600
572700
570000
563100
543400
602900
645800
563000
566500
567500
598500
625600
561500
614200
578900
569700
574500
580300
565800
591900
563900
566800
570900
574200
571900
585800
562500
605200
563700
577900
616500
567700
564900
563200
563000
565800
563300
563700
563400
563800
591400
574500
563300
564000
566100
562900
563600
557300
561200
557500
562100
561900
563200
561200
560700
562500
561500
564700
563900
565400
565800
562200
566400
566200
565000
565100
564800
559200
564600
564800
580400
561600
564800
560800
561400
561600
561900
561000
564200
560900
564500
562600
566000
563200
561900
568000
563600
562200
562100
563100
563900
584000
563300
562000
563100
563200
563000
563000
563800
564600
564100
557500
563700
566700
574000
571700
565600
561100
560300
563700
618800
563900
583700
563600
576500
571400
631700
625200
563400
603400
649100
564500
565000
580100
591800
613100
563900
571800
565300
572200
568300
592700
612700
568400
593900
563900
570100
562400
561600
568800
563900
562400
563300
563700
564700
570500
569200
563000
569200
564400
564900
564300
563700
563400
583600
565600
564400
564600
566500
562500
562900
589500
564400
564600
563600
564200
565600
567100
564100
563300
565100
564000
578300
563500
562600
580500
561700
544700
541400
563500
568000
564000
567500
563800
563400
563100
570100
564400
562900
561300
560300
562500
564600
565500
564500
564300
632100
607200
627300
655800
565500
675400
721900
660000
701000
735100
761400
724700
678400
588600
691600
696800
688100
688500
668700
598200
665300
571000
575300
591900
563900
585500
569900
568600
559100
563000
571000
573500
564300
568400
564700
565000
561500
629100
612100
572600
567500
565000
564700
563500
564500
563300
564700
566500
564300
562500
563000
563300
563800
563400
563900
564800
568400
564700
556000
582500
565900
566000
564700
561300
563300
561400
564000
561900
562600
563400
564200
567100
567200
564600
567000
566200
564500
565000
565300
564200
561900
561600
562100
542700
561800
563200
563800
573900
564400
563700
563400
564800
563900
563500
564600
563600
543500
563800
564100
564100
564800
563800
568100
594700
611700
564900
630800
619500
568900
578500
623100
601100
569700
588700
567500
573100
595100
612100
563100
612800
575300
579600
572000
608700
641000
563000
548000
632100
564400
620900
570800
585800
572100
567000
564700
618000
565300
564200
563700
565200
563300
562400
566700
587100
565700
565000
566400
564500
568800
564100
564300
565100
563600
562300
562500
562800
563900
562800
631400
622000
597500
601100
623300
609100
626300
602100
623300
630800
622700
623800
622700
595500
597200
626700
621200
622000
600900
597800
622300
593400
624600
622400
600600
621600
636100
630100
626900
641400
666900
635100
625500
620100
625300
623500
661300
644500
651400
642900
615600
603800
643700
650500
641800
650900
658700
631700
644700
620200
617000
635500
640100
666600
609100
606700
617600
608600
623900
660500
641600
624900
606700
622200
638000
605300
608000
608600
606200
622900
605500
620600
607400
587700
606900
595200
603400
602500
607000
603400
623800
602100
599300
608800
564400
564300
562800
562500
563600
562600
564100
563500
564100
562800
563600
562700
543300
567100
563300
562100
563400
563300
563400
564100
563800
563100
564300
1235800
560000
560800
561400
560300
561100
541100
561600
561500
563000
561300
563600
584100
565900
565100
565100
563600
564600
563700
566500
563000
564200
563500
563300
563900
561900
562100
590900
564500
566700
562900
561100
562200
561400
561300
562500
561000
561200
564500
561200
561100
582400
564000
563700
572000
562000
690500
710300
690800
618900
563700
563100
562700
562900
562300
578000
562200
565100
562400
560100
563500
562000
563900
565100
543600
566000
567600
568100
564800
569400
564600
563900
564700
553900
563000
562500
567600
564000
560400
561500
561800
560700
560600
562000
539500
541000
561000
562400
541100
562700
631400
541500
581600
562500
563300
562600
562900
562900
563000
562700
562700
563100
562900
564900
565400
563000
563700
561900
560900
562200
561900
561300
563400
565900
543400
565000
563600
563800
563500
544200
564600
565300
544100
564200
563300
564200
563600
580300
566000
561500
560600
561600
560400
561200
564200
562600
580200
561900
563000
563600
561300
564700
561400
561600
561600
560800
561400
562800
561100
539500
565100
564600
561800
561300
561400
561100
561600
562400
562900
563100
563200
565100
563200
564300
568700
563200
563200
561800
563400
562100
563300
590300
563000
564100
564200
564500
565900
564500
568300
580600
550600
563600
563800
563500
562800
562100
562600
558200
562800
566100
562000
557400
566600
563600
562500
563000
563100
562900
579700
564400
562100
562900
563300
564400
564800
565100
565000
571800
566000
565100
566000
565400
564700
565400
564600
562000
561600
562300
563800
562500
561100
561300
567100
562700
563400
562200
561800
582100
563500
562400
563200
539900
562100
561300
562400
561000
561800
563800
570500
577400
585900
633500
590000
617700
564600
564400
566400
565300
563800
565500
564100
564800
571000
563800
562600
562800
589600
562800
564100
563500
563200
564200
562900
563400
563100
568400
566900
567100
566000
564300
591200
564700
565500
562500
570500
565200
563900
564900
564300
564700
563600
565300
565800
564300
568100
565400
565400
564900
563200
566000
563900
564700
564300
547300
565100
564900
563900
562500
564300
573600
564300
564800
571600
569100
600400
570000
582300
568700
564900
568700
546500
572800
566800
583200
566600
567300
544300
581100
611600
562800
567400
563100
544900
562000
561300
568400
592400
625600
564900
563600
574500
568700
564900
564200
565300
564500
564300
565000
565600
563800
574500
592400
563900
563300
563000
563400
568000
563500
562300
561800
563800
562300
556500
561600
560900
562400
568400
564300
563800
565800
567700
564800
565000
564800
542200
563700
564200
564000
565600
565900
574300
565500
564300
563100
564000
563200
563700
562300
563600
568800
564600
563500
562500
562400
564300
592700
585700
562900
581900
599300
562500
571000
577700
562400
584000
612700
561200
571600
594300
550300
602700
564900
600600
600400
565200
621400
620700
580500
564400
565300
564400
578600
626800
587400
568300
563200
613100
571500
599100
572800
565600
565300
565200
564900
544000
566100
567700
560000
564200
565900
564300
564600
563900
564600
564800
564500
565800
561800
563900
562100
563700
580600
582900
568500
563700
556700
535500
563700
576600
571900
565300
563800
564000
565100
568500
590600
558100
565900
560900
563300
542100
561700
561600
562200
562900
540100
561200
561300
563500
542600
595200
568200
573200
1281100
563600
561100
562400
617700
574600
583600
588500
561400
601400
575500
572200
618800
563800
589000
610700
563100
563200
564300
565800
590800
562700
597500
618000
591300
551100
584400
673500
561700
577100
546900
575600
613400
565000
564900
564700
565200
564700
564700
563800
565400
564800
564400
565100
564100
564300
563600
564700
565200
564500
563900
563100
560700
562000
562400
561600
562000
541500
565100
562400
563900
564100
565300
563700
564700
563600
564000
544100
563500
542200
568600
571500
564300
564500
567400
563500
563500
570300
567200
565500
562900
585500
563100
565100
563600
563400
565700
569300
563400
564000
563500
562500
563200
565600
564700
565200
566500
566100
543600
564900
564900
564600
564000
612100
605300
564500
566100
623600
593400
561300
588100
607000
573100
543600
563100
596000
616800
565400
613700
564900
607400
593200
564300
563800
586800
563700
563100
564300
564400
659200
564400
568100
563700
564800
551400
564400
563300
563700
564100
562500
564600
563600
563900
565400
561600
563500
563100
542200
563700
563800
561600
564500
597300
571100
564200
563400
561900
563700
563900
567600
568300
564700
567800
563700
563400
561600
562800
585400
561300
561800
561300
562400
564200
561600
561400
561800
561600
561500
560700
562400
562500
562800
561600
560900
561200
561800
563700
561800
562800
562600
567100
567600
564300
563000
563400
562600
578800
562800
561400
596700
615700
562800
611400
572900
642300
668700
651700
678500
700400
681600
673100
674800
694800
563400
637900
689500
644100
681900
666800
706000
689300
688500
697700
579200
563800
564100
563900
563500
564100
565800
564500
564800
565700
563100
563200
581100
562300
562500
564500
569100
562900
563200
563000
563400
563800
563800
561700
561000
554800
561400
560700
562200
561200
562500
561900
562800
562500
563000
546200
562200
563000
561700
562800
573500
561600
562100
563200
564400
564300
562800
563300
563200
563300
563900
541500
563000
563700
564300
562800
579600
562500
562000
560800
561300
561900
562000
563000
561800
561200
561300
562000
563500
563400
589900
597100
621600
605300
604200
596700
603800
595500
619800
604400
598300
610600
598200
617300
596000
619200
594800
608000
607700
600700
596400
577000
570600
566500
565300
565300
564700
582000
564200
563700
564100
567300
541300
563100
563600
564800
563800
565100
565800
568200
567400
568700
563900
569400
563700
563500
566300
543500
563000
563000
564300
563200
562400
562900
563200
560600
560400
561800
563800
566700
571000
564900
566400
563100
564200
565200
564100
564700
565100
564800
565100
564500
570600
565200
543300
564200
566500
564300
564900
566700
566300
567100
566000
561600
561800
561300
562600
752800
543400
566800
605300
629900
561200
605700
632900
561600
564200
566300
565100
598500
624000
561700
565300
580200
616900
564200
602100
562400
578700
586600
563200
566100
561600
559800
612600
570000
586700
564200
599200
608700
574500
566700
562600
561000
561200
561500
562400
546700
562500
563500
564200
562800
562800
561800
562700
563700
565100
564100
563800
561900
561100
561800
562700
561100
562700
585800
606000
596100
562900
662900
673100
627700
683100
616100
561600
565900
561200
561400
562400
563400
563900
563000
564600
563900
561600
544300
561800
561300
562200
561400
562400
561200
563100
563600
564600
560700
587600
651200
610600
561400
562000
561700
562300
562500
1387900
561700
563000
561600
569800
587000
620300
561400
615700
599000
665300
655700
692500
624700
607300
585200
605100
644200
666700
656500
650900
644200
689000
630200
629600
566300
580700
565800
572800
565100
593900
624000
562100
602100
655400
620700
606400
654100
585800
644500
645000
637200
636100
584400
633600
649800
562700
565000
673400
694100
637600
643100
660800
669500
643300
645300
619300
621900
659400
602100
562500
567100
562600
562900
562800
562100
563700
564400
564200
563300
561700
561500
562400
561800
571900
603500
575600
587900
592800
566200
635600
600900
599800
592400
616800
635700
667500
654200
632400
648700
608900
585900
597400
622000
603200
672600
623600
592800
603400
614500
641000
609400
618500
605600
607000
619600
574800
622800
678200
625000
610400
623100
660800
704600
654300
680000
654300
693500
698600
682500
612900
650400
618600
669600
639600
681000
613200
603900
601700
597300
580200
601400
601900
604700
614500
598000
609100
648500
637400
654000
655400
606200
634400
622200
626600
604700
632500
642300
641400
657100
593700
695700
666400
624600
639900
610000
663800
678600
604900
628300
580600
619800
628100
612100
616400
608900
729300
780300
756700
784600
600500
622400
624000
636500
543300
664900
592800
664200
627000
615000
602500
642900
617900
674800
700700
546000
651000
681600
573100
596900
667600
627500
614400
622300
604600
643900
566000
653700
567800
611900
633900
619900
608900
617800
598800
580600
603300
639100
653500
656800
641300
614500
666700
665400
656300
652800
655800
615900
692800
620800
601200
589900
607800
616100
656500
602400
598000
652200
650300
563200
573900
577800
622400
580300
616400
623000
563600
701300
641100
654200
700400
699200
691300
665600
693700
656500
651000
596700
607700
561900
563700
560900
562600
581100
608400
681200
564200
597400
563000
605500
572900
557100
670700
593400
618700
601700
642700
657300
580900
596300
651500
679100
703500
634000
630000
573500
668500
607600
660000
580700
562800
586300
561100
561700
593900
561600
555600
562600
563100
576900
563100
563500
564500
562400
562000
565000
560900
561200
561900
561900
562100
561600
561300
562600
588100
562900
562400
581300
563000
563200
561700
561700
561500
561500
563200
562400
561300
561700
562700
562800
561800
582000
564000
562600
568300
562600
563200
562600
563500
562300
563000
562000
562800
562700
562100
579200
562200
563500
539500
563400
562600
563000
563700
562900
561400
561000
561800
562400
561900
561400
562400
562700
562000
560800
562800
562600
564100
563000
562400
563100
564200
562700
564700
563200
561300
567900
561500
561700
561200
561400
562100
563200
563000
564900
563000
563400
562200
561900
590800
562900
562700
564900
562300
563800
560900
562000
562200
561200
562100
561300
562000
561300
561600
565000
562600
564000
561900
561600
561500
561600
551800
561700
561400
561900
561200
563800
580100
563200
563100
564000
572500
583000
567000
573600
566700
596700
640600
563900
573000
621100
617800
647700
578100
564600
617800
563100
619000
630700
593100
641400
562600
562700
563700
591300
563100
585400
574700
548500
572000
577400
565900
563400
561900
539700
561600
563600
561800
591100
566300
561700
562200
563300
563100
563900
554300
562400
562600
563200
561100
561400
561200
562200
561300
563000
561500
562400
563000
565200
561500
563100
563400
564300
561900
562800
563900
563100
1282300
562700
562700
562800
563600
562800
563700
562200
571700
618100
587500
556000
557200
561300
561700
562500
561000
561900
540300
562900
562500
563100
561100
564500
561800
562700
564600
563900
578200
564400
563900
563700
566000
562500
561200
561800
561100
561500
562700
563800
625300
561600
567700
571600
597000
644300
562700
568400
608300
605400
561400
563000
562600
579800
602100
621700
626300
608700
599300
625700
618200
596600
596200
598300
619900
599800
603100
621200
596000
619700
600700
620200
600900
598900
597600
597900
595700
626900
603200
620500
602400
604100
605700
619600
618600
626900
596500
609700
620100
609200
610600
620400
607000
604700
561900
562200
563900
561700
560700
562600
562000
561700
562700
563700
564500
564700
562700
563800
562900
562500
563900
578800
562200
607500
625400
626300
585100
632900
635000
630900
567900
621800
608400
583500
608300
609400
607100
606200
606500
563400
565300
560800
562700
563100
568900
562400
562100
561600
561300
561900
560800
824600
823300
815400
928700
842100
800000
827200
562000
591700
565500
638700
669800
639900
642100
582100
677200
720600
690700
691100
704700
710300
708500
618000
615000
701600
697800
684400
687300
667300
710500
706000
566700
573600
689900
564500
566000
566100
564400
564100
564700
566900
564900
566100
563200
562200
562200
562800
594000
564100
563400
567700
563200
564000
562200
560900
561200
561900
561400
561400
563300
561800
561100
563600
563100
563200
563100
562600
570200
562600
563400
562400
563700
562500
563000
561300
561300
562900
563000
563300
561300
560100
561900
568400
563700
651800
688600
703700
563500
564900
583200
565100
562600
563600
563800
564500
563600
562700
570700
561000
561500
562800
561100
561900
570600
563900
565400
564100
556000
564600
565600
564400
572300
564300
564600
564100
560700
562800
564000
564400
542800
563000
561700
562200
562800
563300
562700
569700
563500
562000
562400
563000
564400
584500
563200
563500
564600
565700
563700
564600
564600
563400
564600
564800
563600
561700
562800
561300
563200
562000
562200
562700
561400
563200
564100
563600
566600
566200
564400
563500
564700
580600
564300
565000
563900
570000
566100
563600
563400
561800
561800
562000
561700
562600
561200
564900
562000
562700
561300
564400
562200
563100
562800
563100
564400
564300
549100
562200
563500
562900
593300
561300
563100
539700
563800
562800
564300
562400
563400
563400
563300
561300
561500
561800
539500
540700
562200
561500
561300
562200
556600
564100
562100
566800
563500
541700
563400
564000
562400
580100
562700
561500
562900
561200
562500
561700
561900
561100
561600
562100
562600
564300
564100
579800
561900
562600
563900
562300
563400
563000
564500
564700
561200
561500
539400
539700
540700
561700
562700
561500
561600
562900
563100
561100
562100
561600
563300
562900
563000
563100
563500
564000
577400
565700
561500
561400
562500
561900
561800
561800
552700
561400
562200
561900
562100
563500
561700
562300
561900
563200
564400
562000
560100
563700
564000
563900
562600
562400
560700
562500
561300
561600
574600
562900
562600
562300
563100
562800
562800
565300
565700
563800
563000
563700
580200
562700
541900
562300
564100
561400
561900
560600
561700
561900
562200
562100
563600
562500
580700
562800
542100
562900
562600
563700
563900
563100
562800
569500
562700
563700
563800
563000
563600
574500
562500
563700
564500
1223900
562000
542300
563200
562900
563200
562200
561700
562800
565200
561000
561300
561700
561900
561200
562100
561100
560800
563800
565300
563400
563100
561700
563100
577200
563400
563300
562800
562400
563600
562500
561700
561900
562000
561700
560300
624200
541500
584100
562700
563200
563000
562800
542300
585700
567300
561100
565900
561100
563800
561800
563500
589800
539900
563200
564000
563400
543400
560500
560800
560900
561200
561500
560900
561700
561500
565200
561100
564200
562800
562700
563300
564200
563100
540100
563400
564900
564500
563700
564700
561900
578900
562000
561800
562000
563400
561900
561600
561500
561800
563100
562700
562500
561200
562400
580000
563200
563400
562900
563400
561300
563900
563400
561000
562300
562400
562100
562400
561300
562200
562700
562500
543000
563800
565500
562600
563300
563900
567900
559000
580200
581500
566600
561300
568000
560900
541000
573800
535400
563800
611600
563300
571700
595400
597600
572900
563900
556400
593600
562200
619600
661700
593900
565300
671000
709800
598500
604600
659200
562300
615800
572800
674100
588900
616000
634200
562900
554900
561400
561300
560700
542400
551400
561900
562000
560800
561500
561500
567900
562600
563300
565000
563000
563100
562500
564000
563400
562500
562600
559800
561900
563100
560700
561400
561400
560600
562700
562500
562500
561900
563000
561800
563100
565500
562800
562700
562900
563100
564600
563200
566200
561700
560900
562500
562000
562500
540500
560600
561000
564400
563900
562200
563300
562200
562400
561700
562000
562900
562500
565200
563300
538600
562300
561200
621000
606800
666700
674900
565800
635700
594600
692800
631600
626500
589000
694400
632100
582500
643900
617800
596600
610000
701300
597700
606200
616800
691300
678500
651400
630000
598500
680600
654600
618600
643200
689600
630400
594700
599300
711600
707900
658400
666800
676800
721300
653300
620600
608000
676000
589000
625200
684000
586300
619900
599800
694200
601400
627000
684100
578200
568500
562700
563400
561400
562400
562200
543500
578500
562500
562800
563300
562400
563900
540400
561300
563000
561800
561700
561700
561300
562400
562200
563000
564600
562800
569100
563400
564000
564600
595500
561100
576300
561200
569000
572800
616600
562000
594100
607200
561600
567100
588900
601200
573300
546400
593000
569700
569800
567500
595000
624800
561300
561800
566500
569900
563100
616100
647800
562000
571700
620300
647500
576000
577400
562400
561700
561700
562100
561100
562100
562700
563900
565400
562200
563200
561700
580800
562700
541700
564400
563300
561400
547400
560900
561600
561600
562000
561800
561200
561800
561800
563000
561600
562600
562100
563400
562500
563800
562800
561900
562800
568400
566200
564500
563400
580700
562900
561500
562000
561800
563700
561700
561100
561400
561900
562800
563200
571800
576400
572700
565600
565400
562100
565000
563600
566800
583200
573300
581500
563200
616100
579200
565300
599000
643700
572900
563200
562600
562800
570000
564800
563500
563200
564600
562100
561300
539800
562200
560800
561800
562800
561700
561700
562500
562900
563500
563900
563900
564800
564000
565700
578800
565600
562900
563200
561500
563300
562400
563700
562600
561700
561800
561400
562700
561500
562700
563900
564000
562500
563300
562400
562200
563600
562700
563100
563100
562900
568900
561700
562000
561300
562200
562100
561500
561400
561800
1280100
562000
560900
561500
561300
541000
561300
561000
563400
562300
560200
566700
562900
562700
558500
563000
563500
562900
561800
563500
540400
562000
563100
562300
562000
562700
562300
562400
562400
564500
561800
563000
562800
563100
563400
562800
578900
562500
565300
562100
564600
563400
561900
566800
561300
561900
562000
561200
565600
562800
589300
562500
564400
563600
562100
562600
562200
564200
562800
562900
563800
538100
561000
561600
560800
561700
561800
562200
561700
562100
562600
563300
562200
563000
562300
562600
568400
563500
562500
578500
564300
564500
541400
564100
561300
561300
563000
562900
561800
562200
538700
561500
563600
562900
561400
565100
563400
564700
561800
562400
562700
565600
563900
562200
539600
565300
563300
564400
579400
561500
561600
561800
561400
560400
561300
539400
562600
563000
563600
563600
562700
560500
567600
563500
566100
563500
563400
563000
563900
563700
639800
628400
562000
665700
611800
627300
665400
656200
715000
703600
708800
711700
698100
685300
568700
631900
665100
716800
713800
698200
692300
707300
702400
708200
643800
564800
566200
564400
543300
565100
585900
565900
567500
565700
564800
565900
562500
563300
562400
563800
562800
562700
563500
564800
563200
579700
564200
563600
562800
563400
564200
563000
561000
561500
562200
562000
563000
562700
561700
561900
563000
563600
563100
563000
562500
564900
563300
564400
562300
564000
565400
563700
563200
562500
561500
561400
561500
561600
560200
560800
547400
542100
564200
564600
555400
562000
563700
564400
564300
568000
566500
568500
565300
567100
562800
564400
568900
565300
565200
566100
565700
583100
564400
564000
565300
544700
563500
560800
563200
561800
561900
562900
562900
562400
563100
562400
553100
566800
570700
564500
542900
567500
564000
564400
564900
564100
564200
566100
563400
564800
566400
564100
563700
543100
564400
563500
565300
570500
564900
563300
564400
564200
561500
561200
561900
562200
564300
540600
542000
562000
560200
562900
563300
563600
562300
563500
564000
562900
562300
578900
565800
563500
563500
561600
562800
562300
565800
561100
542700
562400
561500
561200
563000
579100
542000
567300
562000
560300
561700
563300
561800
562100
560800
562300
562600
566400
564500
578800
563100
562900
572500
563300
564700
564400
565700
563400
540300
562000
562500
561800
561200
561700
563300
560800
564000
570000
535300
593800
623500
620300
562400
561500
538900
568000
563500
590100
563100
540900
562500
563000
562500
563600
564000
565500
562800
562400
563200
561500
561700
561900
562000
561900
563000
561900
568600
566300
562600
563400
561800
562900
563900
562700
567200
563000
588500
565300
562200
560800
563600
562100
561500
567300
561000
561500
561700
564400
562300
562100
579900
562500
562200
565200
563500
563500
568500
561300
561000
562800
561900
562700
564200
563200
563200
579900
563900
564100
563200
563700
563600
563200
579300
568800
564800
561600
598500
563700
597900
620000
564400
580600
565500
540600
581600
565600
611200
568100
576500
569300
588100
567200
607900
566700
586500
619800
562600
565700
560500
564900
604500
620000
563400
577100
561900
562200
561200
561600
562300
561600
565900
562200
540000
562000
563500
539400
562000
562600
562100
562900
564900
580100
564300
563400
564400
563600
562000
562000
561400
563000
561400
562000
561300
562100
560800
541300
561100
562700
539800
1167000
561900
561200
560800
561800
561500
563200
562300
561200
564700
581900
563100
562200
562700
563300
563000
564500
539400
561300
563700
561600
561500
562500
562600
579100
563800
563200
563000
543400
562100
563100
564200
563600
564500
562800
563500
539400
539800
624300
561800
606200
572100
574000
576000
561200
605900
608000
567300
602100
638300
562500
565400
593400
628400
567100
563800
563600
549000
562700
572100
629900
599600
575100
569100
571600
599100
568800
563100
579300
574300
604900
632300
561600
562000
563800
563000
565000
564500
562900
591000
563000
562800
563500
563300
562000
565000
560800
561800
561600
561800
561700
561500
561200
561900
563300
551200
562300
562400
561600
562700
562100
561200
562300
563200
565000
562700
563800
579400
561100
561800
561500
562300
568600
561900
546600
561800
542100
563300
561100
562600
562200
589100
562900
563300
564100
564000
542100
563100
561900
561400
561800
561900
561100
563500
562100
562700
561400
562300
564200
563200
562700
566800
563100
582100
644100
572800
593200
570200
570300
619900
564400
599400
630500
564100
544900
564200
561600
589000
628900
565000
564700
563000
570200
561700
562600
563600
616800
571100
589500
605200
562200
576700
596800
570600
611900
564200
585700
562000
563600
563000
563000
565400
562900
560900
562800
562200
560900
541100
561400
561900
562900
538600
562100
562200
561900
542600
562600
564700
564200
562400
565700
562000
563300
540800
540800
578000
563700
563100
540200
564800
562300
561800
561600
561600
561900
561800
562000
562200
562100
564700
562500
562400
562500
562800
562500
562200
564000
540900
566100
563900
541800
568100
539800
562400
586200
561900
561400
562300
562900
561400
562200
561200
561500
561500
563000
563000
568700
552700
566300
608100
563300
605400
570800
589000
616500
561300
565700
608900
608100
569600
563300
569900
591700
607600
561200
564400
546000
565000
571800
630900
568000
560900
562500
567800
618900
636200
565200
630700
612200
558000
570000
561400
561800
540400
562000
567200
564100
563700
561900
581500
567900
538300
561800
561600
562100
562100
562300
562900
561700
562800
561200
562700
562000
560400
578700
564500
563900
563200
562100
563800
562400
562000
561500
561800
563100
561700
561900
540500
563200
562500
541500
563400
541500
563400
565200
562500
563400
563200
563500
562800
562600
541500
563700
579800
561100
562400
561800
591900
605500
564200
631200
621300
551300
575200
561000
578900
594500
633500
542700
544100
562500
567600
610600
608200
562300
593600
622100
563600
569200
642100
639900
567300
571100
561700
634400
597400
573800
569900
600000
561800
560400
563500
561200
562600
562600
561500
563300
561700
562800
566600
563600
548700
563200
562600
563200
562900
563200
562500
578800
562900
562000
561900
561200
560900
562200
561600
561100
564100
572300
561800
566400
561400
561000
561500
562100
562400
562900
561800
563200
564600
563000
563100
563400
563100
562300
562500
562500
577500
561200
567100
561400
561700
560500
561400
562600
561000
560700
560900
564500
563100
562800
566100
562400
562900
562100
563600
562300
562300
565600
563700
563000
563200
561500
562000
561800
561600
561800
563000
561800
561500
561700
563600
563200
564000
563400
563800
562400
563400
541000
541600
579800
563100
562900
563300
561700
563600
562000
542200
561500
560900
542000
562300
561800
561900
562700
562500
1298700
561600
560200
562100
562100
562700
563900
561700
563900
562200
571100
564000
560100
563200
563000
563300
563800
561600
563700
563700
561800
562700
560700
561600
562100
562200
562200
566100
562900
565500
562100
561700
562000
562900
562500
562400
562200
562700
563900
562500
564600
560700
563000
562100
561400
562400
562400
561400
566100
562300
563100
562400
563200
563800
562800
581400
566100
563700
563200
563300
564100
563500
564200
543900
562900
561900
561600
564900
561900
562300
562100
562000
564900
563600
565100
564000
566700
564700
565000
564900
564500
569900
565300
567300
564200
566800
564200
562900
542700
563900
562200
561700
561300
562300
563000
564800
563300
582600
563000
562800
735400
1092800
971200
922900
711500
716400
562700
563000
563200
588300
563500
565200
651700
582200
617400
644200
568100
710800
706200
708800
739400
697300
716300
784900
757800
685400
582200
691900
695100
749700
741300
722400
749900
759000
739800
557800
563700
561200
560800
541200
561600
562000
561400
564500
562000
562900
561900
578000
562300
562500
562300
562500
563600
595700
571900
561900
563700
563100
561800
562700
574300
569600
544600
562900
562800
563100
563400
567400
563900
563200
563400
564100
567900
564600
564700
562900
566600
562900
564100
563600
562400
565000
572600
566000
564900
564600
564500
564500
565200
565000
564300
566700
565200
565100
544100
563500
563900
579400
629300
689900
684600
658300
638700
675800
656700
651100
671200
699400
624600
651800
650000
652600
600800
563400
622200
600400
619800
564500
563900
575300
562200
560900
561400
562500
548900
565900
564300
563800
563300
569900
561900
562700
563200
563600
561200
562500
561300
561100
562300
561200
562400
562400
562000
562600
566800
563000
563400
561800
564600
563200
564200
559600
567200
561800
562300
562200
561400
563000
561500
561100
561900
561400
563300
562800
562800
563400
562200
577400
562900
562700
563400
563600
565900
564300
562200
562300
563500
565300
561300
562100
560600
561300
569000
563600
648900
564300
597400
563700
564700
564300
564000
565100
563800
564900
564300
569100
562400
563500
563500
564000
562800
566000
561700
565900
569300
566700
564000
561700
561700
561400
561800
561600
562000
602600
566900
568500
563100
561400
562700
563100
563500
562800
562600
563500
564400
562700
561500
561100
578300
561800
570300
542500
611600
566300
605900
617900
561500
565100
562400
564200
562600
568000
624100
565300
611700
597100
565200
572500
561400
564200
562700
563400
563000
565400
563500
562900
579800
560700
561700
561300
562000
561700
562700
561300
563100
637900
683200
688600
601800
564900
562600
562700
566600
563800
563500
563800
563800
565400
562600
565000
562400
562500
561800
563700
583100
579300
562300
563200
563600
542400
564100
564700
563300
564800
563800
563300
564000
562900
562500
580600
541000
558700
561200
561100
560100
561100
561000
561400
560300
561200
563300
562900
563200
579700
563200
567800
570900
566700
597100
643400
562000
596500
612800
562300
562900
576600
566800
576300
561100
567000
563300
562000
616900
618600
572000
562500
569500
564100
565000
565900
624000
634000
567900
549300
615000
631200
564200
602800
639900
561900
561700
563000
564100
581700
563600
561800
573400
565300
563500
562700
563100
562100
562600
561500
562100
562000
561600
564600
561000
562400
604300
562700
550700
563900
563900
563800
562100
1190500
562200
563300
562500
591000
564000
560900
541100
561800
567800
561900
561800
561900
562400
563300
562700
562600
562400
586500
569900
563500
563200
563300
564400
561600
562900
563000
561300
564100
561700
562000
561200
579800
564000
561700
562700
562700
563000
569300
573900
587800
574400
550200
580900
561700
607500
570100
609200
571400
593600
621000
561900
609100
616900
561500
560800
568300
572800
603000
619000
560900
561700
616800
620700
562500
567800
570500
562800
565600
561800
618200
624000
561600
586900
562800
563300
567500
561400
561600
561900
562000
562000
562600
568100
541100
567800
563500
565900
568200
564700
563900
569600
541800
562400
563500
565800
549800
563700
562800
562500
562900
562800
588000
562500
565900
564400
562800
541800
563600
561700
560700
561400
561800
561800
563200
561500
561200
563900
562200
562100
563600
562500
561900
563800
562300
562900
562800
567600
563600
564400
561700
561300
562100
563400
563300
561500
562100
562400
561800
564200
563700
563400
545100
561900
562400
546200
568500
594600
613800
561400
562700
603400
625100
572900
568500
586800
569400
573000
570400
627300
641200
563500
565500
568700
623200
609700
569900
563100
603100
627400
563200
563000
610600
687800
626400
582000
562300
561400
561700
561600
564200
570400
563500
560400
568000
578900
563700
562400
563800
563300
566000
542500
562200
561300
559800
562300
562900
560900
563500
562100
564800
563200
564300
564100
564400
564000
563200
562800
564300
565000
566100
566800
563700
562400
561900
561500
561800
541600
561700
563300
561600
542100
542300
563600
565500
562800
564600
563600
571400
564000
540600
561300
562400
553200
561200
556600
561800
563500
565100
563400
563800
563300
565800
563400
541800
579800
602700
542600
565300
571500
586800
560800
585900
571900
597900
574400
625500
629700
567400
541000
544600
593200
625200
604600
571600
634100
576700
561900
560900
561200
561000
563200
561500
562700
567800
561600
565100
562400
561300
561600
561400
561200
561400
562000
560800
543300
562200
563300
562900
549500
562400
556800
563500
562600
563100
563500
563300
563100
565300
561800
560900
561600
562200
562100
563000
561600
562700
562200
563300
562200
561800
562000
564600
561800
563800
562700
564500
562500
562400
563100
562500
561800
532900
562200
564400
561900
561600
562600
561700
563300
562000
563700
563500
563300
562600
566300
562800
564000
563400
562700
563400
565200
562500
570600
561000
561700
562700
561200
561700
562100
562400
561800
562500
563200
564000
575900
563400
563300
563300
561900
563000
562400
565300
561900
562600
561500
539600
562000
561500
562000
561800
563900
562200
562600
568100
590300
562100
562200
563900
561700
541700
564500
566200
561900
580500
563100
562900
563400
565300
562800
564600
562600
563500
562200
560300
563100
566500
561100
561800
561500
563800
563200
562300
562500
562500
562800
562100
562800
562200
563800
576900
565000
563400
575200
562800
563400
564900
564300
561200
562000
562500
561200
561600
541000
561200
565000
563700
575700
566500
563300
562400
564600
565500
562300
562900
563900
564600
562700
562800
561500
562300
538900
561500
562200
561400
561900
576600
565200
543700
565000
563500
565800
562400
563700
561400
561700
561400
554200
563200
562000
555100
561800
562200
562900
561900
563300
561400
563700
563900
563400
575500
562400
562600
563100
565300
539900
1211900
567800
563300
566300
561700
560000
561000
560800
562400
563100
569300
566700
568300
565000
567300
565000
565500
565000
565700
567300
567200
565700
580600
540500
539800
562200
561000
561600
562000
563800
561600
561500
568300
565100
563900
565200
572000
567500
565100
595300
578600
568000
561400
561600
561700
561800
560900
561800
564200
566300
585700
564800
572000
567800
586900
567200
566200
566600
566800
567000
562600
564600
563200
566200
563100
581900
565000
567300
565300
586000
565600
561400
563700
562400
561500
560500
563100
561200
563100
562500
561900
564100
567400
565300
595000
566000
569100
566600
567300
565000
566600
567200
563600
612300
650000
576100
643900
566300
696300
682100
703700
688200
713500
688900
721700
722700
690600
567100
682500
688900
682300
676800
665100
691900
664000
677800
715800
561600
579000
580200
569100
569800
570400
569300
572200
572500
569200
572700
568900
561700
562100
584200
566400
567400
562900
563800
566200
567100
567200
579300
566200
561800
561600
563400
562400
562200
562100
561600
562300
561200
561000
565700
566600
566200
600800
541300
562800
561600
561300
562000
539100
561900
566000
562700
563400
563200
564100
563500
563600
562400
598000
565400
564900
565900
577300
618000
572200
563600
606400
571100
591200
574200
579000
568300
568800
566600
575200
564500
574400
567300
576000
564700
565100
561900
570300
561200
647000
617300
562600
633400
617900
566700
562500
562200
561700
562400
561600
561500
561500
562500
565800
563700
571000
563900
563300
578000
563800
562600
563200
564600
563400
563400
562000
560800
562500
561700
561400
561400
539500
564000
563100
562300
563700
565900
563400
564200
563700
564800
567800
564900
563300
564200
571900
564900
565400
561000
564200
567600
567200
565400
564600
564300
565300
542500
543200
564200
564100
562400
563200
565400
563900
563400
564900
563700
564600
567200
564400
568000
563700
562700
563300
572000
573800
534400
589000
568900
565100
566700
579200
563600
599000
561600
610100
571600
568700
575900
646700
605000
563500
562600
635400
606000
571800
539900
622000
645500
567200
561900
563200
565700
634000
609900
569500
564800
575300
573900
563400
539500
564200
562900
562300
562400
561800
562200
563700
561200
561700
563000
561900
562600
562400
563800
563100
563700
564700
563000
563700
567800
564400
563500
561200
560600
562300
561700
561500
560900
561800
561800
563800
543600
562800
565500
564800
567000
562200
561800
561600
561900
561300
556000
561700
561800
562600
565600
562200
575200
562800
565500
604800
567700
567000
569900
587000
562000
611800
561600
610500
591800
563100
567000
561200
546100
542600
535700
551700
610000
632000
603700
570100
539500
614900
643200
565200
563800
609300
617900
541400
565600
571700
568300
563200
565600
562800
563400
540100
563400
577200
563400
563800
562900
564800
566100
562300
562600
561500
562100
561800
562100
561800
561100
566600
563300
562800
562000
562200
562000
566100
561900
562400
559300
564000
564000
561100
561400
564100
561800
561900
560500
540000
540900
562200
542100
561500
561100
561600
562200
563600
542200
564900
576400
562500
561500
543700
562200
562600
554000
562800
562600
564000
561300
560800
539800
560900
562900
541900
561800
562100
563800
561300
562800
563300
563300
568400
553200
563100
578200
588000
563700
606800
549100
601300
570000
602000
620400
568500
562800
1348400
568600
571200
561600
576800
562300
565900
575700
563100
547500
566900
606200
566900
596500
625600
563300
562000
625000
604900
617200
571600
561000
562600
561800
561400
562100
563500
563700
563500
603600
624800
615200
597700
618100
561500
561800
562800
561900
562300
563300
563200
563000
563000
563900
568800
563900
565200
563800
541400
563200
563900
562200
564400
560700
562500
562100
562800
562000
563400
561800
562000
561800
563200
562600
562200
554100
561500
563800
562500
563000
562800
562400
563400
563000
561600
540000
583200
544400
574400
547700
587900
570900
591600
627300
564000
594200
620700
562200
568800
570100
563400
602700
618100
569900
562800
562400
566700
561900
562100
561900
561300
561500
562000
563900
579700
567100
563100
562600
563500
563600
541900
563500
564000
542600
565500
564800
563100
562000
563300
561300
562200
561500
561700
561600
564800
561800
563900
562900
563000
564100
563300
565000
563000
563200
565300
546300
564200
561800
561000
561700
561400
561600
561900
564200
561900
561500
563100
561600
563500
563300
566000
563600
562200
564200
562500
562500
563100
562700
542100
563000
575200
561500
564000
561700
560700
562800
568100
562500
561300
561400
566700
563400
564200
564400
564900
562700
562800
562400
562900
563300
562800
568900
561300
560000
540000
561400
561700
561000
561200
562500
561900
565100
562500
563500
562700
563200
550000
563400
562500
562700
563900
562700
563200
562000
561900
561600
563200
561900
561700
561800
562700
561600
561700
562600
562800
564300
562100
588500
562200
563300
565600
562800
563000
562900
561300
561700
562400
539400
562200
562100
540700
561500
561400
562000
562300
560300
562500
562300
539900
568300
563700
562100
565900
561600
563200
562800
574600
563300
557100
560800
562600
561200
561600
561600
562900
561400
562000
564300
546800
561500
561600
561900
560800
563300
562000
562300
562200
563700
562600
563300
563600
563500
568500
563300
574400
563500
562400
564900
561200
561600
553100
562300
560100
562500
563200
562300
563400
569700
562400
574500
563100
564000
563900
564500
562700
564600
549700
561700
562000
561600
561600
562600
561600
562100
562500
561800
563100
562400
564000
563600
562000
564100
563900
564600
570100
566900
563800
570400
562800
563400
561500
562700
562200
561900
542200
562000
561900
563200
563000
561600
562000
573600
571200
563000
564400
564100
562900
541700
563400
562200
561500
539600
561400
563200
561200
562100
561600
561800
560900
567200
562300
563400
562000
566500
561700
564000
563300
563400
575900
563800
574200
587100
566300
564100
561600
562000
562200
561100
561300
561700
562000
561400
562500
563400
566300
553700
564100
570300
562600
563100
541600
562300
566100
563900
561800
562000
561800
562100
561700
561800
561600
562500
561500
563300
562300
563000
562500
562600
562000
563400
562200
569100
564200
577400
561700
561700
562100
562000
562900
561700
556300
560900
540800
562900
561600
563600
562600
575000
563300
563000
546500
563200
563000
549300
563200
562500
561700
561400
561200
562800
562300
562900
561200
561000
560800
563600
562500
562100
567300
563600
562700
562600
563600
563300
541200
564900
575500
560200
563100
561900
562900
561300
561200
561900
561800
561400
558200
562200
550200
562100
565200
562500
563700
562300
564800
563900
563900
562100
563400
561900
562000
561500
561700
561600
561700
562200
562300
1294000
560500
561000
561300
563800
562500
571100
563900
564000
567400
563500
564400
566400
564900
563900
561600
541500
561400
560600
567900
561700
562200
565200
543800
616300
612700
631900
622100
561400
567000
562200
561400
561600
561900
561800
561300
567600
562900
564800
576300
562000
564000
563100
563500
562800
563300
563500
562700
546700
563200
563100
561600
561200
584100
561600
591300
562800
565400
565300
568400
556800
569500
564600
578100
563400
568900
561900
599600
562100
633400
634700
562600
602700
608800
562100
598100
607100
625100
593000
646600
581300
648800
612200
705700
650300
676600
703500
685000
663700
611100
603900
672900
679900
683900
628200
651700
660200
673700
674200
562600
573900
652800
565200
563800
562700
567100
563100
563600
565000
564900
564700
562200
562300
563400
563700
562800
563500
563800
562900
538300
561900
561200
562600
561400
563900
561400
561200
561700
561800
562700
561800
562500
563500
563500
578000
562200
562300
564600
563100
562700
563100
563300
563400
562800
569400
561800
560500
561500
561000
561300
563400
561600
560900
563100
629900
562600
562100
561600
566800
561800
567900
564000
631500
590100
564500
562000
566000
605200
619600
572000
563100
567100
636100
590900
570000
561600
562100
562600
543400
567000
619600
629300
569900
560800
568300
561900
562300
562700
562700
561800
562200
565900
564400
564000
580700
562900
563300
563700
557700
563400
561700
562600
562500
562100
562700
561600
562200
563000
561500
568700
561900
565300
562600
564500
551200
560100
562700
562300
563100
563300
564900
563300
563700
564400
571400
563100
563600
563900
564900
567100
565600
564300
578100
559000
564400
564100
564800
555800
563400
572000
561900
561200
563100
561000
562600
563500
577900
561900
562600
563300
562700
562300
559800
575700
579900
566800
567900
590700
567400
566500
603400
572500
586200
606600
561400
561800
580600
617800
563800
592000
626500
562100
564000
560300
571300
582400
620600
568800
566000
549200
590400
605200
562400
617900
620900
569500
570600
565200
563900
562600
563600
562600
563100
564400
561600
562900
561300
563800
562000
561400
562200
561000
561800
564200
569500
562400
562900
565300
563400
562400
562800
563200
579400
563100
563800
561700
577300
561500
561300
561600
561500
561700
562600
562100
560800
561900
565500
564200
566700
561700
561300
561900
562600
561600
562000
563600
562400
562800
564200
563600
563300
566300
562700
563800
561900
565900
563800
563600
564100
562000
562300
562300
561400
561600
561500
563700
562000
561700
600400
628100
563600
583000
568100
567200
570700
570500
560800
575400
569200
580100
598500
606400
562800
595500
577000
576100
569900
592200
561700
572700
573200
572600
573200
569400
576800
562100
572600
635700
615100
574000
568800
562800
563400
565600
562500
562800
563200
563700
562100
563000
562400
573600
564800
563100
562900
563400
561400
561400
561700
561500
561400
563400
562600
561600
562300
540400
565700
562600
561700
562400
540900
562500
565100
543500
564300
564400
562800
563000
563500
561700
561700
563500
540600
561200
561100
561300
600700
564000
563400
562800
563300
565500
564600
561300
562500
561500
561500
561200
562500
561600
564100
563600
564900
565000
562300
562200
563600
563000
566700
563800
577300
576100
566600
561200
562000
636900
614900
563500
539700
603700
566400
594800
629000
561900
562400
564100
581500
602400
625000
1453900
563700
572900
575500
610400
566800
612600
611700
561300
566300
631300
653000
631300
600800
598200
598200
620700
620600
623700
625800
618800
619600
596800
597700
623200
621000
610900
594900
618900
593200
561400
579300
562500
562800
562800
564200
562300
545800
562700
542000
562800
565600
564400
561400
561100
562300
561600
562400
563800
561900
561800
572000
545500
563700
564100
565800
567300
545800
568000
565300
584000
566300
541500
540300
561300
562200
540500
548400
610500
541000
562400
563100
563400
565300
565600
568400
567600
569000
562600
562100
560900
585700
562800
563600
588500
572000
570800
572600
610900
619600
562000
635600
607500
571300
577600
604400
557000
571500
562600
621800
613200
560600
562200
563200
563400
562400
567800
562500
563500
567000
563300
563500
564000
559000
563400
572000
561200
561300
561900
561600
560900
561200
561900
561400
570400
564600
564600
562400
562800
576500
563400
563200
562000
563200
565000
563100
564400
561900
562800
561100
562100
560900
561300
561400
563600
561700
561400
562500
562800
564800
562600
562400
563500
562800
570000
539200
563500
542000
576900
563400
562000
561500
561400
563300
561800
563000
562000
563000
560700
562700
562900
562800
577100
568600
563100
539900
563100
562000
562600
562200
563200
564100
562800
564200
539100
562600
561600
561500
561800
560300
561100
561800
562800
563400
562800
562400
563500
563200
562100
575900
563200
577200
562600
562900
563400
563300
561300
561900
562800
561300
562000
563600
562600
558800
561900
563200
562400
562900
564000
563700
563500
564900
563500
562300
563000
562700
563200
562000
563900
563500
543600
562200
563600
563300
562300
566200
563000
563700
563400
563100
564400
563800
562000
562100
539800
539500
561500
562200
561700
542200
561700
561400
563300
563600
562500
563600
561400
571000
562700
565300
562500
561500
560900
539300
562500
562600
563200
561600
562900
564300
563000
562900
576200
562700
563500
566400
563300
561400
542200
540200
561600
561300
561300
564600
561300
562700
561300
563300
564500
563600
562600
563000
563600
564400
562900
562800
562100
563900
561600
561700
561100
561900
562200
561500
562100
563100
563900
565200
564200
563500
562100
563600
562000
563500
563400
575100
562700
563400
561300
562800
531300
561400
562400
562900
557200
563000
563800
563100
562700
563400
543000
563900
563400
562400
563500
563100
563400
563100
562300
561800
571700
561200
563400
562200
580600
568000
562300
563100
562600
562300
564200
563700
564400
562900
560800
564800
561100
561400
540600
563700
562800
564000
563300
563000
566600
573300
563100
562900
563400
562900
563300
563000
561500
576300
563500
561200
561800
562100
554100
540700
561300
561300
542500
563500
564200
561900
541400
562300
561400
561300
561900
561800
563400
563700
561700
560200
564500
563000
562900
564500
561700
577900
561400
565200
561900
561400
561300
561300
561400
562000
566900
562500
562700
561500
561900
565200
562900
564300
561400
563100
564800
562500
565100
562300
563000
563400
568800
562900
561300
539900
562600
561800
563500
564500
563600
562500
563500
562500
563300
563800
563100
567900
543100
565200
556800
561100
562100
561400
561200
561700
562400
566900
561700
564300
563700
562600
579800
563600
566600
562700
567000
561300
560900
561600
562100
540200
561900
561400
562200
563200
564600
578700
565300
563700
562300
562800
563400
563900
563500
1249000
562300
561300
562700
562700
562400
563500
573100
560700
562400
563500
561700
561700
561200
562800
562100
561600
561400
562200
564200
564400
577900
569200
570500
566800
563400
566600
578600
562200
584500
569400
593100
572000
579700
562700
613400
565200
599700
608000
566900
564700
573700
594500
570400
591600
573100
574100
587700
565100
609600
630000
568300
562800
605200
573500
634500
619400
614200
664000
661200
679100
678000
651600
705600
705700
678400
561400
643500
647400
706800
712500
715800
703600
688600
693800
670300
609900
601500
561300
561500
562000
561800
553900
561300
561600
561000
563900
583900
563300
562700
541100
562000
571900
562900
562900
563300
567200
560900
561600
562700
561200
561300
560700
561500
561200
562100
565500
568200
561800
563100
563100
563100
562700
563000
562800
568800
562700
563300
564000
562900
561500
561800
563300
535300
582300
571600
573900
563000
582800
561400
606500
569600
577100
571500
589900
542300
608200
571200
595300
640100
561200
607100
625800
549100
565900
590400
550700
595600
570900
596300
632400
579200
562400
598400
555900
605600
627600
561900
563000
561900
561800
561900
561300
563400
561100
667800
564200
684300
543300
565300
564100
563800
563200
567500
562500
562500
562300
562000
647800
563900
559200
536700
564200
574000
584600
563700
565000
564000
564000
563900
564600
562000
564700
564200
564200
563500
563500
564300
563400
563300
566100
566400
566800
565500
563600
561300
563200
562600
562300
568600
562400
564300
562000
561900
561400
561500
562700
562700
560700
563000
562200
552300
562100
562200
577100
557200
567600
601900
616900
562200
592700
632000
565000
631900
564100
616100
566700
583800
583400
583600
576700
600800
570700
577400
616300
561400
566900
562900
567100
563200
569300
560500
561700
570800
615800
606100
552600
547600
564000
565200
561000
562500
561400
561200
568000
563800
572900
562400
565100
565300
563400
563700
562900
557300
562800
562600
563000
562900
565300
561000
563300
561600
561600
560900
562600
561800
560900
563400
565100
562000
563800
563000
560300
562300
564200
562700
563200
575300
563300
561400
562300
562200
556400
561800
561800
561400
561700
562700
562400
564100
563200
543700
574800
562300
561500
561400
561000
563400
561400
561600
564700
561800
563100
561400
562600
563200
575700
591600
580700
598400
564900
544400
592300
561600
629200
641800
566900
603800
604600
571500
544500
595900
630500
565800
563000
616900
571700
618600
594900
562200
566300
597600
627100
567500
563400
569100
548400
608600
562600
599900
572900
547500
563000
562400
562600
565700
562700
564600
564200
563000
563400
577900
562700
561300
566000
562600
563300
563500
563400
563300
564100
560200
561700
561800
562900
560900
561900
562100
562300
561900
562700
560800
563600
563300
564200
565100
562000
562700
562900
562500
562200
566400
564300
564300
563100
561100
562100
562100
562200
561500
561000
561300
561200
563200
562600
561200
569900
562200
561700
562500
562700
562600
564200
563000
574200
562800
563000
563800
562800
562500
561000
561500
563600
561300
561500
561100
606600
563100
567800
562900
561900
564000
564000
563300
562100
563200
562200
569200
562100
562800
562900
566100
563800
561800
561500
560800
561600
562000
560600
561100
561900
564200
561800
562000
563200
562800
562600
565200
562300
562800
567000
563200
563100
563500
561800
562200
562500
561200
561800
561500
1191200
579400
561800
561500
562200
555700
561700
561500
562300
562700
560900
561700
562200
562500
562900
576100
563100
563600
563200
564000
563100
563800
562100
564100
564000
563800
562000
562000
561100
561700
562700
561600
561100
561800
566900
565100
564500
563700
564100
562800
539900
564500
563000
566100
555800
563700
562900
563800
563500
562100
561500
539900
561100
563800
561700
561700
561700
565900
561600
561900
563100
563800
564200
561700
562100
563300
563700
565800
562900
563400
562200
563200
562500
560900
571000
561100
563800
561800
562100
561600
561300
561700
561700
563600
540800
562700
563300
565200
562500
565700
563300
562800
564500
564500
563900
541300
541500
561400
561200
562800
561400
560600
561300
561400
562300
566600
563600
563100
562500
561900
563500
564000
562200
562800
562800
563900
573600
563500
562800
538200
560600
561900
561900
562200
563400
563600
562900
564400
562200
562000
574700
563200
562000
563700
563400
539100
563100
539800
562300
562400
562300
605500
561600
539700
564300
562500
561100
561900
562200
562400
563100
562200
562800
563900
562300
563100
562000
562600
563300
564700
562000
562500
563100
566100
563800
554100
563500
562900
563100
561900
561300
562200
564000
561500
560800
561300
561800
561100
567700
568500
563500
564700
565900
563600
565100
546300
563800
565400
564700
564200
567100
564400
564600
562800
559800
562700
561800
561800
563200
564200
557700
564100
574200
561500
560900
542300
564700
564100
563800
567500
564400
566200
562400
565000
564700
564500
565800
543500
563200
564400
566900
566700
565000
574100
561000
561500
561600
562300
561300
561400
564200
562800
564500
562700
562100
563200
562100
562500
568400
573700
564100
596600
563700
540700
561400
569600
563300
560600
562400
563600
561400
561400
561800
561500
562400
561900
540700
561500
563200
566700
559700
564000
563700
562700
560200
566700
562300
562900
566800
563800
562100
561900
561700
562000
561800
561700
562000
562500
563400
563200
562400
562200
561900
568100
564200
563600
563700
564800
576500
564400
565000
562200
561800
562000
567100
563600
561600
563200
562200
561000
562500
563300
565300
562100
563900
563300
541700
563200
564100
564100
563500
562800
561700
561700
561400
539000
563900
561800
561000
561800
540400
568300
598200
562500
561900
561300
564500
563000
562900
567600
562200
578000
562700
563800
563200
561800
561700
561700
560900
562700
561600
561500
562500
561400
561400
577100
575500
586600
563500
562600
564200
561100
540600
561600
565100
562300
561500
561600
561700
561800
561800
560900
562800
563000
542800
561600
561600
561900
562700
563400
563600
564300
563400
563100
561700
560900
562100
561800
560800
563000
561400
562100
560900
564400
561300
557100
562600
562500
574500
562900
550900
562900
562900
564600
562800
564300
561500
562000
561700
561000
561900
561600
562900
561300
562300
568100
563100
562800
563100
563500
562000
562300
564500
563700
562700
561800
562400
574300
564600
562800
562300
561400
541100
561800
562300
562300
561700
561500
562000
563700
564200
579000
562500
562600
561900
562600
565100
564100
564700
563300
562800
567100
541100
562100
561700
561600
561700
561800
562100
561600
564700
561500
562900
564000
562100
562900
561700
562800
563100
565200
565300
541800
563100
563000
563000
561400
562000
562000
566300
563800
561100
538900
561600
561600
562500
562800
563600
562200
563700
1215600
540700
560900
564800
561600
562300
563700
562800
565000
567900
565900
562900
561400
561800
561600
561700
561700
561400
561300
562800
564900
563800
562400
544900
562900
562400
562400
563700
563900
567500
563400
563200
560900
561400
562200
628500
647500
587200
639200
564200
642300
681900
746200
723900
767900
712800
726900
739800
633800
620300
695700
718100
735500
754800
697600
756000
750200
728800
572000
563800
564800
565500
563700
564600
564100
563400
565500
565800
564400
563200
561400
562700
562200
541100
576900
571400
562100
551800
605600
647000
543300
641700
561400
561700
567300
570800
569600
575400
563200
576700
568300
569900
586000
562100
542500
582100
623700
562300
586800
600500
565700
593000
580300
565800
571400
565800
569100
561500
562300
561300
562200
562300
562700
562600
562200
555400
562700
573100
562400
562700
563100
564500
561500
560600
