1050100
1051600
1054000
1052300
1051700
1050700
1061900
1050300
1051600
1085600
1051700
1051300
1050300
1051800
1053400
1051400
1072200
1066300
1131100
1115400
1059600
1090200
1058600
1101500
1126500
1067500
1098800
2101800
1967700
1519300
1228900
1051700
1102800
1050900
1055400
1073400
1083800
1050900
1050900
1052900
1051500
1052400
1050000
1795300
1065500
1086500
1057700
1057300
1061900
1051300
1061300
1065900
1058500
1060200
1064200
1065500
1050300
1052400
1052500
1056900
1050800
1051200
1052000
1052000
1054500
1051300
1084700
1051400
1058900
1050100
1050900
1056600
1051900
1053100
1099100
1054500
1086100
1058200
1061000
1052700
1056500
1053600
1061200
1050100
1080700
1053400
1051300
1248300
1256500
1059100
1104500
1061000
1116900
1062700
1114900
1054200
1069700
1053100
1057200
1056500
1050900
1054400
1053500
1078300
1051500
1054900
1050600
1084800
1052200
1051800
1052100
1051200
1054300
1078900
1055200
1052700
1051500
1074700
1049400
1055700
1052100
1052100
1049300
1050900
1054000
1049900
1053200
1050000
1091000
1051400
1058700
1062000
1062500
1089400
1058200
1064100
1059400
1062500
1071100
1060600
1065200
1052600
1053400
1049600
1054800
1050500
1051400
1054900
1052900
1054900
1057800
1057600
1049700
1050400
1050800
1051400
1053200
1049800
1696100
1079600
1055600
1049900
1084500
1052800
1050100
1055400
1049700
1051900
1050700
1071500
1051000
1051400
1062500
1061700
1054400
1050100
1051400
1049700
1051400
1058100
1076300
1056700
1054200
1052600
1052300
1053600
1051200
1052000
1053700
1050200
1052900
1053100
1082300
1050300
1050800
1054800
1056000
1053400
1049800
1052000
1049200
1083000
1134200
1055700
1059200
1051600
1053100
1050400
1051200
1048900
1052100
1054100
1051100
1053900
1050100
1053800
1050600
1052400
1058800
1058400
1193700
1091000
1389400
1259500
1274600
1255500
1238600
1264700
1260500
1449700
1157300
1148600
1086200
1079600
1093700
1112900
1056300
1128600
1108200
1139000
1103600
1148300
1106200
1118300
1154200
1068700
1123600
1138200
1089200
1288800
1285200
1238000
1270600
1296300
1238100
1266200
1235700
1242500
1236200
1235300
1235400
1246400
1236800
1245400
1051100
1049700
1053900
1050400
1053100
1048500
1053800
1051500
1049100
1642200
1049700
1052100
1051000
1051400
1056300
1052000
1052200
1049200
1051700
1069600
1053400
1050600
1053600
1049700
1050100
1050800
1049300
1054700
1048700
1077300
1049400
1049300
1096900
1050200
1089200
1180400
1326100
1426000
1456800
1417800
1422800
1052900
1301700
1351600
1305600
1317100
1269100
1054400
1060300
1059300
1056400
1056100
1056000
1066300
1175900
1262300
1143100
1056300
1049000
1053700
1052300
1051400
1050200
1054100
1107000
1049800
1053700
1147200
1055400
1053100
1050600
1053900
1157100
1058600
1052400
1052500
1051100
1054300
1049400
1045800
1051900
1052500
1051800
1048700
1057300
1074200
1050500
1052100
1048300
1051400
1051000
1051100
1046800
1050200
1052200
1176500
1132700
1157200
1166300
1131700
1056300
1220000
1061900
1057800
1096000
1054600
1055100
1055200
1052700
1049300
1051500
1050100
1051300
1050400
1321100
1054500
1054500
1059700
1053000
1059100
1056100
1052200
1052900
1935700
1053700
1053400
1059300
1053700
1055800
1060100
1062000
1053700
1055900
1112000
1056300
1058000
1051300
1052700
1051300
1054400
1064400
1049400
1084500
1072200
1053100
1049900
1052800
1049200
1048900
1052800
1050600
1052500
1072600
1053700
1063400
1110500
1212100
1134600
1052100
1050600
1055100
1049200
1081000
1064400
1049700
1053900
1050600
1051900
1049800
1054100
1052600
1050400
1051900
1051100
1051300
1049800
1052500
1050400
1051500
1047000
1049700
1072000
1051200
1055000
1064300
1129100
1137800
1199200
1102600
1051300
1052400
1081100
1051600
1091200
1050500
1049400
1050100
1052100
1050400
1054100
1050400
1054100
1050400
1051000
1052600
1049600
1053200
1050800
1053800
1049900
1076500
1062900
1050600
1052200
1050100
1057100
1052300
1051900
1054800
1051100
1075300
1050700
1052600
1050000
1051600
1054400
1048900
1052100
1047600
1053100
1068300
1054600
1050600
1048500
1052100
1051500
1046300
1049700
1778000
1053200
1055400
1051700
1048400
1051000
1049600
1060300
1153500
1052000
1050200
1067600
1052500
1050000
1052100
1051200
1054000
1059200
1051900
1051600
1048900
1072600
1051200
1052600
1051500
1055200
1051200
1049900
1058300
1049100
1052100
1072600
1054500
1050600
1048600
1056900
1052900
1053100
1055100
1052200
1049500
1069000
1052100
1052200
1058100
1049900
1052300
1049700
1054300
1055500
1049100
1052700
1051000
1051700
1049800
1050800
1048500
1050800
1054400
1063000
1069500
1050500
1051700
1049400
1050500
1053000
1050400
1053400
1049700
1055200
1065100
1055600
1121200
1050400
1066100
1051100
1089900
1050500
1052000
1049800
1051700
1105100
1076100
1126100
1060100
1053800
1049400
1048900
1090400
1090800
1074000
1083800
1055300
1050100
1054700
1050400
1048900
1053800
1049400
1075600
1049300
1052100
1050000
1050800
1050700
1051800
1051600
1051900
1050800
1069600
1049900
1058900
1049900
1053700
1055700
1669400
1049400
1052400
1052800
1073000
1050500
1050900
1054600
1048500
1052800
1049500
1052900
1051200
1049700
1069300
1048400
1050300
1051300
1054100
1050100
1050500
1052600
1049700
1052600
1069500
1057300
1051900
1054000
1052600
1052700
1053800
1108800
1123000
1097200
1106600
1128200
1115000
1108200
1081400
1125200
1049800
1051800
1051900
1074500
1052200
1049800
1055700
1049900
1052200
1052300
1054000
1049800
1047500
1087500
1050000
1050900
1050100
1054800
1052400
1073100
1067400
1055000
1056900
1057900
1060000
1058000
1053200
1051300
1233700
1258000
1049400
1055400
1050600
1055500
1050200
1050400
1053600
1070200
1052800
1056000
1053400
1049200
1050400
1052100
1050200
1051900
1067500
1062300
1048200
1052900
1057000
1048400
1047800
1051500
1051600
1052000
1056200
1055100
1049000
1053600
1037600
1037000
1049700
1051700
1058200
1053300
1055800
1051500
1057400
1042800
1049500
1050000
1050300
1044200
1050000
1587400
1052600
1035700
1050900
1050800
1050200
1040300
1052400
1049400
1056100
1040100
1056700
1052500
1052600
1048600
1052700
1053400
1052300
1051700
1051600
1067500
1054000
1053000
1057800
1057500
1051600
1061600
1036800
1049700
1053700
1064700
1061000
1051900
1048800
1049900
1042900
1056200
1049800
1050500
1046400
1052400
1058200
1051100
1055600
1049000
1051600
1051600
1034400
1058100
1050300
1068500
1036300
1057600
1051600
1051400
1051800
1042700
1052600
1049800
1059200
1058100
1050900
1051700
1051200
1051000
1049900
1053700
1050000
1047300
1051600
1050000
1053200
1046200
1075500
1050000
1057000
1050100
1051400
1053100
1056600
1039800
1053500
1060300
1065100
1062200
1099200
1058400
1060600
1053300
1054900
1057800
1060900
1058500
1058600
1081000
1150000
1052200
1048200
1054400
1066300
1051800
1054100
1048400
1050400
1057300
1055000
1051700
1057000
1036800
1071100
1053500
1049200
1052400
1054600
1780500
1053600
1050800
1051500
1059300
1033400
1049500
1060200
1138100
1045500
1051600
1058600
1051200
1052900
1067900
1049500
1053100
1050300
1049300
1055800
1050200
1060100
1051000
1058600
1073800
1050500
1051000
1049200
1051400
1052100
1052200
1050400
1053200
1049500
1064200
1037600
1033900
1054400
1048700
1059600
1034900
1046600
1053000
1058500
1054900
1042100
1051700
1051000
1031400
1041100
1051000
1053900
1032200
1033900
1064200
1054900
1019600
1033000
1050500
1052000
1025300
1037100
1051200
1049200
1046900
1031100
1048600
1055800
1021000
1049900
1051400
1057000
1028900
1028400
1056600
1055600
1052700
1028900
1044100
1049700
1048400
1019700
1036400
1054500
1059600
1036000
1041900
1076000
1089200
1053000
1067100
1089900
1051100
1106900
1097400
1082900
1236000
1081200
1167400
1150100
1234200
1299400
1131900
1132400
1254200
1223300
1307900
1383800
1325300
1069600
1053300
1050400
1055000
1050500
1052000
1573400
1051300
1053200
1049500
1051200
1048400
1095700
1057000
1059900
1058700
1055200
1055000
1053800
1054400
1052700
1058300
1054100
1053500
1054800
1062300
1051900
1050800
1052700
1049600
1049400
1068900
1051000
1056900
1052100
1069200
1053100
1055100
1056100
1053800
1057600
1075900
1055500
1054900
1056800
1087100
1137900
1137900
1148500
1118000
1184900
1120500
1214100
1077800
1682100
1496400
1093400
1083400
1095000
1078700
1097300
1076200
1110300
1062400
1085500
1075400
1116800
1062800
1053600
1058300
1048500
1054200
1086900
1052200
1056500
1054800
1059900
1090300
1114400
1056100
1051400
1158200
1082200
1053800
1056900
1058200
1053500
1073600
1055000
1051300
1056800
1053700
1056600
1084200
1058000
1059100
1056200
1055000
1103900
1109200
1051700
1068300
1051800
1077300
1054100
1108300
1121200
1120800
1057800
1050600
1056400
1057000
1053900
1054900
1060400
1069700
1052900
1093100
1052900
1052600
1579300
1084700
1055100
1063900
1150000
1207200
1192300
1151600
1141700
1056800
1171800
1214800
1154000
1255400
1064300
1071600
1054500
1052200
1054600
1052800
1053500
1051500
1058500
1068900
1052900
1057400
1052900
1056400
1049500
1054300
1052200
1052900
1051900
1052900
1070300
1051700
1053100
1051300
1056100
1053000
1052500
1056700
1052000
1053300
1056700
1055100
1052700
1051700
1050900
1052300
1055500
1053200
1055400
1061800
1072900
1052200
1052800
1055600
1053400
1057900
1056000
1055300
1048900
1070900
1070900
1051700
1056000
1051800
1054100
1055900
1056400
1052500
1051200
1057000
1050800
1055800
1052400
1057100
1052000
1051700
1050800
1053100
1085600
1052700
1052300
1069300
1055200
1052000
1050300
1055400
1056200
1071600
1051000
1054800
1152900
1064100
1052700
1051000
1053500
1158300
1053300
1068900
1057700
1054700
1051900
1070100
1052500
1057300
1052000
1054500
1054300
1052300
1053300
1052800
1603400
1057900
1051700
1048600
1053200
1047200
1049400
1055100
1049700
1051900
1047900
1051000
1049500
1053700
1050300
1053900
1051700
1051700
1052400
1049700
1055000
1049900
1073400
1049600
1051300
1068100
1050700
1052300
1051300
1054500
1050000
1049200
1068800
1050800
1052100
1064100
1053200
1050000
1050900
1049200
1049700
1053400
1050400
1051600
1051100
1054600
1050000
1050400
1054100
1050800
1050600
1050500
1051500
1058300
1067500
1050100
1050500
1051600
1052500
1056300
1052500
1055200
1049200
1068300
1053300
1050400
1052000
1051500
1053400
1035200
1053200
1051500
1050200
1053300
1047600
1052300
1050900
1052000
1052000
1051900
1051000
1050100
1036900
1035100
1058400
1050500
1059500
1034200
1050200
1054500
1057400
1036100
1050200
1054600
1049500
1043300
1051200
1051300
1042700
1034800
1051400
1049700
1045500
1033900
1049800
1051700
1045600
1053000
1050600
1053100
1029300
1035700
1047000
1052400
1648300
1052300
1068600
1054700
1058200
1044500
1055100
1054900
1050700
1058600
1040800
1054100
1051500
1035400
1049900
1052600
1055700
1021200
1048500
1073000
1052300
1022000
1020800
1055300
1057900
1055100
1053000
1054600
1054200
1040200
1039600
1047200
1053800
1056900
1060100
1058500
1054900
1058200
1038600
1047700
1052300
1059700
1037100
1046100
1052200
1087600
1053500
1051900
1052600
1054500
1054200
1048000
1055200
1053200
1050700
1044200
1057100
1091200
1102100
1146300
1105200
1123100
1117300
1118000
1146600
1142600
1139800
1137400
1113100
1134400
1134900
1055000
1088800
1080300
1051900
1059200
1051000
1057400
1054400
1055300
1037000
1045300
1054300
1057400
1050600
1051400
1072900
1055000
1049200
1048200
1053600
1057800
1038000
1048600
1051300
1058700
1056200
1051800
1054800
1056000
1040000
1035300
1053300
1055200
1050600
1038000
1054300
1077800
1071000
1055100
1054300
1052700
1053300
1036900
1649900
1051500
1055800
1055400
1085400
1053300
1107500
1055500
1070900
1188000
1131800
1061400
1063300
1088500
1119800
1085900
1099500
1060900
1092300
1049400
1151200
1091000
1096200
1095200
1083800
1064000
1052900
1053400
1050800
1049300
1052100
1049400
1053700
1050000
1061500
1203100
1231700
1051800
1050100
1052600
1050200
1054000
1059600
1056600
1101500
1053000
1052200
1050300
1054300
1049200
1047200
1052000
1073700
1050500
1050300
1056400
1052200
1050900
1048800
1053800
1049600
1049100
1065800
1048900
1052800
1049700
1110200
1049900
1051900
1049900
1047900
1036600
1033900
1039000
1049400
1064300
1051700
1052500
1057800
1051200
1060500
1089600
1061800
1094200
1058400
1052000
1052600
1074400
1050000
1063100
1051900
1113200
1059500
1080400
1063100
1072600
1075900
1114600
1054500
1143700
1069900
1078800
1060800
1143400
1081600
1067500
1052300
1068200
1050900
1051600
1053900
1069600
1055100
1052000
1694500
1056500
1053000
1070200
1052300
1056300
1050500
1053600
1051900
1053300
1052300
1056200
1053400
1056800
1071700
1053200
1071500
1053000
1050400
1054100
1051700
1056000
1051000
1051700
1061000
1052800
1080300
1049100
1053300
1052000
1050900
1051000
1051700
1051000
1050400
1087500
1063300
1051400
1119500
1114400
1130800
1080000
1152600
1053900
1084000
1068700
1142500
1060300
1100700
1067600
1084000
1080400
1196500
1126400
1163100
1238000
1253100
1318200
1349200
1309000
1142500
1226700
1293800
1345300
1313600
1334900
1222200
1085900
1113400
1066100
1066000
1064400
1080300
1065300
1055400
1052300
1045700
1053700
1056700
1052200
1056000
1052700
1057300
1054500
1053100
1055000
1052300
1053100
1052400
1049100
1055800
1052100
1074300
1052900
1055700
1052400
1053100
1051400
1053400
1059800
1053100
1055600
1050900
1093400
1076200
1061200
1074800
1148600
1078900
1138400
1115700
1076700
1164300
1088100
1065100
1604800
1065700
1068500
1061800
1062000
1061900
1060500
1139500
1054400
1057300
1050100
1057500
1049200
1049700
1054100
1048700
1051800
1107200
1107500
1049700
1059900
1049300
1052400
1097300
1048900
1052900
1050500
1064000
1049600
1050700
1050900
1050000
1053200
1070100
1050300
1049400
1050700
1052900
1051900
1083200
1049800
1051100
1051100
1111000
1054200
1051500
1056100
1069600
1065400
1051800
1056900
1052200
1052600
1055200
1055000
1054900
1051300
1055800
1054300
1059200
1051600
1053600
1074000
1051800
1055200
1054800
1054100
1066400
1051500
1053300
1052600
1055200
1071200
1053600
1053000
1051600
1052600
1067000
1056800
1052300
1053300
1051000
1075700
1052000
1051800
1053800
1052200
1054500
1053100
1054600
1051100
1051300
1054600
1052800
1051900
1050600
1051800
1052200
1064700
1052800
1051100
1071000
1050600
1055200
1051700
1057400
1051600
1052300
1053600
1051700
1055200
1081000
1053700
1050900
1813900
1050200
1048700
1052200
1050300
1052200
1049000
1053900
1050600
1050400
1056700
1049800
1053000
1048700
1050900
1057300
1066100
1049200
1049800
1052200
1050100
1052300
1051600
1054000
1049100
1071900
1052200
1050000
1052400
1052000
1053300
1050700
1053500
1049900
1049800
1067300
1056400
1051800
1042400
1052600
1051000
1049400
1053500
1050000
1053100
1062800
1059900
1051700
1053800
1051700
1051800
1051800
1156700
1053000
1051200
1052300
1050200
1050600
1053400
1050300
1056200
1051600
1051700
1054700
1062500
1060100
1059800
1067800
1062400
1062200
1060500
1053200
1052100
1051300
1070800
1050700
1052900
1050900
1053800
1051600
1049500
1054200
1051900
1053700
1066000
1057700
1051500
1071200
1053100
1052800
1053800
1056800
1040200
1051700
1068900
1055700
1042000
1065500
1053500
1055200
1051300
1054500
1053900
1054300
1086000
1037500
1046700
1084500
1052500
1050100
1046500
1053700
1062400
1035800
1079300
1554200
1049500
1065900
1046600
1036600
1049200
1058900
1038900
1056000
1070600
1050300
1030300
1026300
1057400
1049900
1014100
1015200
1052000
1051500
1063500
1026400
1048500
1053500
1016800
1019200
1050700
1049600
1023000
1020200
1066700
1050200
1018600
1022000
1024600
1051700
1050000
1046200
1023600
1056600
1077300
1053200
1035400
1052000
1053400
1022700
1038300
1051500
1051500
1024100
1039300
1037900
1054400
1031900
1014200
1055600
1099600
1222800
1242500
1239900
1240600
1222800
1204900
1248600
1241300
1204700
1204200
1239700
1246800
1255500
1225000
1240900
1241300
1224600
1202200
1060000
1053300
1049700
1034100
1051000
1051200
1054500
1019800
1049900
1050300
1053100
1035200
1049700
1051900
1047700
1021100
1041900
1051400
1049500
1029600
1035700
1053800
1055000
1063700
1023300
1018700
1053700
1050400
1022300
1040200
1050100
1051000
1021000
1027100
1051200
1052300
1020200
1020100
1051500
1050400
1600400
1050400
1054400
1092000
1057400
1041000
1054800
1055500
1049500
1026300
1052600
1055200
1024400
1075800
1051800
1052700
1044600
1026800
1058000
1054900
1049900
1026000
1045700
1069600
1054000
1052300
1052100
1053400
1048700
1025400
1047400
1051200
1042000
1026500
1042000
1063200
1060000
1055300
1051700
1050700
1043700
1015000
1036300
1058800
1045500
1015200
1051300
1086800
1078600
1053800
1039800
1055400
1047200
1061100
1041400
1056600
1078300
1053900
1052300
1101500
1072600
1087600
1051800
1068700
1073400
1053200
1040800
1070400
1104500
1063700
1069400
1050700
1051900
1039900
1053100
1053000
1029100
1050100
1046400
1052700
1055200
1047000
1040700
1052100
1056800
1028600
1043400
1052600
1068200
1053000
1045300
1052900
1051200
1016900
1030800
1052500
1054400
1015200
1015900
1074800
1054200
1048400
1056000
1069000
1051500
1053800
1050500
1054400
1055500
1042000
1047200
1053700
1131000
1116600
1866300
1105700
1166800
1049100
1120100
1063900
1122600
1059500
1094000
1057300
1072000
1062600
1061000
1059800
1136600
1072400
1078800
1061500
1097700
1052700
1054900
1050000
1052400
1054000
1053600
1078400
1068300
1053900
1051600
1054300
1049800
1052300
1054400
1052200
1056600
1067800
1060500
1052000
1053000
1054900
1052300
1054500
1051000
1052800
1051500
1055200
1052300
1051000
1055400
1053400
1053300
1052300
1052900
1051800
1052400
1070200
1062500
1053300
1050700
1056900
1053600
1050800
1052400
1051800
1056300
1081800
1153200
1238400
1150100
1120900
1081900
1132900
1065500
1097500
1068300
1072500
1064100
1083300
1063400
1105000
1095200
1058600
1078400
1054500
1055600
1054200
1116900
1113400
1093100
1066500
1051700
1052200
1051100
1063100
1052900
1058700
1056200
1050100
1052300
1049200
1051500
1050200
1048600
1062100
1050000
1052200
1051000
1051700
1049400
1054300
1049200
1042400
1051600
1065600
1655500
1055100
1056100
1052700
1051300
1051300
1052400
1053000
1052300
1069400
1050900
1056500
1066700
1093800
1126000
1130200
1186400
1193800
1295900
1227000
1054100
1141600
1211000
1264300
1272200
1179400
1069600
1092000
1066500
1062900
1067600
1064400
1070000
1054600
1051300
1097100
1155300
1073500
1052700
1052300
1056700
1059000
1051000
1077500
1051300
1055800
1053200
1052800
1052400
1052600
1059600
1051700
1051900
1053300
1066500
1054200
1051900
1053700
1046300
1055200
1057900
1053300
1052800
1051600
1069400
1060000
1082600
1061200
1062600
1064000
1061500
1058500
1051800
1054200
1256600
1087700
1049800
1051300
1056000
1049600
1052300
1051400
1053900
1050500
1058800
1053100
1049400
1050700
1048500
1051400
1048900
1051200
1049100
1048900
1052100
1066200
1052900
1050500
1059000
1064500
1049000
1052800
1048600
1053400
1092600
1068400
1049600
1048700
1050500
1049300
1050600
1050700
1051600
1049500
1764200
1062100
1050800
1051500
1079300
1053500
1050500
1051700
1075100
1075200
1054300
1099200
1055100
1054500
1065100
1059000
1055600
1056100
1054200
1057400
1083200
1075100
1052900
1057600
1049800
1057000
1048300
1083600
1057300
1052300
1056400
1079900
1067200
1053400
1053000
1054800
1089700
1057100
1052400
1055000
1092800
1051300
1049400
1050200
1050600
1048300
1050600
1083300
1065600
1049100
1069100
1091600
1050600
1051800
1050100
1051300
1051100
1050300
1082700
1049800
1051500
1054500
1052400
1051000
1051400
1050400
1050000
1053600
1050600
1106400
1049600
1051600
1094700
1059800
1060700
1047500
1050900
1049300
1052100
1051000
1085900
1049600
1048900
1051700
1048300
1055500
1048400
1052300
1076800
1049100
1054500
1082500
1050500
1059900
1050100
1050500
1051500
1051400
1050200
1051100
1046600
1052100
1079900
1036800
1106100
1049500
1052100
1034100
1036600
1034100
1036200
1034600
1049200
1048700
1059400
1715800
1051700
1041500
1054700
1080500
1077900
1201300
1136400
1048100
1061900
1049800
1051600
1048000
1050500
1050300
1041400
1052800
1048800
1052700
1049700
1058600
1049200
1049800
1047100
1050100
1051000
1049100
1051000
1048900
1056100
1050900
1050600
1051200
1049100
1053900
1052200
1059700
1050600
1050000
1049200
1050100
1059500
1066300
1050500
1046400
1053800
1049700
1049800
1057000
1051200
1052800
1051300
1065800
1049100
1050400
1053000
1049100
1044200
1051200
1053900
1051900
1059000
1067900
1077300
1071500
1048900
1054600
1048800
1044800
1049100
1051000
1051800
1069200
1051800
1051100
1053300
1049400
1053100
1049600
1049200
1053700
1047500
1056400
1067900
1052900
1049500
1051000
1052200
1047600
1051800
1049700
1051500
1069700
1053700
1054800
1050500
1047600
1050400
1052800
1052200
1053300
1048700
1069300
1056300
1047500
1054800
1050500
1082500
1052500
1057000
1051400
1106000
1093400
1082500
1677000
1057500
1056500
1054100
1066000
1052600
1052700
1064100
1057100
1057400
1092000
1062800
1051800
1052800
1068800
1055900
1052300
1062400
1053100
1052000
1090000
1055700
1051700
1055900
1050900
1053700
1053100
1058900
1050700
1051300
1050600
1071500
1052600
1052100
1055800
1057600
1056500
1174600
1051100
1055000
1051800
1055500
1050800
1053000
1050800
1051700
1054800
1067100
1056700
1052200
1052700
1052200
1067600
1053000
1050500
1057400
1052100
1057500
1050700
1061600
1042000
1042800
1054500
1075600
1080900
1059100
1089600
1053300
1057100
1050200
1148100
1075000
1064700
1133800
1053500
1090100
1066900
1054600
1099500
1083600
1061300
1083000
1074000
1100900
1083000
1053600
1050200
1056200
1052100
1054700
1051200
1053400
1052200
1073500
1054800
1079500
1054900
1052600
1054600
1049900
1056000
1052500
1050500
1053400
1051800
1073400
1049900
1054400
1050600
1052000
1054100
1052200
1052700
1051300
1712300
1049700
1054900
1052100
1049300
1053300
1052900
1052400
1048800
1051700
1065500
1054200
1058400
1049800
1052000
1050200
1053200
1051000
1050400
1072400
1125300
1061300
1134900
1054500
1103700
1062900
1062700
1057400
1067200
1065000
1118400
1084400
1143700
1053400
1056000
1050600
1052200
1054500
1078200
1055700
1052600
1053500
1049900
1055800
1052600
1050900
1052500
1054800
1074900
1085900
1058600
1052100
1056600
1052400
1051600
1054800
1051600
1055000
1051000
1053600
1047700
1050700
1053300
1050900
1055300
1048700
1052800
1052900
1046100
1055200
1075000
1054400
1050500
1055300
1050500
1055900
1055500
1051200
1051800
1053500
1058100
1081000
1066100
1054200
1050400
1059000
1052600
1075400
1051700
1053400
1051000
1071700
1052700
1050500
1052000
1048500
1054100
1067300
1054300
1050600
1049200
1078500
1074400
1054700
1049500
1052200
1049600
1082700
1052200
1049000
1053100
1061600
1052100
1049400
1810000
1051000
1073600
1050200
1051200
1051600
1054600
1059100
1052000
1051500
1052200
1048200
1069900
1048400
1054100
1050400
1053300
1059900
1046800
1051300
1050300
1054200
1064900
1052000
1048800
1048600
1054700
1042400
1057200
1050300
1050000
1043600
1065000
1050100
1049900
1053000
1050500
1051400
1061800
1066000
1050300
1050900
1054800
1056700
1054200
1055200
1054900
1052700
1048600
1051000
1054100
1060700
1046800
1055100
1051900
1054200
1046600
1051600
1055300
1067800
1052700
1071000
1059400
1061700
1260800
1188500
1360800
1199400
1279000
1285600
1353400
1305700
1327900
1354100
1105400
1058400
1066200
1076700
1064600
1060700
1065700
1062800
1061000
1064000
1060800
1064900
1060000
1078600
1174600
1090400
1216900
1193300
1241100
1276500
1260100
1325600
1092600
1164900
1284400
1371000
1385700
1239700
1065100
1063700
1063100
1063800
1065000
1064400
1063600
1059300
1052900
1058200
1052300
1057500
1052400
1686500
1053500
1055200
1051000
1053600
1048900
1051500
1054500
1060400
1057200
1074700
1067200
1052900
1053100
1056800
1055200
1051800
1053100
1051200
1050500
1074100
1059100
1058400
1054500
1095300
1066300
1053000
1065800
1242900
1112500
1114000
1114600
1057800
1188300
1079000
1104100
1085500
1086800
1064000
1157100
1092300
1155500
1080300
1056900
1050400
1079100
1053400
1051500
1064100
1053200
1055300
1052900
1056300
1052200
1052200
1053300
1058000
1395800
1404700
1085500
1065400
1081600
1055300
1054200
1058100
1050800
1055000
1075700
1057500
1072600
1057600
1055900
1052400
1057800
1050300
1051100
1048400
1047700
1052700
1069600
1059900
1054700
1055600
1053300
1056700
1052600
1072400
1053300
1052400
1085800
1089000
1073600
1158400
1159100
1143400
1223700
1127400
1148000
1166300
1134400
1123300
1158800
1131900
1165000
1143300
1108500
1052000
1054700
1080700
1053100
1057200
1051500
1061700
1051100
1674100
1049000
1054400
1050700
1088300
1049400
1050500
1053100
1048300
1073800
1049700
1052600
1049700
1049200
1060900
1050300
1051600
1049700
1052600
1054500
1051500
1049100
1049900
1053000
1062900
1051700
1050000
1053100
1058700
1051100
1051000
1048700
1051600
1050000
1051500
1049100
1052200
1049800
1055200
1051500
1049600
1050300
1049300
1054600
1050200
1062300
1052200
1050200
1051200
1052100
1050800
1049500
1056600
1048700
1050500
1058400
1050600
1063800
1049500
1057100
1052200
1053200
1052000
1048400
1051900
1048500
1052100
1076500
1052800
1049800
1048700
1052400
1048900
1052500
1049800
1053600
1064600
1049700
1051600
1049900
1052900
1049300
1158900
1049600
1054200
1054300
1073500
1054000
1052500
1054100
1053300
1056400
1052400
1050900
1055700
1053100
1070100
1052500
1052400
1052000
1055000
1052700
1052800
1056300
1052900
1070400
1049700
1167900
1051300
1051800
1055500
1050500
1053400
1049500
1705400
1052800
1064400
1056600
1052000
1053800
1052300
1055800
1050400
1051100
1056900
1056000
1049900
1052500
1058600
1052500
1053700
1051500
1053000
1052000
1051100
1055300
1050700
1055000
1082600
1053700
1086900
1075500
1112700
1083200
1093400
1073400
1079800
1071400
1099900
1057200
1053200
1072600
1064800
1086900
1053900
1054000
1093900
1078300
1051600
1052200
1056900
1050600
1054200
1049900
1060400
1055800
1055300
1070100
1051900
1052600
1052800
1053600
1050300
1059200
1055500
1051000
1055700
1065300
1052300
1049800
1050500
1051500
1074000
1055400
1047800
1054600
1056300
1054400
1063100
1055300
1053400
1052000
1040900
1053600
1053900
1052600
1055900
1047300
1051800
1053900
1055900
1039100
1051500
1052100
1035900
1040600
1044800
1051900
1059800
1066300
1066300
1061800
1056500
1052700
1052700
1041200
1055900
1063100
1053100
1053300
1052800
1057700
1075900
1050600
1041500
1040600
1054000
1051800
1740800
1053300
1068300
1051900
1061600
1038800
1047000
1053900
1055700
1037700
1045200
1051700
1061700
1037900
1069600
1053600
1059600
1035300
1050100
1052700
1055100
1040800
1044900
1068600
1068600
1054500
1038200
1055900
1056200
1029400
1036500
1053800
1059100
1027800
1054200
1047100
1052400
1053200
1027200
1046800
1052300
1053100
1029200
1047200
1081100
1071600
1056500
1044600
1053600
1050800
1029800
1042000
1052700
1055700
1043200
1065500
1055300
1053700
1049700
1053500
1051400
1055900
1053500
1051300
1069400
1054100
1032000
1053300
1051700
1054300
1051900
1018900
1045100
1052000
1061400
1017400
1040900
1076600
1066500
1052600
1030300
1054000
1061600
1066400
1022600
1062400
1060200
1042700
1023000
1082600
1059200
1045100
1043700
1066100
1062000
1056300
1026700
1062000
1063100
1060200
1068400
1055300
1080700
1064100
1065400
1024700
1060700
1050400
1044300
1060900
1066200
1060100
1026900
1077000
1801800
1052700
1034500
1030700
1074900
1055000
1042500
1046300
1052900
1072300
1049200
1050000
1054000
1054500
1035300
1044400
1052400
1052700
1016100
1014200
1055300
1052700
1039400
1017200
1044800
1056600
1052900
1052800
1049100
1052600
1055200
1038000
1052800
1051500
1081000
1021500
1050800
1060600
1027200
1051200
1035800
1054200
1073600
1050500
1033100
1045700
1059400
1029700
1038400
1051400
1063300
1026400
1012400
1040200
1055100
1047200
1014200
1051400
1050700
1058500
1015800
1031700
1056100
1056900
1051100
1051900
1055300
1052900
1012800
1044100
1052900
1056000
1051800
1054900
1067400
1052000
1054000
1050600
1055100
1053100
1053700
1050700
1059600
1049700
1075300
1053300
1050600
1056300
1051900
1053400
1051100
1052800
1053700
1052300
1070100
1062900
1051200
1054700
1053500
1051500
1050900
1055900
1050900
1054600
1056100
1066300
1050500
1053500
1054700
1051300
1053800
1052500
1052500
1052400
1797900
1072500
1056500
1053600
1054900
1049500
1053500
1055200
1050500
1079500
1053000
1049800
1066900
1051900
1053000
1050300
1054300
1050700
1050600
1085700
1052100
1054600
1067500
1054100
1051700
1060700
1051100
1050800
1053500
1053500
1052700
1051700
1054800
1054700
1052400
1056900
1050700
1054600
1032600
1052700
1051600
1057200
1054300
1063500
1056400
1150600
1190400
1087400
1182300
1216000
1211500
1238300
1122200
1186100
1178100
1260000
1297700
1069000
1052000
1053800
1054900
1046600
1064100
1053800
1059200
1052000
1048800
1069800
1049600
1052400
1051100
1052500
1050400
1055600
1050300
1048200
1052400
1062600
1050500
1048800
1052900
1054500
1050000
1075300
1049900
1054700
1049400
1065800
1049500
1047000
1049900
1049300
1050900
1055200
1062100
1050000
1053400
1064800
1047900
1052400
1049900
1058400
1034000
1043200
1047900
1053400
1053800
1056200
1051900
1056100
1050700
1040500
1053500
1049400
1808400
1054700
1078600
1052300
1049700
1055900
1051500
1055500
1030500
1028800
1057100
1067700
1065200
1054800
1066400
1062600
1039300
1039000
1060100
1057200
1060500
1103800
1099600
1072000
1077600
1208300
1116600
1065800
1107900
1069100
1116300
1060200
1150400
1059800
1055700
1055400
1053800
1063000
1052000
1075500
1093700
1113500
1074100
1064000
1066900
1063400
1066400
1059700
1061300
1063000
1091900
1065500
1051900
1052300
1049700
1055500
1048800
1061600
1049600
1050500
1051600
1084500
1055700
1052800
1057700
1053800
1053200
1055100
1053300
1052000
1054000
1055200
1049100
1055500
1051900
1048300
1053500
1055300
1055500
1050500
1052300
1119900
1060200
1092300
1079200
1060000
1056600
1105200
1067400
1055800
1062600
1088800
1058800
1090600
1059900
1093400
1068600
1052600
1078400
1081700
1096800
1084500
1077200
1070500
1053900
1056600
1058300
1053000
1053000
1055400
1073800
1051200
1056700
1050300
1803500
1048700
1049300
1053400
1053700
1087100
1049500
1055000
1050100
1050700
1052100
1049700
1050400
1053800
1056900
1067800
1050000
1054100
1050100
1051900
1051200
1056500
1050500
1054000
1050000
1062400
1053100
1048000
1061600
1049900
1049400
1050600
1054200
1049300
1053100
1066900
1050500
1053100
1051300
1053600
1050300
1054200
1064200
1079400
1090700
1103700
1060300
1071500
1065900
1066700
1054200
1080100
1092100
1084900
1089900
1096700
1052000
1053000
1063400
1069100
1067400
1052900
1054000
1050700
1063800
1051300
1051200
1057800
1053600
1063900
1079500
1060400
1052100
1051400
1056100
1050700
1071700
1214400
1157800
1145000
1231800
1368800
1310400
1417500
1328300
1177900
1207800
1079100
1062100
1065800
1068500
1061400
1066200
1054600
1054600
1052200
1056200
1052200
1051100
1097100
1092100
1085300
1051700
1055200
1055600
1054600
1089900
1070000
1057700
1076600
1065700
1052700
1057800
1050100
1052300
1573500
1051200
1054800
1052200
1053800
1053500
1056000
1071300
1051100
1054000
1052600
1048400
1050900
1054300
1051900
1073200
1053500
1069300
1054300
1046900
1052500
1057400
1056100
1051300
1050600
1053400
1051100
1065300
1051200
1056900
1051400
1066900
1068500
1070300
1062700
1061400
1080600
1062900
1068100
1054100
1052700
1052500
1052400
1054500
1053400
1051200
1062200
1052800
1054300
1050600
1055500
1052400
1054000
1050500
1062600
1052800
1052600
1052800
1051200
1061300
1053900
1054000
1055200
1062200
1064400
1057700
1062600
1061700
1062800
1059600
1060000
1061900
1060200
1061200
1064500
1049100
1056800
1064400
1061100
1050700
1051800
1049800
1055800
1047200
1046500
1050900
1057800
1048000
1045000
1051200
1052700
1060700
1054600
1056200
1055800
1055200
1086400
1065200
1054300
1049400
1045900
1050500
1055100
1045500
1050300
1053600
1049300
1051600
1057100
1053200
1054000
1053700
1054200
1055100
1644900
1054100
1077300
1054400
1066200
1050600
1050100
1051200
1050300
1153100
1049600
1051900
1065700
1052400
1097400
1051700
1050100
1051100
1052500
1054000
1034900
1045700
1065100
1050000
1051000
1054400
1049100
1051500
1049700
1050300
1049900
1050200
1069000
1049000
1070700
1056600
1066200
1054900
1056400
1053900
1052000
1076100
1052300
1055100
1071300
1063300
1059300
1057900
1049900
1050400
1051100
1071600
1051100
1049200
1054000
1055300
1050500
1053300
1051600
1057600
1058100
1072400
1049200
1048800
1029100
1027000
1055400
1052300
1052200
1049900
1055200
1050900
1047700
1055000
1052400
1052400
1068600
1051800
1050200
1051800
1051900
1075400
1054000
1049300
1038200
1035400
1053400
1066900
1050600
1048400
1041400
1051400
1049100
1028300
1039800
1049900
1054400
1027700
1241800
1055000
1063100
1080000
1059600
1037600
1038400
1039900
1041700
1055900
1049200
1056700
1048700
1067600
1055200
1054400
1613100
1051400
1053200
1062300
1070100
1110500
1050300
1053700
1051300
1052700
1051900
1052900
1051800
1053000
1052900
1051700
1060100
1050400
1053200
1050000
1039600
1035500
1051900
1065200
1064800
1121300
1064800
1066600
1061200
1064400
1062600
1061100
1057000
1064600
1064900
1079500
1054000
1071100
1052100
1054900
1050800
1054500
1052600
1054000
1047600
1090900
1084200
1059700
1052900
1060900
1063900
1066100
1038900
1038700
1049800
1054600
1041000
1061800
1052200
1060900
1039400
1041000
1039400
1052300
1058900
1030900
1054900
1067600
1059000
1014100
1016400
1055900
1052200
1016000
1034100
1053900
1055200
1055700
1060700
1052100
1056900
1021500
1014900
1053400
1053000
1025600
1029100
1079300
1076600
1064300
1042600
1054400
1054100
1017000
1013300
1032000
1053500
1077300
1019800
1044300
1160500
1053800
1011300
1026700
1054400
1060400
1013600
1055000
1052500
1086500
1045200
1051700
1055000
1053300
1653500
1050300
1054500
1069200
1032400
1066800
1049200
1054700
1018800
1021100
1049000
1053600
1019900
1019700
1027500
1052800
1106600
1181300
1123400
1228000
1241700
1255500
1213200
1086300
1225200
1232500
1197300
1233200
1049900
1052000
1061000
1073200
1060800
1058400
1055400
1062900
1051600
1049700
1055300
1051400
1051300
1066600
1052200
1052300
1050600
1049000
1052800
1048900
1052700
1055200
1061800
1073900
1057700
1053700
1054700
1056500
1076500
1055800
1049300
1056400
1051000
1096700
1052000
1048900
1049900
1049400
1063400
1049300
1072000
1049500
1049400
1051700
1056700
1035700
1033400
1052200
1071400
1092800
1052100
1063200
1051300
1085000
1056900
1092100
1058600
1082400
1070900
1299300
1264400
1299200
1238900
1117900
1066500
1070300
1071100
1136900
1071500
1099000
1069600
1079000
1057200
1157700
1051300
1052900
1060500
1095600
1059300
1068700
1063100
1087700
1063700
1064900
1062100
1051400
1669800
1068400
1053800
1049200
1072800
1052800
1053500
1053100
1049500
1050400
1052600
1052900
1049100
1050000
1072700
1050400
1052000
1049800
1058300
1048900
1052200
1049300
1062700
1061400
1053900
1052100
1050400
1052400
1051200
1050100
1051900
1048800
1051200
1063900
1093800
1117900
1122100
1080300
1133700
1056600
1152200
1131600
1134000
1107600
1151600
1118300
1145200
1059800
1052100
1049900
1059900
1058800
1097600
1111700
1143000
1081200
1105300
1097700
1053700
1059900
1053400
1057100
1053000
1072400
1054600
1050400
1053100
1051600
1057200
1049900
1049800
1054000
1074800
1053400
1050800
1057400
1380100
1251800
1056000
1052000
1053800
1053300
1078800
1051400
1059500
1049600
1050000
1055500
1048800
1054000
1049100
1054300
1052800
1051100
1060900
1048700
1051300
1048900
1050600
1050700
1054500
1055100
1047900
1052500
1056500
1092900
1050100
1171700
1073600
1089100
1065200
1083700
1055800
1128800
1740900
1059500
1086300
1059600
1073200
1064300
1170000
1058000
1052600
1053900
1074000
1059900
1092500
1119400
1052600
1081000
1051200
1050100
1055200
1049400
1053600
1050400
1050700
1050700
1051600
1055800
1049400
1049600
1050700
1048400
1056400
1051300
1053700
1051200
1052800
1075700
1049800
1052800
1050400
1053300
1049400
1060700
1049300
1053100
1048900
1081300
1051200
1050300
1052800
1046700
1051200
1049000
1050600
1052500
1049800
1051800
1048400
1051900
1049700
1058600
1058200
1051700
1064100
1096600
1091300
1113000
1072800
1049200
1075000
1192300
1115400
1179500
1160700
1072000
1184400
1100500
1114000
1115500
1116900
1070800
1055700
1055200
1075900
1084100
1059700
1063600
1062100
1062800
1062000
1062600
1061000
1064100
1085400
1079100
1054700
1051800
1051700
1050000
1054700
1051400
1050900
1063300
1077700
1087100
1067400
1066300
1069400
1065200
1060000
1052300
1055800
1051500
1161100
1078400
1714700
1051500
1057900
1050300
1051400
1052900
1053100
1048200
1067600
1068700
1053300
1052900
1058400
1052600
1054400
1044800
1054600
1052200
1074200
1047000
1052100
1054700
1052500
1046900
1055600
1056700
1062400
1051400
1086300
1051400
1059700
1050200
1051100
1044000
1053400
1051000
1048900
1047600
1066900
1052100
1048200
1055000
1050000
1054200
1037300
1044000
1053000
1049700
1036300
1042500
1061500
1053200
1038400
1052100
1057700
1053600
1036600
1051800
1053000
1056400
1038300
1051600
1050600
1051100
1048600
1034900
1054000
1050400
1047700
1035400
1046100
1051900
1049400
1066800
1049600
1049600
1054500
1034500
1050300
1049500
1056900
1034800
1051700
1050400
1064800
1092600
1059300
1050300
1053600
1095400
1050800
1055200
1056200
1061900
1103300
1081200
1061500
1042200
1069800
1055000
1052000
1054000
1051300
1053400
1061400
1058000
1051200
1050000
1053600
1050400
1051300
1045200
1059400
1042600
1739600
1051000
1048800
1072700
1050500
1049500
1040100
1050800
1049500
1050100
1053900
1071000
1055000
1050400
1046000
1049300
1053500
1049700
1035200
1048700
1049400
1049600
1050200
1062500
1051400
1055200
1050800
1047300
1061100
1061400
1044600
1043300
1063300
1085200
1065200
1057200
1050200
1050800
1057500
1058900
1049300
1051900
1053400
1040300
1056100
1050700
1055300
1046400
1051300
1050400
1056000
1034300
1050700
1067900
1050400
1050800
1051100
1055700
1054900
1036600
1052500
1053700
1050800
1077100
1035400
1057300
1054700
1051300
1049000
1052300
1049800
1052800
1036400
1082700
1049800
1050500
1059500
1055300
1050900
1049700
1055700
1054500
1054300
1052000
1035100
1057100
1049600
1148100
1091300
1053200
1049900
1050400
1035500
1038200
1034600
1059900
1051400
1054000
1054900
1052100
1055800
1038200
1050000
1078300
1056000
1043100
1058200
1054400
1081500
1076500
1052700
1073000
1061400
1071100
1832100
1105600
1051200
1134900
1052900
1128000
1063900
1114500
1060200
1057900
1088700
1102100
1056900
1052400
1055700
1052100
1054100
1078900
1051200
1054900
1053700
1066400
1052900
1055600
1056300
1055500
1051400
1069800
1053900
1045300
1051800
1050100
1057300
1050300
1050400
1052400
1055300
1052300
1049100
1055700
1158700
1056500
1050400
1050700
1053600
1049500
1055900
1064400
1050900
1051100
1050400
1051200
1050500
1071500
1044200
1053200
1050400
1056200
1043200
1049300
1051500
1053300
1058000
1050800
1061500
1051000
1049400
1068000
1049100
1052900
1050800
1054200
1050200
1053800
1050600
1059800
1052500
1051100
1052600
1048100
1051200
1048500
1055100
1053200
1048900
1051600
1051300
1056200
1048800
1056000
1058700
1061500
1053900
1056000
1053400
1051500
1070900
1111500
1066200
1092600
1181300
1209600
1217700
1231800
1243100
1136600
1270100
1221800
1147600
1213200
1071900
1110400
1079800
1065000
1858200
1081300
1053500
1053700
1053200
1058000
1050100
1051900
1049100
1049800
1051600
1058000
1053300
1048200
1050400
1049300
1053900
1050600
1049800
1052000
1049300
1057200
1057100
1053400
1051200
1048700
1051700
1049300
1051100
1048800
1052100
1067500
1054100
1057600
1049500
1052500
1049600
1051800
1048900
1052700
1051300
1068000
1051100
1049300
1053100
1050500
1052400
1049000
1056100
1052100
1050700
1067200
1050000
1056000
1175300
1074400
1065000
1062900
1062500
1170300
1067300
1088100
1063300
1066300
1194400
1060900
1061000
1062600
1050600
1054900
1051000
1072300
1051400
1055500
1091600
1065400
1067400
1062700
1063400
1065500
1067000
1091500
1062700
1069000
1079700
1055100
1052500
1054600
1050500
1052400
1057700
1051900
1053300
1051900
1048200
1050400
1057100
1054300
1056300
1053900
1052800
1054400
1051600
1055400
1053300
1067000
1054400
1053200
1054200
1050300
1048600
1052000
1055000
1054100
1039000
1555000
1055400
1057800
1055900
1045200
1076500
1054400
1051500
1041300
1048300
1051400
1066400
1056600
1055100
1051300
1073100
1036800
1046700
1054100
1057200
1038700
1046800
1065200
1052900
1049500
1063500
1051500
1053300
1041100
1048400
1050300
1055600
1070000
1058000
1057000
1059100
1054400
1036300
1056000
1052900
1052500
1041100
1073100
1054300
1054200
1056200
1056300
1055500
1052300
1039500
1060900
1053400
1055800
1044500
1053800
1058100
1053200
1032100
1028600
1058100
1053300
1027500
1028300
1076600
1063600
1067800
1068000
1067200
1063800
1055300
1064500
1056600
1050600
1054200
1037800
1206900
1052500
1059200
1048100
1054800
1056700
1051700
1058600
1051000
1053700
1053300
1050800
1050100
1049600
1052600
1049100
1051300
1050300
1052000
1059800
1055800
1050100
1051900
1053200
1051600
1056600
1051300
1052900
1052900
1074800
1078100
1064000
1067300
1062100
1064000
1062100
1063100
1063700
1096400
1620600
1061800
1054900
1050700
1052400
1052000
1057100
1056300
1068300
1086000
1061700
1068100
1060500
1067700
1060200
1061300
1061800
1157600
1076600
1073600
1052800
1044500
1161800
1049300
1049800
1051000
1051500
1051200
1050300
1078700
1058900
1053000
1055400
1068700
1055200
1064300
1054400
1052100
1057000
1053300
1053400
1055100
1050400
1055100
1053100
1082100
1120400
1062300
1055600
1052200
1054500
1051000
1076900
1053800
1055300
1052000
1050900
1057000
1050800
1056600
1054200
1054600
1068800
1053800
1058300
1052000
1077900
1052600
1054700
1052900
1063900
1053800
1168200
1064500
1049700
1053300
1084100
1055300
1057500
1051700
1054300
1051300
1046700
1036700
1046400
1052300
1061900
1049200
1051400
1055300
1054700
1036900
1041700
1056700
1052100
1037600
1041100
1053500
1053200
1051300
1046100
1052600
1056000
1034000
1037900
1053700
1051500
1051900
1070900
1055900
1052200
1034500
1060100
1052600
1585900
1051400
1039900
1054400
1053700
1071800
1051600
1072800
1051000
1057500
1035400
1063700
1051400
1054200
1037200
1036100
1061100
1050100
1037000
1033800
1034800
1034800
1038900
1049500
1049600
1053400
1043000
1052900
1049900
1053600
1036200
1040100
1052000
1050400
1049800
1027600
1063900
1051200
1056100
1038800
1053800
1054000
1052200
1029200
1047800
1054200
1049700
1019200
1049400
1041400
1030000
1012700
1013300
1012200
1027700
1051600
1050900
1051800
1051100
1056500
1030900
1052900
1053800
1012200
1014100
1050100
1051800
1013600
1046100
1030200
1053400
1049800
1013700
1034700
1011500
1014400
1027900
1025100
1049300
1049500
1055100
1011300
1053100
1049800
1045900
1011700
1055600
1049500
1010100
1058900
1051300
1052200
1010500
1016500
1049400
1050200
1027300
1021100
1050900
1049400
1041200
1045200
1053300
1051200
1049300
1013800
1052800
1052700
1050300
1029600
1051900
1055000
1052500
1029300
1642300
1050100
1047400
1032900
1050400
1049100
1044600
1022900
1048900
1052000
1046500
1020900
1033300
1054500
1069800
1033400
1032600
1534100
1057800
1052200
1029100
1036900
1051100
1059800
1058400
1052500
1051700
1067900
1087800
1189800
1054100
1046900
1028900
1088900
1167600
1119300
1106500
1116400
1058400
1136600
1100300
1054000
1050300
1093300
1138400
1059400
1104000
1114500
1200200
1110200
1123700
1062000
1129800
1084900
1124800
1133400
1053700
1059600
1225100
1110100
1096500
1058900
1130600
1052900
1082500
1064600
1054000
1065500
1091500
1052200
1052400
1056800
1060400
1056100
1054500
1085600
1052600
1058200
1052300
1053900
1054300
1124700
1063000
1061500
1079600
1174700
1143000
1057700
1054200
1120100
1139700
1100400
1097600
1100700
1097800
1052800
1053600
1051900
1093400
1079500
1060200
1095100
1052200
1055500
1100400
1120800
1087500
1093800
1135100
1193200
1223500
1249000
1358300
1337600
2194500
1826600
1518600
1313800
1317400
1181700
1350100
1234900
1363900
1398500
1343400
1274400
1182800
1130100
1227600
1355600
1154700
1148500
1161500
1055000
1175300
1058200
1051400
1065800
1127200
1080600
1131400
1100100
1093000
1103000
1145600
1050100
1133600
1059200
1160300
1068400
1074600
1066600
1150700
1055600
1196100
1091400
1061500
1056300
1049900
1049000
1054100
1049300
1085500
1049300
1052400
1050000
1055100
1048700
1050000
1091500
1235800
1247000
1140200
1383500
1401300
1435500
1413400
1344300
1244700
1162300
1380100
1399500
1421100
1467500
1429200
1219600
1065000
1068100
1062800
1063200
1062200
1064800
1068400
1058500
1061900
1059500
1061900
1051400
1051900
1101000
1118800
1156800
1283300
1183300
1078600
1155700
1051000
1102500
1102200
1170700
1088900
1140700
1080500
1119300
1107900
1120000
1112600
1139500
1057300
1209500
1068600
1160700
1108800
1099100
1142400
1128000
1200500
1088300
1911600
1175400
1134100
1231200
1083100
1091300
1238300
1155400
1156500
1203300
1059500
1084900
1107000
1103100
1118000
1378800
1108200
1188700
1164200
1062200
1136700
1105700
1080300
1166000
1222400
1162300
1189900
1218600
1209800
1241500
1232500
1296200
1188700
1244500
1207600
1163300
1154100
1133600
1162200
1134700
1088800
1193900
1143200
1207300
1206700
1262400
1243800
1206200
1188800
1124900
1269100
1290300
1299500
1226800
1268200
1255500
1181700
1137400
1078000
1354900
1271500
1265400
1194200
1206900
1169900
1291600
1161800
1152500
1240000
1327700
1302300
1308600
1278600
1146300
1177900
1179400
1301100
1297000
1298400
1175800
1066200
1241200
1222300
1257200
1363900
1345800
1287900
1154800
1169900
1289100
1137700
1369900
1144700
1318500
1178700
1219100
1142800
1183200
1075000
1145100
1118200
1083900
1062200
1242400
1108200
1123300
1059800
1058000
1053500
1050600
1063200
1052100
1055300
1092700
2012400
1094000
1261000
1220100
1052500
1256000
1054000
1210500
1119100
1177100
1192900
1264600
1197000
1169300
1068200
1216500
1249200
1352700
1290600
1141100
1271700
1230800
1285500
1299000
1308700
1250100
1162300
1264600
1178500
1145700
1054700
1051200
1232700
1094500
1247400
1140300
1366700
1330500
1316200
1342100
1052800
1121900
1290100
1373600
1211400
1051100
1150600
1163000
1089000
1225600
1060100
1106500
1108600
1119800
1171700
1153400
1099900
1217700
1079500
1161200
1167200
1143200
1080700
1051300
1055700
1050400
1055400
1068200
1062800
1064000
1087800
1071300
1064000
1065100
1061500
1065300
1064700
1065800
1056800
1051400
1079300
1050500
1054700
1053400
1050400
1053700
1052800
1057600
1050300
1055600
1068800
1068200
1061400
1062100
1064400
1062100
1064000
1063500
1062700
1087700
1092100
1070100
1086400
1068700
1061100
1066000
1064200
1066500
1088300
1059200
1074300
1052500
1058000
1049200
1718500
1051100
1057400
1054900
1053300
1079800
1054600
1056600
1054600
1056200
1054600
1053700
1059000
1057400
1054200
1072700
1054700
1050500
1057600
1051800
1051200
1059100
1051600
1075200
1052400
1065600
1056300
1050900
1057000
1051100
1051300
1056300
1059900
1069200
1055700
1050700
1057800
1056000
1051300
1053600
1044700
1054400
1051900
1064800
1065300
1064300
1064000
1055200
1065700
1060500
1066800
1062300
1080800
1068000
1059900
1085100
1051500
1047300
1054800
1052600
1054000
1047600
1070500
1053000
1053000
1051000
1057600
1053100
1050600
1058500
1051400
1058100
1067600
1055500
1052900
1051400
1079700
1064900
1062600
1059600
1061200
1062600
1105300
1067700
1063100
1062600
1066900
1053300
1052900
1053500
1051200
1053800
1068500
1051100
1054300
1053800
1054500
1084800
1056100
1050800
1051900
1054200
1071200
1052800
1056200
1052700
1051800
1063000
1056500
1052900
1053400
1052400
1060500
1051200
1767500
1050700
1050400
1049900
1050800
1052200
1050500
1053200
1049000
1050100
1046000
1059400
1053500
1050600
1052900
1048600
1053900
1058700
1061000
1064100
1059700
1058000
1060100
1061900
1054700
1057400
1054600
1099900
1134800
1062000
1075100
1080600
1098800
1053300
1055300
1052800
1054100
1057800
1052300
1058100
1048800
1053500
1079800
1209500
1090100
1053100
1060000
1055300
1056200
1891100
1914100
1575800
1400800
1051400
1156100
1052800
1051400
1052700
1050800
1078400
1056400
1053700
1052900
1048800
1051300
1050800
1052200
1047100
1059500
1152000
1156000
1056700
1048200
1099000
1052900
1052700
1062000
1054200
1056700
1052200
1163500
1051700
1055600
1049400
1052300
1051200
1059500
1059300
1070900
1051300
1050500
1156300
1054900
1048200
1050600
1049800
1052300
1052500
1054400
1049800
1050300
1052700
1048100
1051400
1048900
1051500
1049200
1050800
1052700
1048800
1051700
1049400
1049900
1048600
1792000
1050300
1046100
1159700
1078400
1051800
1055000
1179900
1155500
1061400
1336900
1049400
1059400
1080800
1052300
1049100
1052500
1049700
1051100
1053700
1050100
1054200
1050300
1076000
1048600
1055100
1049000
1050300
1053800
1051600
1053300
1048900
1050700
1049800
1047900
1056800
1050100
1051400
1049200
1050800
1049800
1055800
1048300
1074200
1050000
1093200
1053900
1051100
1051100
1093200
1054400
1055100
1052100
1097800
1054500
1062700
1054600
1060900
1054400
1053900
1057500
1057100
1056600
1071500
1053600
1059600
1049400
1052600
1050800
1052100
1049700
1050800
1051300
1073600
1050000
1050900
1054800
1054200
1073600
1055300
1100200
1056400
1057400
1064600
1052100
1156100
1079700
1065200
1054200
1087600
1063700
1068900
1057000
1087300
1070300
1066900
1166900
1134200
1166300
1176300
1277100
1346900
1328400
1320300
1344300
1291000
1123400
1339100
1408400
1289000
1363600
1322300
1080200
1101900
1844800
1051200
1052800
1050600
1051900
1051800
1112000
1197000
1066500
1084100
1080500
1082800
1094800
1058700
1056900
1076000
1111900
1050300
1050600
1056000
1050300
1085500
1051200
1053200
1156200
1051700
1064400
1075600
1062000
1089400
1149400
1180600
1109700
1117000
1081700
1065000
1126900
1106100
1109500
1079700
1064900
1056600
1118400
1051400
1094100
1132800
1214900
1234400
1281500
1273800
1246100
1293400
1237000
1256000
1265100
2170500
1939700
1517200
1652900
1229000
1215100
1207600
1230900
1199400
1198900
1177300
1202600
1210700
1139700
1193800
1268000
1238800
1176800
1189500
1328900
1175600
1289300
1171800
1233800
1221700
1128900
1212600
1164900
1269200
1107100
1203300
1154000
1187000
1314600
1082900
1089900
1136900
1082000
1070800
1088100
1142500
1143500
1168100
1448300
1128700
1166800
1107300
1115600
1126400
1148200
1099300
1098100
1098600
1058200
1092300
1079900
1055600
1056300
1047600
1049500
1630000
1079500
1139600
1223300
1074900
1054600
1054200
1054400
1053500
1053900
1054500
2124900
1858800
1469100
1269700
1052300
1050000
1049500
1096900
1051900
1051000
1049200
1055300
1048500
1051700
1052400
1049900
1051300
1069700
1052500
1047900
1053000
1049600
1049800
1051600
1049300
1050500
1083300
1084200
1061700
1119700
1157800
1171000
1144700
1148000
1106600
1145500
1085700
1071200
1078300
1157800
1091700
1071600
1049100
1052200
1051700
1049800
1076100
1059000
1080900
1050600
1052000
1048300
1055000
1049300
1050900
1074300
1060600
1061400
1061100
1051900
1050600
1050400
1051700
1051800
1051000
1050100
1050400
1049700
1055500
1049300
1050600
1052700
1049700
1053900
1066100
1051300
1047700
1051300
1052100
1049700
1052400
1049000
1052500
1050500
1074000
1047800
1051400
1054000
1050800
1052500
1050300
1052700
1048500
1049400
1052600
1049300
1053200
1050200
1052700
1051100
1060200
1053400
1055100
1625900
1054400
1055000
1054200
1056400
1063100
1055800
1051100
1049900
1051400
1071400
1053600
1049000
1062700
1054000
1052100
1054300
1049200
1055100
1051000
1077700
1050000
1053300
1048800
1054000
1051400
1060100
1054700
1056000
1079000
1049600
1051000
1057100
1055900
1051800
1050200
1057700
1051100
1054300
1066700
1051400
1058300
1048500
1050900
1049900
1052700
1050000
1049500
1053200
1065000
1054100
1049300
1054300
1047800
1055100
1049700
1050000
1052000
1050000
1074900
1052100
1053400
1048700
1050200
1050900
1051600
1062000
1049000
1052400
1068200
1054600
1050100
1050500
1051900
1048100
1052200
1049500
1050200
1058400
1067900
1052600
1049700
1052500
1050500
1049300
1052600
1053200
1049600
1049500
1051800
1048800
1054000
1049000
1052900
1050100
1044800
1050300
1050500
1054000
1058400
1051900
1049600
1052400
1046600
1049800
1052700
1050400
1055300
1083400
1053300
1060700
1050100
1052300
1049100
1587000
1050400
1051700
1050500
1071100
1052500
1052500
1051100
1048900
1056600
1050900
1051000
1048800
1053900
1059500
1054800
1071900
1054700
1057300
1053200
1054700
1055000
1060900
1054300
1052000
1058900
1073600
1052500
1048600
1052300
1053200
1056100
1153500
1080700
1063300
1052800
1065300
1055000
1058600
1052500
1054300
1052200
1050300
1074000
1049900
1052800
1056100
1108900
1064800
1116300
1084700
1119100
1054000
1153700
1111200
1106300
1099800
1147100
1062900
1059300
1050000
1162200
1062200
1049700
1054700
1148600
1064400
1059900
1053100
1048800
1054700
1049700
1051700
1051300
1049900
1051500
1051900
1052400
1050900
1051900
1056800
1147500
1364500
1088100
1057000
1054500
1788800
1521300
1069300
1083900
1081600
1056100
1052300
1056300
1049300
1068300
1056300
1050500
1072700
1065100
1055500
1049900
1087500
1099300
1059300
1278500
1980100
1827400
1473100
1052600
1049000
1049400
1055500
1048900
1884600
1059600
1126900
1068100
1080800
1049400
1068800
1055500
1059300
1133200
1120200
1052500
1053300
1077500
1068700
1092900
1116800
1064600
1052400
1045500
1169300
1071300
1049900
1051300
1049000
1071700
1050900
1080600
1050200
1055600
1054400
1073200
1053800
1051800
1053100
1163800
1062900
1054700
1053900
1064300
1053600
1084600
1050900
1051400
1049400
1052100
1133600
1090900
1053100
1064500
1050500
1048600
1056600
1051100
1049500
1054100
1050300
1050700
1048900
1062100
1051200
1054300
1050300
1048600
1052200
1047700
1051800
1050600
1052800
1050400
1082500
1052400
1050000
1053300
1050400
1051100
1049500
1054300
1049900
1048800
1058400
1051200
1050700
1049500
1053600
1050000
1048400
1054900
1048800
1069000
1051300
1051700
1050200
1052400
1050900
1049800
1052800
1048400
1050100
1068600
1052900
1054100
1108900
1115500
1091500
1106200
1099400
1106700
1147800
1063700
1087000
1061300
1110800
1058400
1730000
1108100
1057800
1080600
1058900
1048400
1051400
1053600
1049400
1053300
1050200
1051200
1050800
1073000
1052300
1048200
1054600
1049700
1050000
1049000
1052200
1058700
1050500
1051600
1052000
1051800
1049400
1058700
1050500
1050000
1054500
1047700
1074000
1218700
1116600
1180400
1303100
1309500
1343400
1312200
1275600
1361200
1213400
1131500
1302000
1306800
1318100
1326000
1312800
1192700
1057000
1054600
1058800
1054200
1053200
1057300
1053100
1052700
1048600
1089900
1118100
1051500
1051900
1048400
1051600
1050400
1052100
1049600
1052900
1049600
1049500
1051200
1049600
1052200
1050000
1051200
1051000
1050500
1072500
1049500
1051700
1050600
1050400
1052000
1053400
1049800
1098100
1052500
1069800
1052200
1049300
1050400
1050300
1049300
1053700
1050700
1051900
1050500
1050600
1049700
1054100
1050800
1050500
1052200
1049100
1053500
1051100
1068300
1049100
1053000
1052900
1050700
1053000
1051800
1686000
1049700
1053500
1050500
1049200
1053500
1049700
1053500
1058200
1060800
1058800
1062600
1077200
1048900
1051300
1052800
1091900
1049600
1052200
1050200
1053100
1050700
1050800
1081500
1050900
1056100
1238800
1057600
1053300
1053600
1053200
1079400
1056400
1055100
1059700
1057000
1058500
1055500
1052900
1056300
1054100
1081200
1053300
1060400
1055000
1055400
1056600
1053000
1056800
1053700
1054300
1093000
1055700
1053900
1052200
1056700
1056700
1060000
1055000
1058800
1053000
1052300
1051300
1059000
1058100
1051200
1053300
1051000
1055000
1048800
1081500
1051500
1165900
1055000
1050000
1051000
1048900
1156700
1051600
1049600
1067500
1049800
1050000
1051900
1060300
1051800
1050300
1058500
1048900
1055700
1077100
1053100
1049400
1049300
1051800
1048600
1052000
1050300
1052200
1048100
1052800
1044100
1048500
1052500
1049400
1052800
1049300
1054100
1050000
1049400
1051100
1049100
1053300
1049500
1710400
1050100
1054600
1051600
1049000
1073700
1049600
1052300
1047600
1052300
1049900
1051500
1049000
1049700
1049700
1049600
1053700
1047600
1053200
1049500
1057500
1092400
1101000
1130000
1071500
1104600
1071400
1117600
1106800
1117200
1077300
1131700
1062500
1049900
1056700
1095600
1049700
1095700
1053400
1091100
1066700
1111500
1058900
1092100
1049100
1049700
1051200
1051100
1051200
1049200
1064400
1048600
1054800
1053200
1048500
1053800
1049800
1051000
1050400
1061500
1050600
1050100
1052500
1073600
1049600
1047500
1054800
1050200
1050900
1159200
1049400
1053000
1049200
1071100
1049300
1055100
1048400
1045900
1052100
1048900
1050700
1054500
1054400
1049800
1049200
1052400
1051300
1062200
1059100
1064800
1059300
1054800
1055300
1118400
1059600
1114600
1082700
1067900
1055000
1061400
1050700
1137700
1066900
1075900
1067200
1116000
1061200
1055300
1050200
1130700
1097700
1147900
1157800
1147000
1765800
1050300
1053100
1050400
1050700
1050400
1079900
1053200
1056400
1053400
1048800
1049900
1052500
1050200
1052600
1049000
1072100
1048300
1054400
1048600
1049700
1052400
1048900
1053000
1049700
1055400
1083900
1050600
1050600
1051500
1053200
1047600
1050900
1050000
1054400
1048800
1068800
1051500
1048500
1053900
1051200
1052600
1048700
1051700
1051100
1050400
1070000
1049500
1051600
1049900
1057900
1067800
1058700
1063700
1060800
1088000
1052000
1092900
1049400
1115000
1097400
1062800
1054500
1051000
1052000
1051600
1054600
1051700
1049700
1055400
1050000
1053900
1049700
1052800
1049900
1049600
1053400
1049800
1051900
1051300
1043400
1050100
1055100
1050000
1042900
1050800
1048800
1051500
1043300
1051900
1049500
1050200
1060900
1049600
1050400
1050200
1044300
1049100
1052500
1049600
1049700
1034700
1048600
1068900
1050200
1069300
1050200
1049600
1052200
1054400
1052300
1050000
1053600
1034400
1760300
1070300
1049200
1051200
1050700
1051900
1049400
1047400
1052100
1053000
1049800
1067800
1050600
1051100
1052700
1053300
1053900
1055900
1050000
1049200
1055600
1079000
1049100
1053000
1050200
1056300
1049900
1051300
1054800
1036200
1052500
1054100
1054700
1049700
1053800
1049700
1050300
1051500
1050500
1054100
1051800
1070900
1050700
1050200
1056200
1040400
1054000
1049500
1050200
1050200
1056000
1068600
1070800
1044000
1053900
1059700
1053600
1038000
1051000
1052500
1053900
1070700
1049200
1049600
1054900
1040800
1051800
1049000
1042000
1030800
1045100
1072500
1054900
1037200
1048300
1050900
1055300
1026600
1052000
1050400
1056900
1060800
1054500
1050800
1050100
1052300
1049200
1051500
1049200
1058200
1045400
1068300
1051500
1048500
1050900
1050600
1051800
1048800
1054400
1050500
1050300
1071300
1049800
1079600
1050800
1057600
1048700
1050200
1050600
1056700
1047100
1073300
1053300
1047800
1767000
1050600
1050600
1051700
1048500
1048400
1064300
1052500
1049600
1040300
1050000
1050700
1061700
1077300
1057500
1050000
1093600
1049700
1040100
1051800
1050800
1052300
1026100
1084300
1050700
1049800
1072200
1049800
1051100
1050400
1029700
1040200
1052100
1048800
1050300
1054300
1049900
1053200
1036600
1045300
1049800
1054800
1049700
1048100
1048500
1049200
1053500
1050700
1052400
1049300
1049500
1044400
1051100
1051700
1051400
1140000
2011400
1822200
1522600
1922600
1772200
1461100
1064000
1078400
1052700
1051200
1050100
1043300
1046800
1052400
1051400
1051300
1042500
1073400
1050100
1050100
1052300
1048400
1052000
1049200
1057100
1048400
1048600
1068100
1052800
1051600
1050000
1048800
1059900
1053700
1049100
1051500
1053100
1061400
1053200
1050100
1053200
1048700
1048300
1052300
1048600
1028400
1055300
1069300
1048700
1048000
1054800
1049100
1053300
1048200
1099900
1125100
1066300
1189600
2033600
1225300
1137300
1107800
1190100
1249800
1238200
1174200
1059000
1054700
1055200
1054000
1057100
1052600
1057800
1054400
1055700
1070700
1049300
1052200
1050100
1102200
1050000
1053400
1056000
1055100
1066600
1244500
1051300
1051000
1053100
1054800
1054500
1049600
1049200
1052200
1048700
1071500
1049900
1051300
1049900
1048500
1055700
1049600
1045100
1050600
1051600
1067500
1055200
1049300
1050500
1051900
1049000
1051500
1048800
1052200
1048500
1066400
1053500
1050000
1055200
1053300
1051600
1051700
1058900
1051200
1048900
1054600
1050500
1052600
1048500
1050900
1045100
1049600
1055000
1050300
1051000
1065200
1050900
1049400
1053300
1049100
1049400
1052900
1036000
1051700
1050800
1052900
1054400
1053100
1058800
1057400
1057200
1056700
1058000
1072500
1058400
1076500
1055100
1056500
1054800
1040300
1056900
1056300
1054700
1071300
1092000
1068600
1095400
1053600
1087500
1054100
1057200
1052400
1053100
1731200
1089900
1069400
1055300
1076400
1092800
1061100
1054400
1095100
1068600
1078600
1064900
1104300
1088900
1051300
1050300
1049300
1055800
1051100
1048500
1054800
1074400
1049700
1049900
1049700
1051700
1049600
1054500
1050900
1045000
1067600
1074100
1051500
1049200
1053800
1042900
1051500
1050300
1053200
1049200
1049800
1065200
1053700
1061800
1051000
1055500
1051500
1052100
1049500
1049100
1053100
1087600
1096600
1055000
1118900
1125500
1093400
1067300
1107900
1082500
1076800
1069400
1181300
1061600
1050300
1052500
1073400
1058600
1094700
1049600
1132900
1100400
1049800
1119500
1051200
1051400
1050100
1049800
1051500
1058300
1050200
1049700
1055600
1051300
1053600
1051200
1051900
1049800
1050300
1053600
1050200
1051600
1053000
1050700
1049400
1054900
1048300
1049200
1053100
1048500
1052300
1050700
1051300
1055500
1050600
1051900
1050700
1051700
1051400
1051000
1047800
1053800
1051000
1048900
1664300
1054800
1073000
1048300
1094500
1088500
1082700
1055800
1092700
1079800
1094700
1069800
1050100
1051800
1073900
1060500
1067400
1059300
1131400
1060800
1088700
1096500
1130200
1049200
1075000
1051800
1050100
1052700
1049300
1051800
1050700
1052200
1050600
1050500
1055000
1050800
1052200
1157100
1055200
1049300
1051000
1053500
1049900
1053300
1071600
1051300
1050000
1047600
1052300
1049300
1051200
1055500
1051600
1049700
1070800
1049900
1050000
1051800
1048900
1057200
1050700
1051000
1050000
1090500
1068200
1135600
1071800
1076800
1051800
1066200
1078400
1063000
1073500
1075000
1049800
1052900
1050300
1046500
1050500
1049700
1053300
1050500
1059500
1081300
1049900
1050000
1054100
1050000
1050700
1054500
1049000
1053200
1047500
1054000
1049300
1049600
1052400
1049600
1050500
1049300
1051600
1049800
1054300
1066500
1050800
1051600
1051200
1059700
1049700
1051400
1049200
1048900
1051200
1067700
1626600
1049800
1050400
1051600
1051100
1046700
1049200
1055300
1057400
1059700
1058000
1062400
1057700
1067000
1059800
1063900
1064500
1063000
1077800
1059000
1053300
1057500
1050600
1052500
1050600
1057400
1048200
1054300
1066200
1054700
1053600
1049000
1053400
1050100
1051200
1049600
1052500
1051900
1051800
1053500
1048600
1051400
1062500
1051700
1049500
1060100
1034300
1048800
1071400
1051200
1051400
1051200
1050800
1050300
1050100
1052500
1051300
1052200
1066700
1055700
1052400
1053000
1048800
1050300
1051200
1049900
1053400
1048800
1080200
1050900
1053600
1058000
1050000
1054200
1051300
1051500
1048800
1073100
1050600
1055300
1052100
1050200
1052900
1049000
1058200
1049700
1049000
1070700
1051600
1053500
1050200
1052900
1050800
1056100
1053200
1049400
1053300
1068900
1052700
1048800
1052300
1048800
1048800
1050500
1049500
1051900
1050100
1068500
1050100
1058800
1053200
1049400
1058200
1049200
1642700
1053000
1052600
1071900
1053800
1055900
1050400
1050600
1050900
1052800
1050500
1057900
1033000
1075800
1050500
1049900
1052500
1035200
1052600
1050600
1052500
1053100
1048000
1072300
1049600
1042700
1049600
1051500
1053400
1037300
1050000
1049600
1052400
1049100
1048700
1052900
1056600
1037100
1042500
1049400
1056600
1042300
1039200
1080000
1050100
1056200
1027700
1052800
1053100
1051200
1029400
1050100
1051200
1085800
1034100
1060000
1051300
1056000
1039500
1055100
1050400
1054200
1053800
1081700
1054200
1050300
1039900
1051000
1052200
1049900
1049600
1052500
1069400
1081800
1053100
1037600
1050900
1054000
1052600
1026700
1044000
1050400
1056000
1047900
1045800
1048700
1055400
1046400
1049700
1053300
1049800
1045500
1035200
1073900
1080200
1049000
1054300
1047700
1044400
1051400
1056300
1038800
1034500
1051100
1050800
1050100
1033900
1050800
1057000
1054200
1041600
1046700
1052000
1047500
1837800
1049200
1054700
1060800
1066600
1054600
1060700
1062500
1041200
1070100
1050100
1056100
1050700
1043800
1051000
1058600
1054700
1052300
1054200
1069300
1044500
1037900
1050500
1055700
1048100
1039200
1050400
1056900
1034700
1054000
1059500
1050800
1049700
1034200
1052800
1049100
1051600
1091100
1053500
1094100
1114900
1218300
1216800
1235200
1195000
1242500
1067200
1060500
1090300
1056100
1054200
1053800
1058700
1053200
1049100
1052300
1051700
1054600
1068700
1058500
1043500
1051700
1050300
1051500
1051000
1048300
1051900
1057700
1080800
1058700
1059300
1061900
1048600
1054700
1049300
1053800
1055400
1049900
1070300
1051000
1047800
1060500
1052400
1132500
1098400
1099300
1159800
1247700
1238200
1243100
1115400
1226400
1302300
1199600
1213100
1212000
1104000
1061000
1054600
1055500
1058700
1053900
1053500
1058200
1044500
1054900
1049800
1080200
1048900
1050600
1050000
1049100
1050300
1051200
1679000
1048900
1078800
1058300
1048500
1052200
1049700
1052600
1049700
1052800
1054500
1053400
1069900
1049900
1046200
1047600
1052900
1050800
1052700
1049900
1049600
1049900
1069400
1051700
1057300
1052200
1050100
1054500
1051300
1050100
1051300
1048600
1052600
1050300
1059600
1055300
1049400
1097200
1088200
1124000
1049800
1055300
1051400
1059100
1117900
1118100
1085400
1126200
1060300
1080300
1057600
1050500
1050600
1069300
1088600
1069200
1058300
1053800
1054400
1061200
1078400
1051500
1054900
1052600
1058400
1051300
1055900
1055700
1055300
1055700
1080500
1056900
1057800
1080100
1056700
1065000
1052700
1053800
1055700
1052300
1056500
1050500
1052100
1060100
1049200
1050800
1048600
1052600
1054400
1055900
1055200
1068000
1053800
1064300
1076700
1048400
1055700
1054000
1054300
1089200
1064100
1054000
1053400
1066400
1120000
1071000
1116200
1088400
1115300
1074600
1050900
1137200
1068100
1116100
1830800
1068100
1116100
1078600
1120700
1069100
1112900
1110300
1114800
1074200
1049400
1049800
1049400
1072800
1054200
1049400
1050800
1056100
1066500
1050500
1050600
1054200
1051200
1082200
1048500
1050500
1050100
1052500
1051200
1049700
1050300
1049800
1051600
1083200
1054800
1049200
1049900
1053700
1054000
1059600
1052500
1054900
1051300
1052800
1049700
1049200
1050700
1049100
1051400
1049400
1054600
1049700
1050200
1051900
1048500
1052000
1050900
1051800
1050400
1056100
1125100
1051600
1085500
1060500
1187200
1053400
1124800
1050800
1049400
1071000
1145500
1053600
1065300
1063000
1059800
1070300
1079700
1061500
1109400
1116800
1117800
1122900
1058700
1049300
1057900
1053000
1050400
1050500
1049200
1051500
1049800
1079300
1047700
1047000
1051600
1049300
1052200
1051800
1051000
1049100
1049100
1074700
1048900
1052600
1050200
1051400
1050300
1053900
1048600
1049600
1051400
1051000
1053300
1048700
1735300
1048400
1054600
1049800
1051100
1052500
1072900
1161400
1050900
1052800
1051200
1049200
1050400
1048600
1050800
1049700
1078400
1087500
1171300
1143600
1050400
1070100
1178700
1118000
1123300
1191400
1261500
1121800
1098200
1051400
1119800
1101600
1129200
1151100
1221900
1128800
1220500
1159300
1215200
1105100
1209900
1247500
1050500
1285200
1322100
1077100
1111600
1156100
1173900
1245200
1164500
1272700
1093700
1134400
1064300
1175200
1293600
1254200
1056400
1206900
1219200
1082600
1066300
1094600
1055900
1265000
1336000
1291500
1053500
1128000
1055200
1064400
1053600
1058400
1149300
1059000
1073600
1083800
1057300
1080800
1068000
1050100
1056200
1049200
1060400
1053500
1087500
1170100
1078500
1052300
1050100
1050400
1053100
1064700
1051800
1051100
1051700
1048800
1074300
1050600
1048900
1052400
1049200
1052600
1056300
1049900
1050200
1049600
1089600
1049600
1051300
1048800
1051300
1049200
1777500
1050400
1158600
1080000
1048300
1057000
1049600
1053700
1049600
1053900
1049200
1048600
1053900
1070200
1053400
1049100
1052900
1051300
1051200
1064000
1055400
1084300
1053800
1085300
1054600
1059500
1054500
1049600
1054200
1048300
1052200
1063700
1050800
1071500
1050000
1054000
1050600
1049900
1049900
1056200
1051200
1063600
1049800
1050400
1052600
1049400
1053000
1051700
1050800
1050100
1048600
1050600
1054300
1051900
1050600
1059400
1050000
1046600
1048300
1050400
1052600
1044100
1050700
1052000
1051100
1050400
1050500
1053500
1069800
1051100
1051200
1053800
1050500
1055100
1050600
1049800
1054500
1051800
1052300
1048500
1053700
1049000
1049400
1050400
1049600
1053100
1049700
1052300
1050200
1054900
1050600
1042200
1053800
1050900
1055100
1050700
1053200
1048800
1050700
1051800
1156500
1051300
1048300
1052600
1048000
1161400
1049700
1048400
1050700
1051100
1053100
1053800
1036700
1041700
1795600
1055500
1050700
1052800
1049500
1051700
1053700
1052400
1051800
1072800
1053500
1061100
1051900
1050000
1052100
1050100
1051700
1049000
1053200
1071100
1049800
1053300
1055200
1061400
1129800
1058000
1051900
1054200
1052600
1055600
1046400
1051200
1052900
1053800
1056600
1056200
1050100
1052200
1051700
1073200
1048700
1053500
1044500
1056600
1051900
1049800
1052400
1050100
1052400
1069100
1043200
1051200
1048500
1051200
1057200
1090500
1052600
1055700
1050100
1071600
1054800
1050200
1059800
1049300
1052300
1050500
1049500
1049800
1050600
1070800
1053300
1035500
1055800
1052800
1051600
1050100
1070500
1052600
1126900
1050400
1059300
1050300
1056500
1051500
1050900
1074500
1051100
1051900
1049600
1053900
1049800
1050600
1051900
1048800
1050700
1068600
1052700
1049700
1049100
1051400
1049500
1049000
1050800
1057200
1049500
1072400
1040800
1050000
1051000
1034500
1036500
1051200
1051900
1050100
1862500
1071400
1049300
1037200
1054000
1051200
1052800
1056900
1055300
1138300
1135400
1068700
1097500
1052600
1049900
1052500
1060400
1054900
1053800
1056500
1051800
1054200
1049800
1052300
1054800
1052500
1051300
1051400
1056500
1050600
1050400
1051000
1058400
1049200
1049100
1052400
1052300
1051600
1056600
1054600
1050000
1088200
1102200
1123100
1134100
1249000
1259100
1194200
1201500
1066600
1243500
1220000
1228900
1221300
1182600
1054400
1053600
1054600
1056100
1056100
1068000
1056600
1056000
1048700
1053600
1049400
1050800
1051000
1050800
1086400
1048900
1061700
1050200
1051900
1053800
1048000
1052600
1048200
1050500
1069000
1052700
1050800
1049200
1051500
1049700
1051600
1050200
1058700
1058900
1076600
1052100
1050300
1052500
1050800
1050800
1049500
1054100
1050300
1050800
1070200
1050500
1052300
1051600
1053500
1049400
1050700
1052200
1050500
1051900
1068900
1051100
1050500
1065100
1052200
1052100
1688800
1069200
1070000
1087000
1066600
1053800
1054600
1053400
1102800
1056900
1052100
1164100
1054100
1075000
1084700
1055100
1212400
1103600
1249000
1150400
1194800
1176200
1193300
1182000
1156000
1103800
1053700
1103600
1053300
1054600
1054100
1056800
1081000
1049100
1051400
1052600
1050200
1050700
1054900
1049200
1051500
1053500
1068600
1050600
1049500
1050800
1051100
1053700
1050300
1049100
1053300
1050300
1084600
1050600
1052500
1049500
1049900
1052300
1051000
1055700
1052300
1051500
1065800
1054200
1049000
1049500
1053600
1049900
1052800
1050800
1052500
1050500
1069100
1053600
1049600
1051900
1051400
1052300
1050100
1116100
1219000
1315500
1250800
1141500
1367700
1290600
1255700
1197600
1051700
1053700
1073300
1052900
1049400
1052200
1049000
1054000
1051000
1050200
1056500
1050400
1074200
1051500
1052700
1049700
1050900
1051900
1051600
1050800
1055600
1052500
1066900
1055100
1049400
1048600
1578400
1049900
1052300
1050300
1057800
1056000
1061500
1049100
1049500
1053900
1048600
1051900
1049800
1051700
1050300
1081500
1057000
1053000
1060700
1056600
1054400
1053700
1054500
1051700
1049200
1054100
1049300
1052200
1048600
1053400
1048200
1050000
1051100
1107300
1066000
1066300
1072000
1055200
1061100
1054800
1055100
1057700
1050000
1052300
1078000
1195800
1234500
1233700
1242400
1250900
1240800
1237100
1241700
1263700
1244600
1294700
1235800
1057800
1056200
1075100
1056400
1140300
1063400
1055500
1055600
1075500
1104400
1094700
1058800
1095300
1128000
1148700
1051900
1065500
1123900
1140300
1069200
1051500
1050200
1051900
1052500
1073200
1051200
1050600
1053300
1050700
1056000
1050100
1048900
1054200
1049100
1073300
1049800
1052100
1050500
1108600
1058500
1054600
1055900
1053800
1081100
1054800
1059100
1058300
1049000
1054100
1050900
1050100
1048500
1050500
1071300
1049100
1050700
1054600
1941300
1070900
1056500
1053900
1061600
1083700
1054500
1055300
1053800
1195800
1065500
1116800
1207200
1075800
1058700
1086000
1097400
1093000
1071500
1101400
1112100
1133200
1061100
1052600
1053700
1127300
1061500
1060200
1071900
1062300
1110900
1051200
1182600
1136300
1059600
1053400
1057100
1056000
1054000
1057200
1054200
1053400
1049300
1053300
1050100
1055100
1049800
1289500
1052200
1049300
1051800
1049900
1053600
1074000
1050800
1053000
1061800
1058200
1054900
1061700
1056400
1065900
1148300
1053200
1057900
1055800
1059800
1050200
1052600
1049800
1049300
1052700
1050400
1050500
1050300
1053200
1050000
1086500
1053400
1095200
1061600
1054700
1065200
1054100
1057000
1096100
1065700
1095100
1078900
1103900
1073300
1094500
1085000
1061100
1058500
1115500
1074000
1089200
1059100
1048300
1053700
1048900
1078900
1052900
1049300
1051600
1049300
1058600
1051700
1055300
1048300
1049500
1074500
1050000
1645600
1049600
1059700
1050400
1052400
1050300
1049400
1052600
1048200
1053400
1049200
1052700
1048600
1053600
1055800
1117300
1057500
1081300
1053900
1055000
1057600
1052500
1048400
1070500
1052500
1064600
1081500
1063200
1055000
1058000
1108400
1119200
1170500
1051900
1051900
1049100
1055900
1050500
1050100
1051400
1050800
1053300
1052700
1054800
1256700
1055700
1082700
1054500
1058300
1054500
1056300
1054200
1073300
1051200
1048700
1050800
1070200
1050900
1156900
1052000
1051100
1049400
1073600
1159500
1057900
1054400
1059200
1052000
1166000
1055400
1056400
1056300
1055800
1054300
1056500
1074700
1050800
1051400
1051500
1049900
1051200
1049900
1052600
1058700
1056700
1078900
1054000
1056700
1055000
1059300
1054000
1056300
1053800
1060900
1057700
1078300
1068600
1062400
1053800
1052600
1058800
1051400
1054000
1169700
1054300
1080700
1056500
1097900
1053300
1056300
1055400
1054500
1057800
1057100
1696900
1054200
1054100
1051900
1054000
1052700
1057500
1056300
1053100
1056000
1074800
1057100
1053300
1054200
1125800
1097000
1056100
1055700
1060000
1062100
1081300
1054000
1052700
1057000
1054400
1052900
1053300
1053100
1054800
1063200
1055500
1053300
1056600
1056700
1057500
1054200
1060900
1053600
1057200
1075200
1056500
1057100
1055800
1065800
1058400
1054600
1056300
1053000
1055900
1061100
1058900
1053300
1063800
1055100
1058400
1056900
1053500
1061000
1055900
1078200
1056100
1055100
1055700
1057000
1057600
1057200
1058000
1055700
1058800
1074200
1054300
1053000
1050300
1056600
1051700
1056700
1051700
1049800
1059800
1061000
1057500
1054800
1184200
1051700
1067600
1054600
1053600
1054700
1060100
1059200
1058500
1061300
1052700
1055900
1057700
1058200
1062600
1056200
1109300
1058100
1061400
1054500
1055200
1055700
1056700
1053800
1054800
1060800
1079300
1053300
1055300
1052200
1055100
1055900
1896900
1152800
1189100
1146400
1278100
1304900
1323600
1332100
1316800
1128800
1304600
1396400
1315700
1291200
1390800
1334300
1059600
1059600
1061000
1055300
1054600
1061400
1056000
1057700
1056200
1058600
1056100
1057800
1053000
1074600
1055000
1075100
1053500
1050100
1054700
1049300
1050900
1052400
1050200
1051400
1050500
1052300
1048100
1057100
1050200
1050100
1051400
1052300
1052600
1070100
1054200
1049700
1051800
1054600
1052600
1054400
1052600
1058600
1062300
1150500
1065500
1054100
1066200
1055900
1056100
1052500
1060800
1053500
1152200
1061600
1051200
1055800
1055300
1058700
1055000
1061900
1048900
1054000
1057600
1053900
1056500
1077300
1059600
1057700
1057200
1068200
1072500
1241100
1244600
1056400
1060900
1075500
1057300
1054900
1055900
1050500
1062900
1050300
1057000
1049800
1050900
1059100
1051100
1053500
1050600
1051000
1055100
1053900
1048900
1049200
1054300
1063900
1055600
1052800
1710100
1053700
1060500
1055300
1053800
1258000
1055700
1119400
1056900
1056100
1054700
1053900
1057700
1052000
1055000
1048800
1053400
1053800
1055700
1048500
1049600
1079300
1053000
1057500
1054600
1055000
1055600
1061000
1055400
1055700
1056500
1083400
1056500
1054800
1057500
1052800
1052100
1302500
1095200
1086100
1134600
1057800
1049800
1053900
1051500
1051600
1053700
1052100
1060600
1054600
1055900
1056600
1053300
1057200
1053200
1054700
1063800
1056400
1054000
1063500
1096000
1053200
1056400
1056200
1059500
1055100
1061700
1057500
1061900
1061700
1090500
1064700
1059100
1062500
1063900
1067000
1071000
1063200
1065000
1052700
1057300
1053000
1055100
1058300
1057600
1055700
1069700
1069200
1056400
1063700
1056800
1060300
1054200
1058100
1137100
1056500
1075000
1079400
1068000
1069900
1114100
1082700
1095900
1083400
1093000
1115900
1100400
1162500
1131000
1050300
1120100
1073000
1069300
1099100
2133600
1107000
1119900
1076100
1054700
1056800
1054400
1054200
1053400
1064800
1054600
1055300
1094100
1054600
1059100
1054800
1059100
1054300
1055300
1053800
1054200
1056100
1079600
1056000
1052600
1057400
1053800
1052200
1056800
1056000
1055700
1055500
1088000
1049100
1053900
1049400
1052800
1057500
1055200
1071900
1055800
1061300
1057300
1056700
1056400
1054100
1055400
1055100
1060100
1070500
1116000
1123700
1107000
1074600
1063100
1061700
1064000
1060800
1116000
1076600
1143700
1108900
1118900
1113800
1093900
1059300
1164100
1065700
1117500
1115900
1103900
1137300
1179200
1068300
1050400
1049900
1052700
1063900
1052000
1076100
1058000
1053400
1059000
1052000
1052100
1055600
1055200
1057300
1107100
1057600
1052200
1053700
1057200
1054400
1055800
1054100
1066300
1061600
1060200
1049900
1154900
1053700
1049700
1051600
1050700
1051500
1049300
1050300
1053200
1050700
1051300
1049800
1054300
1051100
1752200
1048900
1085000
1054700
1134600
1143800
1103500
1157200
1092800
1057500
1067100
1052000
1136900
1054900
1139900
1062400
1125700
1110100
1112200
1058200
1064100
1114200
1059300
1096000
1055600
1061100
1051100
1053200
1058000
1053800
1064000
1054000
1057800
1055300
1056700
1058500
1052900
1056600
1055300
1056700
1056800
1059900
1053900
1053400
1057100
1049100
1053500
1049800
1050600
1054400
1052600
1056800
1054500
1162100
1057700
1054900
1054200
1056200
1054500
1056800
1069800
1094300
1106100
1102800
1065600
1053500
1067000
1097200
1091000
1089800
1108200
1334100
1121500
1083200
1064800
1055800
1061800
1053700
1055800
1069300
1056900
1053900
1052300
1058100
1051600
1055300
1053400
1055500
1054900
1085500
1050200
1050100
1055800
1049300
1053600
1057800
1057900
1053500
1053600
1093500
1055100
1055400
1055200
1060600
1052700
1060500
1053900
1054400
1056900
1078000
1051100
1049300
1053700
1053700
1815000
1055300
1056400
1057900
1083500
1082600
1055500
1055400
1054500
1054600
1060600
1055300
1058700
1054300
1076600
1070000
1056400
1054000
1051600
1057200
1054400
1059000
1058700
1059800
1091000
1058000
1054000
1055700
1056400
1054300
1056400
1059400
1050600
1048400
1070300
1061400
1056300
1058700
1052300
1055400
1054600
1057000
1055100
1081400
1057000
1074600
1064700
1054000
1057300
1054200
1053100
1056300
1052800
1076900
1053000
1067000
1052500
1063400
1054100
1053800
1075500
1057500
1060600
1060000
1057500
1069400
1060900
1065000
1049300
1058000
1051200
1054600
1050600
1059500
1049100
1074000
1057600
1050300
1056300
1056100
1057700
1076000
1055600
1057700
1057300
1056100
1053200
1057400
1302900
1063500
1052200
1054700
1058200
1053800
1056400
1053700
1055100
1057900
1081200
1057500
1055000
1073100
1053300
1055700
1055400
1058700
1054200
1054500
1076200
1049600
1053200
1062800
1052000
1051300
1812200
1050700
1050000
1096600
1052300
1051500
1050100
1054500
1056100
1065700
1055400
1056300
1058300
1076500
1054900
1054200
1056600
1055800
1053400
1058300
1056300
1056500
1053600
1082600
1055500
1052300
1055300
1049700
1053600
1049400
1051100
1050300
1056200
1076900
1051600
1053600
1048800
1057600
1049500
1051100
1049400
1049900
1053500
1071600
1051000
1049800
1052900
1048800
1084500
1049600
1050100
1054700
1050400
1077200
1051200
1052600
1051100
1052700
1064400
1048100
1058300
1054700
1053200
1051900
1060000
1055400
1118200
1132100
1160300
1058400
1255500
1280400
1293000
1338900
1266300
1176200
1227100
1346200
1367300
1270900
1316800
1276000
1073400
1166400
1056100
1060100
1054200
1055600
1055400
1083800
1053800
1049600
1052000
1051400
1055300
1053200
1060100
1054700
1055100
1101800
1054500
1056400
1048800
1051300
1049700
1049800
1058300
1092100
1094200
1090500
1099500
1089900
1064700
1115200
1056900
1763700
1064200
1102800
1136000
1095300
1055300
1079800
1080000
1113200
1078800
1228600
1087500
1180600
1077400
1057600
1058400
1057300
1048400
1054800
1066200
1051900
1049500
1055100
