555900
527000
522200
522500
524600
525100
533400
525000
525000
524500
525600
527800
525600
524600
524600
555300
525400
524300
523900
524100
530400
524200
535500
524200
527200
524800
523600
526300
525700
527900
554500
526000
524500
525000
530200
524800
539900
526900
536000
524700
523900
524900
522800
529300
523800
522200
523000
526300
522900
522300
523600
523200
525300
522700
522800
523100
523300
526400
523100
522500
523400
529900
522700
523000
520100
522800
527100
523000
523200
525000
526600
527400
524400
524300
522600
527900
551300
525100
524700
524200
528100
526300
524800
525400
527200
524800
526000
529200
524300
526500
524900
554000
527600
527400
522800
525000
523200
523300
525800
523500
522800
522000
528200
545900
544600
547000
594900
577700
582000
578500
535400
525200
530700
592400
534100
524100
526700
523900
547300
523400
522700
528600
522800
522900
522700
525300
523400
524100
522800
524200
525600
522600
522900
523000
816600
814200
806700
810000
810600
811500
809400
811300
809900
809400
814700
818700
813100
810500
823200
808300
809300
810700
808000
812500
809000
808000
638900
526400
1165300
525800
525600
526800
531600
528000
526700
525100
524700
531900
525700
525900
528800
544400
526000
525300
524600
531900
533600
525000
525900
524400
525800
535400
524900
525900
525900
532700
568100
559400
563200
559300
577000
523000
523000
562000
535900
522500
523300
522900
523300
530800
524600
524100
524200
522300
530900
523000
523000
522600
529500
523000
522700
523100
522600
528300
523000
523600
569200
528700
526300
524900
524400
522500
528300
525400
525500
523300
528500
525200
529500
522600
526400
530800
524300
523100
522600
525100
532700
522400
523000
521800
527000
523400
522800
523100
523800
543200
522800
522100
523800
526300
556400
549600
557200
562100
576600
558800
532600
543600
537900
556700
538200
548100
562200
571800
566600
560500
548200
539800
569800
534300
547300
535000
560800
553400
553900
552100
540800
562700
590400
562900
548900
522400
529000
524800
524600
524600
526900
553100
525200
524700
524200
526000
524800
533300
524100
526800
524900
524700
524000
524000
526000
525400
548800
523200
524000
528100
522800
523200
522500
525700
523000
523500
522700
522500
524800
522700
523400
522700
524100
523300
523000
522800
522400
525200
522500
523300
523300
522800
535900
525800
524800
530000
540800
567300
3917400
1447000
3145600
1657900
643800
531600
532100
536300
536600
611200
824500
529000
542400
525300
562800
575200
522400
526100
521900
522800
522400
525300
523000
523300
525200
523200
525600
523300
525200
524700
529300
526000
528000
525900
526800
527400
527600
525800
579700
629400
588000
627200
594200
524500
528100
523800
524800
527300
532900
529300
525100
523600
560700
1304700
621200
622200
619900
619800
619600
619400
615500
632500
619600
616500
617300
619300
617300
624600
616600
617100
615000
620400
630100
618600
616600
617300
620900
615900
613700
618800
620800
619700
619500
619600
618900
618400
626500
618800
616900
637100
624200
523400
522700
522900
522500
526300
522800
575400
522900
524300
522400
523400
525000
523100
528500
524500
524600
525000
528300
524500
524000
524800
525100
526800
525700
525600
535200
525600
529200
524800
525100
524300
528300
523800
524600
522700
524500
523900
522900
522200
540700
524800
522600
523600
522700
521900
526300
523500
523000
523600
522200
522600
522800
522600
522800
527300
522900
523300
523900
525900
529800
583400
526100
525000
529400
576900
524300
524900
523800
528000
523600
534000
563300
527900
523200
523000
522000
522700
524600
523200
522900
522200
524300
524300
522600
524900
522900
527600
524000
523200
525400
524100
527600
591400
529900
524100
530000
525200
523300
524900
525000
532500
524100
524600
524800
524500
528200
524300
524200
524800
527700
523900
523400
523400
524000
527500
522800
523000
522600
525600
523600
523100
523200
523000
525000
522500
523300
522900
523300
525800
523400
524500
523100
552900
580000
543500
633100
598200
608000
561700
525400
524500
525800
523000
521600
522300
522900
524400
522500
522700
522500
523900
526200
523400
522800
522600
527300
523600
522800
523800
544400
527500
525700
523800
524000
529800
525300
525600
525300
526800
528200
524800
526200
525800
525800
527500
524900
525100
526200
531500
527600
527100
526000
526000
528000
526400
526100
526700
523600
523900
521700
522600
539400
1138500
527000
527600
525800
533500
524800
525600
525100
524700
526600
554200
525200
526500
525700
535800
525800
526300
526500
529400
525600
526100
526300
525700
529100
530600
522200
522300
523100
525600
522700
522200
522800
527100
522300
549500
523300
522200
525400
523000
523400
523200
526000
525700
522500
524500
620900
623600
616700
633400
677400
617600
665500
641400
739700
731000
740500
750200
748700
776000
745100
768600
757500
616600
692400
776100
761600
737300
726700
754000
779800
768200
769600
690400
628100
728800
646200
623900
622700
620300
620300
624000
619000
628400
616700
618000
577100
526900
525600
532000
525900
524900
524700
579700
524800
525300
525000
524700
528000
526100
526900
526000
526000
528000
526100
525900
524900
528500
525200
525800
524600
526400
529900
556800
525200
527500
533000
527100
525300
525000
526100
528300
525800
525900
522200
523600
526200
523200
524900
524300
550800
525100
524400
528700
524700
527700
524100
524700
524300
527300
525700
524900
524500
532000
527600
524900
524500
560000
556000
525000
523700
558400
522500
526300
522300
523000
522400
522300
526500
523400
522500
525400
548300
532200
525500
525200
524800
529100
524400
525800
525200
525100
526500
522200
526600
524000
528800
581200
526500
525400
524800
528500
524500
525000
524800
523600
526200
523600
525600
525500
532800
550200
525500
525800
527000
527300
525400
526600
525900
525800
528100
525000
526400
526600
532400
525900
525800
525200
524500
527700
525800
525900
524700
527200
526300
522700
523200
572000
525200
522700
524700
524800
524600
528600
524900
524700
523800
528600
524200
523800
523700
532300
1183400
523600
546400
524900
527300
525100
525200
524200
524300
527400
524300
525100
524600
524100
528100
524300
522700
523400
527400
522600
523000
523700
522800
524000
522300
523100
522500
522300
524600
522600
525600
543000
538000
524700
525300
524000
524800
526000
523700
524800
524000
530000
524200
522800
523700
523100
524700
522900
523100
523100
523100
525300
523200
522800
523700
524200
525800
523900
526400
524600
545000
525200
524900
529300
525300
538600
525200
526000
524200
531300
527700
524500
525800
564800
534200
552400
597700
590400
603300
561600
525600
525300
532100
560200
524700
522200
565500
543400
560600
531200
571300
526300
534400
526100
525500
525200
526100
527700
524900
525100
525200
529000
531200
524500
564600
525200
528800
525700
530700
533400
524400
526300
523300
522900
520500
527500
523200
523200
522700
524200
523700
522600
526900
524000
524300
526200
538500
528100
524400
526600
524200
531200
529300
525400
527000
547000
528100
528800
533100
530200
524500
524900
530000
527800
524000
524400
524800
525200
527500
524200
542700
522700
525800
522500
522700
522700
522300
525100
522400
523200
523600
523400
523900
523200
514700
523000
524100
522400
522200
521700
523700
524100
522000
523100
522400
537400
522800
523100
523400
523300
526200
555000
523300
522500
522900
526000
522400
523000
522500
524300
522900
526700
524000
524800
532300
523900
544800
524500
525000
523800
524900
526600
526600
529100
526600
526500
554400
526200
527900
526700
526000
547700
524100
523200
523300
522700
522500
529000
523200
522200
523300
523700
529500
523200
522000
524200
526300
523700
522800
524000
523400
1104100
525200
524100
526100
526200
525900
525900
524200
524500
549900
524700
524300
523300
525100
526300
522800
523000
522800
525300
522400
522800
523800
523000
529400
523200
523100
524100
522500
531300
523400
523700
525600
528000
525500
524600
523800
522800
532600
527600
555100
524900
529800
526800
524300
522800
522700
527700
525200
522300
523500
522900
525700
523900
523200
522000
527400
522400
522200
523600
524000
526400
515800
522100
522600
523600
521900
523200
522300
521700
526600
527200
528500
532800
524500
529000
524500
522800
524600
531000
523100
525100
523400
524200
528200
526100
551300
543100
526200
578900
522600
523100
524500
528100
524200
524600
524300
517600
526600
523900
523500
545900
525700
527100
525200
524900
524400
527400
525100
523700
524300
523600
526600
526900
526500
525600
552700
526900
526500
624000
662500
672100
675500
666700
610100
618000
580900
619500
616200
627800
643600
673800
642000
538500
526900
529200
527600
525800
525800
528800
526000
526600
567100
596900
557700
525400
556700
634900
617200
662200
648200
665100
704900
625400
619200
617700
619300
630600
626100
619800
620600
620500
618000
623600
676300
674500
669000
683700
658400
604000
619100
575900
607200
571200
527100
565400
599200
575900
615800
610200
571700
589200
597200
595400
527200
526500
532400
541300
526200
526900
532800
526300
526300
584800
626400
605500
592200
577400
582100
623500
617700
570500
560200
593900
593700
591100
623600
525700
526100
645500
654300
618100
659500
700500
662400
611000
615300
540900
546200
617300
553600
572000
541900
530000
562000
526100
524900
532700
525700
543800
525500
526200
1120800
526000
525200
525900
579200
604700
559500
525900
522800
528100
564900
530600
555500
589700
568000
625800
620000
565400
596900
560200
542400
581800
541600
534800
587600
566500
580600
526700
569800
608300
645500
559100
655200
570900
629600
630300
649200
641200
796600
699900
706000
747700
705300
705600
722100
723900
737100
696800
704100
698000
700900
720800
721100
666400
721300
695900
683300
699800
713400
662400
639800
663100
591500
588200
589600
589500
604200
552400
556500
651600
648600
579000
638800
625500
581300
633900
629400
618700
668700
702800
744700
708300
712700
698100
714700
709200
710700
637300
678800
681400
668700
676100
669600
660400
663300
654500
611900
679200
654400
633600
646600
630500
658200
672900
693600
686200
690800
655800
688500
681100
677600
674700
654400
576600
561000
589100
560200
596900
666500
569900
595800
605100
622100
614100
531500
582400
606000
586500
591800
571000
564500
601800
574800
525400
543600
567800
621600
641700
607600
637100
696300
577200
579200
531100
536500
605300
527100
526000
563700
572800
526300
526100
534700
527600
539900
525700
540100
531600
526200
539700
534200
526500
530500
664600
529100
580700
543700
562200
574600
536900
568400
611100
664700
537700
554000
534500
526300
552000
544100
553500
562400
573500
607300
552100
560900
573400
619500
564000
549700
535800
553600
522600
565900
572900
641000
567700
607000
594600
646100
546400
582700
610500
676700
591700
564400
530400
533600
555100
598200
523000
523200
588400
614200
522700
528000
580900
528700
556600
536300
544000
554800
560000
568900
567000
524600
576100
531100
554700
528700
564300
529200
1136200
555100
557400
525500
527600
523800
524500
525900
525400
527000
523900
542700
525400
552200
528300
525100
525400
525500
528100
524900
524900
525200
525300
528300
524900
525300
525100
525300
554500
525200
526000
526000
528000
525600
524900
522500
524200
527500
522100
522100
522500
525100
524100
522800
521900
523300
525200
522700
523600
522300
574500
524900
522400
523100
522600
525000
522600
522800
523000
523600
525700
523100
522000
522500
526200
524200
575800
573000
563300
601000
537000
639400
608000
623400
835700
1101600
1002700
982900
751700
751600
632900
673400
636100
644800
634600
631500
525500
526900
527900
526200
526500
525800
527800
525400
527100
526900
527000
528900
524300
522900
524100
529300
530000
563300
663200
612900
663300
524100
524700
525100
523800
527900
525500
527800
525000
525600
524400
541200
524100
525100
525900
524000
523600
523400
522400
525600
522800
522800
522200
523900
523100
522500
522800
522400
526700
523000
522300
521500
526800
526900
550000
526200
524700
527700
525200
527500
526100
526800
529500
526300
524500
526000
528700
526200
526200
526600
526300
565500
525600
526200
525900
528400
526500
526700
525100
524400
552100
524500
558100
524300
524600
527700
527300
524000
525600
525500
524300
524300
530900
524500
527500
524600
524500
524000
524400
526000
522500
522700
522500
524400
522700
523100
522500
559800
526700
524800
525300
532200
532800
524600
523700
552300
524600
529800
528100
526100
525000
525600
539400
524000
524400
524600
528400
524900
524500
524700
548200
525400
524000
524400
525000
523400
525600
535200
526700
526100
528500
525700
525600
525800
547200
1113800
526400
525200
525600
527300
525700
536800
525000
525700
529200
526000
527400
542000
524900
531700
525300
524500
525800
527500
524100
524900
548700
564900
614400
624600
580600
543900
554900
634800
551600
624800
581600
594300
554300
569800
532600
548100
542700
673600
604200
649500
699400
657300
529000
575300
661100
551800
652100
631500
565400
591400
527600
552700
532800
560300
534300
524200
590800
587300
608500
666100
654600
567300
545100
587100
524100
550700
604500
637500
626800
567000
584700
590300
640800
658400
542500
637900
551000
635100
546300
609800
593200
607300
603100
538400
525000
578500
671500
631900
606700
621000
597900
536100
539800
575000
533500
524400
575400
523100
523300
523000
525700
522400
523300
522300
522100
526600
522200
522300
523100
522800
524900
523200
523800
522100
530100
523300
524200
524800
527200
527500
524400
533500
524800
529400
526600
524800
527900
528200
667900
624300
556000
526800
526500
529600
527300
525600
526000
560600
530500
525300
528000
526000
527900
525200
526300
524700
524900
528000
526000
524100
525900
527600
537400
551900
524400
524100
528400
525200
577100
524900
525300
524600
524200
524100
523500
523900
524100
525100
522200
521800
525700
523700
523100
523000
526000
523300
523000
522600
524000
524400
523400
523100
522900
522900
525200
525800
523300
522700
533800
522700
523300
522600
522200
524600
522600
525100
522400
526700
523100
522000
523700
522800
530500
525500
524300
524300
525300
527700
525500
525000
524400
528700
522600
522200
524000
523500
525400
523100
523700
523100
521800
524300
523500
522700
522400
525200
523000
524900
522200
523200
1192800
527700
530700
530600
536300
527200
526700
525800
528600
533400
526200
525000
526100
525300
528000
523100
522700
523300
529200
522600
523600
522100
523100
525200
522300
522500
523200
522500
522500
522500
523000
523100
524900
523700
522700
522900
523000
525000
522600
522800
555100
525900
523400
522600
522600
523500
525700
522300
522600
523600
522500
526500
523400
576000
523000
525800
525200
524400
522800
544400
528300
524700
522600
524400
528100
536200
529500
526300
525300
533000
522300
524300
525600
523900
553300
524700
576800
524300
528700
524500
524300
529700
524300
528700
523500
522700
522500
522300
528200
522300
521800
523700
538400
522500
523000
523000
523000
525400
534300
577800
578300
537600
526700
526100
530500
526300
529600
548000
558100
526900
549100
538900
525200
523900
522400
535600
525500
544000
577900
563300
527300
522800
536100
522900
523300
523900
523400
523400
522300
524800
522600
522500
522400
523100
525900
523300
522400
523400
526100
522200
524700
522500
523400
553600
523300
524400
523600
524200
549100
523800
523500
524100
528700
523700
523800
523900
526000
527200
523700
532700
525100
529800
524200
548600
525000
526300
528200
525000
524100
524100
524700
527500
522800
524300
524800
534900
525800
524200
527100
525200
525200
522400
523100
523000
522800
524700
522500
522900
522700
526000
522900
523300
522300
522600
525700
523100
522700
523200
526100
524100
522400
522600
523000
525700
524600
522700
522700
522800
531100
525700
522500
523700
528400
525100
523900
523900
525200
526400
524000
524500
525100
523900
526700
525900
540600
522600
524900
522200
523300
522700
523700
1108800
524900
525900
524000
526000
525000
525100
543900
530800
526900
524300
524400
525200
525100
528100
525400
523600
524600
524900
523500
524200
522600
523000
526500
522400
522900
522700
523900
522200
522600
522800
522700
524200
522200
523900
522500
522300
526400
524100
523200
522700
525600
523100
522800
522400
522700
525300
522400
522500
522800
523500
524600
523100
522500
523000
526800
524200
524100
522500
524300
528800
525800
524100
524500
529200
528000
526600
526800
547900
529600
527000
527800
526800
564400
528300
525100
522100
524500
526100
525700
524400
524500
524200
526500
544100
523900
524900
529500
540200
551800
522300
522800
524100
522200
524100
523100
522500
524000
522100
523500
523300
524800
522700
523200
522200
522500
524400
523000
523400
523300
523400
527100
522300
522300
541900
525300
525600
524200
524600
526800
896200
523500
523800
522600
523300
522600
523100
522400
522300
529800
524100
522600
523800
522900
526300
523500
522900
522400
524500
523200
522400
522500
522800
524600
522000
522900
523800
522500
525300
524500
522200
522600
533300
524000
521900
524300
523900
527000
524100
542000
524300
526100
524800
525200
536900
525700
527300
555200
588600
803800
805800
812600
804900
796900
525400
528900
524100
522200
522400
524800
526800
522400
523000
523000
522400
524600
522300
522500
522500
526300
522400
522700
522600
523900
525800
522500
523600
522100
535100
525100
556200
522900
523700
526500
523500
523500
522400
523000
524700
523100
523800
523900
525400
522200
522900
524400
523300
526500
546500
523400
524200
523800
526100
524400
524100
524600
527000
524400
525200
524200
523700
1130700
522800
522300
523000
527300
522400
522400
522700
522400
523700
524500
523600
524600
523500
528100
524700
527900
542700
526100
524200
524700
524400
524100
525000
523000
523200
521500
526000
523600
523100
529200
523600
524700
531400
566900
563000
539000
566600
548800
524000
522700
525000
523100
522600
522900
523800
525800
524700
543600
578400
545000
542400
536700
524300
533600
527300
531000
540600
567200
524800
539200
564600
551300
558800
524100
818000
772500
524900
524600
530800
524900
523800
525300
536200
528100
525500
524800
528300
526300
525200
524900
522700
524800
525100
522100
523400
526000
523800
522800
522700
522600
522700
526700
523000
522900
522500
523700
527400
524000
525300
524400
525700
524800
525500
525800
526200
526000
524100
524700
523300
523400
525900
523100
522900
522800
530100
523100
523700
522600
525500
528700
522600
524400
524600
567100
546400
570800
524000
567700
543700
605200
620300
571400
604200
619800
618100
536200
535600
565100
575200
601600
640500
690600
685900
676700
627600
611400
528200
531700
525800
526300
557000
528300
526100
527000
527000
525800
529600
526300
522300
524000
532300
533300
523500
523700
523100
528700
522600
523200
523700
522700
529300
524000
522300
522600
524100
523500
523400
522500
523800
523800
523700
523100
522300
522400
525800
521800
522400
523100
525000
524800
525300
533100
552800
631300
630400
663900
525300
524900
523200
523600
524400
523000
525400
522800
523200
522700
523000
525700
523100
522500
522200
525200
526300
549000
526300
527100
528600
527000
526600
527300
552800
822700
976100
617200
535300
575400
522800
560700
523900
609400
1324300
619600
618600
619200
624600
640500
682600
718700
638400
635700
664700
620500
543400
527600
534100
569500
568300
537700
528500
563200
527400
554800
576100
567200
553300
526000
525600
528000
525800
524700
525100
525500
530400
526600
629600
617500
615000
618700
522700
522600
522700
523700
523500
522200
522600
522400
526100
524300
523700
532100
527100
529700
526600
527300
526000
534800
526500
525100
533500
524600
532000
525900
525000
524600
533400
536200
525600
525400
525100
528100
524100
524300
525000
527500
526700
523200
522700
522500
524100
522700
522100
525400
544900
530500
526600
525500
526400
527900
525100
526100
525200
525400
527700
521900
522700
522900
523000
530600
523100
526100
524600
527400
524500
524600
524700
524900
526700
528200
525100
523800
527600
532500
522800
525200
546700
539700
570200
544300
522800
529400
530100
528800
531300
525900
529900
536500
524700
525200
525600
549000
525500
523300
523200
521400
524300
524900
522800
525500
526500
524600
523800
526400
524500
527500
545100
524400
529000
622800
617600
537000
536000
523100
544000
522200
522800
532800
523200
563100
534100
522200
525000
525000
523300
522600
522400
522600
525800
530000
530900
524000
523800
548600
561600
576700
524700
552500
539000
524100
522800
523300
524400
522600
522600
522200
522900
522800
522100
522900
522500
528400
522500
523200
522500
522300
525900
523400
521800
524500
525000
522300
522500
522500
523000
524300
522800
522500
523300
523100
530200
524300
524800
524200
526200
525800
524900
524200
524100
527700
542000
524500
524800
525900
524100
523200
521800
522100
525000
522600
522600
522500
523400
1111200
524700
545500
523700
526500
524600
524800
523900
523100
526400
522700
523100
523100
523000
524700
522800
522900
523400
524100
522700
522900
524800
523800
526100
523600
525000
534700
537200
524800
532200
524500
525000
526900
529400
525800
557900
530400
528600
524500
553100
525300
562400
523600
538400
524300
537800
561300
526700
557800
530600
527800
525200
545200
559600
524100
602700
567000
522700
542800
523700
537800
522300
546500
523000
528000
523800
525400
525000
523100
527100
524200
524100
524700
524400
532100
524700
524700
524300
552000
525200
524300
524300
524800
525900
522500
523200
523100
527000
522400
523100
522900
524200
527300
524700
524700
529300
524400
547500
525300
525400
524700
527700
524900
524400
524000
524800
527300
524000
524100
523000
522000
524500
522700
522800
522500
525400
524100
523000
523100
524000
524000
524100
523200
522300
525400
522800
522200
522800
523500
553500
526900
522000
522700
523000
564100
572900
525400
545300
589000
525200
524000
530400
543600
568000
528500
572400
538900
525100
572900
522000
538700
531300
541800
552700
525600
523500
544900
536500
533000
533200
531400
528400
542000
525000
525000
525500
526400
524200
525200
524200
524200
548500
525500
525200
545400
527100
525500
524400
525200
525300
527700
524400
525900
523900
525300
524100
547000
524300
524000
525900
529500
524700
527000
536200
532200
524400
524700
526400
530700
524400
524600
554400
524200
526400
524900
524300
525300
525100
526000
525500
523000
522400
527300
522900
521800
522500
522600
526100
523700
523200
523100
526000
522400
523600
535700
568300
529400
577500
522700
574800
530000
1192700
524400
523700
528800
539600
536400
523000
528400
556100
589400
525700
545000
586500
524700
533700
560500
585900
523500
556300
567500
522400
579900
587300
525900
522600
525900
523200
525000
524000
522200
523100
523200
524900
524300
523400
521900
523000
524900
523700
522600
523100
525200
522900
523000
523200
522600
524200
522700
522500
522200
522300
524900
530100
522800
522200
524600
523900
523200
523200
523000
525600
522600
522500
522900
529200
522500
523400
523500
523100
526100
522300
522200
523100
522500
525100
522700
522700
522500
525900
522300
522000
521100
521800
525500
531300
523200
522900
527900
523100
522400
523100
523200
524200
523200
523400
522700
522300
525100
523600
523300
523700
542800
522700
523600
522400
528200
533300
567500
523500
595400
534100
546900
536400
539300
523700
539600
526400
579200
604700
527200
596800
534900
573200
528000
546800
525100
524500
524500
523700
529100
565900
532600
539700
563300
538100
536300
522600
523100
525500
523500
523400
522600
523100
577600
522100
522800
523000
523900
547700
524500
526600
522800
530100
522800
522400
522900
522500
526300
522300
523800
524900
529800
526800
527700
527200
527000
529500
526600
527400
527600
527400
530400
528500
529200
523900
525400
525500
539500
525500
524900
526100
525600
524700
524100
524200
525000
524400
525200
524300
525700
524100
524600
522100
523700
525500
522700
522600
522400
523900
521900
522800
522400
522800
524700
522800
523300
523900
522400
525400
523400
532200
577000
528300
540000
534100
524900
528800
553300
524800
559100
532100
549000
524400
551000
535400
536700
535100
544600
534000
529900
527400
1165500
524700
524300
525800
530600
524600
540800
523900
567100
533800
524300
524400
525900
524000
529200
524800
525800
525000
526200
546400
524700
524300
525600
527700
523800
524400
525100
527200
523400
522300
524400
523800
523800
523000
523400
522100
523100
526300
523100
522900
522900
524300
522500
523000
523600
522700
524000
524300
522700
522500
522700
523200
522800
522600
522700
528100
522400
522500
522900
522900
526600
524700
524500
522600
525400
540900
524000
524700
525100
526200
524100
524100
524800
528400
528000
524900
524900
524400
526300
524000
541000
523900
523700
526900
526500
524500
526200
527400
563600
541300
561800
566000
570400
569100
595200
526900
544200
549400
528900
559400
574300
574700
604200
632400
585200
574700
580500
591200
554400
524500
551300
548000
604200
588100
546000
570700
570800
569700
522500
551600
534700
543500
610900
522700
526200
523200
522700
523100
523200
526200
522500
522700
522900
522500
524600
523700
522900
522500
525900
522100
522200
522800
522300
525800
522100
523200
522600
523000
524000
522600
523100
523500
524800
523300
576100
525300
523900
526000
524400
525200
523800
527600
524500
524100
522400
522600
525800
524100
523000
524400
524300
527000
524800
524600
524500
528300
599500
542700
555300
549300
543400
588900
659200
650100
626300
642700
667800
639000
674500
529600
603200
609700
680400
656600
671500
650100
640100
659900
656900
540300
528700
535700
609800
537500
537700
535800
562900
534100
585700
599000
531800
544800
527200
537800
532300
524700
528500
576700
524100
559500
535500
547500
566300
625900
608900
634700
528500
569100
535500
524100
524500
1133800
525000
551000
525400
528600
523800
525400
523800
524500
527200
523900
524600
525600
524400
526200
524500
525600
554200
526400
573900
522400
523400
523400
524600
523000
522600
523200
525400
523000
522200
522400
523300
525100
522500
523300
523100
523000
524900
523700
523300
522700
526400
530300
524000
525000
525400
545500
525400
525200
525500
525700
526100
526200
527500
526100
529700
526400
526100
526500
524500
526700
549000
523900
577900
525700
607500
557200
534500
549300
528900
540000
523700
526500
525500
539700
539500
526600
524900
567000
652900
526200
551400
530100
536200
525600
584300
591800
531900
597300
609800
522900
568700
614600
563900
527700
582200
602200
527400
533100
525800
524200
529000
524000
524500
550100
599600
527700
525400
525100
524900
526100
526600
526200
526100
525400
526700
525400
525500
553500
529800
528300
526000
526700
526700
533000
524200
524100
525000
523900
528800
524400
523800
524500
545500
526400
524300
522800
523600
533100
523100
522700
522100
523600
525700
522000
522200
523300
523300
526300
523600
522000
522200
526200
522300
570800
522200
524300
526200
524400
523900
524600
527100
559800
524800
524200
524400
526000
523900
524500
555700
537800
528700
573800
534000
539800
538100
531500
527200
558000
534500
563200
524600
538800
532000
564000
525100
529700
565000
528200
536800
535400
530700
522700
595200
591600
525000
530000
540200
601100
544900
525300
605500
524400
529700
522400
522300
522700
522800
524500
523300
523500
523200
524400
522100
523100
523000
522400
524800
522200
523000
523000
528400
522900
522700
524000
523900
526200
524000
524800
523100
529700
1061200
524300
522500
522800
525500
522500
522500
524900
526200
526200
523800
524100
524700
524800
531700
524700
524500
541400
527600
523400
525800
524300
523700
527300
524600
522900
522700
524600
523100
522500
524100
522800
595700
523100
523800
521900
523200
525200
522900
523000
522600
525600
522800
525100
530300
524200
581100
531400
569400
530700
533000
527300
535000
598900
597900
526800
525100
591500
598500
522100
567000
581900
522300
546400
535700
563300
531900
582500
602000
527100
524200
534600
553500
545300
525400
524200
529000
523500
542500
594100
538500
522300
522900
525600
523700
523300
526400
528400
524800
525700
551700
526400
542600
525500
526300
524600
525900
529200
523400
524800
524700
527700
525300
524300
523600
524600
550200
524700
534400
525800
526900
529500
526400
526600
526000
529600
527100
526300
526500
527900
528300
550200
524800
525800
541300
525300
526400
525500
526000
525900
523700
522200
523200
522500
524500
522800
523100
522300
527000
525500
533400
526100
525100
528600
525500
526200
526600
525800
526600
526100
534400
524500
549600
523100
525200
525300
544900
543500
540600
524100
543700
599500
523000
578800
578800
522600
528500
522600
523100
568000
523100
624300
530800
581500
597700
534100
594800
608700
526500
589100
609700
526500
531600
524900
530100
527300
570900
525400
553600
529700
534600
530100
525600
527500
531200
553900
524600
524100
528700
524200
532200
524900
525100
528400
524500
524500
524200
523900
527400
522400
554700
524600
531200
523800
524600
524800
522200
524900
522600
522500
523400
524800
523000
522800
522400
522000
526700
522700
523000
522800
523000
1087200
529000
524600
525000
526100
524400
525100
524700
524600
562500
524800
598300
524000
523700
527000
524200
613000
1060200
925900
944100
727900
729100
522400
525900
522100
522600
522600
524300
523300
523500
523200
522900
524000
521600
523200
523100
522500
524400
522400
523700
523600
526400
523300
523200
524300
529200
527400
526100
525600
525400
525400
524900
525300
527800
526600
527600
526700
527000
527000
522800
527900
522200
522500
523700
525000
522600
523800
523500
522300
525100
522900
521800
522900
523100
527000
522500
523900
524400
527300
523800
524400
524100
542300
526200
524000
524100
525000
526700
523700
523800
523800
525400
526600
538300
524500
524200
524900
546700
525300
524200
525800
527600
524300
525200
524300
524300
526000
523000
522600
523700
524400
526300
523900
544000
524200
526300
523700
522100
522100
525300
525700
524100
523200
522800
526200
522000
523100
523000
523700
545300
524000
523800
525200
524300
526600
524700
524100
524600
527800
525700
525500
547000
524500
526600
527500
524600
524900
524300
526100
525600
524900
525200
542700
523700
524400
524400
524500
527600
522000
528400
525500
525900
523800
523600
522300
523100
525700
522100
523500
522600
523900
524600
523200
522400
523200
525700
523300
523100
523800
523200
523600
522600
524000
524600
523800
524400
524700
524700
524100
525900
545300
524900
524400
524300
527600
525500
524600
524400
525900
524400
524800
525300
522200
524400
522600
522400
523000
522900
524400
522700
523500
522600
524300
523300
522800
523600
522700
525600
522700
522600
523900
523600
522400
522000
521900
522700
526200
523100
522600
523000
522400
1106000
523900
525100
524700
544600
524400
525200
528800
523200
527000
522500
522800
523600
522300
525500
522500
522500
524000
526600
522600
522900
521900
523100
525800
538800
523900
522400
525000
522900
522500
574800
542800
528000
522600
523700
523400
525300
529700
535200
523500
525600
528400
524800
533100
525600
525700
526700
524900
528600
525000
532400
524800
524400
530900
524000
527100
524800
524300
524500
524700
526200
526000
524400
543200
528400
525400
524800
524800
522400
526300
522100
523000
524900
521500
524400
523000
522700
523400
525300
522500
557600
523300
576800
527300
523800
524400
524300
528000
523500
524500
524300
525900
527200
534500
545500
525000
523800
526500
522600
524100
522700
526400
533100
523000
522500
523300
525900
523000
522600
523500
541900
527500
523900
525400
524300
527000
525400
524800
566700
525200
526200
525500
524300
525300
527500
544100
524400
522400
522700
525600
523200
522700
523400
523200
525600
561500
523200
522700
526600
523600
523200
523100
524600
527700
524900
523900
524500
524500
524700
525900
525000
524100
524600
522700
523300
522600
522300
526100
523900
521800
522500
526700
523600
525100
529200
516900
532100
523600
529300
524400
529400
525800
545900
541400
530400
526700
524200
529800
524200
522500
524500
523100
524600
514300
527600
530000
561200
523000
528200
561500
523000
523200
522600
522500
525300
522300
523000
523900
529700
525300
523700
525900
524000
545700
523700
525100
523900
524900
526500
524800
523100
522600
525000
522400
522400
522500
523500
536300
522900
522500
522900
528500
523200
524800
524600
523800
528600
524300
523900
524200
525000
1063900
522200
524600
523400
525100
523200
524800
525300
531200
560300
547900
539300
539500
607800
623000
583600
610500
578300
599200
590500
543100
555500
568500
618700
590600
605300
603300
576700
525800
557400
531800
526100
536400
543600
526800
525900
527100
533700
534100
567200
524200
562800
533600
523700
524500
585500
566200
523700
523800
559900
529300
524800
524800
524600
524100
527700
524800
524600
525900
524000
551700
539000
524800
525300
526800
523700
524700
523200
522200
524100
522400
522000
523800
523600
525300
574500
522700
523600
526500
529600
526100
524200
524900
530700
524800
526100
525700
527800
525600
526200
526700
556400
531000
525600
527800
531000
527000
534500
530000
526500
526500
529200
525900
525300
525900
526500
559200
525500
526200
526500
526800
522100
522700
523300
523000
528600
523300
525600
525900
529900
529600
527400
549700
526300
529500
548300
526800
526600
530800
540400
526100
525100
524200
524400
555800
538700
524700
529500
564500
560400
541500
547700
527400
534700
529100
536900
525800
556500
536300
590700
529100
603300
527600
559100
570600
524300
523000
584000
590900
551900
525000
565500
530200
524900
541500
525800
587600
524300
526100
525100
524700
528800
524700
524000
546500
532300
524800
524900
525300
525400
526300
587200
554500
553400
527500
526100
525100
525000
524800
527000
525900
525200
556300
535400
528200
524800
542400
528700
526900
526100
524100
532000
524100
526300
524400
523700
525500
525700
527200
544800
523500
546300
528900
524600
523800
524900
535800
526600
524400
524500
524300
525400
524600
523900
523600
524500
547700
523600
524400
524200
525200
1117200
537800
528600
561500
529500
537200
532600
525900
527300
560900
531800
534100
523300
568100
531700
555200
631300
529000
537900
528700
522600
523800
527300
552100
578100
524100
562400
596600
525500
536000
525700
537000
527900
525000
524400
524600
524100
526700
524800
525400
525800
530500
525300
523800
524300
524300
545000
529300
524400
523600
528100
524600
525400
525300
524100
525800
530700
524200
525600
525600
527300
543400
525100
528800
527200
524500
524200
524500
524200
528400
524700
524200
533800
524300
525200
523900
554600
524500
527200
524500
525100
525000
524800
526400
524500
523900
524700
525600
526900
524100
523600
542100
525900
523600
524800
524600
524900
526700
524200
525800
524200
526100
526800
524800
602500
525500
531800
553200
524500
565000
535000
524200
524900
525800
557600
544800
524600
524100
524500
527300
551800
529200
525300
534900
529300
524000
536400
525100
537100
537800
524900
530600
528900
525200
557200
540200
554500
524600
528000
530900
525200
524100
523600
528100
524700
524500
524200
531100
524100
524000
524100
524300
526000
523400
522600
522900
521500
527500
523100
522400
522500
524200
522600
523800
523800
525000
527300
544800
525500
525100
523700
527100
524800
525100
524400
526700
525300
524500
522700
524500
525300
522700
522300
521500
523900
522200
521900
523100
523200
524100
524800
524800
524500
524100
527700
524500
523800
524600
544300
524800
524100
525700
534300
526800
525300
522000
522500
523300
522800
523000
522500
522500
525900
522300
542500
523900
524100
525800
523900
532100
537900
546300
525200
524400
533100
561300
526900
527900
540100
568900
524100
1135400
536200
638600
575300
533700
524400
532000
557300
522600
528800
522500
528500
586100
565900
522500
524800
524600
581800
575600
524800
563000
524800
524800
526300
523100
523100
522900
526300
522300
521500
522400
522400
524600
523000
524700
529100
523400
526100
524100
524700
522500
525700
544700
525300
524200
525700
530100
524300
524800
524500
526600
534100
525000
526000
524500
531100
524900
528600
524900
524400
530100
524600
524200
523700
528900
524400
524500
525700
525000
526400
523900
524400
544300
524100
527400
522500
576600
523800
527800
522800
523300
524100
523700
525400
523300
526700
561000
545600
537000
538400
548900
534800
553000
521700
564600
529800
544500
580900
521900
590700
577900
535100
531600
535400
528100
524400
535100
530500
539100
581400
524000
592100
540100
522900
522500
536300
563000
523000
533800
540000
530700
524300
522600
523400
525900
523300
522800
523200
522200
525000
523000
521500
522800
522400
525000
522900
522100
525100
525200
522900
525200
524100
524500
527400
523800
524800
528600
526100
524100
524100
524100
524800
525800
525000
525700
524500
524800
527000
525400
525300
524400
531000
525000
524200
524600
524700
525500
523800
524900
524600
525700
526900
524700
522800
522700
524600
529500
543500
534500
522700
526600
522300
523000
536500
570200
557400
544100
548300
572800
585900
564900
522600
544100
570600
538600
592100
530900
550600
617400
533500
522300
582900
590800
561600
529200
595900
550600
524100
529700
524700
523400
524500
527300
581900
531400
530400
523200
523900
526600
573900
575400
526200
523400
533200
561600
597800
524900
525600
525200
524400
522700
1082700
523600
522900
524100
525900
522500
523500
522500
524300
525100
523000
525200
523900
526200
525200
524400
542900
524800
527100
525200
525900
523900
523900
527400
524700
524600
523700
528400
525000
523800
524500
542900
525800
525300
524600
526300
526400
524100
523000
522800
522400
525500
522500
522800
522900
524600
541500
522600
524800
524400
527900
522300
525000
525100
524900
526300
525600
524100
524500
524400
526700
542000
524500
525000
527000
523800
524600
525000
524700
527400
524000
571800
533100
530500
524400
547600
527700
572800
526800
550400
571100
524300
587500
577100
615700
693900
666400
617700
533900
566900
591400
523800
547600
606500
533200
551900
523700
535200
525200
530200
545400
538900
535600
522200
523100
522800
524000
522600
523500
522800
534300
523100
545100
523100
522300
527000
521600
522700
523400
522400
525300
524600
522300
522700
526300
522600
522300
523200
521800
524300
522400
518800
524500
522100
525600
523500
524000
524300
526200
524000
524800
525700
524400
527000
525300
525300
525300
528500
541600
524300
524900
524100
525200
523400
523900
523400
522500
525600
522000
562500
523800
525800
523200
523100
574900
523300
524600
522200
522600
522500
522300
524100
523700
523000
522400
524800
534400
584100
531700
534000
534400
586100
590400
522200
611200
581400
522200
580300
522800
559000
629800
637200
540600
531700
555700
545300
536600
531700
574900
594200
594400
590900
564100
587100
535500
562700
524000
524100
524500
590300
592800
564200
549800
523100
535000
528100
522900
525000
522900
523100
523400
523900
522400
523000
521700
522900
529000
522800
523500
522500
522800
1098800
524600
525900
548200
533700
524800
524100
523800
525900
528600
524400
524200
525600
526800
526000
524700
524700
524300
546600
523900
524500
524300
524700
528000
525000
524400
524200
525500
524800
523000
524500
525100
525200
522600
522500
522600
522400
600600
598900
592500
593600
617500
600500
546400
522600
524100
528200
522800
549000
523500
526200
522000
531300
545200
530700
525800
522600
585100
570200
522700
528300
526100
529400
561900
579700
562100
594200
573400
552200
576900
620400
674800
606200
605700
645400
639600
573200
588400
596900
658200
638200
669200
788500
592800
590600
556400
527100
531400
556000
525200
526800
527400
528300
525200
526200
533700
558400
526100
525900
525000
523800
525300
523900
547100
524800
529600
528200
524500
525200
524100
532400
525500
525500
525000
524100
525500
523700
523000
551900
524700
526200
522500
523100
524500
527800
522300
522400
523600
522800
525000
523200
522400
522700
522500
524900
523900
523600
523400
524500
523100
523300
522200
522200
525200
527200
530600
525500
535400
525200
530700
526200
526000
530100
526600
526100
526300
525400
531200
525800
555900
534100
529800
527100
525800
556200
531900
536400
550300
530600
561900
581900
602200
526100
571700
524400
577100
532200
541600
541500
531700
532300
579700
586200
526200
567500
526100
525700
544500
568300
586500
527200
526600
574800
582300
534800
527400
525800
526400
526800
524900
522900
522600
521800
527500
525200
523400
524100
547000
524700
525100
523700
524800
527500
525300
576100
524800
525000
525900
559800
547900
528100
528000
526100
527100
525100
525700
527000
524800
523800
522800
522900
1092300
525100
524300
544900
525900
523500
577500
524700
523700
527600
524500
524600
523500
525500
524400
524800
554200
524600
547600
525200
524400
523700
525000
528400
525100
525200
525500
526100
526100
524600
524700
538700
539000
529500
562700
536200
531800
527500
548600
579900
523100
545900
596300
522000
592800
568100
524300
522600
524500
524300
591400
533300
527100
532700
600400
590600
522900
529200
574000
523700
525600
532100
530600
523000
571700
523600
524300
524600
522600
525100
522400
522400
522600
522800
522300
523400
522300
522200
528800
523800
522800
521900
523400
526600
521800
524800
522500
524600
522500
522800
522300
523900
524000
522700
523300
522100
522800
525800
522600
522300
523200
525000
523500
524700
523500
521900
527400
541600
524700
524700
526000
524000
524500
524600
524100
526000
524800
526500
524200
532300
581300
524200
523300
524100
528200
534700
523000
524100
524400
529200
524100
523800
525500
524600
525900
523900
524000
541600
528100
524300
524400
524800
538700
558100
524900
543600
547800
535800
523000
523800
526300
522300
539700
536000
522500
563900
527400
527500
524600
523700
582000
595200
524400
594800
594600
522400
532200
522100
574400
533800
522300
531600
522300
524800
594200
591200
545600
536300
523700
524100
549800
525000
525300
524300
527200
542600
522700
524100
522800
524000
522600
522500
524300
524400
526200
523800
524000
524000
526000
523700
525000
524700
523700
525700
525300
523900
524100
524600
525100
525100
541800
530300
531900
524300
524700
525200
523900
528900
524600
523900
524700
525500
524700
524500
524200
544600
526600
523700
524800
524700
524200
1159300
523600
522500
523300
526900
522800
522000
522700
522800
524000
522900
522600
522800
523600
523300
524600
522300
523500
525900
550500
523300
530600
523400
543800
574800
522700
525100
550200
589400
524200
524500
524900
570200
580300
537100
531500
532800
539600
532600
523400
526700
596100
570400
522200
523900
538300
549100
573900
546300
524000
585800
590800
558300
531800
524300
526100
525100
523700
524300
524000
526600
524600
523700
524500
534900
524000
524900
544100
524200
526300
524700
524600
525800
524800
524200
525800
525500
524300
526100
524400
526200
523800
542100
531300
522100
522800
524400
526000
524100
524300
524800
524800
524200
522200
525300
523300
523800
525200
522400
523500
523200
525300
524000
522400
522800
523000
524100
522500
523100
522600
524700
522100
523400
531300
527600
526400
523100
524800
524200
522800
526500
524800
523800
524400
529000
524200
524400
524100
533600
528900
529000
523200
561500
532300
525000
522500
550900
531800
547500
523000
523100
522200
560100
534600
526400
533300
523400
533500
544700
523400
537100
530100
547700
532800
527600
530400
555000
525400
575500
525000
553300
545900
524500
521800
523900
522500
527500
524400
524100
522000
522100
527500
546000
523300
533100
527200
525200
522600
522300
525100
526200
524500
525400
524700
527100
524400
523800
543300
524700
525100
530300
524700
525000
524600
529800
525200
531800
524400
526200
523600
524600
525800
552100
525700
524300
523900
528300
524800
524500
525400
523300
524300
526800
524000
523400
524300
524200
528300
524200
524400
524500
523700
523600
524300
523800
524100
526500
523900
524500
525200
524200
1088800
525300
523200
524000
525900
523700
522400
532300
523200
562400
528000
532400
534800
529300
537800
538700
528000
547600
528200
536000
525600
524100
532200
540900
524500
561100
524300
550600
530500
537500
524200
569600
526100
581100
533300
552200
529700
568000
522800
583600
533700
555300
603400
524600
524700
547200
528700
525100
524200
524400
527400
524600
524200
524500
524300
523900
523400
525600
524800
522700
525900
522900
522400
523300
525600
522900
522600
522400
524500
524800
522000
522400
523400
522200
523100
522200
523600
523600
524700
523400
523300
522500
521600
526000
522400
522800
525500
526000
526100
524300
543000
524600
526300
524700
524200
523900
522800
524700
523000
576100
523000
524200
524300
522300
522700
522900
525400
523800
522900
521600
528400
522600
522200
522900
522400
525100
523500
522900
522300
530400
534500
524600
522800
545000
539600
522100
521700
542000
532200
525000
523200
531200
523100
526700
530300
570200
524700
573900
537200
532500
532900
555100
591400
532900
523900
527900
593000
575100
532400
537500
528200
534700
595500
586600
525500
525000
524000
529500
524900
523600
525900
525700
525600
523800
547600
527100
562800
550200
524400
525100
524200
527000
524200
525100
524400
526500
525800
524300
524500
547500
526400
523000
523000
522700
525400
523300
521900
523000
522000
524300
522600
522300
521900
523500
525600
523000
571900
531500
547200
523200
522000
522900
522400
528400
522100
521900
522500
523100
522800
522400
522500
523000
526600
522100
521900
522400
523100
525400
521600
522800
523100
524100
523100
522900
522000
522800
810400
814400
805500
812000
810200
1143900
566400
548500
525300
563000
528700
524400
523500
525100
526200
524400
556400
541300
535400
524600
559000
521700
522400
526400
523300
522700
523000
530100
528500
848600
555400
588800
559600
525400
524300
525000
525600
526800
524400
555300
529400
524000
527300
559100
563700
530200
525100
523700
522300
522600
523000
525400
524300
575600
522600
528800
522400
522800
578900
523200
532200
522300
522700
524900
524900
528100
524400
524400
524200
544700
523900
524300
524700
524000
526400
524800
528900
531400
526600
525100
524300
523900
524700
526200
543400
525000
524100
524600
527400
524600
524100
525600
529000
528300
524800
524900
524800
528100
525000
529000
534300
524000
526200
523600
525100
523900
526300
523100
522600
522500
522500
524300
522800
522100
522300
524600
522200
522500
523300
522800
525100
523200
522300
522300
541100
525000
576700
597000
523100
593800
539400
610900
623700
660400
661400
662800
681500
684200
700700
674900
526300
606400
699300
672700
615300
642400
658700
657100
648000
593300
527200
527200
535200
532200
527400
544100
526900
530500
525700
532300
525600
528400
530200
526200
525600
525500
527900
525200
525200
524600
557600
528400
524000
524500
524300
524100
524500
525200
525100
524000
527000
524900
524100
524800
523900
545600
524500
524300
524300
528700
524200
524300
525800
523900
528800
525300
524200
524700
525900
524600
522500
525300
524000
525800
522700
522200
523200
523400
524800
522700
522800
522800
524300
521700
523000
587800
530600
533300
526100
526000
526700
526100
532900
525400
525800
525800
529200
525100
525400
529500
535600
531300
524500
524500
562400
525600
1144200
523200
523800
524400
524900
524900
525100
524500
525000
546500
524100
525500
524700
527000
525000
525800
524300
524600
528500
525500
524300
525400
525200
579000
527400
533400
522100
524500
523600
523300
524900
526500
527400
525300
525000
524500
525700
524700
540400
524900
530300
528200
524900
525500
524600
523900
526800
524600
524700
524800
526500
524900
577200
527500
523000
537500
526200
525200
525600
525500
527600
526500
526500
525300
527500
524700
526100
555800
525400
531600
533200
525000
525700
528500
526600
528900
527300
525700
525900
522400
523400
522800
555900
526700
522500
524500
526200
529300
525500
525600
525100
525500
527100
526800
525300
523900
525000
527700
525500
526000
526900
528400
528100
529400
525200
525800
530800
527600
526100
524800
527400
523000
522200
522600
522900
526100
522800
523900
522500
525200
526600
524100
522400
522300
525500
523000
522700
523700
522500
524300
523200
524600
523000
521800
526300
523000
524000
522900
526300
524100
524300
525000
541900
526100
524200
524900
524200
526100
523100
537800
599500
537400
565300
522500
538600
523400
562900
526300
523100
522400
523100
529200
523400
522500
522800
523200
525100
522800
522400
522400
522400
522800
523000
523200
521600
527100
523400
521900
522400
529600
527300
524000
523400
522400
525100
522600
523000
523700
522500
524100
523100
523100
523600
523400
524400
522100
522400
522600
525000
522600
523500
523000
522700
525400
522400
522700
522900
524100
522700
523000
522200
523300
525500
522700
522500
523100
522400
524800
523800
522400
524000
526300
522600
524600
524300
525400
525400
531800
525600
523900
523700
1019600
523200
521700
523100
524700
522800
523000
524100
521700
525700
523800
522700
522700
527600
525200
524200
541600
525700
526200
524800
527000
523900
524500
526300
525000
522000
522800
525600
522800
567300
549400
570700
523900
540200
530900
571200
566500
581100
524900
524900
557000
564400
548700
552100
555700
570700
533500
561800
521800
533600
529500
552700
524200
596700
554500
535000
553500
522700
566000
522400
565100
522900
534500
523100
568400
527800
523400
523200
531000
526600
522400
561000
526700
533600
554100
524600
531900
566300
528400
523800
524600
523700
524300
528100
524500
525200
525200
525000
524700
523000
522400
521900
526600
523500
522600
522300
522300
524900
522200
523000
522900
524200
523000
525000
524200
543600
527800
523800
523900
524000
527500
523800
525600
525000
524800
526500
524700
527000
524500
525300
524200
525400
522700
522600
525600
522800
521800
522900
522700
527200
523000
522100
525800
524200
525200
524300
544600
524800
527400
524000
525800
523900
524600
526900
524200
524500
524800
525800
522700
524400
522200
523100
525300
522300
522500
522300
522300
530100
522500
532300
586000
572100
525100
524600
590800
575200
532700
524400
561600
581200
574100
603900
675000
624900
549600
531200
567500
564000
521800
527500
548600
577100
522900
522700
585300
523200
574500
523300
543400
582300
523000
522400
522900
523400
527200
522600
522300
522600
524100
523000
522300
522200
522000
526700
522700
523100
523500
526200
522200
523000
523400
521800
526000
523000
522700
522500
522200
526000
521900
522300
522300
525200
522800
523000
523700
524200
526100
523500
525100
523400
1211200
524400
524800
525900
524500
527300
524100
523600
524300
544400
527300
525400
525400
525100
527400
524600
531900
524900
525700
526200
524300
525500
523600
524100
544500
524000
524900
525300
537600
525300
524600
524800
531700
528200
534100
545500
572600
534700
548300
593700
524700
536400
571400
579200
542400
541800
523100
566200
522100
580500
532300
527500
554000
538000
528400
537400
554500
590800
524600
525100
572100
603400
522900
557500
524400
535500
524100
524600
553600
523800
527800
524800
525300
523700
527900
525900
531400
524400
524500
525400
524800
524400
523400
562400
526600
522200
522200
524500
527700
525000
523000
524400
527000
523800
525100
523000
521900
522300
522500
523200
522900
522400
525200
523400
521900
523000
522900
524700
522700
523600
522100
525200
523600
522000
522600
522700
523800
522100
523100
523400
523300
523700
526900
522300
522600
527200
565100
583000
600200
599000
585300
581800
523000
522600
527900
524600
525000
524200
524500
528100
525600
532000
550200
526200
598700
577800
523300
559800
568900
531000
538800
534900
546000
527300
524600
547100
524400
587700
525300
524600
525100
543200
530800
524500
524700
523700
525100
526000
525300
525000
522800
527200
523900
524400
523800
524000
527600
524600
522000
522300
524100
528500
523400
522600
521800
525600
522500
522200
524000
522300
524500
523000
522200
522500
522900
525000
522400
522300
522900
525500
522600
523000
522700
522400
524900
523000
522600
523200
525500
521900
523600
524600
525000
525600
524000
525100
523900
541700
526100
524200
524700
524500
527500
524300
524300
523700
524600
539400
524600
525300
546500
1171100
523200
523200
523000
523100
526600
523000
523200
522200
522500
524800
522500
522900
523300
525800
523000
522400
522500
522700
525300
525900
524600
523500
523100
530100
522300
523900
522400
525100
523600
522800
522000
523500
524800
524200
522200
522500
527100
524300
522900
522800
522500
524200
523600
523300
523000
522900
525100
522700
523100
522400
524000
523700
522800
522400
522200
526400
522400
523000
525700
522000
523600
525400
523600
524500
525500
524500
524400
529000
523900
529800
524500
523500
525000
526300
525700
539800
524100
525400
525400
524400
525100
524400
523400
535100
524200
524200
525500
527200
525100
522300
522500
523600
524700
523100
523000
522500
524400
523200
521900
522900
522900
528900
525500
523800
524800
524800
529300
524500
525600
524100
529300
524200
524200
526600
522800
526000
523800
523700
523200
523100
524600
524700
524100
522200
526300
521800
523400
525000
522700
525900
524300
524300
525700
541100
524100
524800
524300
539000
527600
526200
524800
523400
523200
525300
522600
522700
524100
576900
523300
523300
523400
522400
525600
522600
522600
524100
524400
526500
525500
524200
524200
525900
525200
524500
524000
525900
531400
523000
523100
523400
524300
524100
522400
522700
523000
524700
523500
522500
523100
523400
526300
524900
524400
532500
528600
524100
525000
524500
523900
527000
529900
525700
523900
543400
528100
566300
648900
645600
681000
664300
624300
606500
604400
530400
562100
557900
611000
626500
660200
637800
647400
673300
656300
525500
526200
528100
525100
530700
525800
525700
525000
529900
524700
525100
525500
525000
528000
524500
534900
524500
1254300
527700
524800
525000
748400
531700
523100
523800
522500
522300
525900
522900
522100
524900
529700
527900
528700
529100
529700
530500
529100
528700
529000
584700
550700
528200
528700
528700
531500
529700
525100
523400
524900
523700
523100
522200
522400
529200
522400
522000
523000
522900
525000
523400
524000
522000
522500
526200
522900
522700
522200
525700
522300
522900
522700
524200
526000
525400
524100
530500
525000
526500
524400
524600
525000
526400
523900
525300
540500
524400
526300
523700
524500
524500
526500
528700
536800
524200
526100
528300
522700
522600
546500
522800
559100
523100
542900
532900
529500
537600
522800
523800
530200
532200
526400
571100
532500
543100
537600
578700
536600
535100
536600
530300
532400
538700
629400
621600
623300
657000
628800
620900
617500
616600
617200
614500
621800
616000
617600
624200
627700
625200
629400
617000
653500
528100
524800
525600
526500
526900
527400
525200
524600
525000
536700
525400
525800
527700
526400
530100
526800
526600
525800
526600
531400
524900
524700
524900
525500
524100
524600
522000
522900
524700
522800
522900
522900
523400
523700
522900
522200
523200
524600
523900
522200
522500
524200
537900
522100
523100
522800
529600
532700
524100
529000
572100
589100
524800
526900
523200
530300
578900
579000
529100
522600
590400
540400
523400
522500
600500
575200
525000
523900
586600
582700
527400
532300
565400
536500
542400
592400
522800
522200
522100
525100
522200
524400
523500
530100
523500
522900
523400
522400
525400
522100
523200
522000
522700
525900
521800
523200
523700
524000
522400
523100
522100
523400
525600
523400
523000
522300
1177400
522300
522700
524200
522700
524700
523100
523400
521500
522400
527600
524600
525400
525400
526900
526100
525200
525600
525800
528300
520900
525000
524700
524700
526200
541500
527400
523800
525100
524100
522900
523800
522600
526300
524500
523200
522400
524400
522100
523300
522300
523100
524000
573000
522500
569900
533600
568600
535100
529500
532900
549500
528200
545000
530100
539600
536300
522100
527300
539400
538800
599800
535200
557800
534400
551000
532100
555700
535200
545800
537900
544500
522500
540100
533200
539600
522600
526100
525600
527900
525900
525400
525200
525400
526300
526500
527000
533100
526300
524800
524000
524600
522100
524200
523900
522400
522600
530400
523200
522500
522700
523000
526300
524200
531800
524700
524800
523900
523100
523600
522700
527900
522800
523200
523200
522800
523800
524800
523700
525500
534700
525300
527300
524700
523900
526800
525100
524200
524700
542500
526300
522200
525300
523500
527900
527000
527700
526400
523600
521600
522600
523300
523700
524200
527700
540500
523700
525100
525900
523800
525400
524700
524400
584200
525200
528900
525100
524800
538700
560000
528200
544700
563900
524300
524600
524500
549000
539600
529500
599600
524300
546900
544200
525000
525100
537600
558700
523600
522200
534600
544500
537700
522000
523500
542500
526400
522900
592100
558700
522800
527400
523100
522600
522300
521800
522800
522800
523100
525000
527900
522100
525200
524400
523900
526800
545300
523300
524400
526000
525300
524800
524700
524800
526200
524800
524500
524800
522800
524500
522200
522300
523200
524400
522600
523300
522600
523000
524700
523400
523900
522700
1275400
527100
527700
527900
553400
529800
525600
527600
526100
526700
528900
527400
526100
527800
532300
528300
641000
528400
527000
537000
523000
522100
521900
522500
525700
522600
523900
522400
524100
523200
522200
523100
523400
649200
523700
532600
536000
530200
522600
524600
524500
529000
567400
525100
524800
524400
543300
532100
556600
528300
522300
553500
541600
522500
522700
521800
526500
522500
536700
525100
525100
524900
530400
524300
549800
527000
524400
524500
521900
523300
527000
523200
522700
522900
526000
522300
522400
523000
522600
526400
522800
522600
522500
524800
525400
523800
524200
524100
526000
525200
526300
524600
524400
526100
524300
541400
524600
541400
523600
525100
525700
524900
526600
525100
524800
569600
524700
525700
524300
525000
542100
722700
1000100
922100
930900
732400
742200
523100
522500
524100
526800
528400
529100
526400
536500
529900
526400
526800
526000
525800
530200
526400
522700
578000
526200
522700
522700
521600
522500
554700
523000
524700
524900
524600
534300
542000
555900
524500
530100
524900
526000
526300
526000
529200
526100
524800
525500
526600
528500
524200
524600
524300
526100
523900
524100
523700
525700
525200
524000
545700
524100
526400
525000
525000
522700
522400
526200
523600
522400
522600
523000
526700
522600
522800
522300
525200
523600
522700
522900
522800
527400
524900
524700
524800
524100
524400
524400
524300
525200
526100
545000
524100
525700
524400
526500
523300
521700
522700
525500
522600
523200
522800
522400
525600
523300
522300
523400
522200
524800
524400
554500
522800
524800
522300
523600
522000
522700
524100
522900
522900
522100
1225100
525900
526600
524800
533500
527800
522000
525400
521800
522300
525300
523100
523400
524200
524300
523700
523200
523500
522300
525100
522500
523500
522500
524200
525900
522400
523600
524100
524200
524500
553600
523900
524400
526600
526000
528500
529500
532500
528300
528000
528900
528900
532100
527200
527300
527000
529100
531200
529700
529100
527200
530300
533000
522800
523500
522000
525600
522900
522200
523100
522200
523300
524300
524000
524400
527700
523600
532300
524500
524300
564700
525500
523900
524400
529200
523000
523700
523000
522500
526200
523800
523600
523000
522800
524500
522500
523700
539200
528000
523900
523100
523000
543100
526000
523800
524700
524300
526000
524000
524000
569700
523300
526000
523500
522700
523100
525400
584100
524200
524300
531400
571400
527800
553600
525400
524700
528300
524200
538500
601500
582900
525700
550800
577100
525100
578900
610600
522800
589000
522400
551500
522600
522400
531600
526300
522100
523300
522700
522300
527700
522500
570000
522800
522400
524500
522800
523200
522700
528000
524400
524800
524800
525800
525600
524400
524600
527500
524100
529900
524900
524400
524400
526400
524400
523000
523200
522300
525700
522400
523300
522200
526100
523400
522200
523000
522300
525400
523400
526600
524100
524500
528100
523900
524100
524900
528400
525000
542200
525200
528800
527000
524900
523000
522700
522300
522700
522400
522900
522600
526100
521900
523800
515900
522600
525500
534300
531400
524800
529800
524100
524700
541400
522700
527800
546000
534600
524200
524900
570200
524300
528900
523100
528100
548400
560100
522300
524600
525000
525100
542200
580900
1210400
534200
523600
523500
523500
528300
521900
522900
522000
522000
524500
522700
523100
522900
519300
525400
552200
563200
541500
566900
541100
568700
630400
606200
612500
609000
591000
590400
526400
564900
597000
603900
594400
638800
693600
564900
562300
526900
524800
524700
525300
524400
526200
526100
529200
526200
526000
527800
526900
522900
522600
524500
523300
523000
523800
524200
526500
524900
524000
525000
542900
524500
524300
524500
524600
527000
525100
523400
525400
524400
530900
523300
522000
523900
526400
522800
522500
522900
523300
524200
522400
523000
522400
523600
539600
549600
524900
532300
535400
532200
532900
522400
527900
588300
574900
522600
559500
584700
532900
536200
567300
525100
562700
531700
533500
539600
524800
526200
534300
539200
532400
531000
541800
579300
523300
545800
542000
534400
546400
585100
522600
526900
525200
583100
525600
530700
525000
523600
524300
524600
545200
559500
523600
525100
530000
524200
525200
558800
561100
557900
568400
533800
532700
534900
562500
563600
563800
566300
574100
524000
523900
569600
530300
566800
532900
527200
565900
571600
584400
545800
567900
525000
527100
527100
525400
526500
525400
526800
525800
525800
528100
527100
526300
525700
526400
526200
528700
527100
525300
526000
526100
581000
525600
526300
525100
527100
525400
524900
525800
525800
526800
526000
590100
525600
525000
526400
526900
525300
572800
595800
526200
552900
526200
579700
541200
553600
535700
526100
530400
540000
526700
567000
537900
527400
525400
525500
523300
525000
529900
524600
531000
546400
527500
524200
524400
523600
524900
527700
524600
524300
524200
1170800
522500
523600
522900
523600
525700
522500
522900
522300
522600
525000
522800
523300
522900
527000
523200
524200
522700
523200
525600
523000
522800
523300
522800
525600
522700
523100
522500
525000
523000
523300
523100
523600
523900
522200
521900
525300
532400
554500
659400
617300
659800
528100
525400
526400
524900
524000
525200
523000
523300
523100
525900
522700
522400
522700
522300
526000
522000
522100
523100
523000
525500
522900
523600
524000
544300
522400
524400
524500
523800
526900
524600
523900
523800
527500
525000
524100
523900
525000
527300
542000
524700
524500
528200
526000
524600
524700
524200
526000
524700
524100
524600
525300
525900
524600
543100
524100
526000
524900
524600
523900
522700
524800
524000
521900
523700
523000
531100
522600
523000
522400
526900
522200
523000
523300
523100
525200
522200
522300
522800
522900
525100
524800
522800
522500
525300
522900
523500
523000
523300
523700
522900
522700
522700
526000
522400
522600
522100
540700
526200
522700
522700
522200
521900
525200
522600
522700
523000
527400
524700
525300
524400
523900
527800
524600
543400
525200
526000
527300
522100
522100
522600
577600
522800
525100
524600
525000
527000
524600
525600
542600
526800
522600
522600
524200
523700
525900
524100
522100
522900
523000
525400
524500
522300
523000
525700
525200
521900
525000
524800
526100
534800
525400
525300
524000
523900
526600
524400
525200
526600
524600
543300
524700
524000
525700
522800
523200
522800
525400
522900
523400
523000
524700
526100
522300
523000
523100
541800
526800
524900
526000
525100
526200
524100
524900
524500
524300
525200
524500
534100
577500
1265700
540600
557200
561500
524600
527600
522400
522800
522600
521800
525300
522900
516200
522900
549200
524600
547600
524100
525000
527200
524400
531600
523800
526700
527600
536900
525700
522200
524700
522800
523700
522500
523500
525300
524700
522600
522400
524800
523600
522600
524600
524100
527200
525100
524500
524400
523900
535500
524700
524400
525400
527300
524000
525200
523900
523900
524800
523200
521900
522800
526000
523900
523000
522500
523100
526900
523000
524400
525700
626600
527500
522600
524100
524700
528300
524700
562500
524800
548600
525800
537200
525600
524400
524500
526800
529800
529300
524800
524000
523200
521700
524000
523100
525000
523100
523100
522000
526700
522400
523800
522900
525300
527000
524500
523800
524600
525100
526900
524100
556700
524900
528600
524400
572000
607200
526400
555800
526000
524400
527900
524700
527200
570400
524200
545000
536500
524300
524900
563900
540700
544800
528400
530500
531100
532600
524300
525600
525200
553500
541800
524700
532800
524300
559300
528400
532200
524600
532600
526800
525100
525200
522500
522100
527600
521700
522900
523000
522700
523000
522800
522600
525700
526000
522900
523800
524200
524600
526000
523400
526100
550300
524900
524200
523600
524300
524600
530200
530400
537500
526100
522300
525200
522400
523600
523100
524200
522900
523700
523100
522200
524500
523000
525100
525400
526600
863600
865900
925800
895700
746200
744100
524700
524800
524300
527300
523700
524000
524100
533800
524100
530600
524200
523700
530200
587400
522800
559600
537100
570900
579400
522300
556700
593400
524000
577600
522200
555600
563200
529700
525600
524400
1222100
526300
533600
528800
549600
536200
534800
539200
539600
538000
547700
523600
522100
523400
525400
523000
523500
523300
521900
525500
522900
522200
522600
523500
522300
522600
523600
522700
524300
523400
522700
522600
523400
525900
522900
523300
522700
524400
522600
523300
523500
522900
523500
522700
522100
523100
522900
524300
523500
523100
523900
526700
522400
522200
522300
524500
526800
524000
524400
525000
526600
522500
525500
524900
524200
527800
524700
524600
524200
523900
537600
524400
525100
524700
527200
525000
524200
525000
525500
525100
525600
523800
522200
522100
527700
525600
533900
525200
529700
523700
527700
532800
529400
538700
543700
523800
577800
526500
524600
525600
546900
590400
540000
551100
524200
524500
526300
525100
522300
522500
524000
527600
578400
577600
532700
526400
535200
572300
527800
539900
578900
534300
529700
524000
523900
529400
525000
523200
524400
540700
528500
524600
546000
525500
527000
524900
525200
524700
523800
526400
524400
522600
522500
526000
527400
522400
522300
522900
524700
522400
522000
522800
522900
524300
522200
523400
522800
523300
522700
522800
522600
523500
525300
522900
523000
522000
523900
525200
523500
523600
522700
525300
522800
523400
524300
540700
525200
524400
525500
524000
524600
525000
525000
524400
524000
528100
523700
523700
524200
524800
557900
525400
523600
525900
525800
524900
524900
524200
531600
545700
581600
524300
530200
524100
531000
564600
580600
532800
526600
577000
531900
522700
523300
536700
553500
522600
531200
532700
528600
537200
524100
541700
577900
524500
527900
540900
593400
527700
529400
597200
582000
1416300
624000
522800
541300
524700
527900
525500
526000
524200
523300
527200
525800
524500
524100
526300
524300
543000
525000
524700
527300
524000
524200
521500
526500
522300
522000
523600
522600
524500
523400
522500
522700
523300
524400
523000
522200
522700
526400
522300
523000
523100
522400
524100
523200
522300
522600
522100
527800
523200
524300
524100
525900
524900
524000
524200
524600
527600
528100
523800
525400
544100
525300
525200
524600
523800
527100
525600
524900
524200
524600
528000
524100
523600
524600
565500
528400
530300
532900
532000
527400
533000
522400
528600
538500
535200
535300
568000
548200
618700
558900
576900
608700
666500
619100
634400
675300
615400
630800
726500
525100
612600
590300
715300
728900
709000
709300
728500
713700
707100
649700
524600
528300
526000
525100
526900
526000
527900
525800
525800
527400
525300
526300
526700
524500
525100
527800
525200
523000
542200
522000
525600
522100
522700
523300
525100
522500
523100
521900
523000
525400
522600
522300
522100
524600
527700
524700
525500
525500
529300
524700
524200
524400
524700
530300
523500
525800
524900
555900
525000
526300
532200
522300
525600
522800
521700
523000
523500
525300
522500
523000
523500
526500
522900
522500
522800
525200
526100
524100
524200
524600
524000
527000
570800
524000
524100
526800
543000
523900
524300
524600
528700
563700
524600
530100
528100
524800
524700
524100
524300
527700
524400
542400
524700
524500
527800
528100
523600
533400
526500
524000
524200
525800
523500
525900
524400
524000
521600
524900
527900
524500
523000
523000
525500
525200
531500
525500
525400
529900
524700
524800
525800
1197300
526100
525800
525000
525000
526000
551400
526400
524400
523800
526700
524100
524600
527400
550800
522900
524300
522900
522700
524100
521800
522900
523000
528900
523000
523000
522800
522600
525100
524100
523000
524300
523000
525000
522400
522300
522900
526600
521900
524600
524100
522400
528100
542400
524600
524900
524800
527600
524000
525500
524600
527000
524000
524500
525100
524100
526000
524100
540000
525000
527100
524200
524600
523700
522400
526700
525000
524500
524200
525400
528200
524500
524100
542700
525600
522900
524100
522700
523300
526500
523600
523100
525200
524400
530200
525200
525600
524700
549400
523000
524200
536000
525500
528000
525000
524100
524500
528800
577200
525200
525700
523800
527500
542100
522000
523000
522700
521000
525800
523200
524900
526500
516300
525200
525300
524700
530700
524600
541000
526300
527300
524100
524200
523800
523600
526200
525300
524700
524800
523500
525100
524000
525200
541300
527900
524000
525200
525000
523800
528600
524300
525400
524100
524500
525700
524800
523000
523800
524300
515300
523100
523400
522500
523800
522100
522800
522400
525900
522600
522700
522500
522500
525600
523600
522300
522700
523000
524400
524000
523400
524700
525500
523900
525200
524600
524600
527000
524900
524400
554500
525200
535500
536900
524900
524600
526200
524200
524900
524800
535000
522800
525100
524600
526000
550100
524400
536700
525000
533100
553700
533000
538400
1251700
530600
532200
545400
660600
531600
540200
523400
525300
523300
524000
550600
524900
550500
524800
532800
530700
538000
527300
558600
535900
526000
544200
578000
534100
571900
526300
557900
548800
1316300
555800
526400
526000
559000
534500
525900
524700
564600
553000
552300
524200
525700
533200
534000
524200
522800
523900
523500
526200
523500
525800
523000
529700
522600
524300
523800
524600
529100
525400
524600
525800
525000
530800
525800
555600
526300
529800
526800
524400
577800
527700
526600
525600
525000
525800
532200
524100
525700
524100
525300
559700
524500
524500
526000
525600
526400
523400
523000
524400
530000
528800
524700
524200
570200
537600
555400
531000
530000
524400
541600
525700
561400
532800
530000
530400
545000
526000
525300
533100
535300
564800
525200
531500
525600
525500
524800
524400
560800
535100
525000
525300
524800
540200
524500
523400
523000
529900
523100
522900
524400
523300
528100
523800
522900
523200
524500
528300
523200
525000
523800
529300
554200
524400
526200
524800
527200
525500
524900
526800
536600
523000
523700
523600
522600
525200
523300
522600
523200
522900
527900
522800
522500
522800
527100
523700
525400
532000
524700
527300
525300
525100
525200
555800
