1033
1118
1061
1002
1299
1164
984
1493
1103
1250
1298
1843
1254
1138
1290
1088
1384
1501
1123
923
1133
1105
1232
1156
891
1484
1349
1307
1451
1177
1241
1012
1084
1144
1268
1189
1203
1065
1137
1202
1598
1032
1316
971
1107
1221
1077
1336
1005
1131
1583
1239
1089
1649
1368
1053
2048
1039
1673
1191
1295
963
1053
1291
1080
1012
1097
1128
1076
1025
946
1165
1360
1043
1255
1479
1420
1083
1800
1192
1160
1200
1305
1541
1358
1144
1008
1002
1048
1158
1137
1060
1398
1345
2079
1064
1348
1117
1314
1181
1386
1078
2045
974
1101
1464
1221
1500
1104
843
1086
865
1487
1067
985
1295
1012
899
956
1016
963
1455
812
948
1369
867
1040
1401
1559
1014
941
1395
1617
1165
1639
1046
1147
1031
1126
1170
2040
1407
1429
1305
1675
1277
1165
1216
1306
1756
1248
1618
1080
1219
1256
967
1289
1111
1255
916
1195
1215
1064
1262
997
992
1119
1012
1454
2039
1047
1078
1105
956
1040
1775
1152
1190
1378
1277
1327
1264
1115
1424
1771
1477
1176
988
1127
1108
1254
1392
1409
1341
1182
1310
1050
1638
1840
1104
1429
1122
798
1333
1018
1403
1370
1413
1203
1382
1326
1178
1325
1160
1111
1559
1506
1254
1338
1107
1308
958
1129
1079
974
1430
1310
1193
1304
1267
1305
1065
885
1110
999
1102
1039
1274
1164
2154
1115
1203
942
1039
1094
1049
1365
1389
1229
1202
1083
1135
1090
1013
1054
1210
1366
1447
1264
1125
1042
1521
907
1188
854
1217
1135
1097
1284
1249
1309
1885
1210
938
1225
1531
1108
1498
1052
972
1060
1310
963
1752
1587
1060
1327
1636
1139
1272
1271
1262
1404
994
1209
1603
1119
1086
1932
1063
1036
1132
1023
1129
1173
1200
1289
1075
1009
944
1462
956
1125
1815
1109
1048
1052
1269
1071
998
1546
1289
1122
1384
1857
1220
1074
1132
939
922
982
1167
1186
1119
1333
1922
1090
1170
1176
952
1534
951
1088
1852
1652
1097
1119
2025
1088
1332
1214
1122
1393
1161
1480
1161
1248
1303
1032
1021
1137
1246
1086
885
1101
1325
1271
1099
1236
1513
1101
1081
1692
1064
1045
1343
1265
1280
1308
861
1294
1585
1086
1288
1195
1341
1552
1147
1038
1597
1130
1163
1317
1275
1279
1386
1166
1142
1160
1162
1353
1011
1089
1139
1281
1098
1412
962
1425
1190
1355
1089
946
1024
1199
1691
943
1176
1042
1291
1246
1158
1349
891
1311
1103
1443
1543
1402
1121
1062
1139
1333
1214
1020
1391
1058
1153
831
1142
1281
1298
1004
1111
1235
1082
1261
955
1317
1131
1135
1268
927
856
1480
1025
1057
1091
1070
1016
1147
1169
973
1335
1503
1485
1782
1128
1195
1232
1359
1077
1568
1093
1245
1410
1587
1174
1245
1389
1132
1135
960
1290
1041
1001
962
1224
1215
1053
1059
1114
979
1162
1149
1064
1051
1148
1169
1276
980
1317
1075
1258
1294
946
1371
1152
1436
1302
1178
993
1211
1556
952
1876
1273
1292
1170
1225
1218
1163
1068
1114
1041
1280
1260
1198
989
1040
1538
1073
1217
1297
1376
1689
1013
1253
1245
1127
1250
1104
1182
1149
1290
1472
1512
1077
1069
1182
1447
1173
1088
1034
1225
880
1430
1088
1104
1314
1155
1244
1183
1678
926
963
1003
993
1442
1220
1143
1153
1556
1835
1265
921
1090
1166
1133
1050
1064
1222
1577
1604
1189
1295
1018
963
972
1066
1271
1326
1034
957
1574
1057
989
1365
1543
1008
1148
1079
1315
1107
1436
1307
1568
1468
1122
1074
1070
1058
1564
1038
1011
1201
1065
1121
1215
1361
1291
1597
1177
1167
1113
1005
1241
1078
1130
1102
1761
1100
1624
1787
1533
1103
1289
976
1362
1370
1082
1079
1301
1162
1087
1082
1176
1146
1246
1207
1550
1152
1258
1170
1513
1362
1270
981
1095
1553
1154
1307
1244
969
1283
1254
1015
1293
911
988
1426
1147
1093
1197
1365
1143
1107
1513
1215
1301
1399
1280
1258
912
986
1150
983
1268
988
1289
974
1030
1179
1129
1108
1023
962
1084
1288
1021
1124
1106
1257
1089
1063
1133
1269
1270
1046
1035
1547
1150
1135
1102
1261
1217
1354
1677
1308
1347
950
1464
905
1356
885
1194
994
1121
1042
1044
1105
1279
1092
1122
1153
1223
1471
931
1346
1142
1140
1164
1354
1259
1266
2056
1151
3081
1498
1121
1325
1022
1180
1210
1029
1555
1013
1040
1165
1056
1371
1092
1048
1617
1246
1065
1143
844
1194
1173
950
959
1094
1160
1217
1039
1114
1177
1580
1088
1660
897
1350
1179
1089
1592
1081
1368
1004
929
1546
1133
1071
1174
996
1050
1653
971
1066
926
1290
1265
1111
1611
1207
1118
1071
959
1065
1125
1103
1066
1224
1353
1011
1454
1293
1182
1307
1132
1053
1242
1348
1159
1023
1315
1305
1411
1173
1066
1090
1208
966
1641
1204
1149
1069
1741
1598
1229
2115
1001
1596
1101
1320
1300
1033
1273
1168
1434
941
990
1090
1224
1127
1190
1045
1011
998
1062
1095
1056
1420
1591
1089
995
1065
2161
966
1173
1152
1251
1096
1438
1533
1245
949
1207
952
1409
1456
1138
1565
1127
1003
1219
1330
1372
1305
1072
1736
1101
983
1200
1100
1463
886
1116
957
1498
1047
1085
1337
1367
1767
955
1298
1062
1482
1347
883
1443
994
869
1670
1271
1038
1222
1456
1083
1061
1078
1848
1289
1204
920
1033
947
1105
1008
1121
1521
1017
1052
1312
1623
974
1688
1197
907
1690
1264
910
1152
1414
1394
1132
987
1142
927
1231
1666
1731
1007
1264
1583
1037
1588
1538
1361
1111
1528
930
1462
1094
1138
1476
1126
1448
1426
1076
1174
1060
890
943
1252
1141
1094
1222
983
1086
1182
1173
1081
959
1133
1066
1216
1196
1277
1080
911
1225
1013
1109
1131
1033
1659
1387
977
1064
1353
1021
1049
1039
1114
1349
1276
1984
1246
1482
995
1071
993
1373
1338
1448
1328
1025
1074
1349
1295
1082
1556
972
1436
1028
1169
1146
1214
1365
1154
877
1282
998
957
1099
1023
1371
1384
1134
1372
1023
1143
1086
1173
1219
1141
1063
1087
1173
1069
1327
874
1029
1257
971
1132
1012
1108
1217
1126
1031
1418
1084
1183
1542
1509
928
1341
1253
1316
1514
1332
1087
1535
1181
1068
1248
1054
1112
1203
1009
1592
869
974
1223
1387
1186
1173
1237
1306
1099
1054
1066
1196
1111
896
1693
963
1243
1033
935
1015
951
929
1106
1136
1379
1326
1118
1107
927
1351
903
1258
1843
1093
1109
1190
1129
954
970
1292
1261
1211
1506
1091
1278
1135
1007
1109
1254
993
1468
1474
1144
1338
1113
1220
1339
1150
1272
1815
1438
1208
1307
1267
1248
1176
1497
1090
1378
1498
1293
1119
1118
1109
1009
1351
1142
1862
1181
1164
1017
1098
1136
1447
1133
911
1153
1016
1396
1261
1277
1133
1057
1084
1030
1708
1129
1506
1342
1009
1019
1054
1716
1103
1189
1045
1035
1085
1233
1595
1466
1594
1087
1915
1089
1323
1174
1018
1203
1199
942
1084
1116
1318
1074
1204
1183
969
1058
1163
1479
1301
1182
1005
1414
1147
958
1527
1038
1112
934
1234
1016
1100
1191
1087
1156
1126
1186
1512
966
1068
1064
1409
1464
984
1026
1092
1397
1225
851
1463
1353
1292
1536
1260
1172
1466
1218
1043
1284
1229
1181
1156
953
1150
1237
1140
1027
1034
1128
915
1139
1301
1282
1072
989
1346
1087
1076
1396
1076
996
1000
1212
1552
903
1042
1144
1210
1042
1251
1236
1032
1126
1287
1053
1137
1174
1260
1010
1084
1082
1215
964
1194
1038
1072
1327
1250
1486
1025
962
1112
1026
1307
978
1029
1495
1002
1665
1345
1069
893
1345
1558
1287
1045
1245
1447
1070
1189
1842
1661
1017
1022
918
1156
960
1115
1020
1115
938
1182
1022
1780
1137
1090
1098
1371
1362
1224
1435
1311
1159
1152
999
1278
1267
1212
1191
1082
1052
1299
1093
963
1224
1409
1009
959
1239
1758
1090
1146
1216
1053
1254
982
1368
1080
1533
1081
1189
1325
1441
1364
1004
1147
1843
1017
1256
1008
1225
1068
1182
1130
1165
1181
1383
878
1081
1004
1158
1918
1341
1133
893
1139
1086
1037
1220
874
1147
1207
1016
1132
1214
1484
1394
1153
1401
1272
1684
1537
1154
1115
1161
1228
836
1042
1288
1515
2071
881
1065
1014
1297
964
1078
1207
1016
967
1075
1108
1339
1351
1165
1077
953
846
1442
1124
1243
968
1227
965
1059
1289
1062
1275
1134
1174
1183
1174
1076
992
1448
1082
1017
1167
965
1111
1448
1650
985
1079
1030
1028
1143
1309
1184
1112
1231
858
1485
1314
1167
1073
1141
1046
1124
1201
1271
1097
1121
1242
2209
1016
1156
1272
1081
1548
1750
939
1017
1161
1096
1326
1847
1118
966
1100
1080
1506
1038
1058
1179
991
1246
1870
1045
1401
1095
926
1267
1355
1246
1271
1049
1024
837
1151
1210
1034
946
970
1091
968
1099
1267
1267
1075
1061
1213
1131
1301
976
1049
1093
972
1085
1261
1541
1077
1278
981
1183
1271
936
1025
1112
1429
1292
1246
1761
1481
993
1136
983
1417
1012
1559
1704
1181
1423
1109
1063
1178
1054
1164
924
1229
1041
1114
1095
1174
1058
1263
1233
923
1185
1737
1127
1267
1054
959
1192
1906
1228
938
1120
1072
982
1107
1230
1397
1343
1056
1345
1081
1216
1100
971
1031
1051
995
1091
1101
1498
857
1072
1057
1122
1144
1052
1177
887
965
1086
1602
1237
1025
1340
1375
1196
1134
1114
1076
1096
1118
1141
1490
949
1480
1296
1335
1101
1271
1235
944
1025
1159
1398
1182
1256
1122
1037
1422
1352
1197
1212
1375
1161
1269
1546
1151
1076
1088
1145
1179
1025
1110
1273
1304
1580
1359
1114
868
1000
1108
974
1730
1197
1074
931
1110
1181
1163
1210
1249
1017
1025
1058
1135
1567
1043
1436
1221
1080
978
959
1293
1784
1344
1651
1295
1176
1122
1140
1266
1195
986
1516
1178
1243
1018
1058
1130
1098
949
1109
1143
1357
972
1152
1437
985
1112
1389
1674
1259
972
1462
1369
1015
1211
1274
1180
1293
1227
1201
1108
1545
1674
1334
986
1710
971
1094
1111
1012
1213
1276
1179
1019
992
1100
1011
1102
994
1022
915
1229
1263
953
1243
1143
1206
947
1155
945
1319
1063
1037
1045
1330
1380
1080
940
1410
929
1282
933
1080
1586
1016
1004
1346
1188
1354
1221
1218
854
1207
1267
1214
1320
986
890
1166
1308
1138
1229
1379
1130
1485
1284
1669
1208
1134
1236
1783
1099
1053
995
1143
1011
1155
1409
1254
1411
1251
1107
991
1301
1135
980
1057
1371
1079
1302
1584
1099
1012
1364
1035
1275
974
969
1237
1183
1098
1427
1146
1108
1420
1005
892
1255
981
972
1330
1144
1006
1321
1192
1313
1383
1312
2015
1412
1221
1420
840
1036
1406
1306
1453
1154
1281
896
1087
1100
991
1169
1301
1201
1012
1276
1124
1704
1071
1145
1264
1306
989
1249
1216
1398
1345
1101
873
1025
1062
1048
1305
1094
1317
1438
1373
1090
1084
1134
1197
970
1152
1035
1326
1278
1151
992
1141
1042
1237
1359
1093
1120
1312
1154
1295
1167
1101
1022
1278
1018
1120
1244
1372
1042
1022
1109
1029
1154
1708
887
1207
1177
1331
1293
1107
982
1172
1150
1168
1360
1416
1172
1310
1152
1192
994
1689
1084
1438
1215
1409
1091
1219
1089
1259
1107
1325
1085
1112
1289
898
1236
1083
1700
1100
950
1202
1558
1387
939
1022
1118
1040
1322
1461
1752
1002
1498
1116
1087
1114
1213
1015
1134
1187
1120
965
1276
1019
1150
1207
1314
1245
1266
1212
1102
1173
1104
1264
1011
1221
1130
1063
1224
1329
1081
1109
1184
1122
1059
1251
1177
1634
1517
1005
960
1643
1008
1082
1069
919
1078
1342
1040
1058
1381
1047
1346
1201
1233
989
1149
1292
1442
1410
1133
1228
1104
1061
942
1228
1241
1010
1072
1300
1083
1116
1051
918
1126
1098
1117
1437
1207
1386
1368
1279
1281
1057
1024
1306
1062
1100
1049
1237
997
1016
1112
1458
1836
1538
1409
1104
1292
1104
1179
971
1005
1111
1121
1216
1110
1438
1053
1060
1142
1312
906
1517
1234
1243
1184
1076
1125
1129
1088
1094
1450
959
1199
1265
1131
1370
1291
1082
1324
956
1318
980
1041
1023
995
979
1207
1176
1267
1203
1082
1041
1313
917
1226
838
1229
1114
1726
1336
1189
1017
1702
1180
1022
1317
1272
1068
1090
1077
1036
1303
1281
1599
1015
955
1097
1226
1166
1098
926
1197
889
1123
1185
1022
1288
2052
1021
973
1286
1072
1251
1247
1646
901
974
1299
1455
1142
1285
1497
1168
981
1068
1865
1080
1021
976
1621
1058
1270
1887
1257
1038
971
1477
1104
891
1174
1094
1031
1072
1105
1163
1114
986
937
1174
1168
1197
1101
1236
1906
1219
1084
1504
1341
1303
1377
1034
1042
1089
1110
1234
982
1316
1029
982
1315
980
1226
1215
1102
1030
994
1385
1221
1106
1227
1205
1065
1297
1345
1063
1105
1244
1294
1091
1104
2071
1060
1328
1537
1177
1223
907
1177
1339
1082
1032
1674
1207
1000
954
1165
1150
959
1367
1044
1381
1322
1357
1435
1185
1308
1214
1432
1013
1101
1016
1085
1087
1174
1227
1242
1031
1329
1135
1176
1244
969
1416
1139
1277
1435
1107
1237
1470
1988
1169
1098
1083
1288
1531
1144
1092
1124
1469
1227
1246
991
1106
1623
1383
1297
901
1544
1019
969
985
889
996
1513
1594
1154
1222
1885
1414
1018
1476
1104
1045
1401
1062
1720
1256
1141
1159
1090
1115
1462
1445
1256
1081
1119
901
1066
1195
1186
1287
1844
1189
1064
1433
1007
1157
1627
1155
1147
1523
1075
1653
1208
1230
1209
896
1354
1116
1338
1470
1017
1205
1027
1104
1453
1241
1328
1155
1308
1137
1189
1285
1192
1165
1622
1238
1203
954
1047
1333
1042
1019
1154
1163
2375
1884
969
1022
1161
1141
1130
1227
950
1075
1041
1551
1522
1397
1246
1353
1280
1448
1478
1468
1345
1223
1776
1264
1320
1259
1415
1031
1607
1415
1176
1184
1082
1405
1491
1167
1106
963
933
1050
1277
1312
1099
1049
1130
928
1084
1210
1067
1299
1397
975
1060
1065
1490
954
1100
976
1163
1089
1553
1345
1028
1454
1313
993
1294
967
999
939
1238
1051
1360
1446
1166
917
1023
942
1277
1169
1461
1125
1246
1017
1496
1371
1362
870
1088
944
1395
1193
1153
1038
1137
958
1000
1000
1091
1117
1025
1230
974
1047
1161
1160
1057
1189
1186
1136
1047
1116
1394
1082
1193
1135
1466
1124
1160
1250
1055
1179
934
1362
1605
1553
1197
1212
1269
1358
1480
1649
1024
1551
1378
1024
1235
1381
1268
1074
1123
1036
1314
2250
1258
1459
1444
1288
998
1437
1140
1189
958
1082
1098
1220
1263
1059
1601
1338
1562
1356
1090
1121
1100
1417
1116
1480
1084
1225
1061
1352
975
1470
1089
1176
1057
1214
1211
1395
1219
1265
1117
1342
1284
1098
1343
1229
1372
1228
1314
1322
1287
2088
1206
1513
1144
865
1331
1110
1065
1268
1280
1315
1193
1180
936
1134
1212
1560
1468
1338
1410
1169
1042
1866
1076
1610
1148
1352
1424
1004
1162
1229
1377
1005
1758
1872
1143
1246
1121
1371
1438
1705
883
1625
1313
1242
1322
1320
1067
1249
1212
1032
1233
942
1397
1124
1810
1184
1100
1049
1060
1158
1184
1321
970
1180
1365
1142
1842
1162
1260
1669
1038
1185
1408
1251
993
1240
1261
1274
1223
1281
1047
1285
1897
1169
1152
943
1088
1149
1892
1228
1486
946
1171
1519
1200
1047
1057
1212
1233
1217
1024
1126
934
1080
1220
994
1038
808
1327
1266
855
1152
1276
1204
1137
1229
1207
943
1172
1248
1166
909
1233
913
1342
1144
1044
1480
1091
1141
1221
1045
1257
2022
1651
1494
1170
1739
1192
1402
1490
938
910
1045
1030
936
1398
1502
1359
1029
1270
1183
1241
1069
1022
990
1445
996
1164
1071
1049
1297
1381
1291
1263
1539
1213
1182
1670
1683
1168
1009
1141
978
1261
1196
1381
1289
1053
1161
967
1234
1201
958
1138
1157
1075
1090
1592
967
1104
1206
1158
1268
1129
952
1260
1552
1351
939
1330
1145
1055
1369
1203
989
1281
1119
1202
987
1201
915
1059
1764
1206
1092
1073
915
1331
1168
1304
1088
914
1699
1051
1096
976
1084
1051
1213
1108
1279
1627
1216
1335
976
1284
1616
1271
1037
1361
1005
950
1050
1085
1631
879
1185
1508
968
1204
1310
1095
1285
1205
934
910
1454
1284
1397
1023
985
1072
1199
1483
1294
1127
1387
1360
1577
1178
1116
1397
1399
939
1114
1201
1073
1287
1130
1110
965
1517
1144
1346
1160
963
1254
1677
1325
1026
1018
1138
1112
1169
1382
1051
1281
1609
1211
887
1456
1322
988
1087
1110
1236
1137
1271
1057
1121
1240
847
975
1000
2142
1046
1003
1199
1193
917
949
969
1318
1129
964
1059
1246
1303
1348
1248
1049
1159
1094
1195
1218
1072
944
1090
1159
1399
917
1406
1158
1379
1793
1165
1319
1136
1122
1012
1090
1114
1214
899
1015
1381
1382
1005
1565
1125
1250
1255
1007
1212
1252
1194
1339
1316
1085
1178
1245
1252
1306
1320
1107
1449
1362
1026
1428
1190
1322
1347
1265
1406
870
1241
1420
1242
1143
986
1135
1074
1583
1280
1198
1171
1229
1121
1168
1187
1550
1028
1021
1003
1257
1236
995
1074
1045
1145
1271
1501
1088
1026
1009
978
1029
982
1126
1010
1048
1062
1230
1303
1521
1068
1401
990
1072
1302
1121
1483
1137
1238
1044
1089
1109
1026
1402
1264
1612
1298
1377
1397
1182
923
1399
1021
918
1121
1014
1252
1060
1364
1316
1156
1101
1259
897
1140
1075
1175
1430
1015
1124
1277
1087
1342
1612
1104
1297
1294
1358
1253
1085
1477
1285
1058
1270
1368
1510
1283
1510
1029
1474
1095
1267
1052
1455
1033
1326
1198
1082
1409
1096
1233
1151
1180
1028
1162
1228
1162
895
1377
1393
1387
1195
1613
1212
1273
1267
1376
1472
1306
1075
1208
1200
1298
1086
1648
1306
1041
1123
1609
1144
1331
1241
1293
1339
1435
1182
1147
1039
1135
1214
1423
1307
1040
1125
1107
1443
1100
1329
1070
1538
2166
1171
1238
998
1694
1391
947
1567
1488
1093
1127
1211
1186
1043
1273
1876
1033
1101
1345
1537
1039
1162
1351
1125
1080
1234
953
1170
1477
1243
1009
1023
1180
945
945
1306
1229
999
1096
992
1251
1154
1217
1101
1036
1012
1871
988
1164
1549
1082
1170
1123
1283
1034
1260
1207
1235
1222
2260
1150
1576
1075
1579
1174
906
1323
1196
1278
1176
1129
1094
1245
1196
951
1237
1305
1118
1111
1025
1156
1263
1310
1205
1027
1113
984
1113
1262
980
1052
867
1041
1146
1147
1276
1133
983
1233
1034
1087
1171
1183
1043
1122
1240
1124
1093
1168
1275
1235
1271
1379
936
999
1100
1218
1659
1091
1028
1030
1360
1261
1285
1141
1261
1565
1346
1032
1490
1245
1218
1317
1173
990
1107
1249
1238
1127
1282
1111
1113
1407
1050
1574
1238
1214
1267
1011
1079
1145
1128
1729
1381
1181
1181
1567
1357
1220
1394
991
954
1076
885
1503
1098
1286
1076
1220
1128
1425
907
1250
1033
1749
1124
956
1249
1045
1370
1418
1227
1350
1477
1218
1536
1604
1659
1131
1224
1494
1100
1528
1558
1272
1172
1017
998
1086
1751
1528
1126
1263
1010
1154
1211
1050
1239
1018
1569
1320
1143
1043
866
1104
1161
1153
939
1110
1185
1039
1114
1513
1234
953
1413
1099
904
1224
1359
976
1061
1017
1100
1244
1022
1378
1753
1030
1111
1139
985
1346
1036
1678
1075
1359
980
1273
1571
1059
1089
1258
1027
1074
1179
876
1167
978
1199
1451
1119
1228
1235
1133
1052
1289
1279
962
1057
1096
1341
1098
864
1099
1100
1233
1321
1124
1376
1491
1101
1349
1237
911
1070
879
1301
1211
1273
1118
1182
1171
1075
979
1002
1234
875
1260
1182
1170
863
1237
1431
1088
1338
954
1354
1321
1217
1408
1003
2020
998
1383
1348
1185
1135
1205
1327
1192
1079
1146
1257
1683
1070
1399
1383
1134
1287
1436
1117
1689
1257
1242
1289
1583
1246
1044
891
1102
1202
930
1081
1096
1138
1069
1021
1002
1153
1111
1310
1341
1487
1090
1049
1072
1127
1038
1216
1046
1139
1190
1236
1289
1065
1021
1057
1149
1199
2247
1020
1498
1231
1386
1207
1374
1020
1175
1378
1530
1274
970
1152
1364
1161
1345
1325
1097
1081
1235
962
1140
1797
940
1292
1032
1390
1307
1083
1222
1206
1182
849
1544
1192
878
1095
1215
1060
1374
1480
1783
1088
1522
1587
1232
949
1217
1074
1456
1337
1022
954
1170
1108
1491
1293
1129
1505
1317
1456
1041
1494
1024
1341
1155
1357
1184
1133
1500
1122
1161
1236
1946
1107
1393
1174
1226
1053
1492
1297
1245
1005
1087
2215
943
1170
1186
1339
1127
1075
1140
1077
1511
960
1546
1709
1149
1075
1273
879
1218
1642
949
1009
980
1055
1229
942
1457
1142
1495
1143
959
1069
1102
1048
989
1131
1015
879
1285
1203
1201
1095
1501
1387
1124
1466
1427
1167
1005
1160
1114
1269
1111
1157
975
1177
1332
1209
1026
1400
1837
1389
1200
1007
1284
1661
1204
1059
1134
1151
873
1533
983
1101
1218
1085
1058
1323
1153
1360
1194
1137
1183
1444
1355
1238
1158
885
975
1360
1109
1251
1055
1649
1175
1190
1125
1171
1200
1106
1120
996
934
1099
1260
1669
1032
1100
1327
1182
1252
1153
1460
968
1403
1473
1198
1252
1007
1076
1112
1068
1049
1188
1283
908
1058
1143
966
1192
1469
993
1532
1102
1129
1181
1406
1061
1249
1096
1020
1119
1169
1282
1112
1163
1121
1287
978
1469
1245
1419
1332
1853
1245
1170
1221
1254
1135
1135
1204
1090
1110
1041
1457
1055
1597
1151
1208
1307
1022
1148
1526
1093
1565
1075
986
1011
1305
1266
1440
1447
1527
1268
1131
997
1031
950
1146
1142
1315
1617
1025
1067
972
1040
1020
1165
1147
1306
892
1370
1262
1084
1354
1161
1044
1094
1343
1066
1317
997
1375
864
946
1115
999
1311
996
1225
1063
1325
875
1090
1290
1219
1152
1069
1316
1051
965
1175
1001
1315
1103
1066
1526
942
1377
950
1000
1214
1041
1483
1521
1040
1285
1305
1143
904
1245
1465
1330
1300
908
1032
1162
1123
1382
978
1188
1028
1141
1309
1395
1213
1201
1308
1433
1079
1141
1103
1207
1290
1320
1867
1452
1049
1376
1107
1053
1149
1257
2287
1268
1258
990
1324
1175
1352
1050
1189
1071
1104
964
1262
1163
1081
1237
1132
966
1355
1789
1448
1073
1240
1222
1176
967
1218
1466
1282
1217
1066
1248
1278
1043
1602
1140
961
1269
1096
1189
1401
961
958
1099
1013
1172
1549
965
1277
1455
1129
1326
1308
1155
961
924
1199
1254
1130
1027
1205
1110
1305
1044
1204
980
1282
1130
966
1195
1594
1113
1397
1664
1355
1416
1155
1207
1540
1044
1380
1290
1065
1026
1084
1091
1074
1779
1240
1239
1185
979
1201
1576
1058
1384
1329
1051
869
1389
1123
1247
1028
1037
1242
1209
1249
1063
1257
1381
1251
1121
1177
1489
1087
1296
1239
1248
1039
1377
1105
1261
1691
1538
1174
1262
1184
981
1240
890
1068
1004
1013
1338
1620
1309
960
1177
1432
1581
1232
1366
1254
1052
1454
1501
1092
1129
1011
1028
1123
1427
1343
1177
875
1031
1430
1114
1270
1415
1280
983
1312
1108
1231
1142
868
1279
1094
1088
1023
1173
1098
992
1286
1102
1375
1867
1366
1104
989
1185
1387
1729
1183
1261
932
1014
1240
1050
1238
1114
1212
988
1531
920
1271
1204
1099
1439
2064
1262
1134
1468
1061
1046
1437
1333
1104
1297
1473
1003
1225
1283
1797
1282
1179
1075
1187
1345
1071
1081
1323
1364
1044
1325
1044
1338
1263
1287
1422
862
1074
1161
1008
1187
1245
1280
1376
1553
1299
1207
1136
1215
1028
1344
1078
994
1016
1361
1197
1370
1316
1170
1119
1283
1017
1174
1005
1458
1308
1287
1104
1241
1197
1272
1178
1129
1194
1187
1394
1196
1268
1246
1181
1156
1246
1174
1027
1047
925
1423
1067
1213
967
1490
1413
1262
1263
1183
1656
1052
1007
883
1658
1381
1036
1086
1034
1787
1366
1257
1511
1044
1005
1076
817
1142
958
1242
1175
1110
1613
996
1294
1302
1151
994
1199
1147
1133
1252
1212
1177
1171
1088
1060
1015
874
893
1450
1064
1389
1131
1417
1077
1155
1247
1064
1742
1308
1007
1028
1240
1058
1184
1636
925
1342
1146
1506
1050
1061
1165
1629
1053
1136
1196
1234
1120
1225
1934
1229
1315
1145
952
1038
1458
1081
1319
1019
914
1168
1029
1235
1276
981
1268
1139
947
1252
912
1065
1019
1402
984
1330
972
950
1198
1016
1163
1361
1219
1551
1789
1469
1037
1291
1790
1329
1172
890
1061
1201
2665
1053
1091
1169
1078
1172
1281
1632
1318
1220
1160
1187
952
1262
1045
1268
1434
1347
1279
1191
1206
1041
1077
1277
1143
1326
1143
978
1005
1020
1324
1532
1069
1479
1337
1073
1091
1164
1023
1019
1298
1080
1070
952
1355
1092
988
1860
1330
1449
1458
1327
1291
1354
999
1042
1140
1172
1247
1252
1237
1480
1207
1492
1017
1324
993
877
1023
1151
1132
1599
1130
1008
881
1503
1377
1346
1151
1201
1186
1101
1193
976
1663
1006
1151
2033
1169
1052
1040
1030
1188
1304
1221
1265
1746
987
935
962
967
1422
1249
1143
1290
1495
1251
1551
1144
1132
991
1045
935
1150
1155
937
921
1287
998
888
1335
1481
1129
932
1261
1011
1352
1094
1120
898
1261
1108
1242
1119
962
1042
1223
1497
1237
1036
1119
996
956
988
1190
1078
1041
1118
991
1187
1425
934
1152
918
1366
1391
1251
1094
1200
873
1165
1051
1183
1543
1021
1266
1107
1372
1305
1068
1144
1446
1891
976
1252
1383
1270
1324
1225
1095
1303
1163
1145
1264
1197
973
1004
837
990
1097
1127
1433
1689
1019
1107
1160
1133
1850
1248
1750
1358
1047
1245
959
1024
1528
1469
889
1462
919
1138
1450
939
1867
1462
974
1429
1147
1258
1112
1737
1074
1138
1207
1284
1396
1594
1187
1549
989
1254
1104
1052
1295
1038
889
1092
1345
1165
1297
1027
1076
1005
1111
1982
1156
1275
1286
2206
1055
1378
998
1013
1190
1473
1553
1671
1796
1105
1397
1272
1446
1723
1055
1126
1278
1186
1085
1276
1301
1244
1708
862
1188
1258
1189
1490
1296
1115
1701
1237
1341
1328
1243
1106
1308
1126
1147
1212
1329
1084
1248
1253
1070
883
1004
1282
1301
1199
950
1257
1073
1239
1328
1028
1027
1010
1196
1225
1248
931
1180
1199
1064
1162
1072
923
1622
1052
1288
1114
1062
1220
1193
968
1368
1039
1219
959
1090
1528
1068
1420
1243
1001
1006
1694
1331
1207
1026
1496
1120
1246
1100
1035
1484
1052
1111
1093
938
1098
1384
1116
1135
1166
1018
1153
1137
1055
1089
1254
980
1371
1256
1057
965
1296
1016
1054
1141
1176
933
1357
1142
1290
1118
1548
1100
1131
1584
1295
1062
1315
1205
1352
1417
1761
1199
1026
966
853
1232
1122
1317
1128
904
1128
972
2242
1144
1024
986
1063
1334
1081
1093
842
1198
1711
1157
968
989
1563
1111
995
1095
1117
1219
827
1328
1312
1043
1175
1278
1281
1364
1148
1217
1133
922
1258
1091
1105
1190
1314
1023
1078
1225
1698
1310
1672
1151
1057
1029
977
1146
1098
1027
1529
1007
784
1256
924
1194
1318
973
949
1250
1269
907
1367
1358
1137
1123
862
1071
1217
1221
994
901
1384
1388
1035
1470
1066
1022
1401
2125
1000
1206
972
1287
1184
1170
1041
1098
1544
1531
1715
1196
1550
1290
1277
1619
1185
1421
1303
1931
1004
804
1180
1483
1211
1268
1268
1438
1009
1080
1032
1046
1324
1473
1074
1469
1806
1328
1132
1392
1166
1280
999
1507
1292
984
1414
1300
980
1262
1157
1152
2022
1389
1216
1439
1252
1212
1367
1307
1219
1310
1021
1120
983
1405
1413
1321
1100
1034
1310
1307
1200
1051
1198
1121
1088
1306
1074
1255
1179
1301
1178
979
1191
1517
1303
1124
1289
1202
1135
990
1080
1367
1365
1194
1225
1107
1355
1250
1052
1213
1579
1194
1255
938
1268
1738
1070
1063
1326
1106
1364
890
1430
1115
1308
1145
1283
1015
1198
1341
1219
1167
1289
1046
1485
1202
1249
1091
1221
1082
1073
1410
1002
1010
1150
1183
1065
1306
1091
1773
1359
1172
1147
1109
1181
864
941
927
1096
1442
1205
962
1295
1077
1227
1218
1003
1098
1517
1351
1239
1062
1364
888
1253
1431
1221
1081
1003
1267
1124
1165
1240
1813
1227
1545
987
1250
1140
1373
1089
1031
1124
996
1512
1345
1256
1433
1118
1216
1539
1089
1033
1111
1665
1473
1060
1058
1037
1076
816
1327
1556
1670
1208
1065
992
1346
1715
1096
948
1273
928
1223
915
1151
1364
890
1038
1415
1233
1331
1019
1559
1499
1071
1059
1225
1122
1073
996
1259
1014
1067
1033
1069
1090
1325
1113
1118
1038
1167
1032
900
1231
1114
1130
1050
1120
1221
1359
1057
1239
1135
1248
1402
878
1118
1068
1108
1187
1345
1418
1168
1245
1303
1202
1185
1224
881
1352
1181
1261
1005
1160
1120
896
1128
1092
1164
1124
1313
1023
1122
1014
1235
1087
985
1405
905
1116
1326
1009
1122
1086
1329
1102
1187
982
1096
1157
1294
1239
1047
1077
1106
1108
1219
1134
987
1124
1740
999
842
981
1449
1323
1836
1219
1341
1283
1349
1157
1037
1319
1445
1106
1150
1290
1034
1109
993
1185
978
1391
1091
831
1052
1006
1091
1494
1032
1253
1351
1371
1155
1017
1200
1123
1111
1628
1111
1108
1156
1155
1617
1133
1379
1061
1026
1009
942
978
1110
1302
1141
1022
1134
1164
1162
1484
1167
974
1501
1366
1283
1667
1281
1013
1291
1379
1254
1208
1177
1605
1227
1388
1052
1270
1337
1355
1280
1355
1063
1133
1966
1021
982
1216
1143
1428
1614
1315
1648
953
1203
887
1411
881
972
1325
1307
1259
1082
990
970
1172
1438
1211
1285
1075
1177
1221
1078
1029
1074
1563
1066
1103
1024
1094
1363
862
1120
1289
1027
1161
1075
1090
938
1418
1140
986
1086
1148
1339
1088
991
1088
1053
1384
1097
1268
1084
1310
1142
1075
1402
1413
1337
1856
1075
1355
1172
956
1131
1525
815
937
1395
948
1413
1117
1253
1036
1407
1200
1652
1156
1037
1351
1225
1290
1010
1337
987
1053
1730
1490
1466
1423
1215
1293
2091
1159
1019
1306
1164
1103
1205
1662
1207
980
1092
932
1188
1068
1028
1028
1242
1118
1006
1660
1238
1504
1186
1360
1237
1367
998
1268
1075
1198
1133
1172
1355
1326
2221
1186
1156
919
1395
1148
1904
992
963
1090
1274
1346
1225
1342
982
944
1265
1190
1419
1004
1058
1106
1083
1343
1279
1111
1065
1170
1359
1144
893
1203
1334
1272
1237
1606
1156
1203
1135
1381
1227
1305
1063
1219
1001
1654
1297
1259
1291
1259
1163
1056
864
1071
1362
1378
1450
1149
1094
952
1326
1465
1388
1301
897
965
1452
1509
1234
1513
1012
1045
1160
1601
1652
1062
1103
1775
991
1511
1011
2220
1264
1008
939
1247
1267
967
1242
1203
1248
1006
1192
1315
1085
977
1194
898
1181
928
1152
1259
1397
1234
1475
1086
1603
1539
1272
1303
987
1028
1270
1018
1209
1114
1360
1264
1456
1089
1005
1142
2312
1236
1171
1849
1058
1045
1094
1013
1284
988
1006
1216
1052
1062
1309
1539
1070
1257
1185
1107
1317
1142
1395
980
1409
1166
1249
1029
1162
958
1036
1123
1129
1032
1150
1140
1399
1419
1107
1050
1314
1144
1281
952
1495
1024
1295
981
1534
1336
1018
1074
947
920
956
1154
1280
1139
1275
1281
1308
1255
1016
1105
1398
1371
1401
1330
1141
1086
1134
1237
1278
1140
1244
1238
1382
1281
1488
1439
1339
1962
1324
1113
1602
1201
1077
1294
1021
1419
1068
1001
1015
1203
1279
1237
1309
1046
1057
986
1156
1138
1008
1128
1383
939
1013
1015
943
1047
1173
1202
1230
1291
1998
1138
1263
997
1089
1007
991
1068
1069
1041
1080
952
928
1029
1330
1027
1591
1215
1317
992
987
1216
1387
1383
1471
1133
1042
1284
1136
1003
889
1497
1097
1012
1201
1360
1036
1333
1110
1210
975
1229
893
1736
1125
1308
1115
1602
1476
1155
1220
962
1229
1282
1003
948
1243
1269
1173
1182
1273
1086
1232
1216
1337
1296
1115
1047
1166
1345
1009
928
1272
1448
949
1114
1273
1316
928
1132
962
1254
1287
1003
938
1136
1152
1005
1344
950
1260
1231
1279
1036
1042
1347
976
1178
1334
1226
1405
1567
1346
1163
1336
915
1017
1358
1015
1226
1242
1182
1534
1149
1181
1435
884
1399
1011
899
987
1279
1770
1349
1086
1143
1197
1633
979
1466
1233
1142
1140
1202
1019
1007
1635
1132
1463
1113
1362
1234
1084
1300
1462
959
1129
1268
1248
1103
1359
1139
1190
1223
1591
1188
1314
1218
1504
1665
1073
1013
1245
1381
1040
1081
1055
970
1093
1049
1399
1163
1276
1063
1060
1104
1205
837
1221
1242
1456
1208
1103
1674
1609
1069
1133
1170
1233
1035
1489
1530
1416
1209
982
1271
1219
1393
1195
1016
1364
1235
1491
1346
1589
1050
1337
1353
1224
1177
758
1089
944
1078
1178
1183
1041
1555
1539
1612
1628
1115
1173
1114
942
1300
1553
1115
1017
1303
859
1208
1403
1061
1141
1168
1342
1158
1611
1085
1105
1053
1406
1289
1499
1311
1272
1447
1278
1264
939
1249
1362
984
1316
1143
984
1155
1612
1239
1199
1084
1443
814
1476
960
1562
999
1109
1163
1314
1161
1081
1298
1202
1062
1015
1136
1204
1219
1053
972
1067
976
1136
1186
1140
1230
1056
1681
1080
1203
1110
1358
1201
1881
1059
1302
1162
1040
881
1553
1380
1105
991
1005
1013
1363
1023
1221
1238
1147
1467
1382
1231
1355
1189
1472
1448
1445
1031
1497
1065
1235
1201
937
1390
1219
1355
1481
962
1220
1128
1229
1289
1277
1074
1027
1190
1058
1120
996
1057
1030
1039
1294
1271
1190
1176
1188
1531
1294
1514
1146
1313
1047
1070
924
985
1090
1168
943
1188
1310
1032
1386
1308
1167
1613
1284
1616
1091
1169
2092
1180
1902
982
1135
1275
1306
1036
1089
1139
1032
983
1319
1440
1171
1544
1028
1007
999
1020
1084
880
1197
1016
969
1071
1159
1164
1102
967
1107
1249
1073
1141
1191
1741
1205
1522
1125
1065
1251
1246
931
1485
1002
1515
981
1300
1076
913
1190
1113
1119
1333
1291
1113
1147
1019
1213
1450
1040
1060
1076
899
1173
1616
1290
1125
1056
1084
1222
1119
1837
1031
1923
819
1087
1076
1225
1175
1209
1030
1158
1282
1674
1860
1434
1197
1011
1051
1045
1023
1181
1158
1137
1331
853
1209
1366
1012
1200
1312
1051
1645
934
1343
1086
1142
1481
909
1029
1311
1490
1166
1494
1371
1452
1766
988
1049
1258
1384
1139
1138
1003
1251
1268
1452
1288
1179
935
1455
1129
1133
1322
1066
1159
1153
1843
939
1691
1136
988
1423
979
1184
1201
1153
1419
1072
1109
1365
1187
979
1225
967
1204
1014
1277
987
987
1152
1282
976
1554
1049
1397
1251
992
1477
1452
1170
1117
1280
1382
1215
942
1642
973
1140
1246
1177
1081
1107
1477
1127
2016
1102
1468
1497
990
1115
1286
1007
1075
1070
1319
1401
1063
1451
959
1184
1077
1211
1371
1801
1657
1301
1190
1373
1063
1045
1214
1156
1170
1055
1573
1378
1078
1125
1124
1227
1181
1008
1115
1122
1046
1067
962
1101
942
1149
1089
1506
1442
1099
891
1502
1293
1162
1275
1562
1536
1191
1564
989
1657
1110
994
1071
1023
1213
1149
1213
1464
1327
1028
1197
1241
1020
1063
1148
1560
1053
924
1419
1427
1046
1534
1517
1242
1079
1490
1124
1120
1006
1100
1614
1108
1179
1209
1036
1356
1037
986
1200
1305
1065
1180
1060
1455
1470
1271
1159
997
1396
1148
1324
1848
1252
1230
2094
1222
1206
1115
1091
1146
1456
1063
1046
1165
980
1161
969
1749
1123
1116
1338
1055
997
943
1064
1056
1041
1286
1336
964
1538
989
1616
1133
1026
1232
1177
957
1015
1049
1208
1246
1057
1102
1326
1457
1366
1568
1008
1298
1071
1248
985
1098
1435
1291
1190
1048
1081
1121
982
1230
1476
1128
1355
1005
1033
1002
1170
1098
1242
1521
1471
1465
1051
1535
1295
1162
1009
1207
1160
1257
1436
820
1112
1388
1573
1058
1663
1535
1082
1426
1076
1569
1672
1251
1875
1102
1000
1417
1122
1485
1284
1704
1296
1031
1092
1644
1174
1193
1117
943
1947
1136
1196
1070
1085
968
1253
1180
1106
1152
1063
1218
1165
1117
958
1245
1326
917
991
1225
883
1169
1204
987
1356
960
1179
1037
1103
1125
1764
1227
1202
1428
1187
1408
1104
1083
1091
952
1029
1358
1228
1194
1168
1022
1028
869
1226
1144
1094
1101
1239
1235
1089
1282
1982
1425
1233
978
1085
1771
1191
1053
1098
1222
998
1050
1273
1506
1102
1595
1552
1199
1627
1133
1115
1246
1167
1218
1252
1112
1146
991
1440
1058
919
1219
1080
1747
1125
871
1070
1023
1440
1192
1629
1633
1251
1470
838
1063
964
1009
1050
934
1235
1062
1185
1307
922
1139
1319
1329
1164
1224
1338
1052
1456
1041
1349
881
1108
1083
1325
1218
1594
1529
981
1580
1099
1021
1471
989
1004
1089
1191
1355
1129
992
1121
1063
1057
1119
1511
1220
1347
1080
1129
1244
1216
1197
963
1732
1330
1410
919
1235
1171
934
1051
1000
1110
1146
1944
1126
1289
1711
967
1012
1194
1148
1263
1484
1500
1667
1212
1333
1417
1109
1073
1248
1445
1343
1309
1115
1129
1132
1612
1198
1362
1035
1061
2013
892
1153
1111
984
1267
1312
1184
1067
1518
1043
1075
1264
1505
1143
1056
1224
1017
1279
1217
1330
1049
917
1350
1411
1348
1061
1170
930
1182
946
1355
1065
1033
1383
1087
1407
996
1098
1128
946
981
1122
1024
996
1178
1324
1134
1650
1104
1077
1792
970
1374
915
1872
1087
1152
1278
1361
1480
1001
1850
1051
1159
1032
933
1702
949
1364
1103
1158
1122
1265
1109
1158
1244
1130
908
1108
1155
1532
1033
1174
1674
1163
1167
1135
1123
1245
1103
1119
1202
1209
1055
1099
1080
1540
1187
923
1301
1160
1232
1049
1075
973
1133
1390
1181
1107
1081
856
1387
924
1070
1002
1358
1103
1281
1048
964
1315
1123
1273
1222
1181
1130
1076
1244
1248
1275
1020
1375
1103
1436
1001
1071
1255
1124
1416
1224
1018
1020
922
1157
1003
1117
1056
1464
1166
968
1248
859
1198
1246
995
1053
1129
1121
1205
1042
1146
1101
1398
1255
1263
1336
1039
1253
1051
993
1425
1145
954
1332
1428
1004
1422
1303
1601
1064
1094
1087
1083
1206
916
1140
1229
1067
1063
1008
947
1056
1367
1048
1092
1512
1046
1058
1528
911
1031
1475
1317
1590
1112
1124
1168
1209
1028
1033
1180
993
1066
1180
1588
1146
1404
1148
942
1352
1137
1200
995
1718
1152
1129
1103
1317
1065
1583
1110
1130
1348
961
1266
1352
984
1008
1067
1059
1457
1080
1287
981
1248
1607
1146
1027
1030
1126
1306
877
1440
1029
1109
1078
1067
1321
1140
1225
1426
1403
1569
1251
1588
1266
1375
964
1330
1169
985
1236
1228
1458
1180
1138
1126
905
979
1182
1448
1140
1128
1044
1185
1737
1433
1209
1234
856
1123
1084
1315
1206
1058
1283
1311
1162
1173
1240
1069
1263
1486
1117
1296
1020
1514
1136
1297
1007
1145
1019
1007
1197
871
1159
1190
1046
1309
950
1062
999
1270
967
1010
1073
1289
1726
1457
1152
1065
1005
864
1053
1127
1208
1199
1183
1094
1307
1125
1251
1288
1206
1344
1007
1323
887
1144
935
1010
1175
1102
1046
1025
1335
1064
1251
1499
988
1021
1075
1211
1319
1018
1104
1130
1214
1660
1038
1140
1029
1119
1007
1115
1257
1246
1229
1091
1390
1417
1048
1430
1065
1247
960
1333
898
1217
1318
1009
1124
1282
1069
1134
2098
1300
974
1275
1345
1273
1080
1084
945
1083
1280
1180
1080
1684
1231
1362
1163
1256
985
1052
1228
1031
994
1166
1136
1469
1134
1246
1337
1290
1294
1002
1189
1296
1027
2541
1307
1516
1227
1046
1125
1419
1038
1354
1087
1018
1280
939
1408
1070
1181
1291
1028
942
1071
1021
1376
900
1122
1255
1075
1113
931
1257
964
1126
1267
1381
1545
1296
1206
1307
1306
1593
1038
1115
981
1041
1227
2012
1086
1221
1147
1106
873
966
1888
1149
1009
1002
1401
1096
1094
1260
1717
1299
1216
948
1065
1371
1484
1161
1393
1818
1108
1098
1129
1131
1359
887
1211
1154
1052
957
1209
1392
1349
977
973
1105
1293
1225
1452
1204
1558
1189
1372
1083
1324
1265
1073
907
1503
1302
1318
952
1183
1191
1453
1380
1053
1046
986
1210
1016
971
1376
1326
1234
1109
1100
1301
948
1460
949
1196
1253
1389
1234
1585
1047
965
1876
1391
1385
1047
1027
1297
1550
1075
1199
1537
1386
1058
1307
1180
1264
1520
1076
1549
1471
1068
938
1090
1406
1513
1145
988
1645
1193
1160
1667
1076
1105
1103
1557
1787
979
1296
1176
1123
1211
1006
1026
1218
1287
1043
1139
1084
1322
1187
1251
1000
990
1193
1410
1099
974
1170
1102
1191
1173
2002
1138
1123
1192
1026
1371
812
1563
981
1070
1321
1187
1268
1063
1087
903
1196
1118
1420
993
862
1448
1080
1184
1183
1178
1415
1754
1070
1201
1193
1305
1187
927
1150
1512
892
1154
1443
1147
1247
1408
1350
1298
982
1084
1426
1138
1057
1275
1089
995
1245
1091
1259
1075
1108
1513
1844
1211
1190
1136
1090
972
1180
1559
1380
1000
1366
1154
1247
1250
1343
1098
1113
1676
1079
1059
1020
1257
1147
1399
1814
1216
1066
1566
1111
981
1003
1222
1698
1170
954
1017
1533
1153
1298
1555
1100
990
1126
1059
1105
1396
875
1222
1242
1150
1097
1276
900
1055
985
1348
1307
923
950
896
1498
1425
1059
1097
1183
1301
1372
1055
1021
1022
2080
1168
1241
1048
1396
1155
1460
1178
1276
1018
1207
988
1167
1458
1265
1276
1210
1293
1340
1293
1030
1179
1118
1155
1198
1007
1096
1645
1361
1232
998
1223
1196
1294
1042
916
1019
1107
1091
1299
1449
1054
1267
1044
1126
1057
973
1127
1401
1092
1152
1020
1263
1463
811
1390
1505
1259
966
1077
1114
1479
1115
1185
1122
881
1162
1288
1183
1137
1057
1109
1054
1053
1126
1338
1295
919
1294
1628
1297
1641
1531
1036
1094
1561
1966
1019
1371
1270
878
1063
936
967
1251
1032
1016
1039
1165
1281
1097
1287
1217
1173
1583
971
991
1698
999
1068
1222
1240
1266
1558
1193
1620
1308
1062
1085
1359
1326
1473
1190
1049
1396
1307
1022
1151
1278
1811
1015
1025
1055
1065
1004
978
1666
1169
997
1292
1022
1442
1029
1306
946
1139
1352
1023
1052
1183
2018
1431
1346
1348
989
911
1152
1292
1071
1191
1028
1136
1551
1217
1116
1176
1210
1048
1106
1072
1168
981
1439
1190
997
1046
1189
1116
1425
1163
1451
1267
1146
835
1450
1020
924
1097
960
1519
1261
1279
912
1101
1340
970
1123
1170
977
1369
948
1160
1272
929
1016
987
1406
1086
1120
1135
910
1243
1791
1628
1045
948
1111
1037
1360
1006
1046
1309
1180
1168
1105
1109
1092
965
1309
1006
1631
1449
1369
1247
988
1129
1402
1159
1199
1274
1716
1371
1080
1214
1001
1568
946
1391
1165
940
1302
883
1095
1347
1310
866
1306
927
1122
1096
1201
1313
1110
1100
1314
1235
1131
1275
942
1116
1278
1945
1264
961
1207
1125
1368
1188
1329
1051
1090
1705
992
1658
1538
994
985
1648
1322
958
1226
980
1274
972
1231
1357
1105
1328
1090
1257
929
1165
1032
1087
1343
1087
1230
1126
2030
1040
1097
1289
1111
1288
1302
1023
1141
990
1309
1100
1091
1240
970
1202
1367
1300
1481
1234
1217
1446
1236
1520
1423
1277
1194
1116
1069
1059
1027
955
1336
1177
1772
875
1395
952
1385
1124
1396
861
937
1019
1087
1569
1087
1243
1526
1110
1486
969
1055
1100
1232
1297
1360
1179
882
1088
982
1082
1149
1271
1434
1130
1192
1059
977
967
924
949
1014
1280
1115
1375
943
1375
1102
1197
1291
972
1099
1511
871
1046
1357
1280
1021
1142
1282
1105
1171
1527
1124
1225
1517
984
1239
1537
1818
1275
1109
1202
1194
1520
1080
984
1128
1149
1141
1315
1589
1033
1258
1553
1097
1036
1071
1184
1313
1582
990
1112
1017
1081
965
1133
1011
1125
973
1264
1074
1219
1459
1376
1057
989
1077
1253
1295
1185
1054
1535
958
1185
1129
1196
1396
1195
1338
1091
1343
1106
1000
1365
1273
1065
1252
1262
1268
1398
1186
1125
1223
1061
1193
869
1151
981
1063
1046
1206
992
1136
1019
1209
1117
985
1159
1351
1234
924
1162
1224
1447
1420
955
1256
1203
1006
1035
1119
1233
1152
1088
1335
1249
834
1320
910
969
1590
1156
970
1442
1115
1531
1199
1333
1105
1080
1925
1277
902
1098
1065
1050
1644
1183
1370
938
1198
1058
1206
1131
1138
988
1219
1041
879
1374
968
1049
1411
1422
982
1072
1066
1156
1851
1225
1325
1117
1273
1164
1160
988
1024
1404
1189
1075
1399
1252
1028
1122
1301
1185
1151
1383
1436
1208
1105
1893
940
1183
935
1134
1038
1657
1075
1387
1157
1187
1092
957
910
1445
945
1040
1264
1599
1021
1215
1291
1430
1639
1160
1039
1585
1053
1200
1216
855
1218
949
1142
964
1101
2417
1092
1253
1452
1451
1645
1075
1019
1249
1276
1136
958
1273
1139
957
1148
1211
1067
1057
1242
1101
1390
1536
1413
953
1061
1047
1141
1260
1375
1109
1093
1146
1043
1535
1311
1125
1085
1244
1211
1308
1226
1296
1085
1139
1168
1295
1077
1267
1186
1398
1105
1710
980
1075
916
1212
1291
936
970
1122
1051
1130
905
1126
1227
1196
1102
1281
1065
1271
1072
1325
1379
1347
1842
1029
1261
1123
1233
1153
1802
1112
1365
1319
1242
1137
1239
1754
898
998
1485
1141
1184
1016
917
1281
1062
1021
1085
1259
1050
1004
1074
1371
1124
1036
1123
1109
941
1014
998
1213
1018
1224
933
1464
1147
1185
1177
1336
1093
1140
1122
1024
1126
1156
1324
1245
1186
1267
1342
975
1109
1184
1099
1279
1065
1263
1015
1204
1551
1214
1490
1613
922
1088
1161
1082
1289
1229
1186
1009
967
1278
922
1205
1191
1280
1033
1262
1360
1255
1411
1676
1087
943
1281
1216
1149
1202
1071
981
1179
1308
1311
1495
1307
1075
1075
1229
1743
1194
1118
1199
1525
1642
1989
1297
1188
1017
1208
1081
1427
1407
1132
1099
2197
883
1448
1121
1158
1202
1264
1076
1224
1209
1178
1121
1145
1258
1232
1056
1187
1806
986
1188
901
1224
1735
1122
982
930
1226
1089
1153
1130
1878
1068
1320
1273
1457
1029
1206
1369
1155
1008
1083
981
1522
1329
899
1333
1281
1022
1094
1364
1271
1243
1053
1166
1045
969
1201
1470
1688
1413
1358
1189
1413
1183
1138
1186
1200
1105
1069
1124
1168
1049
1111
1106
1230
1114
885
942
982
1584
1163
1433
1171
832
1286
1078
1280
1497
1322
1466
1237
1182
1470
1424
1220
977
1272
1281
1454
1103
1182
1361
1180
1324
1150
1195
1339
1996
1117
1094
1033
1245
1162
1323
1071
1424
1294
939
1032
1599
1621
1057
1235
1210
1379
1609
1566
1067
1291
1269
1124
1217
921
1219
1155
1413
939
1567
1234
1513
1383
1388
1741
1125
1442
1493
1147
1527
966
1269
1150
1453
1039
1078
1452
1221
1111
1194
1429
1094
1252
1145
1115
1052
981
1632
1547
946
1077
1199
1161
934
1085
1074
1138
1580
1016
1438
2135
1285
1154
1007
1085
1060
975
1132
1389
1501
1220
1215
1091
1047
1231
1129
982
1444
1238
1240
1456
1278
1293
1284
1324
1124
1300
1473
934
1932
1138
1132
1248
1119
901
1330
1044
918
1064
1162
1042
1118
922
1030
1558
1156
1177
921
1125
1110
1165
1335
1000
1218
1279
1234
1230
1355
868
1067
1016
1346
1043
1258
1056
1369
1053
1073
1203
1545
1542
1369
1569
1200
1061
860
1071
1498
1094
1514
1220
852
1358
1105
971
1043
1315
1145
1132
1138
1053
1230
1166
932
1233
1453
1602
1752
1129
1269
1017
939
1300
988
1139
1286
1041
1362
1129
1156
1245
952
1512
1345
953
1305
1247
1404
1114
993
953
1281
1281
1230
1514
1137
1520
1315
892
1075
1145
1580
1585
1251
919
968
1497
1156
1070
1105
1675
1237
987
1213
1157
1292
1212
1091
1462
938
2030
1629
1060
1651
1110
1033
1051
1275
1342
1116
1248
1070
1241
978
1274
1190
1179
1065
921
1160
1377
1434
1172
1198
1371
1293
1081
1030
1012
1146
1350
1021
1524
1720
1083
1049
1504
1313
1187
1199
888
1491
1290
907
1434
1227
2182
1102
1021
1129
1130
1627
1040
992
1107
1264
949
1321
1524
1020
1245
1130
1102
1515
1126
1024
1952
1418
971
1598
1125
1237
1125
868
1110
951
1285
1377
1196
1161
1093
1491
1056
931
1226
1565
1488
886
1293
1004
1173
977
1031
1311
1240
1327
1292
1119
1581
1022
1279
1168
1080
1164
1591
1702
1154
1311
1297
1071
1531
967
988
1199
1441
1070
1190
1078
1210
1149
1150
1214
1071
1550
1345
871
1325
1195
1335
1233
1322
1500
1032
919
999
1271
1459
1347
951
1115
1241
1255
902
998
1485
1064
1411
1143
1741
1137
1087
998
1191
1138
1034
1210
1011
1486
1271
1125
992
936
1192
1279
993
1005
938
1067
1038
1125
1295
947
1084
1068
1005
926
1162
848
1056
1134
1845
979
946
1188
952
1057
1110
1337
1618
1202
1076
1200
1122
990
1674
946
1446
1230
1507
978
983
1321
1359
1054
1039
1116
1411
1455
1122
1002
1259
1251
958
1208
1259
1211
1442
1071
1504
1108
1146
1082
1247
1070
1140
915
1313
1385
1168
942
1095
921
1318
1148
1026
1282
1046
1238
1043
1084
1349
1216
1010
993
1144
1038
1023
1314
1062
1237
1597
1269
1169
1186
1293
1086
1049
1043
1115
1026
1082
1432
1001
1075
1428
1681
1407
1090
1008
1002
1004
1191
1455
1016
1148
1454
1631
967
1259
1096
1193
950
1157
1055
1830
1394
1305
933
1126
1283
1357
1455
1214
999
1368
1239
959
1068
1368
1064
1231
1056
1314
1216
1437
1274
1100
1028
1017
1208
1516
1426
1079
1262
1441
1397
1025
1113
1307
1216
1154
1293
1362
1524
950
1107
1095
1089
948
1619
1202
1709
902
1115
1038
1176
1064
1352
1362
1155
1114
1129
1695
1249
1121
1155
1501
1457
1262
1613
1066
1283
1049
1089
1025
1322
1196
1098
1157
964
985
1214
1653
1106
1333
986
1127
1154
1981
1066
1349
1162
1277
1271
1116
1091
1205
1592
1176
1285
1104
1069
1049
1014
1481
1222
1061
1919
1166
1434
1413
970
1228
1288
1439
1018
1254
1239
1128
1466
1133
1268
1123
1124
1032
1413
1199
1130
1204
1026
1094
1259
1436
1381
940
1215
1241
1117
1089
1338
1651
1177
1314
1155
950
1005
1038
1428
984
1083
976
1119
1057
1040
1508
988
1146
1080
1228
1085
1143
1024
1277
1380
1236
1138
1065
1273
1108
1033
1194
1182
1078
963
1074
1228
1406
1199
1242
920
1267
1362
1111
961
1290
1081
916
991
1180
1057
1710
1062
1213
1378
2297
1188
1396
1538
1253
959
1098
1836
1300
1374
1058
1020
1155
1599
1898
1409
1491
1499
1434
1116
1027
1117
1482
1064
1261
1247
1033
1370
1089
1157
938
1090
1004
1249
1599
1099
1001
1330
975
1064
918
1123
1283
1689
966
1084
1335
1460
1238
987
1219
1332
2078
1159
1181
1332
1267
1333
1177
1046
1342
1157
927
1136
1240
1894
1319
1015
984
1206
1091
1765
1113
938
1150
1194
871
1884
1136
1243
1238
921
1773
1258
1115
1105
977
1331
1173
1304
1208
978
1183
1098
973
1112
1209
1057
1122
1326
1288
1797
1142
1379
1121
1287
1142
1324
1372
1322
1441
1216
988
1115
968
1137
1130
1126
1516
1116
1167
1199
1143
1022
1502
1029
1477
959
1430
847
1028
1269
913
1498
934
1157
883
1370
1692
1297
1069
1285
1412
1099
1032
1375
955
1031
1689
1097
1136
1201
1127
1536
1115
1362
972
1044
1297
1205
1098
1047
948
1150
1054
1082
1112
1088
1075
1356
1291
1328
1698
1153
1315
1233
1230
998
1149
1185
977
997
1121
1486
1076
1246
1237
1083
1246
1317
1308
1167
1150
866
1208
1169
1157
1204
1155
1145
1126
1046
1139
1321
1356
1149
1302
1284
1163
1044
1431
1703
1189
1179
1076
1411
1183
1211
1133
1061
1187
1462
1251
1416
1113
1043
1245
1031
1045
1406
1229
1065
1121
1167
1300
1419
1022
1313
1091
1557
1650
1147
1718
1637
1150
1262
1155
922
1305
1177
1083
1054
1192
1612
1077
1196
1080
1265
931
1053
1187
1155
1220
1500
1075
970
1389
1210
1203
1279
1194
1431
1145
1217
1070
1449
1379
980
1404
1430
1136
850
1102
1209
1475
1024
1181
1157
1003
1290
1248
1039
1645
937
1387
1356
1154
1140
1146
1392
1004
1437
926
1048
1018
1183
1550
1085
1357
960
1566
1775
1182
890
1308
1201
1025
1022
1085
1159
982
1205
1086
1273
888
956
1645
1088
1011
1220
1153
976
1105
1066
1463
1278
1135
1103
1213
1114
1369
1735
1304
1151
1739
1163
1276
1447
1145
1203
1049
1231
1116
1068
1360
1081
1343
990
1089
1286
1261
1700
882
1619
1321
1219
1293
1550
1110
1327
1438
1156
1581
1226
1075
1121
1110
1221
1891
1218
1156
1152
1032
1090
1258
1200
1104
1180
1554
1399
940
1982
1168
1019
1177
1685
996
866
1615
1050
1083
1397
1175
1135
1342
1080
1272
1155
879
1878
1494
1082
1201
1881
1259
1094
1373
907
1385
1330
1113
1099
1057
1261
1465
1615
1666
1057
1046
1186
1405
1174
1046
1252
1299
972
1185
1171
1033
1179
1041
1135
1013
1130
1363
1709
1332
1340
1172
988
1156
1315
1201
1158
1133
1146
1070
1003
1531
1131
904
1341
1081
1199
1190
1094
1051
1066
988
1180
1344
1484
1219
1333
1016
1227
964
1646
962
1209
870
1125
1095
1101
1095
894
1079
950
1243
938
890
1070
987
1198
1145
1344
1427
1133
1571
1074
1277
1043
1121
1227
1349
1256
1064
1035
1201
1028
955
1049
1525
1081
1205
1330
1157
1377
1171
1106
1214
1490
1380
1113
1090
960
1143
835
1225
940
1473
1273
1632
1010
1181
1572
1462
1224
1139
1110
1251
1111
1453
1155
1223
951
994
1228
1386
1354
1171
1330
1119
1125
1101
925
1051
865
1616
1111
1411
1506
1531
1040
1203
1554
959
1263
1252
1022
1280
978
1139
1583
1143
943
1161
1405
1346
1298
947
1348
1337
1463
1779
1308
1144
1116
1523
1083
1180
930
1085
1406
1387
1092
1111
1026
935
1197
1200
2280
955
1343
1046
1200
1832
1559
1423
1352
1053
1132
1068
1563
1297
1107
1582
1177
1168
1094
1024
1159
1418
929
975
1227
887
1177
1021
1634
1298
1042
1395
1060
1163
1157
1073
1061
2207
1061
1153
1046
1469
1344
1054
1091
915
1445
1313
938
1305
1245
1069
1214
1080
1269
976
1326
926
1078
950
940
1341
1187
925
1110
1362
1142
1037
1573
1076
1167
1097
1187
1073
1162
1282
855
1103
1235
1122
1109
1147
1002
1249
1109
1071
1447
1026
1030
1220
990
1028
1140
1527
1155
917
1191
1156
1249
1166
1237
1300
885
1627
1241
1665
1161
1244
996
1236
1260
1119
1108
1018
1136
1413
1493
970
1157
1225
1342
1129
1019
1037
1235
1356
1154
1306
1148
1473
1212
1050
953
1117
1204
883
1119
1198
1281
1611
1227
1171
1525
1384
1276
1109
1755
1083
908
1197
1073
1151
1176
1100
1132
1264
1262
1042
1232
1032
1001
1289
1327
1177
1319
1383
1282
1182
1189
1296
1362
1360
1022
1198
1260
1411
1472
1205
1299
1187
1129
1056
1233
948
1620
1204
1080
1185
1121
1282
1022
1377
1179
1358
1013
1386
1424
1035
1348
1120
1169
1177
1527
999
1173
1018
1264
1037
1565
1066
1537
1238
1118
1337
1269
1363
1212
1612
1250
1297
866
1306
1492
1208
1381
1030
1053
1080
1178
1142
921
1010
1133
1147
1255
1560
1297
1072
1098
1158
1097
1421
1374
1254
1188
1473
1060
938
1136
1020
981
1454
1711
966
1518
1097
1132
1338
1333
1297
906
1237
990
1152
1377
1006
1363
1172
1243
1207
1407
1119
930
940
1322
1205
1210
1409
1110
1063
1214
1107
1010
982
1222
984
1254
1141
1218
997
1338
1055
1088
1074
1438
1387
1521
1034
995
1317
1099
1154
1270
967
1415
1314
1612
1062
1184
1437
1379
1140
1038
1011
1280
1168
1243
1313
1050
1273
1268
1319
956
1070
1353
944
1080
854
986
1007
1975
1146
835
1142
1345
1087
1379
1067
1303
1176
1104
1303
1157
1082
1134
1098
2096
1117
1111
1330
1130
1134
1209
1463
1128
1301
1252
1137
1078
1306
1259
1449
1233
1161
917
1096
1312
1181
1154
1146
1393
1148
1110
1198
1222
1234
1166
1209
1073
1302
1286
1532
1035
1285
1198
2645
1457
1380
914
1179
1029
993
1214
1094
1164
1094
1333
1084
1192
1230
1078
1380
855
1134
1340
1481
1106
1165
1041
1078
1145
969
1190
904
1459
1289
1211
1260
1583
1173
1029
1275
1093
1089
1104
1151
1331
1003
1345
1294
1306
1065
1472
1393
1209
1683
1227
1207
1047
1178
1414
1716
1242
1055
1862
1385
1247
1316
1427
1142
1203
1243
1205
1159
1019
1103
1396
985
1486
1307
1022
1223
1098
1328
1237
1457
1315
1176
1181
1292
1493
1283
1251
1698
1093
1369
1460
1267
1442
1094
1979
1077
1263
1314
1438
973
2048
1411
1131
1004
1412
1436
1181
1132
869
1351
1249
1372
1019
1290
969
1027
1294
1225
1176
1239
1197
1203
1059
1042
879
1249
1766
1295
1358
1248
1218
1986
1177
1813
1385
1241
1103
1119
1134
911
1107
1856
931
952
1224
1242
922
1219
1102
1148
1314
1262
1358
1001
1305
1287
1141
1148
1105
1257
1789
1619
1133
1009
1257
1202
1069
1091
1220
1278
1592
1704
1185
961
1105
1085
1297
1159
1103
1636
