2686400
2647500
2658300
2586300
2652300
2633200
2630100
2635800
2628200
2608000
2676000
2624100
2651900
2659900
2623500
2608200
2626700
2653400
2645100
2641500
2678200
2682900
2648900
2637200
2636500
2657700
2643200
2852900
2960700
3234200
3276800
2920200
3239500
4104500
2805200
2717700
2676900
2669400
2677600
2674900
2651100
2655500
2666200
2674700
2657500
2676200
2657800
2655600
2681500
2654800
2666000
2668600
2668200
2669700
2714000
2665000
2681400
2694400
2681400
2674300
2671800
2667400
2676700
2657400
2695200
2673700
2664400
2664300
2654100
2653200
2701800
2652600
2660900
2654000
2677500
2658200
2677100
2673900
2687700
2645700
2661300
2677300
2667500
2678600
2644200
2653800
2659400
2657800
2656100
2670100
2700200
2679800
3288400
2686400
2641300
2677400
2619700
2671400
2666500
2646600
2653600
2607800
2614000
2619100
2634800
2654700
2656600
2658500
2713200
2655400
2695200
2675200
2605400
2659500
2672300
2661300
2693700
2661300
2674500
2664400
2664500
2693900
2645700
2647600
2634600
2641400
2642400
2599000
2661200
2677800
2644900
2661000
2659000
2657400
2629300
2694800
2664400
2655600
2639700
2625000
2614200
2656000
2648800
2645800
2673100
2658400
2646000
2664500
2624100
2759300
3307000
2660800
2679100
2669100
2697500
2666800
2670800
2658100
2669800
2652000
2690800
2645500
2672400
2636700
2658600
2656000
2717200
2665500
2676300
2640100
2660200
2720600
2680100
2656800
2634300
2634200
2706100
2687400
2663200
2655800
2688200
2672600
2665800
2674000
2664800
2647000
2677200
2659900
2641100
2661600
2661200
2669200
2671100
2671200
2587500
2689100
2647500
2668800
2810700
2767000
2801200
2685500
2651900
2659600
2672100
2662000
2681400
2679600
2676700
3150300
2676100
2767000
2667800
2646900
2616100
2662700
2679200
2677900
2632800
2659600
2656500
2656400
2637200
2649700
2668400
2672500
2679300
2710200
2713200
2787000
2859400
2855100
2954700
2880800
3053100
2983600
3004100
2978300
3113600
3061300
3174900
3162200
3179500
3138800
3159300
3141100
2988700
3141600
3156400
3167900
3142300
3051100
3023400
3056500
2837900
2699900
2653700
2657500
2715600
2717700
2664000
2659300
2659800
2662500
2701500
2665800
2686200
3164400
2660700
2658600
2685100
2658100
2671300
2656000
2655100
2698900
2661900
2654500
2656300
2647800
2655100
2696100
2654500
2669500
2697300
2666000
2660300
2658100
2657600
2658000
2656200
2686800
2658600
2680900
2677300
2657600
2671200
2655600
2654700
2671000
2661800
2667800
2644700
2663000
2660500
2659200
2624000
2667300
2656200
2662800
2647400
2646600
2662800
2639000
2657500
2671300
2653800
2655100
2667600
2664700
2700000
2675900
2600900
2606700
2694200
2658100
3214000
2587600
2663100
2690300
2640500
2598500
2653800
2645000
2630100
2600600
2662200
2610300
2754600
3032800
3208500
3411300
3468000
3182400
3440400
3499000
2717100
2685400
2753300
2658000
2656200
2675200
2703300
2652100
2664700
2653200
2695400
2665500
2653400
2660800
2657200
2655800
2679800
2659000
2657900
2724500
2705900
2664200
2653800
2655100
2671700
2655500
2711700
2719300
2773100
2824700
2820800
2835200
2717100
2837400
2850900
2889400
2915900
2752700
3162700
2660800
2684300
2699800
2656200
2692800
2683100
2662900
2661000
2651000
2684100
2684200
2665000
2666400
2678800
2651700
2660000
2680100
2653900
2652400
2665300
2671600
2679200
2652000
2678600
2670100
2653100
2669400
2658300
2716900
2671300
2678300
2719100
2689100
2669400
2664900
2663600
2660700
2660500
2665900
2676900
2667100
2665600
2668500
2699500
2666400
2657700
2731700
2738500
2603200
2654900
2666800
2686500
2694400
2655700
2666400
2651500
2700800
2650300
3098800
2663800
2674000
2690300
2650600
2666800
2653400
2671000
2685200
2657900
2675300
2654500
2683900
2726000
2811000
2848700
2829700
2860900
2854100
2935200
2775100
2692300
2674100
2657700
2682600
2685900
2666600
2666400
3130200
2793600
2694900
2659300
2659400
2657500
2689300
2680300
2660400
2676200
2691200
2705200
2671500
2666700
2663000
2658300
2671900
2672900
2644200
2664400
2656400
2676700
2664200
2680700
2679200
2651300
2694200
2653800
2688700
2690000
3190200
2655700
2657400
2659300
2672600
2664800
2650300
2674800
2653200
2743400
2652600
2649700
2654400
2701200
4075600
3736800
2721300
2641300
2652100
2673300
2674300
2657700
2651400
2669200
2659600
2671200
2664800
2573700
2673100
2644200
2669700
2634200
2686300
2646000
2636000
2644000
2650800
2649300
2617100
2617300
2592000
2674900
2634900
2634500
2650400
2656700
2649900
2663300
2623300
2665600
2718500
2634500
2676000
2650900
2639300
2661900
2631900
2650200
2637700
3216200
2657100
2654300
2667300
2658100
2681800
2674700
2646100
2622500
2646500
2694400
2667300
2693000
2627500
2640200
2682600
2665500
2655300
2658200
2665000
2676000
2698400
2652400
2675000
2706400
2678800
2667200
2643200
2641000
2645800
2673600
2672200
2646400
2653200
2594500
2723200
2720400
2650100
2665300
2649800
2695100
2696100
2645400
2650000
2658300
2685900
2683300
2668600
2668300
2652900
2687200
2669600
2685300
2658900
2631500
2675200
2679200
2678600
3126000
2706900
2651500
2739900
2785200
2864000
2814700
2833800
2848100
2766700
2800400
2825600
2807200
2879400
2817900
2754400
2787200
2693000
2696100
2687800
2660600
2671700
2705900
2658200
2670800
2699100
2743300
2865200
3142300
3194900
3062700
3233700
3311800
3151200
2709500
2669900
2789500
2692000
2658900
2667300
2667500
2675800
2672400
2835600
2684900
2661700
2659500
2679400
2666800
2665300
2667100
2672900
2657200
2647900
2677700
2663400
2686900
2662400
2704500
3162300
2657300
2659600
2667900
2667500
2662800
2700000
2677500
2703700
2656300
2666400
2715100
2671600
2725500
2675900
2649200
2691000
2677700
2649800
2698000
2649900
2662000
2675000
2670700
2653200
2648500
2669500
2660400
2657400
2670000
2665100
2653900
2643800
2654700
2662200
2691100
2650300
2653300
2647000
2668400
2661000
2679300
2623600
2654800
2612100
2608200
2662200
2682700
2664600
2689700
2682300
2710000
2671600
2593000
2648800
2630900
2631900
2608600
3141900
2670400
2644500
2646000
2658900
2684400
2625200
2601200
2670700
2649800
2639100
2641200
2611700
2690100
2617800
2633800
2670400
2638600
2702400
2659600
2660400
2602200
2669000
2699000
2655100
2691100
2659500
2664400
2629900
2650600
2650700
2676500
2703200
2710900
2590600
2665500
2636200
2621200
2653200
2672600
2652500
2659400
2613600
2651100
2681400
2654300
2639100
2647700
2657000
2667200
2613800
2646200
2664300
2651100
2657400
2617400
2647500
2688400
2674100
3172100
2710100
2665900
2576100
2687400
2666400
2615400
2673800
2629600
2659100
2660400
2611500
2556900
2645900
2651100
2656100
2568100
2668600
2686200
2654400
2647200
2631800
2681300
2624300
2613600
2610800
2684000
2631800
2670800
2583900
2644200
2639900
2608600
2607000
2665500
2662800
2622900
2593500
2648100
2640900
2632000
2632300
2684600
2635000
2648000
2640300
2673200
2671900
2654900
2632900
2653900
2618800
2657500
2674200
2688100
2687600
2698800
2668700
3185600
2655100
2646100
2676500
2598000
2670200
2657600
2681600
2647600
2660700
2612900
2643100
2612400
2688600
2655300
2647700
2582700
2619000
2679000
2646700
2561400
2634800
2675200
2674000
2614400
2629500
2632600
2698200
2669500
2644200
2675500
2688500
2661300
2675500
2662700
2684500
2675600
2588500
2674600
2673700
2672800
2624900
2662000
2675800
2659600
2612900
2675500
2636000
2639200
2581900
2636300
2654100
2663100
2671200
2633300
2644300
2669100
2576000
2637800
3137900
2643500
2638400
2703700
2753200
2672100
2784700
2803600
2831800
2821000
2821300
2841400
2804800
2847900
2830400
2728600
2653000
2655600
2691000
2655000
2685700
2697700
2672700
2674400
2668600
2661400
2653900
2659900
2673100
2670300
2677200
2681100
2652000
2697000
2673100
2624900
2671800
2665300
2725400
2795600
2773000
2728800
2831100
2781500
2740100
2818800
2880600
2684100
2665800
2653600
2952900
3025200
3340300
3360000
3299000
3006500
3224300
3287100
3179900
2663600
2697500
2688300
2658600
2672600
2664100
2663800
2683300
2685700
2668000
2700200
2689500
2656200
2666400
2662000
2668500
2672700
2666700
2658800
2657300
2656000
2646500
2677200
2677800
2666900
2657600
2668600
2671900
2667400
2663800
2667700
2654900
2681000
2663800
2643600
2669700
2643300
2673800
2669700
2659100
2683300
2647200
2666100
2668000
2721500
2659400
2733100
2669500
2662800
2669800
2684800
2672800
2631500
2683200
2663700
2670200
2673700
2647300
3307300
2808200
2747000
2819300
2788300
2828600
2733700
2654600
2657400
2692900
2657800
2649700
2668600
2672800
2690400
2685900
2672700
2650600
2653900
2635600
2655500
2701100
2665600
2641600
2679200
2650600
2689600
2670300
2692000
2641200
2648400
2669100
2660500
2666200
2658700
2703400
2658200
2662400
2675900
2641600
2600700
2638500
2656000
2689700
2598400
2631400
2653800
2644900
2652400
2674200
2663600
2656000
2605800
2691200
2674400
2655500
2714500
2657900
3203100
2670000
2668900
2635000
2671200
2656200
2647800
2641000
2632000
2627500
2665700
2600300
2677900
2636800
2642300
2603300
2691500
2663300
2664900
2559100
2677000
2671200
2648700
2583300
2675000
2645100
2616900
2713100
2699000
2693000
2637900
2654500
2685900
2661400
2637800
2637600
2646800
2640100
2679500
2658700
2561500
2704400
2630800
2694400
2621300
2667000
2662700
2684100
2616500
2624100
2635700
2684100
2612700
2662900
2650300
2682100
2646400
2680400
2710400
3198400
2644300
2654700
2661100
2662200
2660700
2622900
2707200
2667300
2680500
2674400
2668100
2648500
2648500
2606900
2639300
2655000
2672400
2631500
2657500
2643900
2652300
2622100
2656400
2668400
2672200
2647400
2675400
2666800
2632600
2588400
2688300
2656300
2645300
2594000
2625500
2634400
2674900
2644400
2640400
2673600
2658700
2655800
2669100
2645500
2637600
2636900
2630000
2655600
2650400
2675300
2593800
2619800
2650900
2826400
2800200
2848000
2842400
3416500
2787400
2898400
2824300
2876500
2856400
2898100
2663900
2672400
2667700
2680400
2678800
2658300
2654600
2659600
2665100
2651700
2658600
2673700
2693100
2658700
2667900
2684200
2669100
2666400
2673400
2655300
2662200
2662400
2716200
2761200
2866400
2929600
2726400
2660900
2661200
2658400
2664900
2685900
2656900
2654300
2661200
2717300
2667800
2664900
2659600
2654000
2699500
2710600
2659400
2652900
2670800
2695400
2660600
2669500
2660200
2676100
2639100
2671100
3156000
2661700
2674500
2660400
2669600
2654200
2650500
2672100
2656900
2667000
2657500
2970700
3157600
3340500
3460400
3442500
3024000
3365800
3458600
3386700
2677000
2666500
2687900
2662100
2678400
2652400
2660300
2663300
2671300
2658200
2671300
2658800
2662600
2655900
2668500
2656700
2676000
2661100
2669200
2665400
2669300
2703700
2706200
2656300
2656800
2654500
2662400
2706000
2658600
2701200
2659700
2661500
2692600
2691000
2668900
2662000
2673900
2709600
3184800
2688000
2660700
2665600
2675200
2669000
2649200
2669600
2688200
2677000
2693700
2656500
2659000
2661300
2659100
2657200
2672600
2675600
2664200
2698100
2650600
2661600
2684500
2660100
2670200
2667200
2657600
2704000
2659500
2640700
2642800
2650800
2658100
2722200
2703100
2693900
2672300
2668300
2656900
2659900
2632800
2622300
2634000
2657600
2661300
2684400
2726900
2645400
2661400
2667600
2636500
2686400
2652800
2637700
2659000
2665100
2658600
2660400
2685100
3135900
2655000
2643700
2636900
2663400
2645500
2658600
2660100
2640800
2673600
2668600
2635900
2618700
2600700
2793300
2656000
2563700
2564000
2677900
2601700
2698600
2610800
2657300
2596800
2651300
2688300
2643700
2565100
2699500
2661000
2662300
2621500
2620800
2634500
2651300
2660800
2675000
2649000
2659900
2660400
2628300
2633300
2655600
2660000
2608900
2664800
2694500
2630200
2633100
2654000
2717800
2724000
2589900
2693500
2641900
2704100
2674000
2660000
3188200
2669700
2681600
2625200
2607300
2605600
2653400
2683700
2689300
2683000
2656700
2644800
2657500
2603200
2658800
2568300
2665100
2706600
2667000
2651300
2657300
2654600
2662500
2656800
2655700
2604700
2661100
2667300
2656800
2636500
2668300
2665600
2673900
2662800
2702600
2658500
2668500
2652000
2678100
2658600
2696900
2686700
2676100
2705000
2645500
2627300
2641600
2781000
2809800
2819800
2790400
2781400
2823000
2804600
2787200
2823900
2793800
2838800
2717500
3207000
2661200
2666600
2680400
2658700
2663700
2669700
2698100
2668300
2662500
2658200
2672700
2681000
2665200
2659100
2712900
2703400
2699100
2719500
2652300
2689900
2700600
2775500
2758200
2743700
2802700
2746200
2732500
2756600
2823800
2708600
2691200
2731200
2659700
2661100
2683100
2671100
2660400
2666900
2666400
2675900
2707600
2655000
2659700
2671000
2649900
2663400
2663500
2667900
2706500
2656600
2697300
2667400
2669400
2690100
2656300
2655300
2662000
3176500
2662700
2689800
2680000
2674300
2676900
2666500
2676100
2679500
2658200
2707000
2658200
2676800
2661000
2672700
2671800
2656800
2684100
2668200
2712800
2671600
2681400
2700200
2663600
2673300
2670000
2677300
2683900
2667500
2679400
2644000
2678200
2945000
3080900
3522100
3570700
3061800
3453100
3457100
2782200
2657500
2670700
2687600
2662400
2682800
2703200
2710200
2695800
2691500
2701200
2702900
2669200
2668000
2658000
2666300
2685700
2661600
2681900
2659900
3273900
2678400
2660200
2653700
2661900
2658700
2727500
2796900
2843700
2809700
2803500
2763200
2830400
2872200
2663600
2659900
2659500
2661600
2709100
2651700
2703100
2657400
2659900
2672400
2654800
2688200
2653600
2717700
2675800
2733100
2666900
2655900
2659900
2673700
2717700
2703700
2691600
2671300
2696800
2655500
2673100
2681100
2659200
2658500
2661600
2656200
2655700
2702200
2633500
2665200
2653100
2679500
2648100
2714000
2654400
2675700
2679500
2671200
3179500
2702000
2671800
2665700
2703500
2665900
2651500
2674700
2649000
2681900
2650000
2685300
2678800
2681800
2672500
2677900
2659900
2716200
2692600
2710300
2705500
2648900
2612000
2651200
2696600
2652900
2653100
2640400
2677200
2658400
2670300
2589600
2693800
2687000
2646300
2764600
2710100
2746300
2677200
2594200
2605800
2649400
2694900
2703300
2591800
2664800
2626500
2630700
2611500
2642100
2613000
2658000
2626500
2837700
2667100
2641100
2680200
2616700
2614800
3166600
2608400
2719100
2655300
2634300
2706500
2602200
2624600
2649200
2620900
2613100
2651300
2696500
2666200
2617800
2597200
2658500
2658400
2662900
2630700
2635600
2655800
2655300
2846800
2746900
2791000
2804200
2665200
2808300
2808600
2732400
2830700
2757200
2649700
2616600
2667000
2658700
2670100
2657300
2697400
2653500
2663400
2677600
2664200
2648400
2647800
2650800
2677200
2649800
2697800
2629900
2626900
2617100
2660300
2667600
2645000
2635800
2648600
3144000
2671200
2631100
2642300
2655900
2646600
2604300
2663900
2645400
2613100
2662900
2659200
2678800
2661500
2633600
2658200
2649300
2660000
2667500
2637000
2686000
2651600
2650700
2668400
2643100
2663100
2701900
2654500
2646600
2648800
2648600
2623500
2692600
2608000
2667200
2577600
2768700
2669200
2795000
2763500
2873200
2712900
2660500
2658300
2642500
2675700
2671700
2653400
2608200
2620800
2667000
2654800
2653100
2619100
2626700
2662300
2654300
2623500
2669700
3146200
2666700
2666100
2693400
2648100
2669700
2653800
2681000
2654200
2658200
2617300
2668700
2717400
2653800
2591500
2651600
2653000
2681800
2717800
2637200
2653600
2663200
2671300
2674500
2647600
2642300
2647200
2669800
2692300
2664900
2649600
2656100
2699600
2660200
2665800
2656800
2665500
2671200
2637100
2647100
2685100
2599800
2657500
2620300
2646300
2656000
2650600
2599800
2656500
2651000
2643500
2608200
2673800
2976900
3062100
3468600
3532400
3057800
4026900
3455000
2993800
2893900
2657600
2702600
2667800
2669400
2663400
2660400
2684200
2659700
2705400
2657900
2651500
2668000
2667600
2680700
2672600
2657400
2655900
2653200
2663400
2659100
2663000
2657800
2654000
2686700
2666200
2705300
2669200
2696200
2678200
2665300
2659100
2669800
2673800
2685100
2697300
2661800
2670400
2655400
2660400
2689300
2661000
2658700
2672600
2679800
2696600
2645000
2655800
2680900
2675300
2673800
2662100
2664800
2663400
2677000
2645600
3135300
2652700
2673700
2691800
2689600
2701100
2671000
2674500
2652400
2656600
2695900
2654100
2661500
2665700
2660700
2645300
2654200
2690500
2660100
2644200
2655000
2645700
2680400
2663800
2700000
2635500
2660300
2657800
2655200
2655100
2661400
2633800
2646900
2678700
2651700
2656900
2644700
2637600
2831700
2659300
2669200
2565700
2653500
2782500
2810600
2867300
2856600
2833800
2791100
2713000
2789800
2879800
2810100
2804200
2723200
2763800
2722500
2677100
3216000
2656000
2673400
2655800
2666300
2685700
2652100
2680100
2652800
2667600
2695200
2675400
2649700
2655500
2666400
2662100
2673800
2670100
2658900
2689300
2801700
2772400
2855900
2715800
2768100
2678600
2657100
2698300
2654400
2695600
2717500
2675400
2764200
2728800
2684600
2661100
2664400
2667400
2658200
2676000
2655500
2661400
2653300
2665500
2669200
2654800
2653700
2672300
2685900
2674700
2675800
2661800
2667700
2691900
2693600
2668100
2668100
2706200
2667600
3123800
2683100
2657200
2655200
2659200
2656800
2675800
2656100
2681100
2653300
2663400
2673700
2697800
2670400
2659000
2661500
2649500
2656900
2682100
2662600
2715800
2669500
2660900
2679400
2659600
2679500
2640200
2696400
2662300
2665300
2662900
2666900
2652900
2653600
2655600
2654700
2680800
2686500
2640500
2682800
2659100
2655300
2611600
2682000
2682500
2656600
2623200
2644700
2651400
2664500
2687600
2661400
2662900
2657900
2640300
2663700
2651900
2670700
3207800
2645500
2657000
2659500
2697100
2643100
2640900
2646200
2660200
2656100
2656400
2671900
2643800
2634100
2661400
2663400
2652700
2592500
2652600
2697500
2693200
2653800
2654300
2665200
2697900
2671000
2660500
2627800
2656000
2673900
2657100
2657600
2668300
2619300
2650100
2613300
2659100
2647200
2666600
2681500
2647500
2657200
2639300
2680000
2666500
2673300
2673100
2672500
2677000
2662500
2589500
2656300
2666600
2694700
2672700
2672000
2623800
2675300
2660700
3130900
2656200
2686900
2695700
2686100
2667400
2655100
2655700
2673100
2659500
2652400
2645200
2841000
2958500
3316900
3438900
3364900
3166000
3444200
3448200
2683700
2683600
2671000
2668400
2697800
2660200
2655600
2661000
2658000
2659900
2680000
2666100
2668200
2668700
2667600
2668300
2663700
2665900
2653700
2672400
2704000
2654500
2702000
2655300
2683200
2672900
2676000
2697000
2652700
2702200
2668700
2674200
2657800
2679900
2685700
2660000
2688600
2665400
3255400
2677900
2724500
2767500
2832400
2755400
2807100
2776700
2816700
2797400
2814500
2799700
2802500
2842800
2745600
2672000
2671200
2666000
2655900
2658300
2686500
2653500
2994200
2876700
2657400
2698300
2694500
2655300
2682800
2667000
2672200
2657900
2659900
2852000
2757700
2789700
2834800
3153800
3093100
2971700
2971100
3103400
3211300
2777100
2706900
2700200
3192700
2669100
2672700
2668500
2706700
2668100
2698600
2684500
2679700
2690800
2699400
2800600
3639400
3174200
3082000
3058500
3167000
3159400
3095700
3057000
3198300
3214600
3089500
3204600
3246100
3160300
3024800
3108300
3071900
2866400
2764700
2686700
2707500
2670500
2697100
2679700
2659700
2667400
2681500
2699400
2658200
2663400
2661100
2651800
2664900
2655400
2660500
2658200
2672600
2684600
2651900
2652500
2722700
2708600
2695000
2668100
2665600
2650400
2674500
2677500
2719600
2673300
2670100
2687100
2678500
2715300
2678600
2686600
2672400
2719900
2706500
3188300
2689100
2668400
2671000
2672500
2657200
2653700
2662100
2646000
2675900
2702300
2653900
2654200
2658100
2655800
2716500
2665000
2688100
2712500
2698800
2660400
2681600
2655400
2668700
2668200
2673400
2649600
2699800
2716300
2675000
2665000
2648800
2695300
2672500
2686600
2666400
2660300
2667800
2671300
2681600
2694400
2701500
2662900
2698700
2679300
2721200
2677500
2653900
2683100
2699300
2672200
2675000
2661600
2677800
2652300
2652200
2726400
2675300
3164000
2669200
2768200
2684800
2666800
2660800
2665300
2764300
2680800
2646600
2652200
2659400
2677700
2811400
2646100
2648700
2675100
2687400
2819100
2685500
2676400
2680200
2675300
2761800
2724000
2778400
2816600
2806500
2803000
2736500
2844300
2822600
2821800
2929500
2779700
2678500
2660900
2674600
2666700
2656500
2696500
2653100
2649700
2671300
2672100
2652200
2655800
2655200
2679900
2669300
2649700
2653100
2661200
2656000
2684100
2675700
2657200
2819000
2798800
3423600
2707600
2686900
2653400
2710200
2671000
2655700
2680600
2693700
2659900
2672400
2654300
2657200
2672300
2687500
2652800
2667000
2672300
2702600
2650700
2656600
2659400
2686500
2654400
2653500
2663900
2963500
3202700
3359500
3368100
3427100
2979000
3411500
3429200
3341900
2706900
2665600
2685400
2659600
2674900
2651300
2700500
2654800
2684900
2679900
2668900
2667500
2659900
2658500
2706200
2659000
2652500
2669900
2648600
2674700
2658200
2655300
2675000
3174400
2657800
2654800
2652300
2652300
2677300
2672400
2683300
2656200
2582400
2658600
2662200
2674600
2660200
2718200
2666500
2672100
2664800
2672400
2684300
2657500
2659700
2654700
2658800
2654500
2655000
2657400
2676200
2679800
2656000
2674700
2665500
2662400
2700500
2658400
2655400
2656300
2680800
2713200
2662400
2658400
2656500
2662100
2655900
2668600
2674400
2677600
2681800
2672900
2675400
2693500
2653600
2706400
2669200
2665700
2652800
2682400
2659500
2661600
3214000
2697300
2682600
2661700
2651000
2659700
2658500
2681400
2659700
2673300
2679400
2653000
2708200
2671800
2662300
2650900
2658300
2669300
2658200
2659400
2678500
2674800
2700400
2659600
2659100
2655400
2677900
2665700
2658400
2794600
2756800
2666700
2662400
2660300
2656600
2690500
2660800
3722200
4010000
2744500
2669800
2691300
2705300
3108800
3464100
3546100
3299100
3055900
2812900
2835000
2848500
2818600
2850500
2821500
2803500
2841700
2845000
2805300
3323300
2661600
2671200
2662500
2697900
2657600
2685900
2672200
2700000
2659000
2657700
2668200
2675600
2663000
2686700
2655400
2667500
2656500
2660200
2654000
2658900
2668700
2659100
2666600
2697500
2662300
2661400
2653300
2658800
2672400
2658200
2670200
2658500
2653200
2662900
2659800
2662000
2679900
2664800
2660600
2674100
2668100
2657500
2655900
2665700
2673900
2667400
2653800
2658700
2664600
2663200
2667000
2668500
2659300
2693400
2654900
2661300
2667400
2659100
3173300
2693500
2670700
2653100
2650700
2653500
2655100
2659500
2658900
2667900
2657700
2653100
2692100
2662500
2661100
2656000
2661500
2710900
2938200
2799700
2864200
2852500
2884100
2860200
2895600
2872300
2850600
2820400
2877900
2687700
2660900
2686100
2697500
2664200
2654800
2661400
2676100
2678600
2657800
2657300
3187100
3333800
3134600
3322300
3278700
3155000
2673400
2664300
2668400
2658600
2885800
2761900
3254500
3217900
3323100
3348800
3279300
3001400
3308800
2669200
2664700
2664100
2711900
2660900
2656500
2667100
2655700
2676100
2676900
2656500
2661900
2683800
2661800
2682800
2671700
2666700
2686800
2651000
2657400
2697800
2690300
2668900
2663100
2660400
2655300
2670800
2658200
2675000
2655700
2704100
2703500
2671100
2665000
2668300
2671500
2671300
3000100
3038900
3424900
3474900
3529700
3073900
3512100
3506600
3407900
2680700
2684000
2669200
2667300
2693700
2665000
2675400
2705500
2705600
2671500
2657100
2678000
3333000
2660000
2658000
2677300
2664500
2655200
2654000
2656600
2688500
2666400
2673300
2694800
2661400
2679000
2668700
2658800
2678400
2676500
2663500
2658700
2699800
2978400
2779600
2784500
2861400
2835200
2850400
2832000
2672400
2666300
2651100
2683100
3235000
2676000
2685400
2699400
2669900
2690200
2666500
2665400
2659800
2678800
2657000
2655900
2663000
2669800
2671500
2697700
2659500
2660400
2688500
2657500
2656900
2675000
2660700
2699000
2663800
2670100
3185400
2721300
2783600
2659800
2664700
2684800
2663800
2793000
2671000
2705900
2680000
2670500
2710500
2658600
2659800
2655100
2658300
2668800
2685700
2672400
2678900
2669600
2655600
2687000
2664000
2692900
2697300
2662700
2663100
2653700
2683500
2658900
2667200
2674000
2677000
2671700
2653900
2697000
2655400
2691900
2697800
2681400
2657600
2670900
2687800
2683400
2663000
2653200
2664400
2641000
2656000
2673100
2673800
2662400
2681100
2670900
2663400
2691100
2701000
3192900
2657700
2638300
2630200
2677400
2661500
2663500
2642900
2664200
2664500
2655600
2629600
2654000
2705000
2653100
2625000
2666600
2716200
2680400
2661200
2662200
2706300
2659600
2667700
2657100
2717000
2652000
2668400
2678400
2655600
2654700
2658200
2637200
2667900
2669700
2652300
2623900
2662100
2661500
2659100
2616200
2665000
2678100
2679200
2658400
2653500
2663900
2689300
2684900
2693000
2655200
2656700
2683100
2656100
2664100
2656700
2626600
2672600
3234400
2828300
2768600
2836500
2843300
2837800
2836800
2845400
2825000
2848200
2786700
2697800
2658300
2681800
2650000
2674100
2679100
2660900
2662800
2695000
2671900
2676900
2654600
2702700
2658300
2637200
2673100
2649400
2688300
2658800
2688100
2683600
2668600
2667100
2666300
2668100
2807300
2889400
2850800
2713900
2686600
2667000
2687200
2659800
2657000
2711700
2655700
2665900
2660400
2658900
2680600
2658700
2672300
2657900
2716400
2685100
2666400
2660900
2656000
3180300
2703800
2661600
2657400
2677300
2660200
2659700
2653400
2674200
2677200
2658900
2670500
2673500
2659200
2680900
2697100
2674000
2659400
2663700
2697200
2660000
2681900
2662900
2710400
2679300
2670200
2651000
2666500
2674700
2670700
2659500
2650700
2660700
2675600
2654500
2665700
2698500
2655200
2707300
2656300
2660200
2645400
2670300
2681000
2671200
2649400
2671400
2643500
2694100
2655500
2659000
2674600
2684200
2640000
2653800
2655300
2674200
2889200
3503200
3421600
3378000
3048700
3360500
3466100
2966600
2679300
2669800
2674400
2659000
2671400
2688600
2651600
2658600
2700600
2676200
2656600
2653700
2699400
2673900
2682100
2653100
2652400
2662000
2647800
2677100
2655600
2665000
2692100
2658900
2684600
2654900
2658800
2654500
2715700
2665800
2673800
2665300
2673800
2686100
2696800
2682000
2655500
2657500
2684600
2699300
2683700
2657200
2658500
2673400
2684900
2674200
2669800
2692000
2660000
2669600
2650600
2685800
3288300
2671100
2684700
2658200
2657700
2680200
2673700
2664100
2657100
2657700
2688700
2695100
2666800
2658900
2677500
2657900
2659300
2657800
2665300
2696300
2703000
2672200
2708700
2699900
2692800
2658700
2644900
2697300
2653500
2700600
2652900
2668500
2706600
2633400
2649600
2680400
2702500
2665600
2673200
2638200
2624300
2675200
2735100
2671700
2670200
2642100
2648800
2711000
2662400
2654000
2660300
2667800
2684400
2630000
2645800
2661300
2653100
2696900
3112900
2673000
2658700
2752800
2711300
2653200
2620300
2654600
2673100
2659400
2661500
2669700
2650000
2675000
4352300
3606200
2663700
2710800
2670700
2652300
2661600
2691600
2639500
2665000
2698800
2661000
2667700
2657000
2678500
2707400
2672500
2676000
2665000
2667000
2667700
2668500
2719800
2660100
2652300
2651200
2660600
2687900
2668900
2655900
2696300
2649800
2648900
2701700
2770100
2826600
2828800
2780300
2920600
2735300
2816700
2813300
2828200
2788500
2795700
3424800
2695900
2661900
2659600
2652500
2677000
2660600
2657100
2659700
2687800
2670700
2980400
2659900
2728800
2674800
2671400
2671100
2716700
2658500
2675000
2659100
2655000
2666500
2821700
2735100
2772600
2765100
2804000
2736400
2713600
2656700
2665800
2685800
2672200
2664800
2657900
2699900
2675400
2658000
2648900
2670200
2721900
2675300
2657500
2672800
2656500
2661900
2720200
2657400
2655400
2654900
2656900
2682400
2653800
2697500
2674500
2657400
2694900
3185300
2664100
2657800
2675500
2653600
2669800
2660500
2702300
2675000
2660500
2657500
2664800
2649500
2677000
2663400
2656700
2651900
2665400
2678200
2654000
2660100
2688600
2692600
2669700
2658200
2657000
2701400
2706700
2668700
2653100
2652400
2668700
2673200
2660300
2697900
2659100
2661800
2683700
2659300
2689300
2662600
2675300
2661000
2639900
2645300
2639400
2666700
2658500
2659300
2671300
2674500
2675200
2673500
2655600
2698000
2666600
2660900
2674000
2677800
3174800
2678300
2627400
2668700
2646900
2701600
2681600
2658300
2653200
2661400
2656600
2696600
2660700
2659200
2660100
2723500
2865700
2804200
2800700
2972800
3323100
3367900
3064600
3275800
3231400
3035900
2669300
2675600
2697000
2665900
2689700
2669800
2655000
2695500
2700400
2659600
2659200
2659400
2692400
2655900
2659600
2661200
2653700
2653500
2677600
2654400
2652800
2671200
2701000
2654500
2659600
2670400
2673000
2656700
2666800
2650500
2656700
2671200
3159300
2660800
2652400
2675100
2667100
2677800
2661900
2676300
2678800
2687700
2658700
2655300
2657000
2682700
2654900
2665300
2662200
2653800
2686700
2658200
2704600
2664500
2698700
2670100
2699000
2681200
2667000
2684400
2648600
2662800
2668900
2665400
2693000
2667600
2684200
2657700
2660100
2705600
2656300
2660500
2686800
2662700
2642200
2688500
2651500
2664400
2677500
2666900
2669400
2680300
2656800
2674200
2690200
2651500
2660600
2676200
2698200
2658000
2685600
3187500
2719700
2656800
2711300
2651600
2656400
2729900
2719000
2670700
2690000
2665800
2721900
2793600
2793300
2788900
2835400
2804700
2818700
2843100
2723800
2672400
2657900
2655200
2661900
2654500
2711700
2656200
2654100
2684300
2659600
2691700
2656800
2657400
2651300
2654200
2666600
2655700
2652900
2696000
2673700
2660500
2656100
2671100
2672500
2682300
2699700
2657800
2657000
2685700
2672700
2658200
2707400
2669700
2686100
2660600
2687100
2660800
2654200
3163300
2671900
2662300
2662100
2666900
2671300
2650200
2658200
2655300
2657800
2687800
2659600
2661400
2676400
2656100
2657100
2654100
2648900
2687100
2679100
2661700
2653600
2656000
2669700
2689900
2696300
2655700
2672300
2667000
2676900
2659100
2658700
2647100
2707200
2665500
2676700
2638700
2655200
2621800
2677600
2651000
2664300
2641800
2685600
2655100
2656200
2648100
2688100
2688000
2660700
2652500
2648500
2694100
2659300
2662400
2653500
2660000
2673500
4176500
3757900
2789800
2799100
2832400
2815000
2832200
2690100
2726000
2651300
2669300
2697100
2689600
2676900
2705700
2654600
2681300
2710500
2669400
2656800
2658000
2668500
2680300
2697800
2668100
2656400
2664000
2676000
2658200
2658000
2661500
2725800
2660600
2701400
2660900
2659800
2678000
2657900
2676900
2659900
2664000
2675200
2658100
2657300
2661900
2706300
2664100
2652900
2664900
2658600
2666200
2656300
2657900
2657800
2688600
2697600
2651900
2654900
2719900
3179100
2660300
2673700
2668600
2646800
2679100
2701000
2641400
2650000
2611900
2668400
2702500
2669600
2646500
2621800
2664300
2658900
2664900
2653300
2639100
2632700
2659300
2651700
2621000
2658800
2649300
2646600
2656000
2650600
2680500
2608800
2676100
2688500
2606500
2694000
2653300
2610000
2651100
2657900
2653100
2744100
2906000
3122200
3216900
3265000
3285900
2683100
2710600
2703000
2691700
2698400
2670600
2668200
2722700
2689900
2697100
2666400
2853100
2727000
3378900
2748500
2881600
2900800
2896400
2816400
2706700
2725200
2656900
2680500
2660900
2707800
2697400
2654700
2674500
2655000
2656200
2688600
2656700
2675300
2653200
2657200
2669700
2677500
2654600
2696500
2674700
2658000
2686100
2662900
2655200
2686800
2654900
2676000
2657300
2658100
2658400
2728900
2675200
2658700
2670700
2661400
2668100
2658600
2652500
2657300
2656300
2668600
2656200
2663900
2659800
2670400
2718900
2682500
2651100
2660100
2670900
2655300
3184100
2652500
2655000
2686200
2698600
2656100
2671000
2660000
2689800
2656200
2665100
2663900
2659200
2660200
2678500
2657400
2652200
2650000
2688300
2659600
2645600
2640800
2655300
2687300
2660700
2693900
2655900
2669600
2643100
2653400
2651200
2659100
2674600
2658100
2722500
2672900
2677800
2696900
2660200
2695600
2655400
2662700
2755600
2690000
2708600
2660900
2693800
2705700
2700700
2694700
2720700
2828900
2759300
2819900
2781100
2836300
2812900
2658000
2654300
3213500
2712900
2655100
2671500
2657300
2663200
2690400
2675900
2664500
2656200
2722000
2668900
2654700
2690400
2658700
2687500
2681100
2711500
2672500
2656100
2676600
2653600
2663000
2659400
2699300
2659100
2657500
2665000
2655200
2660000
2662200
2663100
2717100
2659100
2675800
2657600
2654900
2700600
2655700
2685500
2664400
2670100
2690000
2672600
2702400
2711700
2654000
2651500
2681100
2649700
2658400
2658700
2661100
2669600
2659900
2685100
2672400
2663300
3169000
2661000
2714000
2655900
2664500
2644700
2663800
2681400
2659400
2676500
2655000
2678400
2669900
2668400
2676800
2704700
2651100
2701100
2654800
2692100
2645000
2652400
2671100
2663600
2677900
2666400
2653200
2645300
2653300
2665100
2654100
2671800
2648500
2681400
2672300
2655100
2670800
2644900
2683100
2661800
2651800
2662300
2640300
2809500
2751800
2860100
2764600
2838900
2838700
2855400
2872500
2692000
2703200
2692300
2651000
2659600
2655200
2684800
2671100
3187300
2660000
2711700
2705500
2677600
2652900
2666900
2683200
2661600
2658300
2664800
2664300
2699100
2661500
2707100
2678700
2658500
2651400
2662800
2656600
2689700
2690300
2652500
2654100
2656600
2679000
2675300
2648600
2643100
2651600
2667200
2673900
2662900
2654700
2652200
2672500
2663900
2673000
2658900
2666100
2686600
2662600
2657100
2679900
2660800
2686300
2662300
2665800
2713700
2714400
2650200
2661300
2677200
2651900
2711200
2672900
2678600
2672300
3345400
2929500
3215700
3331700
3305900
3184000
3328800
3312000
2673200
2692400
2675300
2679400
2670900
2658300
2689800
2652500
2700600
2653900
2659700
2655400
2655700
2669700
2672500
2735800
2657700
2649900
2657000
2661800
2661000
2656800
2694400
2650800
2661100
2850000
2741700
2750800
2779400
2811900
2761300
2874700
2656500
2673200
2679400
2661500
2667100
2659100
2665900
2659000
2653400
2657200
2653500
2676100
2684000
2655800
2659700
2670000
2677600
2671200
2678000
3153500
2657200
2682900
2706000
2705300
2692300
2704700
2670600
2657300
2657000
2700400
2674900
2701800
2688200
2695100
2652000
2688000
2664600
2659400
2658100
2663300
2704300
2654400
2658100
2656000
2683200
2657100
2662200
2670000
2669900
2706700
2665900
2660800
2694800
2664500
2655200
2682600
2688900
2659700
2654900
2663600
2658200
2679600
2661900
2666100
2677500
2676100
2673800
2656500
2650000
2659800
2661900
2680300
2695200
2652300
2679800
2692300
2659900
3161300
2649000
2659800
2686000
2650900
2638500
2647100
2695500
2703200
2701100
2660800
2650400
2666600
2704200
2657400
2662500
2655100
2662900
2640800
2682700
2651000
2692900
2675000
2720900
2697300
2681200
2659600
2711800
2693000
2654300
2651300
2652900
2676300
2733700
2806100
2798100
2815900
2849000
2811000
2790100
2786400
2677300
2687200
2662700
2704200
2679000
2664800
2663900
2653000
2690200
2651400
2653900
2690200
2651300
2664000
2672000
2654500
2657700
2659400
3153000
2685800
2659400
2665300
2662600
2718600
2675700
2672700
2662200
2656900
2680100
2668100
2657900
2656600
2660500
2671600
2657500
2700600
2743800
2673400
2680800
2650400
2653000
2710000
2675700
2656100
2657200
2656100
2696800
2671400
2658500
2685000
2690800
2670400
2701100
2656800
2716300
2657700
2713500
2659900
2687400
2651900
2706700
2700000
2658300
2655800
2660500
2698100
2696000
2661200
2692200
2667200
2675300
2693600
2659700
2662000
2641700
2672000
3216500
2665400
2676100
2695600
2669200
2657400
2642100
2663300
2668500
2673300
2671100
2660200
2658500
2708300
2681000
2655300
2655700
2690600
2655500
3029700
2952700
2984100
2894100
2856300
2865900
2936900
2718100
2671000
2660100
2701000
2660500
2660200
2657000
2678100
2656600
2697300
2670200
2671000
2657200
2655100
2692400
2659200
2683400
2667200
2693000
2688100
2698000
2675200
2653700
2653400
2674400
2654000
2666300
2694400
2669100
2658000
2656200
2665400
2652800
3215300
2659000
2662500
2675400
2673200
2668800
2659500
2656600
2661000
2681400
2658500
2651600
2655600
2653400
2678600
2656400
2657900
2969900
3041300
3368500
3397000
3447900
2986000
3438000
3414700
3350100
2874600
2673400
2727700
2656100
2652700
2712100
2696800
2656900
2649300
2652200
2661200
2669300
2668000
2662100
2656700
2699000
2659000
2656400
2678500
2669700
2674800
2682400
2670300
2655800
2692700
2660500
2673500
2712700
2651900
2682600
2712000
2667700
3170300
2683600
2670600
2656400
2704200
2665400
2701900
2667500
2660700
2703700
2676000
2685100
2662700
2657800
2656100
2701600
2663400
2690900
2664900
2656100
2709600
2656000
2694500
2667300
2647800
2674800
2664500
2698700
2761700
2905900
2863600
2941300
3001500
2903700
2852800
3003100
2789200
2664200
2687100
2664600
2655500
2664000
2659100
2702100
2668100
2672600
2659500
2691000
2588000
2658900
2670700
2664100
2698600
2663600
2655900
2654100
2662900
2661100
2654900
3092200
2656500
2656800
2658800
2653500
2657600
2661600
2708600
2658500
2657800
2657900
2657400
2665600
2654500
2674300
2659300
2687700
2653800
2669500
2653800
2815700
2679000
2656100
2677000
2672200
2658700
2682500
2686100
2655400
2674100
2694500
2658300
2703400
2656600
2653200
2701500
2665100
2657000
2692600
2661300
2681900
2666600
2671800
2663900
2663000
2656300
2697000
2668100
2661400
2691100
2654000
2660000
2693600
2887700
2790400
2873300
2841500
2903500
3514200
2736600
2659700
2665700
2699600
2674000
2657800
2669900
2689800
2674000
2650000
2655900
2666600
2646500
2677300
2657300
2659500
2679200
2655600
2675500
2638100
2659100
2655000
2674800
2674000
2671800
2669900
2695300
2757000
2681900
2732900
2665600
2700900
2672500
2692400
2656600
2661500
2657200
2668400
2661200
2711100
2668800
2671700
2692700
2655600
2650200
2686200
2690900
2704100
2655300
2685000
2651900
2711500
2673800
2659500
2655500
2674300
2672700
2684400
3301600
2650800
2681500
2658600
2671200
2657700
2649600
2673600
2655600
2659900
2674800
2673800
2654900
2674000
2734100
2657600
2681000
2654100
2623500
2681600
2659500
2688200
2674100
2655000
2669300
2657000
2673200
2653000
2673100
2667700
2674300
2649700
2661400
2680400
2662800
2684100
2661700
2645600
2643700
2659200
2677000
2676600
2684700
2677900
2655700
2663300
2657400
2660100
2659000
2703100
2678300
2658900
2666600
2653700
2719400
2666700
2656800
2653400
3150700
2701600
2684700
2636300
2638600
2682000
2683900
2645800
2686500
2678500
2663800
2668600
2655400
2656500
2656700
2693100
2660800
2647400
2639300
2657100
2670100
2688300
2673000
2653600
2698800
2668500
2673400
2654100
2693600
2701100
2642700
2699000
2767700
2776000
2768800
2849100
2965000
3154600
3188700
3055500
3196900
3263100
3196200
2838800
2680500
2666600
2657600
2688400
2650800
2656500
2677000
2696000
2681400
2665700
2657800
2673900
2672900
2684000
3234900
2654200
2667600
2677600
2655100
2669800
2656900
2703300
2836000
2740600
2826100
2688500
2659100
2682100
2652300
2658500
2646900
2697800
2659600
2656900
2653000
2652700
2679000
2654300
2658800
2666100
2683100
2681900
2700400
2682100
2656300
2656700
2696000
2669700
2658500
2656400
2675200
2659500
2655400
2651900
2663700
2691600
2662600
2660700
2658500
2663200
2689800
2724300
2681700
2691300
2658600
2655200
2660200
2657100
2660100
2695600
2654000
2657400
2657800
3194800
2688900
2657300
2675100
2674700
2657200
2708900
2657200
2667200
2664300
2658900
2680000
2657400
2694200
2693100
2698200
2658800
2687900
2655300
2655900
2669100
2663200
2684500
2653300
2695500
2675200
2657700
2650200
2672300
2665600
2683000
2690700
2647400
2646500
2690200
2655600
2672100
2658900
2658400
2701800
2671300
2658200
2660200
2648800
2672100
2656400
2643700
2622700
2648500
2681800
2667800
2648200
2700900
2666900
2657500
2658900
2658300
2662200
3225400
2706100
2661200
2658700
2651000
2688800
2641000
2670900
2653900
2659600
2688400
2702100
2668900
2664700
2694900
2659200
2645000
2642500
2652400
2671200
2655400
2668800
2643000
2661800
2669800
2651700
2743800
2702600
2655100
2658100
2647200
2655300
2646700
2683500
2667700
2653300
2680800
2676900
2693300
2636700
2666300
2656200
2657300
2680300
2647300
2659600
2670300
2671900
2704000
2676600
2671300
2659400
2710500
2647900
2652300
2599600
2670800
2690400
2664300
3128000
2651000
2642400
2674800
2656000
2644600
2649600
2657800
2651700
2654900
2659700
2626000
2664300
2658900
2660200
2665400
2669700
2715700
2658500
2622900
2600800
2654100
2699800
2705100
2668100
2681000
2658600
2676300
2660900
2665600
2646400
2671500
2668000
2661000
2699100
2661900
2670700
2670500
2650300
2659200
2668500
2676600
2678000
2665300
2689400
2656500
2705300
2653200
2656100
2699100
2649800
2655500
2662200
2672600
2664100
2683800
2671500
2709900
3168100
2659100
2674300
2637900
2670600
2661200
2665600
2675100
2663100
2712000
2701100
2679900
2661100
2631700
2685000
2649900
2690400
2658000
2650000
2655900
2658000
2680600
2648000
2693600
2702800
2652400
2683200
2663700
2667700
2666000
2652000
2671200
2653000
2658400
2644000
2934700
2796500
2831900
2789700
2811700
2861200
2842700
2891100
2898600
2746200
2893200
2737600
2668200
2703400
2663300
2653300
2659900
2692000
2664300
2663700
2659000
2659300
2672800
2951300
3657000
3181800
3314100
3057900
3146500
3315300
2820600
2720000
2855400
2855600
2798600
2780800
2850100
2922800
2821300
2941800
2953300
2730800
2743400
2699400
2680500
2666000
2689900
2708900
2677000
2665600
2675400
2709900
2686900
2666200
2681700
2711200
2673800
2708600
2688800
2675900
2692000
2682800
2664000
2714200
2727300
2700300
2673700
2677100
2737500
2658700
2683400
2686900
2665100
2713500
2710700
2736500
2680800
2664600
2740200
2662900
2688800
2671400
3207100
2696200
2662200
2670600
2701000
2704900
2663800
2665400
2723600
2674500
2689200
2791700
2693300
2680700
2698200
2673400
2652000
2700200
2697600
2659600
2685600
2663100
2688700
2716900
2684600
2660600
2661700
2693700
2693000
2668100
2658500
2670300
2698600
3282100
3351000
3215200
3340800
3297800
3087900
2733000
2689100
2782000
2851900
2839300
2818900
2857800
2941200
2816100
2762600
2688100
2770200
2700900
2659900
2705000
2675400
2702000
2686500
2728100
2834700
3212300
2656600
2670700
2662000
2684400
2656100
2649900
2658900
2660600
2674500
2660900
2657900
2655300
2666800
2698300
2666100
2668100
2654000
2679500
2654900
2968900
3015500
2661000
2674500
2657600
2654600
2658900
2673300
2691500
2657400
2660200
2658200
2672800
2671200
2663600
2652800
2659600
2671000
2658400
2689700
2654900
2659600
2683100
2666000
2702000
2659600
2695800
2690800
2676900
2678400
2669600
2728000
2656700
2658800
2672500
2671700
2677500
2654400
3116000
2657700
2655000
2658500
2665100
2668700
2692300
2693300
2651900
2694400
2685500
2650700
2692500
2709300
2654200
2687000
2673700
2650000
2654600
2660900
2755800
2692500
2657900
2657200
2698500
2681200
2680200
2668200
2667000
2668100
2656600
2658100
2671100
2656400
2660800
2688300
2658000
2651000
2666200
2676500
2711300
2660500
2663800
2653600
2679100
2688500
2658300
2650100
2652400
2675000
2659300
2666600
2690100
2660100
2674700
2688200
2655200
2676500
2692200
3186700
2663700
3147700
2671100
2705500
2704600
2665500
2709700
2674900
2701400
2656500
2663700
2652300
2675700
2646200
2787000
2809900
2851200
2942400
2821800
2856200
2883800
2803300
2792400
2919800
2729900
2661800
2672300
2685200
2674700
2649300
2734900
2653600
2659000
2662000
2669400
2680100
2668400
2677100
2663500
2694200
2679700
2657100
2656400
2660300
2659300
2669800
2657900
2768500
2820500
2914800
2704700
2668600
2671700
2679700
2678300
2653600
2652400
3233000
2680500
2655100
2661800
2655900
2658300
2710300
2678100
2665400
2670500
2676500
2674200
2669900
2845500
3036100
3313500
3464900
3489800
3139100
3413800
3521000
3566000
2806200
2653700
2653200
2656800
2657500
2676100
2655500
2643100
2701400
2658400
2686500
2659900
2662600
2650600
2664700
2715000
2666300
2670800
2702000
2635600
2661600
2656100
2647100
2661800
2681800
2660900
2659300
2672500
2663400
2674600
2693600
2656000
2650900
2659400
2675000
2649800
2659500
3354000
2693600
2708400
2686600
2658200
2755800
2689100
2651400
2668400
2675100
2741800
2658500
2683000
2658400
2660900
2691900
2651300
2656600
2657900
2657900
2692900
2684900
2676400
2658500
2658600
2694500
2667500
2696700
2671600
2675300
2660700
2711000
2661800
2674700
2697800
2652700
2656200
2653700
2652600
2694900
2659800
2669700
2691100
2676200
2656200
2651100
2653800
2657900
2669500
2704900
2658800
2682900
2660100
2671800
2678200
2658800
2663100
2694800
3164800
2667700
2652400
2658300
2686200
2696100
2705800
2658600
2651000
2674600
2655700
2677800
2651300
2667700
2659600
2639300
2655800
2651100
2663600
2616600
2692600
2629600
2670300
2697600
2692900
2658700
2659700
2658300
2660200
2657000
2657000
2658500
2678200
2697600
2650400
2657300
2664600
2678000
2673100
2674900
2652700
2667400
2694100
2657500
2649900
2667100
2658400
2647300
2701300
2680700
2678100
2653900
2652900
2654900
2732200
2670200
2656600
2646300
2706400
3210600
2662600
2661700
2689700
2674000
2647000
2649900
2676700
2662200
2677500
2642100
2669600
2655900
2675800
2655800
2654100
2680600
2662700
2668900
2652300
2683900
2758500
2833600
2832000
2815800
2812200
2812300
2813800
2813300
2806300
2811100
2843500
2808700
2819600
2808600
2835300
2878700
2661400
2647600
2661200
2709200
2673800
2671400
2665000
2668900
2672900
2677500
2661200
2677400
2659100
2686900
2658400
2679100
2669000
2679300
2676300
2692300
2645800
3141600
2678900
2699400
2676300
2657200
2664800
2697200
2772300
2878200
2886100
2932200
2797900
2733300
2803800
2841000
2876300
2809600
2884900
2870900
2751200
2666200
2735800
2660300
2652900
2681600
2687000
2663200
2659300
2660300
2680300
2651600
2663600
2650600
2689400
2673900
2658500
2701200
2652700
2671700
2653100
2660100
2652300
2878200
2736100
2834500
2833500
2869900
2845500
2857700
2870100
2718400
2670900
2684300
2668700
2656300
2677400
2666800
2674500
2660000
3137400
2657100
2714700
2656800
2699300
2657900
2657800
2698600
2629400
2665100
2654700
2639400
2683100
2696300
2653600
2656800
2660100
2655600
2656600
2635100
2651400
2714400
2669000
2661400
2677200
2682100
2702600
2833200
2946300
3168200
3316300
3264300
3065500
3216700
3283300
2799600
2678300
2670500
2666700
2676500
2710700
2664600
2651800
2659000
2681300
2669300
2681800
2686700
2663300
2697700
2659300
2656300
2661700
2699300
2667100
2648200
2666200
2676700
3203200
2655300
2651500
2661800
2676100
2683500
2655700
2651000
2660300
2672300
2661300
2660700
2700400
2737700
2684800
2689200
2665700
2675000
2669100
2691100
2657200
2677600
2703200
2743900
2669900
2667400
2662800
2957000
2756600
2826200
2795800
2801500
2835800
2805400
2940100
2772600
2657300
2683500
2661600
2658400
2657500
2696000
2682400
2671000
2695300
2669900
2657400
2700600
2663100
2683600
2659500
2676100
2661400
2656600
2654300
2656600
2701900
2660200
2666900
3181100
2655700
2691300
2653600
2701100
2663600
2658400
2686600
2676300
2654000
2685200
2673600
2652000
2656700
2656200
2667200
2668000
2673300
2714500
2652900
2705600
2682600
2702500
2665000
2659600
2656800
2703200
2671600
2669300
2659300
2657300
2724000
2696600
2665600
2657400
2684400
2657100
2660200
2679600
2669700
2658800
2659800
2694000
2662600
2701500
2687100
2663700
2662100
2643700
2704100
2668500
2655700
2653600
2709000
2684900
2632800
2652300
2661300
3139300
2675200
2655500
2664200
2666300
2689500
2674400
2647700
2681000
2660500
2718600
2677600
2658000
2660900
2687300
2700500
2666900
2676500
2651100
2698100
2710200
2690200
2684300
2643700
2649100
2666600
2652300
2659800
2661200
2688400
2704100
2682400
2700600
2657700
2723900
2668000
2705100
2653900
2652900
2707100
2830000
2811100
2908500
2844400
2887400
2899000
2847900
2872700
2874400
2695600
2658100
2653600
2720900
2655700
2709500
2659100
2655900
2671100
2654900
3176200
2661300
2661300
2688100
2668400
2689600
2654500
2657900
2658200
2660800
2692900
2639900
2677200
2658700
2655900
2657200
2646100
2665300
2667400
2665300
2663700
2690100
2673200
2665400
2677400
2708600
2661200
2662100
2658100
2657100
2670500
2701700
2619900
2658100
2701700
2676100
2681000
2662100
2647300
2676400
2674000
2692700
2659300
2678500
2659100
2696900
2698200
2660900
2648600
2661800
2714000
2975700
2829800
2733900
2916400
2809800
2658100
2689400
3195600
2721200
2659100
2655400
2681900
2721000
2677500
2660200
2655200
2647400
2673000
2699500
2686600
2662100
2656500
2690200
2639500
2721400
2660400
2657600
2664100
2648100
2668400
2654200
2663200
2666200
2649400
2666100
2654700
2677600
2657400
2660100
2651300
2650800
2666300
2655300
2619800
2654200
2708000
2668700
2664200
2662000
2672100
2668400
2665300
2663700
2664700
2665600
2964100
3069900
3460000
3499900
3023400
3440800
3476700
2793000
2723900
2710400
2668700
3278600
2656300
2736700
2667300
2710100
2653500
2658400
2676000
2703400
2671100
2661200
2655000
2674000
2664900
2876400
2665600
2700100
2662300
2675600
2666900
2668000
2678200
2658400
2656000
2663200
2656700
2668900
2656400
2672000
2657100
2704600
2663200
2681000
2682200
2666100
2700500
2698500
2684900
2687600
2670900
2710600
2653700
2662100
2700700
2662000
2671300
2671200
2673000
2655500
2688600
2653600
2662900
2664400
2675100
2647800
2652400
2657100
2668200
3201100
2674900
2670300
2660200
2649500
2661500
2636700
2662500
2660800
2659700
2651700
2657600
2636700
2655100
2669600
2677000
2656400
2663600
2655900
2685100
2672000
2649100
2657600
2676600
2655300
2657100
2650900
2691300
2654500
2719600
2650600
2658100
2675500
2661400
2677800
2678200
2648400
2639000
2641700
2681000
2683900
2700700
2648900
2658400
2679300
2656700
2661300
2662100
2655400
2672600
2630900
2636500
2654000
2660900
2663000
2624700
2677800
2627600
2669300
3190400
2757100
2769000
2868600
2803000
2773400
2835000
2769000
2785100
2728900
2806300
2845500
2728900
2663500
2662100
2662200
2658100
2682700
2669800
2662600
2685700
2667500
2680100
2661300
2674700
2667900
2660100
2662800
2661100
2657600
2675600
2660100
2673600
2661100
2654300
2798600
2894000
2975000
3020900
3036300
2862600
2792400
2828600
2815100
2876300
2844500
2806800
2845600
2821800
2839100
2846700
2709700
2670300
2652700
2673700
2653400
2659300
2650200
3221000
2671100
2656000
2669600
2651800
2695000
2723300
2692700
2658000
2681700
2646100
2658300
2663400
2654200
2672800
2679600
2698500
2707000
2640700
2666400
2693300
2684900
2655200
2648900
2648300
2685100
2656500
2655700
2650600
2699300
2647900
3028400
4168800
4619500
3276700
2674100
2658600
2680400
2654900
2654900
2713300
2704600
2669900
2666100
2672800
2674000
2684900
2672900
2629600
2660800
3867200
3857200
2661300
2660900
2668200
2654600
2669800
2664400
2656500
3149200
2698100
2653900
2644200
2657300
2655100
2683100
2692700
2657600
2642600
2696400
2663800
2652500
2652900
2641700
2688600
2650000
2658900
2671500
2697200
2694500
2660100
2669400
2642300
2655700
2675800
2678100
2685500
2659000
2647000
2725800
2663000
2652900
2680300
2657400
2646400
2657900
2642500
2705700
2682500
2654700
2659900
2682100
2701700
2689600
2662000
2670900
2689500
2667000
2683400
2652100
2699200
2651300
2658600
2652700
2642200
2657500
2671100
3203000
2656200
2646900
2664900
2643400
2693400
2633100
2656600
3348200
3013500
3172400
3191500
2958400
3184800
3234000
2740100
2680500
2669600
2670100
2662700
2656600
2680900
2656800
2656600
2660500
2701800
2682300
2688300
2656200
2670600
2658500
2684100
2669300
2656100
2683500
2658900
2679400
2677900
2658100
2650000
2658900
2711500
2667600
2651300
2677000
2656900
2665000
2656900
2697000
2658000
2668200
2710400
2661400
2658700
2703600
2665200
2679000
2703500
2656900
3274700
2682000
2656500
2657500
2651600
2653400
2686100
2671100
2662100
2676000
2664600
2670000
2671100
2659000
2657500
2658200
2662400
2659100
2650500
2653400
2695000
2677700
2693200
2763800
2798200
2702700
2800800
2747700
2784100
2820200
2672300
2804300
2806700
2788500
2733900
2655600
2665300
2729200
2666100
2696000
2662000
2659000
2674200
2665000
2696300
2719500
2658000
2698500
2692800
2664500
2689400
2655700
2651900
2682800
2658000
2699700
2676500
2716100
3358100
2819200
2794200
2785000
2831000
2735600
2654000
2655200
2654200
2678600
2651400
2654200
2686600
2698900
2679500
2652800
2656000
2672900
2669400
2670200
2650500
2660200
2673100
2675500
2657000
2671800
2653300
2654000
2671100
2659000
2659700
2724500
2660700
2676100
2658900
2651500
2656200
2658500
2673600
2714100
2657600
2658900
2677400
2659800
2686500
2659500
2700500
2721200
2667300
2683400
2685100
2666800
2702500
2654400
2666200
2656300
2655100
2671200
2648000
3148500
2670500
2659900
2655200
2655100
2655300
2634500
2683000
2657800
2674500
2658400
2669300
2672400
2666500
2660600
2667200
2658300
2668000
2682800
2644100
2654800
2652900
2668400
2654000
2689700
2684800
2681700
2669300
2698000
2661900
2683300
2689900
2655700
2659300
2662700
2655800
2673000
2647600
2667300
2627900
2669100
2645800
2693400
2669800
2662500
2681500
2656900
2644400
2653900
2645000
2659100
2676500
2669200
2687300
2633000
2652700
2657100
2668400
3166500
2710500
2689100
2652000
2658000
2643800
2676400
2645800
2658300
2654400
2672200
2674100
2675200
2661900
2632300
2644200
2674800
2668000
2663200
2663000
2635000
2630600
2650400
2657300
2662800
2665900
2694400
2664400
2668300
2695700
2652100
2666300
2661500
2652400
2646500
2689900
2634000
2657200
2649700
2644400
2654400
2641200
2651100
2755600
2864600
2849500
2788500
2847200
2862200
2864500
2869900
2871700
2865900
2920800
2663500
2657500
2655300
2663100
2675400
3199900
2658800
2654000
2693800
2694900
2673400
2653400
2654300
2679400
2660100
2669300
2658600
2689500
2695000
2876100
2812400
2656800
2687100
2690200
2653500
2655000
2655800
2700100
2685200
2673500
2672100
2701400
2696300
2857200
2967600
3142700
3267300
3245100
2966300
3200200
3234400
2789500
2699300
2675300
2689100
2675800
2677700
2660500
2692700
2702700
2676600
2655400
2684200
2659300
2655800
2670600
2681400
2658100
2659500
2698000
2656200
2660500
2688500
3144100
2668200
2656300
2651600
2665900
2668200
2669900
2657700
2650600
2678200
2667300
2656200
2651100
2661800
2698600
2705500
2659500
2711100
2718800
2687500
2697000
2676900
2669400
2682000
2660300
2671500
2657500
2674900
2711500
2676700
2651100
2657400
2656000
2666500
2671600
2662600
2658600
2662700
2664600
2679700
2652500
2666900
2675000
2673000
2707800
2654600
2652700
2674600
2658600
2669800
2695700
2643300
2657900
2681900
2684600
2699100
2663600
2649200
2683700
3183000
2655500
2646200
2670000
2707900
2655700
2654500
2679800
2651800
2657200
2656300
2655600
2640100
2672500
2688600
2643900
2650300
2688700
2670200
2658900
2657500
2671500
2643500
2683900
2649500
2790200
2671700
2652100
2655200
2646000
2685000
2673100
2689900
2652800
2653300
2693300
2656900
2675900
2710600
2678500
2676000
2652900
2665100
2640200
2628600
2682200
2650700
2643800
2607500
2664000
2606900
2695000
2651900
2678500
2704200
2648600
2680600
2628300
3290100
2696700
2620300
2693600
2631100
2654400
2645500
2691000
2662300
2634200
2646400
2669500
2672200
2668900
2719700
2667300
2641300
2677200
2676800
2694500
2677700
2645900
2644500
2647900
2629500
2601600
2638600
2714700
2658600
2710800
2660200
2643300
2592400
2623100
2582600
2661300
2663500
2650000
2624500
2650900
2658700
2652700
2573700
2627400
2669100
2653700
2697000
2626200
2670800
2648200
2603700
2655200
2641200
2651700
2670000
2624000
2682400
2637100
2640800
3147800
2672800
2650800
2700500
2686900
2654400
2696300
2647600
2640500
2659800
2689100
2656100
2575100
2677000
2655800
2637200
2629500
2621200
2646200
2628700
2690300
2646300
2665600
2671800
2627900
2661900
2677400
2648800
2657200
2627800
2668500
2661600
2624600
2558100
2633200
2651300
2649700
2614500
2647600
2655100
2684800
2551300
2667800
2644400
2667800
2655100
2682200
2669400
2647200
2716700
2767700
2737600
2842500
2774300
2810000
2798000
2813700
2789800
3526900
2782600
2655800
2655900
2800700
2649900
2672400
2660700
2675500
2867700
2659000
2705600
2657300
2669200
2659700
2736400
2665300
2650500
2655300
2655400
2742700
2659700
2699700
2702500
2837200
3004200
2830600
2797500
2855300
2768700
2960600
2800800
2843900
2760600
2670100
2834900
2654900
2691900
2694000
2658200
2749000
2690700
2690300
2693300
2664900
2671400
2662300
2652400
2686900
2659900
2683300
2939300
2959600
3266900
3357600
3071400
3182900
3258600
3051100
3302800
2783300
2677500
2689100
2669000
2703200
2743400
2702600
2676600
2694400
2659000
2742900
2665700
2660300
2656200
2659000
2665700
2656800
2664800
2667500
2653100
2666200
2732600
2684200
2690400
2655200
2652200
2756100
2674400
2705900
2676600
2657500
2738500
2736700
2729700
2802900
2896400
2892300
2892200
2762000
2668900
2673000
2700700
2663100
2691500
2665900
2667400
2724900
2689300
2654400
2649200
2668100
2698200
2660100
2655300
2659300
2668000
2651100
3115700
2662300
2641200
2700000
2656100
2669100
2646900
2658700
2680800
2659800
2650700
2659200
2676400
2698200
2664800
2655300
2686800
2691600
2652000
2667200
2677900
2665100
2675300
2657300
2659000
2696100
2669100
2673200
2659600
2696200
2658400
2685000
2658600
2658200
2670800
2672800
2706500
2653400
2660200
2688300
2670500
2679800
2697400
2706300
2617600
2651400
2678100
2654000
2673700
2661500
2657800
2655800
2660200
2658800
2668000
2761300
2685700
2652500
2660100
3148700
2655000
2656000
2668200
2627100
2655600
2683800
2664900
2633900
2663400
2670700
2658800
2656300
2644100
2645800
2683900
2661800
2668600
2683100
2652500
2657500
2654000
2666500
2655100
2619800
2706500
2669800
2670100
2691100
2676000
2662700
2691000
2650600
2644600
2659400
2662700
2657400
2631400
2656400
2670300
2663900
2599600
2692100
2666900
2683200
2610800
2654400
2652800
2663500
2641900
2658800
2680300
2716800
2646200
2657700
2653200
2691700
2659200
3221200
2662400
2658600
2717700
2657500
2670700
2642000
2662000
2657200
2663600
2699100
2657000
2639700
2649400
2699700
2668200
2653800
2647100
2675300
2700400
2654400
2664600
2655500
2700400
2668600
2668500
2656900
2660100
2668600
2672900
2664700
2650500
2652100
2695400
2671200
2672100
2695400
2691200
2705200
2650400
2687300
2662900
2659600
2671200
2656200
2664300
2669100
2650900
2734300
2771600
2807200
2801700
2806000
2825500
2811900
2820100
2817800
2819900
3444900
2731600
2699800
2680600
2654800
2650200
2670400
2676800
2690600
2665400
2661200
2703400
2655400
2658900
2662500
2658600
2702400
2686200
2660800
2672600
2692700
2656300
2693200
2658500
2661900
2935600
2823400
2890800
2850300
2719800
2655700
2683600
2672500
2654100
2656100
2653200
2675700
2657000
2663200
2655900
2654500
2677200
2663200
2682700
2705300
2658600
2660100
2658600
2687300
2678200
2648200
2670400
2689000
2656900
2660400
2663400
2654600
2672900
2658200
3170400
2704600
2657400
2660700
2656100
2661000
2661100
2667200
2660500
2655000
2870000
2939100
3208200
3229700
3119900
3192400
3267000
3278600
2679900
2664400
2716600
2664400
2669300
2660000
2669100
2684600
2684100
2661600
2675100
2698400
2675900
2661200
2657700
2667900
2694900
2668600
2662700
2700800
2679600
2705900
2658400
2659100
2660600
2678200
2702700
2677900
2658000
2651900
2658200
2668600
2666700
2659400
2678100
2656000
2690400
2669000
2656100
2667400
3164900
2660400
2692300
2686200
2662400
2687200
2651500
2659700
2687800
2697200
2670300
2653700
2663700
2640600
2662400
2671200
2652100
2656600
2664200
2688300
2706100
2700100
2654700
2662400
2668400
2660900
2656500
2668600
2656000
2726700
2657200
2660800
2668100
2679500
2648100
2656300
2658500
2659300
2699600
2659400
2659400
2658000
2658700
2666400
2704000
2700600
2724900
2670300
2698300
2654300
2650800
2656400
2674000
2659200
2663100
2655400
2666500
2672200
2652800
3189600
2663100
2669600
2703900
2647700
2636900
2666100
2652300
2683000
2656300
2661800
2652500
2676600
2664600
2658000
2651500
2632200
2691100
2634300
2653700
2623900
2657300
2685100
2656300
2594200
2659600
2653600
2686400
2600400
2663300
2657500
2681500
2625400
2654500
2643600
2673600
2672300
2659600
2653700
2667600
2651300
2703800
2662800
2673700
2668400
2661900
2684500
2701300
2664400
2644500
2663800
2669700
2678700
2596100
2658700
2664400
2846300
2784800
3283000
2807800
3070200
2867100
2859900
2728700
2739100
2761000
2768200
2842000
2903100
2715600
2667100
2661900
2654700
2684100
2661700
2658600
2655000
2670200
2689600
2664000
2658600
2659600
2657000
2652500
2665200
2668400
2654600
2677800
2665800
2678100
2658200
2692500
2671900
2653500
2754900
2797000
2873900
2857700
2824800
2830500
2755600
2695800
2669800
2680000
2664100
2658500
2686100
2700200
2681900
2691200
2684700
2674700
2668000
2651700
2655400
2660900
2656900
3128500
2685700
2668300
2704200
2711300
2671600
2656800
2655400
2676200
2656500
2656400
2655200
2661200
2678700
2663400
2671500
2656100
2691200
2648700
2659700
2655400
2741200
2671400
2664900
2658900
2652500
2665400
2698500
2660300
2646700
2685100
2675100
2674700
2675900
2664000
2656800
2711500
2655600
2666800
2657500
2650700
2694300
2655000
2668700
2683200
2660400
2675900
2653200
2681900
2652900
2660100
2661300
2659400
2659900
2668200
2683300
2685800
2673500
3138400
2669000
2673900
2655000
2660500
2694900
2687700
2665900
2665700
2662700
2659300
2653400
2674300
2674700
2697400
2666400
2673700
2675600
2659100
2671200
2646300
2671200
2664000
2645500
2661600
2671800
2672700
2652900
2661800
2665600
2663600
2707800
2902100
3071500
3284800
3300300
3063800
3313500
3329000
3055200
2709000
2675600
2679900
2700500
2665200
2696000
2687400
2667100
2669500
2658400
2665200
2659700
2659900
2696900
2654700
2654900
2654400
2674000
2678200
3138000
2657200
2658800
2679900
2649300
2648500
2656400
2655400
2686600
2662100
2654500
2655500
2623100
2685800
2655100
2659300
2659100
2657700
2655300
2651100
2657200
2727600
2657100
2665400
2656200
2650200
2664400
2676000
2632500
2686300
2646600
2711700
2675600
2644000
2685600
2663500
2957300
2712100
2786400
2879300
2753500
2836300
2766100
2794900
2764100
2856400
2782700
2870600
2780200
2671500
2677300
2650100
2650000
2660700
2657800
2687200
2683200
2661600
3154900
2658800
2686200
2674400
2658100
2656100
2665000
2678200
2660200
2659900
2660200
2666000
2709600
2800200
2790300
2888400
2780500
2661600
2675300
2653000
2671600
2660900
2668400
2660400
2652400
2677500
2654700
2671100
2656300
2663400
2707300
2663900
2662600
2679100
2659200
2677000
2653400
2743600
2688600
2658100
2653100
2655800
2655700
2656700
2671000
2670900
2655200
2660700
2657900
2704900
2676500
2660500
2679200
2659700
2680200
2645100
2657600
2676600
2669100
3144800
2656600
2655700
2656200
2675400
2669900
2661400
2667000
2725000
2747500
2646600
2656700
2686600
2673300
2662000
2635800
2678800
2646800
2649600
2621200
2627900
2629000
2643100
2672000
2645200
2665700
2685700
2670100
2666500
2664100
2640900
2650400
2660100
2672400
2668800
2644800
2648900
2703500
2657900
2614900
2668000
2596400
2666400
2652900
2649200
2631200
2669600
2638300
2616000
2659900
2681400
2631200
2635600
2678800
2687800
2692600
2677000
2650700
3232100
2651000
2654300
2658500
2646100
2658600
2656300
2647400
2647500
2661800
2679900
2640600
2679600
2642900
2633900
2651300
2660700
2649700
2603700
2636200
2665000
2655500
2648000
2670800
2650800
2673500
2646700
2661300
2651500
2662400
2662800
2660100
2653900
2670900
2598600
2643700
2667300
2645700
2671800
2658900
2654000
2690600
2633300
2643300
2653700
2704000
3660700
2660700
2657700
2694900
2666200
2653800
2677200
2646100
2645500
2679500
2753300
2710800
2631300
3222400
2676400
2664000
2633500
2642800
2659700
2625700
2662400
2659000
2660000
2650800
2603400
2622400
2624900
2659300
2640800
2688100
2647200
2666800
2631700
2660000
2632000
2654900
2568300
2671800
2650500
2725800
2616500
2646100
2631200
2635000
2649300
2691000
2672600
2658000
2662800
2641300
2671600
2665200
2664500
2653300
2662500
2700400
2659300
2643400
2651500
2649800
2678700
2677800
2655600
2649100
2658400
2668000
2973900
3024100
3460600
3469300
3114500
4052700
3320800
2769500
2728400
2699300
2697400
2720600
2662200
2673300
2667900
2662100
2723800
4913100
3102900
2683200
2654800
2687100
2674200
2670300
2678500
2678700
2689500
2664500
2681800
2683300
2692500
2658000
2818100
2804500
2818000
2839400
2812800
2843300
2830300
2887100
2655100
2842600
2906900
2747900
2703900
2688500
2664000
2718300
2678200
2676800
2682000
2664900
2713800
2670100
2730600
2676700
2659200
2694600
2666100
2727400
2686800
2674100
2660600
2657900
3256900
2770200
2851500
2783500
2774300
2827500
2783300
2890200
2690600
2653000
2652900
2679300
2656900
2661500
2706300
2665400
2673800
2652600
2660500
2665900
2660700
2659400
2666500
2661500
2700300
2663300
2654000
2658100
2657500
2697100
2675100
2672200
2666000
2656200
2655300
2678500
2672200
2658000
2662900
2684700
2682900
2713400
2650200
2676100
2670800
2665400
2656600
2660600
2718500
2664900
2672700
2648900
2647600
2661800
2686100
2657200
2642800
2688100
3120600
2677000
2653100
2602000
2649500
2696800
2652000
2685700
2683500
2643300
2665500
2667200
2676300
2667900
2648400
2696000
2643700
2642700
2644400
2653500
2666900
2652800
2649300
2653200
2648700
2655300
2690300
2690900
2648000
2698200
2631800
2642400
2644800
2671200
2689400
2653100
2589500
2663000
2661800
2656500
2644900
2648500
2662200
2672700
2657100
2639700
2641600
2647500
2719400
2648800
2653400
2661300
2749500
2839400
2776900
2844900
2818200
2832300
2823900
3459000
2661000
2713300
2699300
2668000
2625100
2658700
2703700
2676300
2618000
2662000
2668900
2695700
2676000
2664100
2659800
2663200
2670200
2669500
2676600
2666100
2633400
2712700
2685000
2655300
2646500
2656600
2770700
2699300
2710600
2706600
2690200
2734300
2659300
2656100
2660700
2660600
2681300
2659000
2674800
2661600
2686600
2674300
2672500
2638000
2678200
2682100
2671200
2616000
2661100
2648300
2680900
2652200
2645200
2667800
2671400
2630400
2670400
3172700
2663800
2637200
2651300
2687200
2666500
2680400
2653000
2654700
2715500
2673500
2594800
2655900
2658400
2671700
2680100
2667700
2662600
2686400
2681700
2654100
2667800
2647700
2577900
2707500
2654700
2695000
2685500
2655800
2694800
2668400
2612500
2658600
2663000
2644200
2671000
2653700
2643500
2662600
2596400
2676500
2629600
2630000
2596900
2644800
2667500
2643700
2589500
2674100
2678500
2788400
2775500
2766800
2792200
2835900
2799700
2803100
2887300
2730700
3327200
2668400
2676800
2700700
2650100
2678200
2677100
2673800
2675400
2697500
2689900
2676600
2754100
2897800
3155400
3250900
3274100
3086100
3278800
3330000
2800800
2676900
2713700
2657600
2667700
2661000
2698100
2677500
2665100
2685300
2667800
2667700
2658800
2663900
2698700
2675100
2708300
2662300
2665300
2699000
2662200
2676400
2657400
2665400
2742500
2704400
2699500
2654700
2654300
2714600
2669900
2668300
2663700
2671200
2708900
2680700
2669200
2670600
3145500
2753700
2700000
2753100
2707900
2668800
2710700
2671800
2678300
2686200
2618500
2719900
2694400
2698500
2649300
2653600
2729200
2681400
2659100
2659500
2680800
2682300
2652600
2671800
2699900
2682600
2766900
2634500
2656700
2653100
2696600
2694500
2657300
2631300
2649600
2662900
2975200
2783000
2794100
2855800
2777800
2903100
2742200
2923900
2688700
2706400
2677000
2669300
2708700
2669600
2686200
2659600
2669100
2697800
2677800
2689800
2674300
2660800
2677300
3139000
2735100
2658800
2708300
2671100
2660800
2693200
2653400
2686600
2658800
2662800
2821900
2723800
2669300
2660200
2663200
2780500
2687700
2668700
2677200
2658600
2647400
2684700
2675900
2653400
2662900
2697900
2709300
2666100
2637300
2666500
2668300
2667000
2648900
2650300
2702400
2704500
2648900
2660300
2635000
2608200
2674000
2620300
2643600
2613000
2600500
2662400
2666600
2637900
2651300
2657900
2679500
2673100
2660600
2584200
2650000
2662200
2670000
3176000
2655700
2648500
2664300
2608800
2661300
2653800
2655500
2607600
2636600
2656700
2687700
2595700
2690400
2681500
2672700
2638400
2673600
2660200
2687300
2629700
2609000
2668300
2629300
2690500
2660100
2662700
2704500
2645500
2684900
2643900
2665300
2655100
2619000
2659500
2656600
2653900
2649700
2646400
2663500
2683600
2637900
2693100
2682400
2646100
2626400
2644000
2648400
2645800
2585100
2847400
2825200
2839500
2822400
2847700
2776100
2813400
2854700
2787700
3219000
2639500
2650400
2646000
2668800
2696000
2643700
2654200
2656100
2673400
2650900
2651300
2701700
2650700
2658600
2652900
2673100
2645200
2652900
2668900
2657200
2641500
2629900
2666000
2673500
2660300
2681500
2677000
2652700
2652200
2657000
2655900
2682400
2647000
2658600
2626300
2656500
2661500
2637700
2637500
2675800
2704700
2665800
2673300
2654800
2685700
2663900
2659900
2656300
2689900
2671500
2664300
2650300
2663000
2657100
2656100
2656800
2670400
3177700
2667300
2637900
2883700
2790500
2755100
2835800
2885200
2742400
2628000
2638500
2646700
2702100
2720700
2659100
2690700
2611200
2670300
2683600
2674200
2678100
2647500
2663900
2672800
2700100
2638500
2660300
2679500
2673000
2609200
2607000
2652600
2707300
2873700
3039600
3388300
3483600
3244400
3128200
3302100
3195400
2801400
2806100
2691300
2701200
2697000
2665900
2671900
2704800
2692000
2676500
2668600
2664300
2681300
2716400
2695600
2692100
2672200
2682800
3114600
2664100
2661100
2695700
2668100
2654500
2661400
2656000
2677200
2662900
2661600
2661700
2665400
2648500
2670700
2657400
2665300
2666100
2676400
2698600
2653600
2662000
2683900
2681400
2647800
2677200
2666600
2651200
2702700
2659900
2698200
2673600
2658200
2668800
2650800
2668700
2659700
2659000
2631600
2649500
2625100
2655500
2661800
2604200
2656800
2642000
2645200
2675800
2639000
2634800
2567100
2672900
2671700
2698600
2619400
2667600
2638000
2672400
3200400
2659100
2627000
2658500
2695400
2659700
2645300
2641700
2656400
2702500
2654500
2641200
2660900
2668000
2668100
2646900
2631800
2634600
2636300
2664400
2655800
2680600
2673500
2675400
3937100
3760900
2672900
2665300
2663600
2668700
2657100
2663900
2688800
2659000
2673000
2665500
2632100
2652300
2654200
2636100
2639100
2668500
2669300
2650900
2672700
2668200
2635300
2626900
2665200
2695800
2669400
2647300
2618900
2672200
2649600
2655600
2641100
2645900
2635400
3139500
2690700
2696500
2650500
2704300
2650900
2637900
2625600
2606700
2677000
2677100
2649000
2654000
2647100
2630800
2874400
2751900
2775700
2837300
2854600
2750300
2701100
2762400
2823200
2887400
2810400
2850700
2920500
2760900
2688100
2674300
2663300
2660400
2679900
2656200
2657000
2663000
2667300
2711900
2672600
2706400
2698200
2665700
2735700
2981000
2800200
2893900
2921500
2710500
2669900
2662900
2671600
2689000
2657700
2670900
2684600
2668300
2668100
3169800
2653400
2662800
2664100
2666300
2663100
2655700
2700400
2669700
2666500
2674900
2671100
2686900
2658900
2661000
2669100
2673900
2702300
2666300
2681800
2665000
2670900
2649900
2680700
2646200
2656600
2674400
2709900
2684000
2652500
2656000
2623200
2646200
2655500
2644500
2616300
2648900
2672600
2649100
2660000
2646500
2632700
2635200
2661900
2694700
2695200
2613400
2657300
2644200
2667200
2675400
2619400
2653500
2654200
2704300
2715600
2690500
2654800
2664600
3191500
2645800
2650000
2627300
2686300
2632800
2641600
2639300
2656200
2681600
2669300
2634400
2630400
2661300
2677700
2666600
2661100
2656800
2638100
2686500
2682300
2650000
2662800
2673200
2653500
2665700
2664800
2655400
2649200
2695100
2652400
2652500
2663200
2663500
2660600
2679100
2646600
2668700
2667900
2683800
2639600
2664100
2663000
2667100
2682600
2650500
2673500
2679400
2654400
2636900
2704200
2631200
2692000
3009700
3183000
3388300
3442700
3392100
3753500
3445700
3497200
3177200
2693000
2672900
2670900
2661000
2660900
2678300
2663400
2665300
2657800
2667700
2681800
2693300
2669500
2683100
2669800
2724300
2689700
2698400
2666700
2662500
2735800
2687200
2679800
2655200
2660300
2712200
2653900
2679300
2673800
2662300
2689000
2669900
2672000
2662800
2691600
2692300
2668600
2660300
2665000
2657000
2719200
2667800
2667900
2692900
2685900
2690800
2663700
2696400
2664400
2681100
2701000
2676100
2711500
2672500
2651700
3209400
2660600
2698900
2688800
2657200
2667700
2657500
2649700
2669000
2662200
2671200
2654900
2686200
2651900
2659100
2658800
2679600
2674700
2662500
2656000
2696700
2661400
2650400
2644400
2650100
2682300
2664900
2663000
2636400
2640200
2642400
2648400
2654500
2696000
2677000
2800800
2847100
2835900
2875700
2869000
2835200
2793900
2901900
2888300
2888500
2967000
2743800
2655800
2703800
2689800
2699300
2673300
2656400
2777700
2725400
2679400
2654600
2658000
3190400
2662600
2655200
2655300
2656000
2676700
2658100
2654100
2657000
2660900
2728400
2833400
2853600
2878700
2863300
2820900
2919400
2757500
2657500
2655800
2672000
2661200
2660600
2687800
2654400
2656000
2659300
2678800
2674100
2653500
2646700
2659100
2727800
2711900
2696700
2657200
2658000
2669300
2662400
2687500
2651100
2679500
2656600
2653900
2654900
2662100
2661400
2666300
2675500
2661600
2659600
2654400
2655300
2695300
2662300
2653100
2673700
2670300
2660100
3249300
2672600
2672800
2665300
2680300
2701000
2659800
2659200
2708000
2668200
2680100
2687100
2679700
2640300
2675800
2667000
2662300
2659400
2669400
2663900
2676600
2682500
2658100
2660800
2674800
2687400
2659100
2677600
2667000
2710600
2664700
2674400
2674700
2666000
2657900
2684000
2652500
2667900
2656600
2635800
2650100
2661900
2703100
2654200
2676100
2649900
2653200
2667500
2679300
2698600
2708800
2646000
2649300
2655700
2665200
2657800
2633500
2641000
3153700
2687700
2661800
2666600
2670300
2678800
2672100
2641300
2646200
2654500
2696700
2717300
2646300
2645600
2651200
2656400
2685500
2663100
2645000
2650500
2651000
2662600
2655700
2656800
2651400
2677300
2654600
2663300
2663000
2672900
2660700
2689800
2666400
2671200
2666800
2669700
2651900
2654200
2663200
2645500
2653700
2859800
2821800
2842900
2929000
2860000
2831000
2904600
2856000
2876700
2895200
2724000
2711700
2674100
2695600
2672200
2682000
2664700
2663400
3233900
2677500
2657700
2705300
2698100
2706200
2675600
2671600
2673300
2964900
3078000
3358400
3448800
3477600
3063000
3400900
3431700
3351600
2724200
2708400
2695000
2683400
2840000
2841500
2913100
2912200
2746300
2690600
2658000
2664700
2679000
2689600
2661700
2651200
2677300
2668800
2692100
2681500
2678000
2683700
2664000
2699300
2657500
2686000
2679100
2659300
2701300
2658900
2651300
2654500
2657800
2690600
2662100
2677100
2666800
2676000
2684000
2676800
3171500
2655600
2671700
2661900
2654500
2655100
2683400
2662500
2697600
2694100
2650100
2669900
2667300
2659900
2669400
2655500
2673300
2665100
2674400
2653200
2677900
2679100
2669000
2660100
2703100
2668500
2696200
2665300
2688400
2619700
3033900
3457300
3332400
3502700
3522600
3329000
2671100
2676700
2684300
2705500
2668100
2700000
2690800
2687200
2668000
2679500
2652200
2656200
2655200
2703800
2684600
2663500
2681900
2681100
2653600
2717800
2677100
2677400
2667400
3161800
2658700
2678800
2674800
2678900
2664100
2667100
2692300
2656700
2710400
2696500
2684700
2655500
2664100
2656700
2666800
2679200
2684800
2667600
2724800
2693400
2717400
2718600
2657000
2652500
2679700
2670700
2658900
2685800
2659500
2715300
2672400
2710400
2647800
2663000
2686400
2664400
2686500
2677400
2653200
2680600
2687000
2653800
2662400
2685500
2698900
2650600
2649900
2662300
2649600
2664200
2651000
2669100
2652300
2727700
2663700
2640300
3481000
3383200
2672200
2662500
2668300
2698700
2692800
2660200
2655200
2659600
2659400
2657400
2664800
2659700
2656100
2618100
2661200
2673200
2656600
2670700
2656500
2705500
2672800
2715200
2673800
2701700
2655200
2645000
2652800
2664200
2640100
2675500
2604100
2653000
2669600
2660400
2661700
2646300
2637900
2635800
2624900
2650100
2642900
2683600
2609300
2601600
2646500
2615400
2649700
2660100
2656100
2689600
2652000
2669400
2640600
2635700
2645700
2639800
2650500
2646500
3170600
2665900
2584300
2686000
2686300
2646800
2652200
2658300
2657700
2670100
2679300
2656200
2656300
2660200
2698100
2632800
2687500
2704700
2677600
2651700
2677000
2659800
2673300
2687700
2653700
2663500
2649900
2735200
2976100
2767900
2862700
2851800
2917700
2856400
2883600
2825300
2897900
2838100
2859200
2755100
2699200
2703800
2678400
2675400
2679700
2688900
2695200
2668000
2668400
2683200
2678500
2719200
2661200
2658800
2690500
2671800
2676300
2657600
3157100
2661500
2655200
2713600
2905000
2840000
2902400
2880900
2906900
2823700
2980700
2747400
2674800
2657200
2681300
2679100
2657700
2668100
2655200
2668900
2691400
2794300
2990000
3165800
3390500
3430500
3362100
3404100
3524800
3548800
2987600
3280600
3268400
3304000
3458100
3356700
2658200
2666500
2714200
2703700
2694100
2693400
2681000
2737300
2685900
2655100
2670200
2677300
2707600
2700800
2674300
2668800
2683400
2677300
2689100
2655800
2676800
2669400
2706300
3149600
2661800
2670600
2669200
2659900
2653600
2657200
2677900
2674900
2686700
2682200
2672700
2699500
2718500
2718500
2672700
2665900
2691900
2697100
2717000
2661900
2670300
2684000
2654500
2658700
2657400
2662000
2683700
2651300
2662100
2653000
2669000
2681100
2666600
2648700
2658400
2667900
2684100
2654600
2658400
2670500
2685700
2664400
2651900
2662800
2655700
2687200
2675600
2661200
2658400
2679000
2663800
2664600
2691900
2695000
2654500
2685500
2651600
3185600
2656200
2662800
2686100
2673600
2667000
2663300
2654700
2646700
2702000
2830000
2829200
2894100
2889900
2886800
2897800
2885200
2913900
2737400
2694300
2679400
2867200
2673600
2713600
2662900
2696400
2681000
2656800
2699000
2668400
2657900
2659300
2671200
2684700
2689600
2660600
2681200
2663000
2695600
2689500
2672200
2674100
2687800
2698700
2679900
2661900
2658500
2666100
2707600
2673400
2676400
2661700
2697100
2703400
2670700
2662700
2661000
2665100
3203100
2661600
2708000
2675400
2681000
2679000
2661600
2667000
2668700
2715600
2711800
2664100
2673100
2697400
2666000
2681800
2660900
2675800
2678600
2684600
2697600
2661100
2638000
2679100
2667100
2661200
2658900
2648600
2650400
2666300
2702000
2678200
2661300
2652000
2665900
2703400
2671200
2693800
2671600
2634400
2807800
2845100
2858000
2846800
2841500
2856700
2924700
2750300
2665400
2740000
2692200
2675000
2676300
2660400
2680900
2678500
2676400
2675400
2668100
3214800
2686800
2668200
2666600
2673700
2659200
2655200
2688800
2656700
2673500
2684500
2674100
2655500
2650400
2674100
2672400
2655000
2656500
2655900
2651900
2685100
2671900
2645700
2634500
2646400
2641000
2712700
2652100
2632300
2635700
2687900
2656100
2659500
2662600
2661200
2638100
2700400
2650700
2661700
2634700
2693700
2658600
2642700
2629100
2664800
2657000
2703700
2654100
2690400
2704000
2708900
2658600
2619300
2670700
2655800
2663900
2626000
2643800
3133400
2669000
2672400
2612200
2682900
2695300
2630400
2664700
2639900
2665100
2658700
2671900
2639400
2637700
2637500
2646200
2664800
2709200
2670900
2644300
2646300
2675500
2686300
2643100
2642700
2645200
2668800
2689800
2623600
2599300
2662100
2671900
2687000
2661200
2664200
2639700
2679500
2931100
3001200
3264400
3314400
3027700
3246700
3332500
3059200
2715300
2701900
2693300
2684000
2685200
2717400
2673000
2669400
2654200
2701900
2660300
2662700
2660400
2678800
3205400
2665600
2654400
2664300
2670300
2717900
2884100
2802700
2780600
2854100
2864400
2704100
2702800
2751800
2898800
2775000
2685100
2659100
2652300
2679100
2696400
2664800
2658500
2673500
2654800
2676100
2668800
2673500
2720700
2687600
2745800
2688400
2681800
2658000
2693400
2670800
2689500
2687600
2655600
2705700
2691500
2661900
2686200
2698400
2679300
2685900
2626500
2694300
2677300
2744900
2678000
2670000
2677800
2703200
2714800
2656100
2615300
2622600
3167200
2678100
2677300
2680100
2596700
2655100
2696200
2727900
2822600
2735800
2846900
2663200
2661900
2659000
2664900
2678200
2667200
2674200
2687300
2655000
2620600
2711800
2673300
2658300
2647800
2651600
2671000
2668400
2613700
2660600
2643000
2686100
2633700
2658900
2665200
2639600
2680800
2656500
2649100
2658100
2609800
2747700
2711500
2667000
2655400
2662800
2662700
2673100
2644800
2666400
2673800
2673100
2668700
2637800
2668200
2668700
2661100
2652300
2596900
3182000
2702600
2781400
3013000
2659600
2687600
2661800
2641100
2667200
2652100
2659900
2694200
2675700
2662100
2641000
2656400
2654700
2692500
2645700
2608100
2649700
2611900
2652600
2629100
2696200
2636100
2655900
2670600
2662300
2636800
2679000
2641800
2684800
2683800
2630400
2584700
2649700
2656400
2678900
2642000
2683100
2672600
2655400
2674800
2682200
2613400
2655400
2646800
2684500
2689700
2660500
2658500
2659200
2684500
2662000
2625100
2655900
2671700
3163400
2654100
2617100
2653200
2593000
2605000
2641700
2642300
2648800
2620500
2625200
2661700
2655300
2667100
2642300
2644900
2642600
2644800
2653000
2667800
2675500
2644100
2627400
2660200
2643000
2685500
2665400
2700400
2638000
2640900
2634100
2650900
2660500
2656400
2653100
2636700
2626500
2636500
2658800
2660900
2656200
2641100
2696100
2665100
2643800
2648800
2657100
2630600
2695300
2579900
2673100
2660100
2644000
2646800
2700800
2735000
2658000
2644600
2636600
3181100
2687500
2642100
2655600
2660600
2713600
2678500
2647100
2678800
2624700
2656000
2599800
2678800
2694000
2666900
2629500
2636700
2627700
2631400
2645100
2663900
2677400
2674200
2615300
2653200
2636000
2661600
2688500
2660300
2679000
2690500
2667500
2659700
2653800
2677500
2654400
2689300
2644900
2628700
2643600
2676000
2699100
2697700
2626900
2652700
2613500
2684400
2858600
2740100
2794500
2819900
2802200
2892500
2733100
2813500
2798900
2852600
2943200
3548900
3283100
3361300
3123600
3245500
3332300
3268200
2697900
2712800
2740100
2683900
2679500
2679000
2678700
2662800
2668100
2691600
2831500
2795700
2879200
2799700
2901300
2669500
2679700
