528700
532900
537100
535800
536100
532700
533900
547300
535700
533200
542700
544800
563100
540900
533600
531400
526700
528800
530100
528200
527600
540100
528900
528300
529900
538600
530000
529200
528700
532000
538100
528800
530800
529700
528800
528800
530400
529500
530500
528300
535200
544300
531400
553400
534300
533600
535000
535400
534800
536700
536100
541700
551500
574000
535600
585000
551900
590000
630400
658700
653900
659400
623600
639700
637600
646300
534100
615100
627500
672000
629200
632500
623400
646500
644600
556500
536100
545800
536900
529300
533900
534300
529600
529500
533400
539800
528400
537600
531900
530400
532100
527100
527000
535800
529700
528600
543400
529200
530800
560300
532000
588400
530000
570400
584400
538600
584600
542600
535400
536300
566500
529300
530400
533100
538600
529400
528900
528500
529400
531700
530800
529000
531100
527700
529500
529800
531500
528900
529200
530500
539300
540200
532100
534500
531500
530300
532900
533900
531700
532000
538800
531300
533000
528900
528500
529400
528000
538700
531400
530800
533400
529500
529500
529900
528900
533900
532900
529500
528500
537000
535200
529000
536800
528900
533100
532600
528300
528300
532200
539000
529200
535900
531500
528800
528100
529900
530600
529700
541600
528900
548100
530000
542400
534100
535400
530700
534400
536200
532100
532500
539100
528500
535500
531800
539700
559000
587600
555000
527900
542700
534700
605800
546000
530700
538300
532000
537800
530900
555300
532100
530400
532400
530300
534300
530200
531000
530300
535200
530700
530200
531600
539100
531600
540100
532700
530500
528600
539400
531400
531300
528800
530600
526500
530300
529300
539000
530100
528600
529900
530100
1127200
531600
529700
535000
532600
533000
530200
530700
530800
532100
529800
533100
550200
529300
536200
537500
533500
534300
530500
529400
532100
531700
538800
535800
538500
529200
530700
528600
530300
529200
529600
531700
527900
529300
540400
530000
529900
528300
538500
538000
528600
529600
538600
530000
531000
528500
533800
539300
533100
530000
538500
534400
531100
539800
529900
532100
533900
533600
538600
531700
531800
533800
529900
535200
537500
532100
529500
529700
529600
530300
529800
530200
538000
528900
530600
528800
528900
537400
527600
530000
531000
531900
527100
529800
529100
537500
540500
529700
528900
528300
528600
529900
532300
528500
528200
529200
539100
531800
528500
530800
528600
534000
530700
530500
532500
532100
529200
538000
540100
532600
529600
529800
528200
531100
529800
540500
547500
530800
530100
530700
532300
530000
531000
531000
535800
530700
531700
530600
530800
531800
530900
548400
532200
530800
530400
530700
530800
529700
532400
530800
559700
530900
530100
529700
529200
528100
528500
535500
529900
542000
530900
531900
530700
531900
529500
544300
536500
529500
534900
528100
532600
534000
531000
530900
531100
530500
529200
536400
530600
537400
521700
543300
533600
531800
530400
543900
531000
532500
533100
534800
530900
530900
523000
530000
533100
532400
531100
536500
530600
529700
534300
532000
533900
528900
538700
541700
532100
527500
529300
527900
528500
529500
632100
530300
540100
529400
529600
531600
529600
529200
531000
528400
529000
533100
528600
528800
530500
530500
541400
529800
529800
531800
528200
529000
530800
529200
529500
529600
538100
529500
530400
530200
529300
589600
627300
603200
591600
531500
535200
531000
539100
536000
530900
531300
531000
530200
532500
532300
546600
533800
533100
530300
531100
536300
530400
536600
539500
530800
533600
535300
528900
534500
529100
534000
531800
531500
534500
538800
527900
529800
531300
526900
530100
538300
539600
529100
531000
528500
528600
528600
531500
549800
572200
569000
572500
539600
531000
1191100
542600
563100
536500
550800
614600
536900
552700
604500
539000
528800
548200
547100
564900
534900
539300
549000
571400
538700
580100
588400
537000
546000
540900
568800
536600
580800
531900
528500
531700
530400
526000
530200
536600
537900
531200
528800
528900
529500
530500
529200
530800
529400
528600
528500
533300
531400
532100
528100
530000
533300
538000
531600
530000
529500
532600
529700
529600
531000
530700
528200
529700
529000
558300
531600
530700
530100
530300
538200
534900
530700
531400
527800
529300
531400
533700
529300
529500
528900
530200
532200
535200
535500
537300
532700
533900
533300
532300
530200
529000
531900
530300
533400
564400
529900
530600
533300
528900
531700
537600
532900
564000
531600
531600
534800
528600
529300
603200
560100
532600
536800
533800
529700
608600
583800
531000
529000
545200
591100
602200
527600
546000
541100
565500
586600
531500
529500
595600
582500
534900
531700
538700
530500
561100
563900
578000
582100
530100
531700
597100
529200
530800
528700
534100
542100
530600
529000
530900
530900
534700
537800
530800
529900
530800
539000
540500
530700
530600
530200
530800
535300
539300
531900
531200
534200
531100
529200
532300
532100
530900
531500
533500
532200
531400
530300
545000
531800
538000
529000
531500
537600
538000
528700
529600
530300
530500
528700
528900
533200
531200
531100
529200
531000
533700
538600
529000
530500
529700
529000
527800
529300
528700
531200
529600
529300
529400
528600
528500
531400
529400
529300
529200
528400
530400
530300
536400
529200
531800
529200
535000
532300
530800
527100
538700
572100
541200
528300
529000
528800
529500
537500
572200
546800
528500
542300
529600
536500
543300
533000
544100
539800
529700
534400
530000
530900
530000
532100
534000
532700
529600
537200
535300
529300
535900
544800
538400
530900
531500
531400
532600
533400
543600
548900
530400
531600
537800
530600
534700
560100
531000
531500
534000
531700
530900
533500
529900
531700
533100
531900
531100
530900
536500
536800
550300
532200
531600
541300
530400
1198700
530500
529100
529700
530000
530100
531700
528000
530600
538600
531300
532100
532300
530000
538600
530900
530100
529800
528500
540500
529800
528900
530800
539200
537600
529000
534400
528900
529000
535800
531500
535300
573900
539700
532800
547900
578200
545900
530200
568700
592300
528600
533800
542900
539900
550100
534800
542200
537500
546000
571400
544600
535100
536000
537000
540200
530900
531400
546500
551600
532900
529700
530200
531400
527500
524700
527400
530400
527300
531400
528100
531900
531100
539700
535300
531600
529000
529000
529100
529500
529900
531100
529800
528900
529900
529900
531500
529600
537300
533000
529900
529500
529700
539700
539700
529000
533900
537800
539700
529500
532700
531100
531700
529700
532300
529400
533900
528200
529500
529000
529100
529400
527900
530700
530700
541200
530500
531600
530800
530900
532200
535400
533700
534700
539300
534500
530900
550700
533600
541100
531500
531400
531300
536100
530900
530500
530600
533200
532800
530200
531700
532200
550700
531000
533100
531700
528400
529800
531900
531300
532500
531600
530600
540100
529300
530000
534700
553700
529600
533500
530000
532700
530500
531500
531200
535000
537800
533400
531300
530800
533700
537700
538900
533900
529700
531000
534900
530700
530900
533000
530300
532200
529900
530100
540200
531700
529200
533700
541800
528800
531500
529600
529800
530100
580300
578200
588600
579500
531200
604200
613400
685300
645800
572900
658700
634600
606100
540300
629300
612200
637900
581500
668900
671700
660900
619100
556200
599300
622700
535000
531700
539100
532000
533500
530200
534500
532300
534500
529400
530500
537700
532200
531100
531400
529600
540000
532800
530100
531600
531400
530600
534400
553100
530300
530800
532500
530300
530100
534300
530200
529000
538400
530000
533100
537900
529400
541600
529700
532600
540100
529100
528600
530400
529200
530600
531800
534500
529300
532600
539400
528500
530500
530200
529500
528100
529000
528700
529400
529900
538800
529500
529200
532500
527100
530500
530500
530300
529300
1104000
533300
530200
531400
532000
541800
553500
540500
532200
527300
599400
574300
529800
580000
610200
530000
562000
613900
530800
577900
605100
541900
569300
530700
549600
539200
554600
576000
529300
535800
530300
527200
529200
528800
531400
529000
529900
530900
530100
530000
531900
528900
533300
538400
528600
528900
531300
530500
527700
529700
530300
538200
530900
528600
540000
538100
530400
531300
538200
529300
531200
529400
528200
532400
528100
528900
529200
529200
528900
529700
545100
527300
538000
529100
529200
529800
527900
528600
530100
529800
533100
529400
529200
536700
529600
537400
551600
528500
534800
531700
539000
533500
534900
530600
531100
539200
529800
531800
533000
536500
530200
548100
529300
531100
532000
530700
532100
538400
530800
532600
539500
524400
534600
531300
530400
533900
552500
530300
530800
530300
530900
531000
528800
530800
529800
527600
528800
531800
530600
529200
528800
538200
540200
538800
527800
529500
529100
528700
536300
529100
532300
529600
528700
528800
529600
528400
528500
529500
526000
528200
534400
528000
529400
521900
529600
540500
529400
529900
529400
529400
528300
531300
529200
540300
534200
535300
532100
536000
534200
531400
530300
532400
529400
533900
532500
549600
531300
531700
541200
530600
533100
531500
537300
528600
532000
532000
531800
530200
535600
530600
549400
537200
531200
532300
532100
530200
533500
541000
531700
530200
532200
531800
531700
530600
540300
547000
539000
530400
538200
530400
532900
530500
531300
533900
528700
535900
534900
531800
530700
533500
560400
531600
532600
531700
561400
530800
532800
530600
530600
529400
542800
528300
531500
533100
530800
554000
532300
531100
532100
529600
531600
533900
532300
530100
529400
534600
530200
533500
537100
529400
547100
530600
531400
534200
530700
530600
652300
529100
530600
533500
527700
531900
534100
534700
530200
557500
529100
529400
530900
530700
533800
531800
551700
529800
528900
530400
531000
530600
528600
530000
529500
530100
530600
530200
530000
529400
581800
547700
1117100
538100
531200
530600
529500
541600
554600
534100
529300
530200
528100
531300
527900
528300
541500
529500
538300
530700
527100
529200
528800
528100
529800
530200
529800
530700
530100
527500
536200
528700
529800
530200
529800
529200
530900
530600
529800
528300
536800
529700
534000
530000
526300
538700
528900
531400
531100
530600
530700
529000
530400
531500
529200
534100
529700
537800
538600
536200
537900
529600
529800
529600
529800
534700
533600
548400
531500
531200
540700
532400
530800
531200
540400
533200
530900
530900
530900
540100
530900
529200
553300
530900
531200
531100
531300
533600
535100
532500
530000
531700
532400
533200
532400
531100
579500
551900
531300
535700
538100
571700
531900
546000
548200
541500
576300
587000
531300
549000
554200
551300
603100
531100
573800
539100
534300
544500
533200
539800
552500
608800
528900
599100
574600
576900
540400
600800
613100
529200
539200
531600
536800
529100
531200
538500
529200
536100
530200
550200
533300
538500
530600
528800
529700
530000
530400
538800
527400
531000
529600
525900
528300
527100
527500
529600
530500
531100
538000
528700
530600
527600
527500
531000
528900
528600
529100
532400
529500
530800
531300
539000
532700
530400
530400
537400
532800
530300
529300
528400
530700
529300
538600
530200
529400
528700
531900
528000
529000
527500
531700
529100
532200
528900
539700
527800
529800
535300
548600
530400
531800
528700
529800
539500
537700
533800
531300
552300
552000
576800
543300
559000
530000
550400
540800
567400
561200
530600
741400
581300
560700
583200
531100
576500
530900
570700
538200
547200
528100
529700
538500
531400
546900
528800
590900
580700
545300
533400
531400
529000
529000
529900
529300
541000
538000
528800
533500
528800
533400
531500
529500
534400
530800
528400
529400
530700
528100
529100
530400
528800
530000
531100
529300
538500
528900
528800
531600
539000
528800
529500
529500
529100
531900
529100
531300
539100
529800
534400
555400
531300
530400
530700
539900
530900
534900
530500
548700
534800
531900
1090500
528800
532100
529900
531000
530000
535000
538900
532200
531000
530900
553100
533900
530100
533200
530300
529500
530400
535200
535500
557400
534100
530000
532100
571200
529400
570800
539600
534300
531800
546300
530800
539100
538000
552500
533200
532300
534100
539400
532100
570900
539900
608500
542500
541200
539500
554400
537700
537400
529400
549200
539200
540000
533600
558100
532500
529900
531200
541000
530700
535000
531000
532900
531200
532400
535300
578500
599600
590700
558600
545800
530300
530400
529500
531300
531200
538500
530400
528000
527400
532500
533200
528600
529800
529000
529700
530100
528900
529100
537700
527700
537800
528200
531000
520200
537100
525500
533800
533500
529700
529100
529500
529900
527900
529500
528000
534100
596600
634100
594200
640300
659000
609000
585300
575700
651900
671600
656000
634800
606900
648600
538300
558100
539200
532400
540400
542900
545000
569900
529600
581100
531600
543000
545000
544500
550200
531600
575200
583900
576500
530100
561100
592800
528600
565600
603000
531200
554800
566900
607300
532600
557500
579800
529200
530100
534400
607900
531900
534100
532500
530800
530600
533200
530600
538400
533300
531100
540800
564900
532100
530700
530700
532400
531900
529000
529900
530500
529600
530900
531900
530600
532300
543400
548200
532300
532900
531100
537400
533500
532100
534000
530900
530500
533800
536900
532900
531700
537800
550600
534400
531000
533300
533400
533200
531100
532000
530600
530600
533600
533900
531200
530400
530000
548200
532000
529000
530900
531600
529600
535100
538000
532300
534100
530100
530700
532600
531500
531100
549300
534400
537400
536000
580100
538700
553400
537300
546600
530200
569000
529600
573400
537000
543000
575800
531000
584800
605000
531100
575600
597100
529200
557000
529500
529600
532600
531200
531400
533300
533300
530600
529100
529200
538000
529600
529500
530700
530600
537200
529600
533200
529400
540600
538600
538700
540700
530700
533100
532500
531200
531100
531900
535400
533600
531600
534500
531600
532400
531300
1209100
542200
531600
530900
532900
532100
534400
533300
532600
532000
532300
532800
555200
531800
533800
583800
562500
584300
585300
546500
615000
635000
651600
646100
634000
664100
661000
658200
605900
543700
654700
664600
706900
621200
644500
649400
644000
688000
685900
579600
549700
529600
530700
529700
529200
528300
531600
529600
533400
535600
529600
529600
531200
529300
529000
531500
534600
533000
532300
528900
530800
539900
531800
531600
532900
530000
530600
549400
531300
531600
531800
535300
539500
529800
532100
532500
530700
530300
527900
531800
529800
532600
546400
529500
531000
532300
530600
536400
530500
541100
538800
531300
531300
534400
530800
531400
530900
550400
536000
532200
530200
531000
530300
536900
532500
530100
531200
528400
531300
532600
531900
528300
542500
530000
530000
530000
530900
531100
538400
538300
528100
540200
529200
531200
529000
535700
529000
533100
529800
531800
537900
532000
530000
533000
529000
529700
528900
529700
531000
540200
531600
528300
529500
530900
530000
531700
528600
531800
529000
529700
538500
529300
529200
529100
529300
529700
530800
538400
528800
530100
530700
532800
532000
532200
533300
529800
532300
532700
534300
530400
530700
536400
531600
534500
534800
529900
532000
530100
531100
532600
530900
530000
530900
530700
530400
532900
559400
531000
531600
530400
530400
534400
532400
531100
533000
533800
541800
528700
545300
529400
530100
528800
533600
538500
529600
535400
529400
529200
539200
528500
529900
532500
529100
527300
531800
528300
530400
529600
527800
529200
541800
529500
529000
529200
537900
531100
528800
539300
535900
530100
529000
531600
529800
527800
538300
537400
538800
531500
532400
528700
528600
529000
529900
533800
529200
538500
538200
534900
530900
528400
529000
528700
527600
532700
530000
528700
530100
529600
529500
528700
533500
530500
529500
538100
541800
531600
540800
530300
531400
530100
528300
534100
534800
530400
529400
553300
538200
531600
530700
532300
532600
539900
535600
531700
530700
531300
529100
530600
531100
1094900
529100
535500
532600
531300
530700
532000
530800
532500
530600
531400
533100
531800
529700
532500
533500
529100
538700
530200
530800
533900
530100
531100
532800
529400
533500
531000
538300
530100
532800
552200
538000
533800
540700
545200
531800
531900
538300
562900
536700
584800
531600
563700
532500
577500
535700
548000
537400
563600
597800
530800
541400
531500
530200
538500
530000
528000
585300
583600
533700
555200
542900
539100
550800
540500
528800
534000
530100
530700
530600
538200
529600
529300
529100
528300
530900
530000
528600
531400
529700
529700
532400
531600
530700
529200
532000
532300
529600
544000
529400
530700
530800
532200
529500
533300
538700
530700
531300
532500
539700
539300
532100
541600
539500
532700
529500
529400
528800
528800
535200
535700
532000
531800
531300
531800
533800
531900
533300
531600
532100
529400
531300
533800
544500
536400
539900
530800
540400
531800
539700
529300
542200
529900
532400
529300
529400
531400
539100
531400
529800
584500
532700
541400
536600
556800
547000
534500
547800
537900
529000
552600
534900
539700
547400
564900
531200
539900
528400
599500
589500
529600
579200
538900
540100
547300
543100
535600
557100
535500
572900
531400
532000
539500
586000
601900
534700
531000
530400
531700
533700
531000
528300
529900
530000
537800
531200
529900
529900
528800
529100
530600
527600
529300
529700
528800
528900
532300
529700
538000
529300
530400
529600
537900
538600
531400
531200
528800
530700
533100
528900
530800
529200
530300
532200
530200
528800
528700
529400
532000
532000
532200
528500
529500
537600
531200
537700
529200
529300
528300
533200
528400
530900
528500
529700
528600
529300
529800
531500
527400
531200
531900
538600
531500
528400
532200
528500
528800
529100
540100
538700
534900
584700
577300
530300
533300
575700
530800
554800
529500
530800
542700
539500
536400
533900
532100
570300
539500
549000
541500
529000
529000
536400
537600
543100
570100
536400
544400
614500
537500
597100
586100
528400
571800
608600
548300
546400
529200
529000
1105300
536400
541000
530000
529100
530300
540300
530700
533300
529700
529900
544800
535100
532100
536800
532900
533000
535900
551300
532300
533100
545900
529200
528500
529300
529200
529900
527700
528200
531700
527800
529000
529800
553800
533100
535400
544400
533800
533000
532900
533100
540500
529700
529800
530900
529900
529200
529900
528900
538300
528900
529900
531700
532300
531100
532000
535900
543000
536600
532300
536300
541500
543900
540700
537300
541700
545900
549300
567600
541400
537100
571400
541300
546700
554200
540100
533400
601600
620100
532900
564200
561300
540500
545100
539600
541700
544500
542000
533200
530500
599900
540300
613200
609200
530900
529000
588100
622000
528100
584400
624900
556400
531200
531000
530600
532500
530400
532100
529800
549700
530200
529200
530500
532400
530700
528700
553000
530800
530900
530900
538200
538900
535800
535500
528800
528800
530300
539200
533600
529600
528700
530200
536900
531300
539700
529000
531300
531100
530400
536200
530100
530000
531100
530100
532200
540500
530900
540000
531800
529800
539700
539300
531400
530100
529200
529800
535300
530000
529000
528500
533600
526500
538800
533300
541500
539800
535000
531600
534200
533300
552500
538800
552000
532700
537800
532900
535000
577500
548600
558700
544600
538300
533500
616600
602100
551400
600700
604600
531600
581700
537500
565500
539100
528100
531500
529000
529200
533200
530800
545000
532800
546600
538500
532600
530600
529800
535000
531600
537400
530500
536600
529200
529400
533800
528500
528700
529500
528500
528200
532100
536900
530800
530300
532400
539900
531500
533200
528100
529800
540100
543300
530100
535900
529500
532900
529000
529400
529600
531600
530300
528100
528900
528800
529200
531500
528900
531600
530400
541000
532600
529500
532100
529600
530000
530600
532600
531800
530900
528400
564100
537700
549700
533800
528900
537200
531700
530500
544200
530500
530500
530300
529500
531500
529000
529900
528500
530100
529100
531500
527900
529500
529700
531200
529800
532100
530000
532100
530300
530400
543400
1121900
529600
532900
531900
533900
533400
537700
531400
537300
541900
533100
533200
541000
529200
533100
528800
528100
531200
530000
529500
527700
527300
531700
534300
534100
535300
542700
550000
536700
534200
542800
543900
528400
537700
532400
534600
528000
538300
527400
527900
531000
530400
536400
531900
532900
542400
534400
533400
533800
542000
532700
531300
533600
532000
529600
530400
530100
530000
531300
528900
529500
530900
531000
527800
533600
534500
538900
532900
533600
535300
550700
534000
531600
531900
531200
535700
549000
531800
537300
530000
538600
534300
529700
527900
529000
529100
527700
534300
545000
535300
531800
549600
532900
539200
534800
532100
533200
529300
535100
614100
607600
534300
681500
593300
661300
726800
716700
742300
750800
720500
662100
699700
724000
678500
529300
661900
651100
735700
733700
711700
713700
771200
755600
744800
726800
541200
536000
534500
531000
532300
545300
533000
529100
530200
532600
536200
531900
530100
529000
537200
536200
543700
538100
535200
538100
542000
539400
536000
552800
537300
538700
536400
535300
537300
535500
536700
539400
537000
543300
536500
538500
536300
544500
529700
529100
539400
527900
528600
534100
529400
529400
532700
544200
532700
549100
531700
534200
549800
535400
536400
536400
532800
534900
529500
529600
532400
532400
529100
528500
529800
528600
535800
532900
541300
535300
545900
533000
538700
534400
534800
530900
532700
531900
536100
528900
529300
571700
541100
531300
532200
609100
593800
533100
588800
537500
547100
537000
530100
533000
562900
610300
535800
605800
535700
565900
539100
576000
533400
530800
531100
564800
538200
549800
528900
529400
529900
537000
536000
578400
530000
565600
603000
531400
535200
539600
538600
534000
529700
548000
532300
527200
529100
529300
531300
528100
540800
537600
531100
531300
527700
541800
530000
538600
552900
531200
530700
553100
528900
529600
531300
530700
530400
531900
529300
530700
530800
532500
536900
546000
530700
531800
538100
539000
533400
531800
539900
530100
531200
529400
1133300
533700
531200
547500
530800
533400
532400
530000
535400
540800
537200
538700
541100
552600
539500
554500
533000
556100
533900
579600
537100
578800
572100
556000
586700
529700
570200
530700
536700
540200
530800
533400
533500
582700
538800
571900
538300
545800
541300
560200
539200
556800
545100
575300
586600
531400
556600
537500
530900
538200
528000
533700
532000
532300
542300
534500
531000
530900
532300
532300
534300
545900
530500
531800
536400
530000
530700
529600
529900
530600
544000
530100
531800
531200
529800
531500
542600
535300
531800
533500
530800
533300
533200
530100
530900
530300
542100
532900
528800
529500
530000
545800
530000
532700
533800
530000
530100
530200
527400
532600
534800
534300
535500
532000
533200
533900
532900
529900
531200
532300
532800
534200
529000
530100
537000
540300
533500
529000
548900
540200
551300
537200
532000
528600
543400
538300
539500
529600
547400
538900
534300
541600
530600
570500
544900
543000
539900
545100
529400
532900
538900
534700
544500
538000
550700
544100
539600
530700
551500
590400
600500
533800
531300
531200
534600
530500
534400
533500
535500
530800
531100
532500
529500
542100
537000
530600
534200
531500
531500
531500
533100
531100
529800
539500
532100
522000
533500
540500
533800
585000
536400
531900
530000
529100
533300
528600
533700
529200
529500
529200
531500
537200
529200
529900
529900
529100
529200
530800
536500
528500
528200
538800
528700
531800
537800
528700
520800
528900
531300
530800
529300
529500
529400
527200
530400
534900
529000
528000
528800
537500
532800
538200
531000
529800
532100
529000
539200
529800
532500
557700
583900
539600
555500
539400
549100
533100
529700
530200
605900
608000
535900
561700
529100
543100
541000
559500
534600
560200
542900
553100
598300
551200
550800
532100
529200
533000
533500
532200
533700
539300
530400
532800
531300
530500
530300
531400
526700
546700
530300
533000
541000
531600
528400
532500
542700
530100
537200
530200
531800
532100
538500
528700
531900
528900
532500
538800
528600
527700
528700
535500
1090200
528300
531500
529700
534400
530000
543100
531800
536200
530000
540000
533200
529700
529400
535700
540500
530800
533200
529500
530600
530400
532200
528400
532200
531300
531600
533000
531500
538000
532300
522200
546100
529400
528900
531200
530100
545000
531800
530500
530500
532300
529900
530900
531700
530400
529800
525700
541000
536300
534100
538400
528500
532000
532400
531500
528300
534000
530100
531200
528700
528900
529100
538800
531800
529200
529500
531800
529000
528800
531500
527500
529000
528500
528600
538000
530400
531900
530100
530100
529200
531100
539400
527200
538800
537700
529600
529900
531500
538900
528700
537900
529900
530000
533000
528100
531600
527500
529700
533400
528100
527700
529400
532100
530100
531900
528600
530600
529500
529200
527800
532900
530300
530400
533700
529400
531700
534200
528300
530700
531400
529800
530900
530600
531300
529900
544000
543000
542800
532400
530500
530500
530800
531000
532400
534200
531500
529800
531300
534300
535900
544100
529200
533600
531900
531000
534900
531200
532700
531000
530700
532800
531100
530600
530700
530000
547000
532500
534700
533600
531100
530700
530000
531400
531000
528900
530300
531300
530600
534200
530500
553100
530600
527900
532000
549200
532100
534300
533300
531500
532900
530800
530400
529600
530100
530300
547100
541300
538600
537000
530500
572100
536200
529700
535500
531500
531400
538600
556800
530800
531100
534700
530800
534300
532000
532900
530500
537700
531200
534600
534300
530300
529900
531400
532800
531500
546500
532500
529800
530100
533200
531400
531000
534300
532300
535100
533800
529800
530700
530700
541900
553600
532300
527500
536200
531600
533200
539400
529500
531000
537600
527000
530500
530600
531900
528700
530400
528800
528400
527900
532300
528700
528800
529600
528300
538800
535900
531400
528600
530300
530000
530200
537000
528700
528100
528200
529300
533800
528700
529300
529400
530300
569300
546000
536700
538700
567200
580000
535800
579600
542100
568200
538700
578100
575300
541800
584100
591000
532700
557300
1224200
560800
538300
577500
622500
534700
597700
591600
531000
539500
594300
599000
531900
540300
534200
535000
529600
531100
534900
530800
530100
532700
530600
531200
532500
541000
530700
550400
530300
537700
538500
530700
531800
530600
533300
533200
530600
532600
532700
530400
531600
549400
551600
540400
534400
539000
529600
532300
530900
531700
532700
530900
532900
530600
529700
533400
529200
547100
541700
531500
534400
540400
534600
534300
531000
530600
538400
528800
531000
529100
536000
529700
543700
535300
543900
532800
539700
533400
541000
536800
561700
590600
532400
530500
531300
559800
543900
570100
548700
530500
534200
554200
534400
565600
538800
537000
534100
562800
540300
586600
588300
530800
558400
555000
575000
534100
538600
579300
529600
548900
542900
540000
529400
529200
535900
538600
545400
530300
530600
536800
531000
530200
534700
527400
530200
530300
530400
530500
547300
614100
676300
638300
611900
625100
608500
612400
579300
634100
637400
608600
683100
687500
699500
539700
537200
543100
539600
558500
536700
536800
540600
542000
538500
534500
532600
531700
554400
538300
535600
532900
535500
534600
556500
536200
534300
533500
533600
542300
534300
544000
532300
545900
539100
531900
535300
529000
528900
530400
535700
562200
540400
528900
533300
567000
603600
539700
562800
542400
535600
541700
560900
599400
534800
749100
624400
601200
563700
609700
632300
667500
711700
680300
730100
758000
686400
722400
619200
641200
654500
649300
688600
669600
706400
675800
733700
722700
720800
531200
531100
530700
535200
534700
529800
533000
533100
531700
532600
532300
540800
531500
530000
539300
534200
533500
531500
533500
532000
559700
533600
531900
528900
531200
530000
533100
530800
528100
538500
529500
538400
533500
529100
527000
527700
531900
535100
538100
540900
531800
538300
531200
537000
543500
530200
530400
531000
528400
544700
531100
529000
530000
529800
529400
534200
529400
526200
530500
529000
531700
590500
613700
568000
544200
547100
557700
534100
531500
612400
528500
539000
583200
1243000
588100
597900
535900
534300
595000
590100
547400
528700
528700
528400
533600
527000
530300
531100
529900
530400
531100
527400
537700
528200
529000
531600
530300
537500
538700
535500
526600
529800
530400
528700
529600
529800
547200
530900
531800
535900
533200
532500
531300
542000
530100
529800
530700
530000
530900
535500
536400
544300
531600
533800
530500
532300
530200
530800
532600
530900
530300
532000
531000
530900
528900
530500
541600
530900
530300
529200
528900
527400
530900
536900
533700
529000
530200
529400
530300
529100
550200
538500
531200
533200
531000
531800
530700
530900
529600
530800
533900
530100
531700
530200
533300
532100
561800
529400
530300
530600
530000
536000
530100
541200
531700
528600
538700
534500
528000
528400
532800
529400
538000
531300
528000
538900
529600
529500
529900
567400
531800
529600
529100
530900
540100
530100
533800
529200
529800
528100
532300
527300
537900
528200
528200
529200
531200
538000
530000
537700
528300
529500
529400
530000
526900
531600
529800
529400
530100
530000
530200
531800
529100
531400
533500
539500
538800
532000
530100
533000
528900
529900
534500
532100
532200
533500
536400
531100
553600
532400
535500
536500
532200
531500
530300
530000
528000
535000
529000
532300
531700
529300
530600
526900
529000
529200
531000
535500
534900
535500
532800
540500
532200
531800
534000
532700
533500
531300
552900
532400
534400
532600
529300
534900
531600
535000
530200
530200
533700
533500
532100
535600
530000
556200
531300
535200
530700
536200
531900
535700
533300
529600
530600
537600
530200
529700
528700
529700
530600
529300
529700
530400
529300
528300
531400
528300
527400
540500
529600
530500
530900
529100
537100
528800
531300
530100
531000
528700
529700
538000
530000
530100
530600
533000
537900
530900
528500
535100
539700
530300
529100
530100
530100
538900
531200
530200
528400
531000
529100
530300
529400
533400
530800
529900
540500
532100
538800
530500
534400
529100
531200
540100
530500
539500
532300
530300
530800
551200
530800
530700
531200
532600
1126900
528500
530900
529400
529600
529600
532900
529300
530600
530400
529100
533600
531700
529800
540500
532400
530600
528100
533200
531900
531800
533000
532500
531800
550600
531500
530600
533900
531000
529600
529800
531500
539900
533900
531100
538100
529900
530500
531900
557800
530800
541700
531600
541000
530000
539400
539700
532200
529400
531000
529500
531100
531700
533300
547500
530800
532400
529800
542200
532800
530600
533800
528800
534500
532900
529300
531400
530200
534900
529400
532400
529800
538100
529400
534100
529000
530700
531500
528900
528100
537600
531300
529200
530500
529000
537400
529100
531200
525900
537600
530300
537300
528400
540300
530300
530000
530400
529300
531000
531800
543000
529400
527500
529000
529900
530500
528800
530300
529400
532500
534500
529400
529900
528900
531400
531100
532900
528000
528600
529300
529100
532200
529700
528900
528600
528900
537400
530600
530500
527900
530900
543200
554800
536500
550200
540200
568800
530800
549600
533600
577300
539700
555700
576500
542600
576000
528900
530200
535300
550400
531800
540200
528300
542300
529900
539600
541100
530100
531400
542500
534100
541800
542900
533600
536300
540600
530000
540700
549300
533800
530400
529500
551900
529300
533700
539500
531500
529500
531400
529900
531400
531300
527100
530200
532900
530000
534100
547900
533000
537000
537900
530600
534300
528300
529700
529900
527600
530800
535500
530000
536100
527400
527200
531500
527400
528300
527500
529300
528100
530100
526500
531700
531100
535700
529300
530600
532200
528500
532600
528900
533300
530600
530600
529100
529000
531700
541200
528800
529600
529100
530000
529400
532300
528200
529500
528300
528100
528800
529600
530400
528700
530600
526400
530000
531900
530500
530100
529300
529100
539900
527300
529800
529300
590500
529400
543300
539200
556000
547100
530200
540200
579500
538500
551700
538100
572100
538300
577700
538300
568000
540500
576000
541500
572900
537200
570900
590900
532700
572300
538600
562500
540000
538600
550000
532800
560200
530500
540100
551500
529100
1163600
533600
530000
531300
531800
541600
541500
530500
533300
531500
531300
532900
552600
531000
530200
530500
531900
533500
531000
532300
530100
530000
531700
529500
531100
529200
534300
531400
531700
532200
532800
530600
529900
530700
531500
533000
533700
532200
529000
529900
536200
528600
529600
537500
529700
528900
530500
529200
527700
529800
531300
530200
532900
530200
530700
546700
529900
529500
531900
530600
529100
530100
530900
536600
531300
527500
530900
536100
576100
572100
570400
535400
577100
528300
539700
543800
540500
527600
567700
584300
541300
584000
530100
601700
537700
560600
538700
583200
540300
538400
539300
548800
534400
546900
554600
537800
531200
538200
582500
596900
534200
530100
529100
529200
531800
527100
536900
530200
539200
530700
530800
552100
531300
530100
530200
529400
532300
530600
531100
533800
528000
530900
528300
526500
527700
528700
529300
529200
533600
527700
528900
529900
530400
532800
530000
528000
540600
529800
532500
540500
547700
537500
529100
533900
530300
531700
528800
529300
528100
529600
531200
530200
529500
529100
528800
528900
532800
528800
532000
531200
530000
531200
535400
530100
530600
530500
529500
529800
535200
547100
532600
532700
529800
599900
540100
546000
529900
538800
558500
539200
577200
530100
581100
539200
577000
542200
559800
609700
536400
572000
604300
533300
603500
609100
528600
533900
534600
602200
589500
531100
530100
560300
615600
602700
528400
535400
531000
531300
558900
534800
534500
552700
529700
529300
539500
529800
528300
529300
529400
530900
532200
529800
539400
531600
548700
529400
537700
531100
535000
530800
533800
539500
530000
529300
531000
529500
529900
540000
530200
538500
529800
529000
529800
552700
528800
528700
530800
534400
534000
534800
530800
529500
529400
550200
532900
531400
541700
531000
530600
535100
530300
529100
538400
540800
527600
541000
530100
528700
531400
534000
532700
529200
532600
530600
531600
528600
535300
563400
533400
540000
535700
532900
563900
536000
601000
603800
535000
563500
584100
1334700
620500
533800
630800
652700
644300
658700
659600
662500
661800
713600
666400
609800
574900
564500
646600
648600
641600
681300
651700
646200
661700
553100
533000
531000
540500
560100
606800
588800
535600
534900
530700
532800
531800
530500
532000
530500
530300
539400
530900
561300
530300
531500
528700
538700
528600
536600
531000
533600
530600
531500
537500
531600
530900
529800
538100
531100
530400
533300
548100
533200
528800
529100
534200
529800
530700
528400
530300
529000
537100
540200
528700
532900
545100
569500
538200
554700
540100
553200
538800
595200
540700
567100
538200
548000
721300
616700
619800
536400
530800
531600
529900
531500
531100
530400
530700
530100
529500
529500
532100
530900
550900
528400
529700
529400
529700
529700
528700
529900
529700
535200
529900
539800
530900
531800
547100
531500
530200
530000
540400
533400
534200
533000
539700
530400
528900
537900
528800
530000
528400
527600
530000
529900
533300
529300
528100
528600
531200
531600
530100
539400
531300
530800
532300
541900
531100
530000
532600
530300
530900
530800
531800
539200
536800
529200
530000
528500
540400
538600
529900
530900
531000
532000
528500
528500
530400
539300
535600
532000
534400
530300
530100
528800
548200
533200
530000
529500
529000
527400
531000
530000
528700
529900
529100
530900
530800
537700
531100
550400
539000
529600
542000
528900
538000
540000
530000
530500
530900
531300
528700
537800
539200
529700
532100
529200
529600
532000
536000
537500
531400
539700
532600
532200
539500
530400
530000
535100
551200
539200
537200
545800
530600
530100
527200
528700
538300
536200
529400
528900
529600
530200
528800
529900
525600
528600
529800
530600
530600
532000
530200
529800
529700
531500
533700
530300
530500
549900
532900
530500
533400
532400
536200
537300
529400
530800
544800
533900
540200
530600
528900
557900
532000
531500
528700
529100
527900
528200
531300
539000
527500
527600
529600
532900
530600
542200
529900
530000
531400
532800
531800
538900
566000
530600
539300
532000
529600
530400
529300
530000
530200
1149400
529400
529100
528500
538700
529700
534200
531100
530200
531100
528700
533100
535000
551600
529200
536500
531800
529300
528500
530800
529400
530600
530100
534700
529600
531100
530100
552000
531000
533100
530700
530600
527400
529300
533700
534500
529500
529400
530600
530900
531800
531200
531700
529600
533200
532900
533200
530700
533600
530700
530100
530200
531400
530300
530500
531700
545500
532500
532000
530200
531300
531300
529100
533400
529800
529200
528600
528800
537200
533000
530100
532600
531900
532100
603500
578800
531400
530700
530800
537900
528200
541700
529200
529900
539000
529800
529900
530100
530300
529700
529200
534700
535200
531700
531100
544500
533000
540600
531400
549400
528100
529600
538900
533600
530300
529500
529100
533500
533900
530100
537000
537900
530300
559600
673800
667500
672900
696000
660900
653500
671800
677400
612400
688900
710000
654300
696400
675300
633000
721900
541000
531700
532400
537300
532700
535200
535900
539800
535800
538100
531900
529500
528200
529100
533400
529500
529100
533200
538200
528700
532100
529500
547700
531200
528800
530500
532100
532000
533300
531100
531100
531300
532900
529800
530900
531600
530800
538500
532500
529000
528300
528400
529100
530500
528900
528400
529300
530300
530600
535400
534900
548500
531600
534700
532600
537100
533500
533500
533000
672000
688100
693400
701200
630000
672500
652000
637400
692000
674200
718900
636600
690200
695800
649700
712700
555300
531700
538500
535100
532000
530500
530200
528100
532100
533200
528300
529800
529200
531000
534400
533400
542200
534000
541300
533200
532000
533300
531800
535500
528600
539600
533000
533200
531300
551200
530000
536400
534900
531500
531000
538100
533800
529300
530400
528100
529700
538000
529400
530900
531100
529500
528200
529100
530100
565100
535800
543800
549500
545100
582100
541200
529000
537300
540300
539800
542400
592600
621900
529300
606100
567400
528700
580200
535700
572500
536000
580900
613500
532600
569700
537800
580400
533600
556700
536200
589700
529900
537400
539700
1115300
529600
528200
539800
533500
540000
532600
532300
530300
531000
539700
530700
531800
530000
532500
530400
530000
529000
538200
532800
529500
529200
531100
539100
528500
529400
532700
532700
531400
541400
531300
535500
551300
529700
529200
531600
531700
532700
534100
533100
539700
535300
528700
528600
529100
529700
536300
532300
528300
527700
537600
529600
535200
529900
530400
529400
537400
530000
531100
526500
528800
529400
531900
529100
541900
531300
531200
529200
540800
530300
608600
535200
575800
531500
583700
633100
529500
560000
539800
539900
532500
533700
547100
531700
536100
572900
540800
574500
537500
563200
529600
566600
538400
555200
535200
573800
535100
549900
542200
587400
531000
589900
622600
562400
531300
535800
529500
531100
528700
528500
531400
527600
530400
529000
529700
528700
531900
528400
530800
529700
530900
531400
532900
531100
529700
531200
530800
540600
532800
528700
530800
530100
545800
530500
528800
529200
529200
528100
527100
530600
529000
530400
537300
529600
529000
534300
556100
531200
530900
530500
532400
532500
530900
532400
530300
529600
534700
532900
561500
529200
539100
538900
535300
530800
531800
527900
527500
530200
530300
528500
538400
531300
538400
530600
533200
549400
531400
594200
537900
536400
557900
548400
535100
570000
536500
578400
528600
589400
542600
575500
539900
532500
538400
582400
530200
585400
611200
541900
590400
545100
576100
541200
582600
530800
551100
538200
580900
543300
590200
606800
533300
530800
532900
528700
531900
529500
538500
527100
538400
530500
532300
529300
529700
530000
529100
528800
530600
532400
531300
541000
536300
547900
535400
536100
531100
533800
529400
529500
532400
532300
529900
530200
531800
531800
531000
549500
529800
529900
539900
532900
535100
532100
527500
528800
528100
532900
539700
532400
530700
527200
529100
529600
531400
529400
529300
531500
532600
541900
531900
529100
531100
531700
532200
529500
559000
530500
530500
540100
534000
532500
580600
538200
537400
539200
541000
560700
531800
536700
537400
534200
1258200
530100
582400
538300
538900
542000
528700
533500
612800
596000
534400
546100
529600
532500
531800
577800
622200
539400
556300
540900
547400
541700
571400
549300
531900
530500
531600
541100
534700
538700
531200
531600
532300
532200
537600
535900
531800
533700
534400
540300
533600
532200
531700
533100
533100
535400
534800
531100
531200
533000
532500
614300
639900
535700
628500
601700
608400
701100
655100
667800
695000
661000
670300
679600
660800
670800
660800
527000
634300
662800
684700
676000
653400
685400
636400
688800
710000
647100
572100
538200
566500
534300
588000
550800
569300
547600
565900
539500
581000
531000
542200
546500
541800
533300
549400
608600
609000
535700
541800
555200
537600
535900
582800
608800
535700
573100
539900
626500
626000
533100
532600
532500
531600
532000
530200
530300
530600
528600
526900
528700
538200
532900
530500
529100
534800
530700
531600
537100
533600
530400
531600
534200
555200
534400
532800
531500
531800
532600
533000
533800
531800
532300
538900
530300
541700
532200
533300
551800
530500
539700
529200
532300
539000
530600
530300
530900
532900
532500
530000
529600
538400
559400
544900
541800
534000
531900
580300
593700
532000
547200
601800
532300
574400
544600
570700
548300
579900
591400
554100
532000
530000
529800
538900
529600
530800
532600
530500
530300
530900
535900
532300
531300
530100
532800
529900
534900
532200
531400
529600
529600
529500
529200
530500
527600
529200
529200
538400
534100
532900
530600
541300
531700
528700
529800
532400
540300
529600
533400
547100
530300
537700
532000
530000
539600
529500
702200
704100
703300
594400
532700
532000
534900
532100
532500
532600
533000
539400
534200
530900
538700
539000
531700
530900
532800
531200
532200
552000
533600
536300
532300
529200
529400
530300
531300
539300
528700
533200
531800
529400
529800
531300
528500
532800
550000
531400
530300
532500
539700
530500
529800
530200
529700
534900
530500
531400
558300
530300
529300
530100
537600
539700
529900
537300
530700
528800
530800
529400
532900
529700
1140800
531500
529300
529800
534700
534300
535500
529400
532100
532300
530400
530700
532400
530500
548100
533600
531200
529700
547100
529400
531300
540500
533600
536400
533200
530500
530800
532300
550400
534200
533200
531500
532800
534100
540600
535600
543300
545300
530100
529800
529400
533300
528100
529000
529000
529500
530900
539800
539600
541100
530300
531900
534400
532400
534300
531900
541700
554100
533000
534200
540400
530600
531100
529600
539700
530500
529500
530300
531500
531200
542500
530700
529500
527100
527900
530700
529700
532600
529700
532600
531100
533900
530500
533600
532400
545500
530500
539000
531300
532000
530800
530500
538500
532000
530700
538400
528000
538600
529200
530200
526900
531800
528400
531400
532800
540800
533300
530100
530400
530500
543800
531100
530700
539300
550300
530200
531000
532200
529600
528200
531300
530400
540000
538100
531700
537700
533800
530000
551100
529900
531500
531000
528500
535100
529800
531300
529100
529500
528400
530700
533500
539100
528100
528800
530700
533500
531800
539300
533100
530900
529900
538400
530700
529700
531500
530900
530300
545800
530300
530200
540400
529600
531300
532800
533000
528800
531300
527500
531800
531600
532700
547100
530600
531000
536500
535000
540000
529800
530700
530700
532600
531000
530400
540100
529500
614300
529800
530100
528100
530500
529900
531500
533700
532500
531200
531000
540000
532600
530800
531600
543100
533800
532300
533000
533300
528300
529100
533200
529200
531500
529000
530100
530600
531700
530700
528400
530300
533900
530900
532500
532700
530400
533200
528900
531100
533400
533100
538900
530800
550400
529500
531900
531000
532600
534200
531900
529600
530000
532500
532000
530600
539400
533100
531800
533000
531300
532000
535800
529900
534400
529300
533700
535700
529700
530100
534900
540900
531000
559300
539600
540500
534100
530900
529500
530100
528600
530600
529500
529300
537600
526800
536400
550400
539900
541200
530700
535500
534500
532300
538200
529400
529900
530600
531500
531700
530300
530100
532100
528400
529400
1112900
532200
529700
529300
529600
530500
529100
538300
529900
529500
529800
532300
528500
540500
531200
531800
538200
546500
548800
600600
537700
557100
542500
558600
537200
541100
532700
588800
619500
536600
571100
545100
584900
537200
584200
533800
538300
543600
578300
533700
556600
539500
545200
551900
601700
545900
531100
544700
549200
543300
553800
530800
530400
530600
529000
533200
530400
533100
541200
530700
533200
534100
535100
530600
529300
537800
527200
529100
529000
529800
527500
529000
528300
540400
532300
542600
539000
529900
529900
530900
532200
551200
538700
539200
533300
530800
533900
529600
529100
529900
530000
528700
531200
527500
528200
531700
538200
530800
531300
529200
530900
528700
530800
531400
536300
533100
531700
537400
531000
531100
549200
529600
531800
533000
530000
531400
528500
530300
528100
534100
529500
530300
532800
539500
533700
578800
541300
565100
539800
551700
534500
569000
539400
592700
538700
554300
545900
532200
534700
532300
536800
531200
587800
531100
591300
608000
529000
603900
607900
528700
591000
617200
529500
601700
620200
530700
538800
538400
528600
529400
533200
532100
529900
528800
531200
532000
541200
531700
531800
530800
532800
530700
531100
533500
530800
530800
538700
528700
531600
534300
529200
529200
528100
531300
526400
532200
531000
528500
529700
530100
530700
531100
532500
540400
550600
534500
530000
536500
532300
531100
530800
529900
541800
529200
529100
531600
530100
533200
530100
527400
528800
532100
527900
529000
531300
530100
531000
529800
534100
541300
534300
532800
531400
549000
530200
532900
530100
531500
534400
564100
542800
539300
553300
529000
537200
589700
620300
543800
580000
537800
568600
536100
555200
539600
582300
529000
570100
541200
574500
563200
539800
538900
580100
597700
532100
598700
623400
538500
559100
537900
590000
550000
602700
601700
538600
532500
533700
531300
530400
530500
530200
530400
552900
530000
539200
530600
531400
533400
532100
552200
536400
528000
528100
532100
529700
528300
530400
529200
529200
1124300
530800
528800
528300
528800
529800
533900
533100
531100
529400
528600
530700
531300
529000
530700
534800
531400
532400
553700
539600
531400
531700
533100
518200
531300
531700
528500
526900
530800
531500
535900
527600
529400
531200
528600
534000
528400
528700
529400
530500
530200
537400
530600
530900
531900
543700
546100
576200
615900
528400
568900
537200
542100
535400
541000
537000
539500
570300
541100
553700
537600
561000
572500
538900
546100
530900
535600
608900
580200
529100
539800
601200
576300
528500
529700
536700
529800
529600
529900
529100
527600
534200
528600
539200
531000
528500
529600
532800
539000
538600
528900
531500
528400
529800
531600
532400
533000
529100
527700
532300
535600
532900
531800
549800
532100
529900
528700
528500
532000
532000
531900
534400
528500
529500
530000
529000
530600
529500
529400
530000
528700
529500
530600
530900
529100
602000
623000
570800
610700
531300
623900
649200
638600
615200
641600
639900
659100
667500
639900
540500
590800
658000
677400
632800
694500
647200
649100
659600
636500
541200
572700
535500
571800
530900
532600
547400
566200
650300
541400
570700
537900
580000
545200
532200
532500
539900
534000
560600
534600
560600
544400
537400
535300
568000
575500
529100
572600
548300
538900
545100
533500
534200
530300
531200
530800
532200
541100
532400
527800
536100
531500
535400
528800
531700
529100
530800
530400
531700
529900
528800
529400
526400
532800
530600
529700
530900
530400
530300
528700
532200
527400
537400
531300
527600
531300
529500
536700
528600
532700
537600
532500
528200
528700
529100
528400
534900
529600
530900
530100
530100
530100
528000
530700
528100
529900
530900
531100
537600
530400
531300
535100
530600
539500
533400
531000
549200
531500
529900
531600
540100
538100
530300
539500
533100
538300
532800
542500
541100
543600
530500
534500
531800
604900
590700
529500
529400
541600
574700
534800
549900
538200
555900
532300
561700
534500
540100
530900
531000
540700
530000
540200
531300
535700
541900
533200
541700
529700
530400
530900
551000
1225300
531300
531000
530200
529600
532000
530900
540100
554900
533200
526700
532700
537200
528700
529300
529600
532600
531700
529500
529700
528100
530500
532500
531300
530300
527300
529800
530800
549000
530200
529600
532400
530900
531100
532400
530700
531400
533100
530700
532100
532900
530600
531100
546400
532600
531600
535200
528800
528300
527000
529600
531000
531400
529400
529900
532600
528500
530000
528000
529900
529400
529800
529300
541200
530000
532500
529100
529900
530700
530400
533500
528800
534200
528500
529200
530300
529500
531300
528800
528900
528600
531000
538300
528100
538100
529100
531600
529500
531800
528700
529300
529200
531400
532200
529000
529500
533200
529000
531100
529500
532200
528700
529400
535000
541700
529000
535300
528800
533100
531400
532800
539300
531100
530700
529400
533000
537200
529500
529900
531500
529000
531000
528700
528700
529100
529400
529700
531900
538600
528800
529500
529200
532300
530200
530500
536000
528600
530700
539300
534000
528100
529800
528700
529400
531000
529800
531000
532600
538200
529100
531100
529400
538100
528300
528400
528500
533700
526900
529600
530500
528100
528500
540200
539800
532900
528500
534300
531500
539800
540500
531100
535100
529800
534400
534400
534100
537700
564100
535800
537300
530100
542100
534300
530900
531400
533200
538800
534100
531900
530500
532200
532600
548200
531300
531100
540700
533000
531000
533200
531100
531100
530300
533100
530900
529900
533500
531500
551500
531700
529300
529900
539400
530900
549000
573700
576600
530600
529800
530000
530500
533100
531600
552900
531200
529500
534000
530400
531900
533200
530700
528000
531900
534200
536000
530700
530600
531900
549800
531200
530300
530900
527800
531000
533600
529800
539100
529700
530400
529900
532200
530200
539500
551900
530700
532500
528800
530800
530300
529500
534700
532300
531100
531300
534000
530300
530700
531400
546700
529800
532100
529700
529800
531300
529300
534700
533400
529900
528600
528200
532700
529100
529100
528900
531000
529400
530000
529000
531700
532100
1126200
533000
529900
531200
531300
529900
538600
550300
530400
534300
541300
530700
531800
530400
532300
540500
530300
537400
530900
529400
540700
528900
529800
530300
529400
529600
531300
529700
531100
533800
530000
530900
531100
536700
528600
540300
529700
550400
529100
529200
528700
537700
530200
531500
528000
527900
530200
530500
528300
529800
552300
528300
531800
531600
573800
532100
531400
531700
530600
549600
531500
538900
564500
601300
535200
559400
604000
533600
573200
548800
560700
533000
541100
529600
536700
530700
584700
535000
558000
538000
528100
553800
538600
542600
577300
540300
531700
531900
531500
537600
534900
530800
532200
532400
531400
538300
530800
529800
530900
540500
531000
529400
539400
530800
532400
529200
534900
530700
530500
530700
550600
530200
531300
530300
529400
530000
533000
532400
530700
533900
531600
529800
534000
530600
531100
547800
539300
532100
534700
529100
537800
530700
531400
533400
529300
540300
530600
530400
529100
530400
529700
538700
538500
529900
532900
533400
533500
529300
527300
529400
528000
530500
529300
529000
531500
528900
531200
529600
534900
530500
553900
530000
542700
544000
540000
536400
566100
579600
532400
537500
540300
532700
537300
537800
541500
554600
534000
566000
540000
546800
534000
542600
543800
538800
533100
545100
570600
529700
544600
541600
539700
546000
541600
542000
530400
530500
530900
532000
528500
529300
530000
539200
529100
531100
530100
528400
533800
531800
527300
529400
526300
534900
547300
528300
540300
532700
529400
528300
529500
530600
532100
531700
531800
534300
530500
531200
532900
552500
530700
530600
529900
531200
531900
535300
530500
531000
531700
531100
532500
529800
540600
530600
547900
535600
530300
531400
532600
536100
529400
535400
531100
530500
534800
530300
530100
532600
532100
547100
529700
529700
530700
534100
531000
530700
530900
528900
531200
531900
528700
560500
535600
537000
538200
565300
584600
531500
531000
577800
541200
530600
537600
530500
536600
577900
537200
533800
529100
538500
538000
578600
1169700
530300
564000
537200
568200
541700
528400
541200
530300
528500
573800
543000
549300
580900
530000
530400
528500
539400
537900
529200
529500
529200
529500
531100
529500
529200
529100
537700
530500
528000
532300
528600
528700
532000
532500
529900
529200
530900
531000
532000
531300
530100
540200
531100
532200
540100
532400
529800
532900
529800
531800
531500
532800
531700
563100
540200
531200
535600
535300
529800
532200
538700
531700
534900
530200
531100
530100
531600
531600
559800
530100
530200
529400
530700
530500
532100
540900
531700
533800
528400
539500
535000
530600
533600
549700
533900
532100
532400
531300
533600
533100
549700
548700
530200
537300
529000
533900
535200
572100
540400
536500
539000
543900
561600
611700
529000
563900
599900
531000
589000
537000
566300
536800
550800
609400
533300
574400
603900
531200
595300
583900
549500
543200
529000
540500
527000
529300
530900
528400
528900
528700
530000
528900
530700
529500
528600
529000
531300
529200
528000
528300
529200
528200
528500
531000
527600
529400
529000
538900
528800
531500
537400
528900
527900
529400
538500
530600
530100
529900
529400
530200
528400
530800
529400
529500
529300
528500
529700
529100
534500
527300
527500
538400
539200
529300
529400
529500
529400
529200
530400
527500
530700
531500
525400
530600
539800
552100
529100
527600
530500
529100
530200
529200
529100
531200
529000
533400
528400
532500
563300
581100
535300
588400
545600
571300
536800
529200
529500
535000
529300
531600
579600
544300
546600
548400
575700
574600
540600
530800
577700
590900
530700
605900
592100
528900
533700
584800
543900
531600
573300
533500
543700
530100
551700
592000
529200
609700
575300
555400
588300
641000
647500
636300
657900
666700
677200
608600
530600
634300
641600
630000
645900
643400
652000
623900
677900
667600
531100
531600
531400
535600
535400
533600
531800
530900
530700
541200
538600
531500
545100
531900
531300
534200
529500
530900
530300
543000
541700
530600
532400
531300
530600
530600
532900
552500
553500
538100
528900
530000
1105000
540200
531400
530200
531200
531200
534400
530900
531600
555500
530400
531500
531900
529100
532800
531500
535500
532100
530100
532600
530700
529600
532000
530200
529300
529700
529300
531400
530200
531400
529800
530500
537200
539500
537000
530200
536000
528900
532500
529300
529500
525100
529300
531400
529400
529800
530000
526900
533300
528900
530100
528600
531500
529500
529500
537300
527800
528400
530600
531100
528800
528900
530300
531800
533700
528900
529600
529000
535400
529600
528700
532200
529300
529000
530900
530700
532800
529000
529600
537900
529800
531000
529400
528700
530000
529400
529600
530700
528600
531600
529300
529900
536600
530600
530300
528800
530900
529700
531700
537400
529800
528700
529600
537500
533400
530100
530000
531900
527500
530200
531400
530400
537000
558200
529900
531800
533600
532800
533500
530600
535600
528900
531700
528800
532400
529600
530700
532800
530500
529600
529000
529700
532300
530200
529700
529000
528800
529800
551500
532800
530000
533400
533100
530700
553600
533300
531400
530600
532500
529500
530800
532800
532700
529900
529200
539300
530500
530900
529000
546700
530800
530100
532400
531600
530600
533900
529700
529300
539900
530600
532500
529500
530600
530200
547300
536300
532000
530200
530100
528800
530400
530200
532200
528400
540700
560200
536400
542400
528700
541400
591700
531700
528800
531000
561500
529900
574900
560800
560400
536200
583100
530400
531600
596800
531800
531200
577800
586000
533400
583500
538800
538900
532000
529200
537900
589200
592700
533400
535100
528900
537900
528900
529500
528900
529500
529400
531500
529200
530200
533900
529700
528300
534500
530000
529200
538200
528300
532600
529200
528700
538000
531100
529000
535400
531000
530700
533000
530300
540800
542000
531000
530000
541000
531300
529500
531900
533100
529300
532700
534200
533000
531900
534900
531300
535000
541000
531800
541000
528900
532000
545300
538300
535800
553200
578500
532100
543600
543500
539700
533500
530800
527900
529100
533000
532200
553100
534500
559000
607800
531100
529400
541600
531200
533800
530100
554600
598500
541200
542500
578500
539800
535200
557600
601900
529400
529700
527800
539800
526900
528800
528900
528600
529300
530900
547900
528600
529500
534400
533100
531400
540000
529500
528400
530500
532500
529900
531100
535600
529700
533300
528900
527800
529200
529900
529300
529100
533400
532900
532400
531700
529800
527900
529600
528800
527900
529500
528800
530900
528000
534000
528900
529700
530300
531600
528100
529700
528200
529100
529700
531000
527900
528700
530800
529500
531700
531800
529200
532600
530100
537400
534200
530600
527900
531100
530600
530700
534200
533800
531700
569200
540800
529300
547400
535600
542000
558100
540300
567800
540800
534200
539200
540100
539300
562500
541800
553400
534400
554700
531700
584000
531800
550400
539600
530700
530600
542000
532100
534000
529300
528900
531400
531800
530700
532400
528100
530600
549200
541100
528900
530500
530000
529300
530000
541100
531400
529200
529000
528900
535700
531600
528000
529600
530900
533300
531100
529100
531600
538200
529200
528800
531300
537600
527800
528000
539300
528500
540000
528600
533400
529700
533700
531600
541800
531100
529500
528300
528600
525600
528900
529100
539000
538100
531700
545600
533700
530100
536800
530300
532200
530900
528900
530300
528200
528300
529900
533400
530300
530900
529400
528700
530700
530400
532200
529000
532200
530900
534000
531100
531300
530600
527600
531500
531900
534000
527100
528600
531100
529800
533500
530300
531800
530600
530300
531400
536100
561900
530700
533800
530900
531600
529400
530800
530300
530100
539200
540600
530900
530100
530300
530900
548500
532100
539500
531600
536500
530000
530200
534800
532200
530700
535800
529700
530800
534900
530900
548900
530000
532700
535700
530000
530400
530100
530900
536100
531300
534700
532700
530100
533200
536800
549600
533800
531800
530500
532000
531100
531200
531900
530900
540200
529800
530100
532800
532200
529500
548200
526700
532400
529700
530500
535100
532700
529700
539300
538600
534400
532000
529100
540000
1129700
531900
537100
534000
530500
534000
532500
530300
532400
530000
532000
531500
542000
531300
549200
534700
530400
534800
530400
533800
531900
530400
538200
532200
529900
530400
530500
532300
532900
550500
539700
535400
529800
530500
531000
532200
539400
533700
530100
531400
539900
530800
530800
532100
551300
535600
537500
531600
531200
530900
530200
529600
534800
530200
539300
530100
530900
539400
531200
548300
530500
529600
534400
542500
533000
531400
531000
530500
538300
535400
539100
533300
529200
536700
555500
532800
528600
530300
535700
538600
528800
533000
529000
539000
528500
532000
530500
531600
531100
558800
531400
529800
528700
531600
531300
529100
530100
529000
531700
531800
528600
527800
529000
531200
532800
528600
528400
531700
529600
528900
534000
531500
529800
527300
528700
529400
530800
529600
528900
529100
528500
529800
530900
528900
529600
529500
529300
584000
529600
549900
540300
541200
530000
566800
584600
529900
531600
557400
550400
532400
563000
572800
532900
573100
529200
541500
541100
549700
528900
537400
530400
540200
544500
540100
537100
530500
555500
572000
599100
535100
553500
579600
535700
537800
527300
530300
538500
529800
530100
537000
530700
528300
531500
529400
531300
538200
550300
532800
531100
532100
530700
539500
530100
529100
530800
537200
531100
534600
530400
537900
529400
534800
531600
528100
529500
527700
530100
532900
529700
529400
529000
533600
537900
538600
531100
547800
538600
530300
542400
539900
529500
530400
529800
540000
531200
529100
528800
528700
539100
529700
532400
529100
529400
530500
529000
528800
531300
529900
530800
530400
536500
530400
535500
544100
546400
534400
581100
541800
560000
537600
554200
581400
545900
539900
550200
537100
551400
548700
546800
531100
596500
590800
531600
587100
614000
544200
578600
565700
529500
543200
579100
535200
575100
545200
585200
537700
562400
537800
534100
539000
529200
533300
538700
527500
529800
538400
530000
528800
531100
528000
527300
531500
530100
530700
531700
531000
532200
530000
533000
1113200
529100
540400
530300
531000
531500
532900
530500
531300
533500
540100
530700
531700
530400
536800
548400
528800
527400
531500
528300
529400
529300
528800
526000
530300
528200
529400
528900
537000
550000
530300
531000
529800
530900
537600
532100
530800
530100
536400
530900
532800
541300
531300
597800
596600
528200
642000
611800
602600
640200
655900
652900
679700
620100
701500
672300
681300
630300
579800
547900
678700
679600
667100
646400
692600
671500
672300
645000
669600
562600
539200
578900
531800
566400
599600
542400
533900
599600
608000
534700
592900
607800
541000
533500
528900
530000
528600
531300
527700
1267800
893700
902900
700200
708500
528200
528000
532100
530100
531800
535900
541400
540100
529400
530300
528800
538000
529000
538800
544600
527300
530300
528700
529100
532000
529500
531800
544200
529400
528300
530400
530600
532200
549900
531200
531000
531600
531200
529900
533300
533700
540300
532300
545800
594600
630900
535400
546100
597200
530800
588600
540200
564100
540800
567600
598500
533500
549300
592300
531400
541400
530300
588600
533800
535900
530000
527700
529400
530700
530800
527900
528600
529200
529000
533500
528800
558800
532000
529200
532300
539200
532300
529300
531800
530400
536700
531800
531300
529500
533800
532900
531800
530500
530400
530200
531000
530000
532600
531300
530100
531600
531000
533900
535300
531600
541300
531900
540100
535600
529600
530300
531000
533100
532600
532000
531500
530000
530100
530700
533000
554500
542100
529400
531100
529000
527700
530800
529300
530700
529100
533200
536600
529800
527900
527200
528500
528900
530300
529200
529700
547200
529700
533100
531000
533500
540700
528600
528500
530300
532900
529400
539400
534200
530200
528900
531600
528900
528800
527900
528800
533900
529400
530600
528500
530100
528200
530400
532500
530400
536700
531100
528400
531300
529300
528300
529200
528600
528900
531000
529600
530700
528200
530500
529300
531900
527500
534400
534600
529700
531600
535700
528000
531800
528700
528400
533800
527800
532900
529000
532000
529900
1085200
536500
530600
533100
529900
534800
533100
528900
530300
549700
528900
531500
535200
529500
529100
532900
531000
538200
529600
530600
539200
531100
533400
543800
530900
531900
532200
531700
529400
531700
534100
530500
529300
531600
531200
532400
530700
528300
546200
530900
532300
532100
532100
538200
528300
538500
534000
528900
529800
530000
530600
539200
531400
528800
531700
529000
528500
532100
531300
530100
530500
529600
537500
539400
533400
531100
539900
540400
541300
535200
530100
531200
535200
530800
535400
532900
530400
555000
532300
531800
531400
531400
530900
560700
530500
530000
529100
533300
530000
530500
532800
531900
532800
540100
529100
529200
530500
529700
530900
529100
533900
527400
529500
527600
531700
537700
538800
528800
530500
529300
530300
533600
528300
527900
528900
528800
532400
529300
529900
535500
528900
530900
530000
529400
530200
568600
534400
569400
530700
530700
530200
540800
535800
535000
537200
530400
530800
530300
533500
533500
530100
530000
549400
529700
531000
532100
528200
530900
533100
531600
533700
528900
540100
528700
528100
529300
530900
529200
537700
530100
527300
538100
530600
530000
529600
530600
528200
529300
532200
529000
529200
529100
529500
529400
528600
529400
531800
530100
528500
534000
528800
531200
529600
530300
530200
530800
528700
529300
528400
526700
531700
531200
529100
528900
527900
529700
528600
531700
530000
529600
531000
531800
530600
532500
530100
542400
529200
531500
538600
538100
531600
528100
528100
529200
537400
561200
539600
530300
530600
531600
533400
532400
531900
531700
531300
530400
533400
531400
533600
531500
556000
538600
529800
529200
540100
548500
530400
532600
530500
529600
532700
531800
529400
532300
531800
565600
531000
531100
529400
536800
530500
543100
549300
531300
539700
553700
578800
529200
589000
607000
540300
590400
605100
539900
535300
531300
600700
593600
531700
573800
598900
537900
533400
536300
542100
599100
544000
539600
538300
536300
567300
713100
528600
576600
605200
540000
540200
556100
535900
1111700
529400
530800
537200
538000
529700
530200
528700
529300
530900
528900
529100
540300
530700
529800
530900
531200
530700
535000
529300
529700
536100
531100
530700
532900
533200
531100
551200
529600
533200
536600
540700
540200
531000
531200
544100
530600
530500
532300
535000
534000
532100
549500
530600
529100
530400
539200
536100
530700
530300
530200
530300
539100
539200
530700
532100
529900
547000
539100
531600
531400
540000
530800
533200
541400
531800
531200
533100
534500
556700
542200
528800
530100
554000
573100
529400
557300
544100
529400
534400
530800
533900
573000
535900
578800
537400
541800
541400
551500
533800
576700
530600
557400
546000
530100
536900
533300
542400
561400
537200
529500
530100
529100
530900
529100
534300
558700
533900
533400
529800
532700
529100
535400
531900
529500
529200
530400
529500
538700
527900
528200
529700
531300
528200
529900
527200
538900
529600
531700
535200
532000
531200
530500
530900
532500
535800
530100
530800
531000
534200
530900
530600
530800
531000
530000
546800
538900
530100
532000
529400
530800
533300
533600
532300
531400
530100
531400
540400
530200
529800
549900
538400
531300
533300
530000
528400
528200
531400
531500
530000
527700
528100
529600
531000
531300
547100
530300
561300
579500
601700
549700
532300
529500
533000
545000
557400
533900
579500
550700
544800
533700
538300
581500
580800
530200
583100
533200
530700
533100
560000
597200
537400
538100
593100
535800
560800
536700
550200
530600
539200
545600
535000
529400
532700
530600
531000
538100
528300
529900
537700
533600
530200
532000
527600
529800
528300
532000
533900
538900
529300
532400
528700
531900
539600
532800
529500
532500
528500
531900
529900
531200
529900
538200
528900
537300
529700
529900
567500
532000
535700
533800
531900
530000
532900
531000
532200
540500
530200
530400
531500
530500
533700
558400
532400
529900
533000
530700
532200
531700
530700
537100
533100
534000
529900
531700
531700
530600
561700
533500
531400
532500
532000
530000
530200
532900
529800
539400
541100
557300
530900
1146800
535000
534600
536300
542100
549500
536000
537700
531500
538000
586400
578000
529100
573100
584300
529900
544100
564400
533900
555300
616700
530000
561500
534500
563700
531000
551300
531700
532000
531900
609400
543700
530900
529800
530800
531300
529000
538300
529200
529500
530800
527900
532600
537200
528000
530700
531500
529600
541300
530100
528800
528800
533700
528800
528200
529100
529600
528100
531900
529600
529600
529300
530100
530400
531000
529500
528700
539300
528500
531000
529100
529200
531000
529000
532500
540100
538700
537600
528700
528900
531600
531100
529200
529600
530700
528500
528400
531700
529100
529200
528800
529500
533400
529200
529000
529200
539100
523000
531400
530100
529700
528400
530100
531700
533200
534800
557100
546700
534500
531200
562400
593500
537800
545000
588900
531000
570500
602200
539000
535200
578100
555900
531200
538200
547200
595700
532500
609700
599000
533400
604000
573200
537700
590600
606000
559000
533600
528500
527300
533200
529600
545000
609600
592000
614500
626100
563000
630100
647800
665200
666200
662700
673300
657500
642600
640900
530500
576900
642900
665300
667000
645800
626200
643700
652300
648900
609300
529700
533700
534400
531600
550200
531500
534600
533900
531600
563200
581300
555600
535400
612100
604700
628200
651100
579000
538900
531800
539900
533900
531000
554900
532200
530800
539700
534200
530800
531800
541900
528700
530800
535100
540600
532300
530500
531300
532700
574000
570900
606600
609300
539400
530500
531300
531800
532600
535100
531000
540800
531300
530000
537000
529500
541800
618500
623800
547100
612300
584000
621600
601600
610700
549100
606900
581300
622800
633200
594000
606400
529600
532900
594900
592200
605200
612500
603600
618500
609600
620500
530900
533800
533200
572800
543300
532700
544600
540800
535600
617400
583500
625600
600900
609400
585200
580800
580100
581100
590000
600900
594600
542600
538700
595500
572900
581600
621300
644500
571500
599300
578200
600300
582600
629900
580800
545300
547300
530400
530100
531000
533600
1120000
530400
530000
529000
528900
529000
533600
537700
546500
543300
567400
548700
595100
531000
656500
611800
545600
604400
598000
596800
630100
654800
663200
650500
566700
669900
628500
592500
540800
573600
610800
583900
603800
633200
616200
592600
694300
577400
542500
581000
627500
609300
634400
611600
594800
617400
608900
620000
613300
658200
648600
612700
581800
684000
651300
663700
655900
665800
630700
582800
606100
695300
647100
683200
657900
643200
595700
540600
596700
571700
615600
567800
673300
593600
602300
698700
711900
668100
651500
719000
664700
729900
679000
689500
621800
656400
621700
673800
710000
716400
653900
660500
713800
585500
594300
575000
597300
591300
624600
636300
605700
613800
609300
584500
620200
624700
603600
637400
659300
629100
668400
708200
603900
656800
599800
584700
566000
618600
725200
657500
720800
715800
569200
708200
703600
579900
619100
644200
604400
688500
607100
627000
697800
656800
611900
690400
583100
597400
615700
623700
576400
635900
548500
598100
631300
630900
650400
633900
627300
637500
641100
618000
582700
613600
591600
631900
630400
596100
573400
577400
590100
596400
610800
858400
991100
915000
941100
616200
548800
610900
544400
642900
671400
533700
613300
595500
552200
675500
660800
632700
634500
690900
530400
623000
528400
529300
533000
530200
600600
584200
639100
595900
538300
566300
528500
559400
622000
580600
555300
590600
564300
596000
634200
567100
625800
648100
671600
702100
607200
678900
577200
600200
611900
622500
539200
544700
545900
542600
537800
541500
