5334200
5392200
5329200
5363800
5353900
5358400
5424300
5359100
5363600
5370000
5339700
5347100
5387200
5332700
5408400
5418200
5359200
5874900
5285600
5339400
5359800
5300100
5333900
5295300
5303700
5348400
5284600
5342900
5297000
5301700
5374300
5315400
5227200
5381300
5232000
5249500
5252300
5290500
5284600
5275100
5285800
5434900
5222100
5203600
5329900
5295000
5811900
5284100
5272700
5406800
5298600
5260000
5506600
5296500
5199100
5284100
5267800
5276100
5262500
5253800
5349600
5235700
5238700
5335000
5260400
5256600
5294400
5351000
5219200
5355800
5236000
5358400
5262000
5265800
5325500
5278500
5959500
5259800
5239300
5319100
5295900
5277400
5300900
5264200
5267200
5333700
5188800
5241700
5296300
5253500
5277300
5270900
5270800
5334100
5240400
5264800
5576100
5534400
5343000
5280600
5290000
5334200
5285300
5240200
5288400
5797400
5254000
5283300
5264900
5252000
5281800
5249600
5688400
5502300
5611000
5267400
5210400
5297100
5322300
5247700
5286600
5267400
5279000
5312600
5245200
5313500
5282000
5284500
5331700
5273700
5262700
5391900
5273800
5298400
5782900
5236600
5300600
5217800
5253500
5372400
5258600
5197100
5265000
5253200
5309900
5246900
5266700
5261600
5256000
5247500
5318500
5295800
5194600
5323000
5264200
5299100
5283600
5679900
6511100
6611700
6806900
6070300
5560700
5347100
5823100
5319000
5329600
5318000
5334700
5377500
5320900
5349600
5305100
5348000
5340600
5355100
5339200
5320000
5314000
5340400
5307400
5305600
5334400
5354400
5343300
5295000
5319800
5256000
5361600
5236600
5371000
5232900
5228600
5830400
5235200
5226400
5257500
5221800
5254300
5380600
5282900
5280500
5269800
5166100
5311700
5263700
5239600
5286800
5297100
5253800
5292200
5212400
5299500
5275400
5249400
5332000
5158300
5259000
5605700
5609200
5521400
5631400
6093800
5390300
5247800
5273100
5282900
5229900
5251100
5282400
5247000
5372200
5200200
5261800
5313400
5250700
5165500
5227300
5259400
6212400
8830900
5879800
5267400
5240900
5328200
5298400
5257900
5265100
5208200
5199700
5316700
5860200
5320900
5136200
5234500
5290700
5264400
5238400
5259200
5235200
5294000
5203700
5280100
5337900
5264000
5162600
5379000
5264700
5319100
5286800
5221900
5448900
5315800
5277200
5366700
5240000
5246100
5299200
5200100
5259400
5268300
5761700
5354000
5333900
5355500
5302200
5187000
5300000
5235200
5294100
5320200
5301600
5305500
5373600
5263900
5257300
5270200
5258800
5592400
5142500
5194100
5231300
5208900
5331200
5260100
5134600
5383500
5233600
5239600
5243900
5773100
5250000
5260100
5252800
5303200
5269500
5242300
5365300
5196500
5345000
5348700
5255600
5255300
5274600
5275800
5336600
5257400
5677400
6281700
6303400
6531200
5914500
5374400
5350200
5367500
5348200
5353300
5325100
5362200
5988500
5328000
5333500
5430200
5414800
5327000
5291900
5332900
5333200
5250000
5316900
5246800
5378000
5262600
5192100
5307000
5360000
5355800
5290100
5285600
5255800
5281100
5266100
5329800
5284800
5333300
5272500
5236700
5291100
5811500
5316000
5238500
5290200
5240200
5281900
5274200
5240000
5323100
5225000
5215400
5255400
5272700
5337500
5270600
5293100
5406800
5273000
5261400
5351300
5268000
5268800
5308200
5303500
5347300
5249500
5476200
5289900
5253000
5269300
5798300
5251800
5302300
5255800
5235800
5270800
5308900
5197700
5283900
5343600
5241000
5277600
5280000
5257000
5262800
5187000
5288500
5232600
5235300
5278200
5301600
5257400
5270200
5178300
5240000
5237000
5234800
5224600
5239700
5854200
5327300
5254900
5272700
5302200
5263900
5235900
5306500
5279800
5238400
5262200
5274500
5255400
5298100
5158000
5240500
5265400
5232500
5377400
5239800
5291400
5250700
5281900
5241600
5318600
5327400
5357100
5268900
5341100
5826600
5243300
5319800
5262100
5160200
5296100
5265500
5270900
5286700
5249900
5328100
5243800
5187200
5476400
5207600
5237400
5256900
5274100
5229000
5236300
5189000
5237500
5244000
5305200
5325100
5269600
5305400
5322600
5247600
5825200
5309200
5206200
5243000
5254500
5328200
5303700
5216200
5221100
5337400
5134300
5220700
5309800
5308200
5643300
6237000
6101300
6247100
5776800
5373600
5451600
5355200
5349400
5350000
5359000
5359200
5397900
5393500
5351400
5311300
5952300
5378600
5377800
5684200
6203200
6418800
5399500
5517600
5344100
5330600
5392300
5323900
5342300
5349500
5349700
5421400
5361000
5377800
5333200
5335300
5359700
5367200
5318000
5331400
5376900
5457300
5329000
5343100
5321700
5904700
5426600
5402300
5273200
5315300
5359000
5279800
5262700
5343800
5278600
5326100
5325400
5249200
5354900
5309100
5232500
5212000
5237900
5191400
5359300
5230500
5259800
5336800
5359500
5367400
5343400
5383000
5367900
5252500
5781700
5369300
5252800
5311100
5209100
5231800
5262400
5215700
5293000
5313800
5250300
5244000
5362100
5211700
5239900
5261300
5249300
5259500
5233700
5246400
5256400
5282000
5265300
5319800
5269200
5309700
5416900
5271500
5219500
5867500
5284700
5280900
5324600
5271200
5391500
5283800
5219600
5336400
5241200
5300300
5255700
5288100
5361100
5255000
5233100
5367300
5283700
5430100
5301700
5236800
5339200
5260200
5146500
5268400
5312700
5322400
5289600
5304700
5303200
5784200
5195600
5225600
5260800
5279800
5213000
5257400
5360600
5225300
5258600
5401400
5223900
5235400
5301400
5187300
5276400
5240300
5272900
5367200
5322200
5245400
5360500
5296300
5235600
5332400
5234500
5312100
5264900
5240600
5922800
5305000
5179800
5339100
5239700
5223900
5350000
5237200
5256900
5689800
6398500
6300400
6519400
5538300
5335400
5364900
5373800
5325600
5360400
5370300
5334400
5385400
5335800
5337400
5362600
5342800
5308900
5342300
5341000
5826800
5258000
5272700
5305700
5214300
5281500
5223600
5227800
5308800
5208300
5267300
5293200
5243200
5225900
5367200
5238400
5242700
5334800
5257600
5239300
5279600
5278900
5302700
5235300
5240300
5392300
5287000
5252900
5288300
5304200
5844100
5292000
5234300
5262400
5328400
5225900
5387800
5247900
5295800
5271000
5203800
5253000
5319100
5279500
5267000
5253900
5195000
5477300
5255700
5245400
5479900
5311800
5274000
5301600
5276200
5265800
5261500
5258900
5341500
5813300
5229600
5293400
5239500
5228300
5243100
5263900
5298300
5333700
5202700
5308300
5229400
5217700
5333900
5259200
5170500
5479200
5148200
5151100
5481200
6436500
6333200
5670900
5501500
5347900
5403200
5457500
5309600
5360800
6034600
5313000
5319300
5306600
5281100
5548900
5391600
5294000
5315500
5282600
5338700
5382900
5308400
5376400
5287600
5375700
5271200
5255900
5330300
5262400
5217000
5344900
5314700
5258100
5275200
5243500
5273100
5252400
5252900
5857200
5311100
5273800
5425900
5232900
5272100
5285800
5256500
5343400
5194700
5279100
5353100
5250900
5244400
5300600
5258800
5258600
5247500
5213100
5285300
5269000
5304100
5314500
5300200
5258100
5371100
5244300
5262100
5317900
5264000
5783400
5309700
5235800
5266800
5603600
6295200
6354700
6557500
5702500
5320600
5361100
5391700
5345400
5365200
5376600
5321200
5321400
5326600
5343400
5330700
5366400
5323500
5356100
5285200
5336700
5261700
5241000
5338800
5261800
6041300
5268300
5241400
5388300
5222200
5279700
5320900
5344500
5227800
5305900
5241900
5279900
5245200
5300400
5324400
5337800
5226000
5487800
5174700
5198700
5268300
5247400
5333300
5291200
5217400
5297500
5253200
5246600
5395300
5894200
5288700
5250000
5270600
5304000
5272200
5246700
5301200
5245500
5276200
5252100
5214100
5789300
5505800
5271800
5258400
5314600
5268700
5359200
5323600
5371600
5245300
5299700
5314900
5313200
5325500
5257100
5224000
5300800
5730800
5253200
5393300
5253800
5310100
5285900
5236900
5343100
5255200
5298400
5332500
5175400
5268000
5261400
5218500
5270700
5215800
5303400
5240100
5295000
5251400
5338700
5280400
5259300
5284800
5292300
5249000
5290500
5210000
5278000
5764900
5222400
5287400
5297400
5198900
5378100
5246100
5327900
5292400
5274600
5324500
5262000
5285800
5288800
5075400
5314400
5410900
5275900
5313700
5378600
5336400
5314100
5285300
5221600
5345200
5228800
5261000
5279500
5311800
5864800
5216100
5252200
5260100
5224000
5279000
5286400
5241100
5247300
5258100
5241700
5311000
5243500
5253300
5375600
5270100
5293400
5343800
5192600
5309000
5315800
5221800
5295200
5255300
5230300
5305800
5281600
5246400
5377200
5766700
5783900
6482200
6192100
6565700
5337200
5367600
5382900
5343900
5335600
5342200
5375500
5396600
5312600
5336300
5369600
5323300
5371800
5336900
5341400
5315500
5296000
5341800
5275800
5303100
5260200
5320800
5234300
5249200
5986100
5266300
5429500
5367500
5314900
5338800
5347400
5351600
5301400
5287500
5294800
5307200
5393100
5338000
5274000
5306800
5233100
5220900
5363100
5318400
5293300
5254800
5318300
5302500
5284600
5287700
5368400
5250100
5237900
5335100
5795900
5263100
5249000
5248400
5307500
5255400
5244500
5382200
5366000
5314100
5261300
5222200
5215700
5264400
5239700
5297800
5316500
5207200
5301900
5239100
5248400
5295200
5290900
5235600
5278200
5264400
5289100
5311500
5249500
5979800
5280700
5287700
5261600
5271500
5311200
5258200
5309000
5309600
5310900
5314400
5308100
5304000
5343900
5258100
5263500
5902300
6294700
6545900
5389500
5307500
5350600
5319800
5327800
5297300
5319600
5333500
5294000
5304800
5798900
5260500
5264200
5341800
5361300
5311400
5322400
5328200
5375700
5336900
5366500
5353300
5306600
5267700
5368900
5801000
5536700
5430600
5343900
5364800
5322600
5346300
5375300
5353500
5330900
5266900
5335500
5319800
5301300
5298000
5840300
5322400
5343800
5270600
5311300
5270200
5243900
5321100
5256700
5223400
5331500
5237600
5278300
5318200
5245600
5303800
5396400
5281100
5407100
5285800
5339700
5578100
5603000
5582300
5768900
6516900
6195900
6518900
5494600
5913000
5323100
5350200
5393800
5327800
5384700
5323800
5329600
5321700
5317700
5357900
5354100
5313500
5313500
5324700
5324000
5314300
5432700
5380600
5343600
5336900
5347100
5325500
5307800
5289500
5260100
5357600
5304800
5248600
5841700
5324800
5260200
5363400
5250200
5298000
5286400
5274400
5320700
5216200
5126900
5367200
5250400
5239700
5339600
5289100
5268400
5224200
5218600
5241800
5225300
5252400
5412000
5189400
5273500
5282300
5252500
5320000
5245100
5754500
5300400
5216400
5294900
5338100
5249300
5243700
5272500
5277100
5323500
5308400
5371400
5243800
5305300
5264900
7547500
5238200
5359900
5272900
5232000
5327500
5226900
5243100
5248700
5299300
5236100
5280900
5173100
5340000
5269300
5806700
5324900
5308300
5277900
5274500
5227300
5263800
5270200
5288400
5278900
5243300
5350100
5307900
5231200
5241400
5289400
5247400
5291200
5251200
5297300
5309100
5336800
5283000
5333700
5310900
5274700
5323400
5344900
5277000
5934600
5289500
5338900
5353900
5329500
5362400
5312300
5244200
5262200
5317400
5266500
5244100
5314300
5309100
5290400
5245500
5354800
5243700
5217700
5322600
5213700
5262800
5294800
5228900
5294700
5274500
5258500
5358800
5199200
5783200
5314900
5314900
5242200
5255900
5240800
5270700
5325800
5308800
5320100
5172100
5245800
5557700
5555100
5535800
5562900
5537600
5646000
5614800
5536700
5844900
6386900
6364900
7017000
6434000
5411600
5327200
5347200
5383700
5908100
5310000
5317600
5339700
5314900
5331200
5323100
5336300
5324900
5336600
5298400
5362300
5453900
5321000
5398500
5269700
5258200
5268300
5252900
5267000
5278800
5269700
5280700
5208600
5143100
5330100
5241300
5249100
5245700
5311100
5780800
5277300
5189300
5338400
5299300
5275400
5292400
5273000
5332900
5303000
5162500
5296600
5312400
5310700
5262800
5263300
5285100
5402500
5261800
5385600
5284500
5267500
5369800
5241500
5279100
5342700
5325100
5528700
5314800
5812700
5336200
5236300
5253600
5243800
5254000
5275600
5354400
5171300
5237200
5280400
5296300
5279000
5266100
5310600
5296100
5197800
5242300
5295200
5326800
5237400
5231400
5236300
5268400
5262600
5211200
5383500
5251400
5257400
5866900
5247500
5249400
5253200
5172700
5251500
5235800
5297500
5261100
5233100
5361800
5314900
5164500
5213300
5271100
5326600
5180400
5309700
5202000
5190300
5311800
5373500
5374500
5270300
5268300
5260700
5263400
5312900
5270200
5849400
5394600
5198900
5262500
5271200
5270000
5335800
5272700
5190800
5309700
5242700
5235900
5260700
5246700
5200200
5317500
5283800
5225500
5258000
5308100
5275500
5251200
5246600
5338700
5233500
5258500
5207900
5291900
5282900
5273300
5866800
5327300
5237700
5216600
5262000
5242700
5298200
5240800
5299400
5317600
5324700
5267700
5318200
5273400
5261700
5532700
6223100
6537000
6552700
5911000
5329400
5334700
5337800
5422500
5325400
5319000
5314900
5346500
5318200
5997400
5364200
5340500
5313200
5345600
5298600
5288600
5320300
5266700
5357100
5323100
5247800
5342300
5250400
5260700
5292600
5264300
5288600
5277400
5269500
5378300
5257700
5292900
5353600
5239500
5337300
5315400
5229300
5322700
5828800
5262900
5378400
5269600
5275400
5382300
5218800
5221700
5308500
5297900
5333000
5252800
5287200
5366500
5267600
5244800
5325900
5247700
5255600
5238300
5299200
5315100
5348600
5281200
5319700
5257400
5251100
5234200
5288600
5843600
5774800
5475200
5281300
5259400
5309500
5663200
5291100
5268300
5884800
5983000
6242500
5635100
5343700
6047000
6074300
5988900
6064200
5730800
5344600
5411700
5768000
5743400
6077800
5668700
5939300
5911200
5875200
6157800
6241900
6722900
6080500
6289100
6323600
6384000
6140500
6034000
5915800
6172200
6116700
6522400
6172900
5960000
5874000
5929800
6389000
6205100
5707600
5557000
5820000
6055800
6064800
5561500
5545500
5761900
6071200
6222400
5405300
5363900
6153000
5733800
5740200
5681600
5652600
5661400
5632600
5653100
5577100
5328800
5343700
5357000
5318800
5347200
5315700
5341400
5318200
5312300
5342500
5345500
5359200
5319300
5308400
5362700
5332000
5362200
5384200
5374800
5388100
5872000
5387100
5330100
5361600
5381700
5762400
6490300
6203600
6938300
5536600
5403600
5355400
5345400
5371500
5327400
5406200
5366900
5373700
5373300
5340800
5345700
5382300
5320700
5339800
5359100
5332600
5410400
5387300
5352600
5901000
5309000
5317900
5389600
5298800
5259200
5377800
5324300
5321500
5292400
5250800
5282900
5275200
5294300
5244100
5256900
5207700
5367600
5270900
5295600
5342600
5255500
5433500
5276500
5277400
5285900
5268600
5233200
5286200
5841900
5369200
5273900
5290800
5353700
5244100
5311800
5226000
5285700
5330300
5224300
5314000
5494800
5297000
5277600
5363100
5266000
5265300
5358400
5291200
5268400
5316400
5334000
5350500
5326800
5166200
5344200
5283100
5260200
5403300
5755800
5278800
5277900
5115600
5339100
5236200
5222400
5303000
5232700
5353100
5298200
5192900
5245900
5309900
5225400
5381200
5252000
5229200
5304600
5245000
5335900
5284400
5287000
5329900
5250700
5316900
5368700
5264900
5261000
5807300
5229200
5280300
5310400
5239200
5364600
5248500
5245800
5240700
5243000
5232100
5214900
5230600
5309900
5221500
5330100
5257800
5285100
5275700
5285000
5263700
5328900
5284400
5245600
5336000
5226100
5238400
5275800
5216700
6012400
5260500
5250200
5307100
5205200
5251800
5326400
5192200
5321800
5356100
5319700
5357000
5276200
5317000
5235900
5255200
5341400
5249300
5400000
5304800
5202500
5370800
5293800
5231900
5294800
5227200
5318200
5312700
5199500
6426700
6731000
6829100
6632200
6773900
5452900
5415100
5366900
5395300
5383900
5363900
5330200
5355400
5369300
5377800
5325200
5352300
5366500
5344100
5373100
5390100
5407900
5408900
5329900
5359900
5396300
5380000
5290200
5292800
5832400
5355700
5314300
5372600
5237900
5233000
5326300
5307700
5270700
5275000
5269800
5311100
5329400
5177100
5240400
5243600
5231800
5280200
5273300
5289300
5274400
5282300
5332600
5257900
5285700
5280000
5268800
5315800
5234000
5847200
5279900
5213700
5330500
5320900
5286000
5274400
5390900
5282700
5242800
5293600
5211900
5281800
5397400
5173100
5298000
5281800
5284800
5344600
5265600
5250900
5380800
5253200
5288500
5300300
5268500
5313000
5252200
5216500
5965800
5322100
5369600
5229200
5205600
5350500
5212300
5233600
5278300
5208200
5199100
5344900
5334600
6100500
5670100
5291100
5272500
5240500
5318800
5295300
5245700
5364900
5276400
5253900
5367000
5271300
5294600
5279800
5281300
5898800
5287100
5295200
5297300
5474200
5290900
5239600
5245400
5349700
5229100
5210900
5396100
5328100
5257500
5346800
5288200
5335500
5289300
5222900
5463800
5325600
5296500
5333800
5293200
5338300
5391000
5359800
5384900
5332800
5889900
5329900
5292600
5308000
5295300
5264700
5339800
5283400
5265200
5362800
5326200
5311100
5307800
5319300
5332300
5309900
5290700
5340400
5267900
5286800
5351600
5328500
5256200
5330400
5233100
7107300
7550500
6530700
6890200
6460600
5835900
5341900
5317700
5387500
5325100
5326000
5365300
5332800
5305100
5339100
5344000
5320400
5418500
5312800
5388000
5328000
5301900
5336900
5366000
5322100
5291300
5273800
5316800
5339900
5341800
5273900
5346000
5269000
5276200
5765900
5241500
5246400
5231300
5277000
5277400
5272300
5308800
5203300
5175700
5248500
5242100
5257500
5337900
5298600
5308300
5313100
5218500
5255700
5258700
5220600
5238100
5311000
5206800
5241600
5226000
5279200
5291800
5244000
6152600
5976800
5543500
5350200
5246700
5337100
5281200
5286500
5286800
5320400
5356800
5365900
5256400
5260700
5256000
5245200
5261600
5234700
5327800
5292800
5236700
5293800
5344600
5233200
5254600
5247000
5339600
5303900
5298400
5824500
5321500
5249900
5289100
5320400
5279100
5258300
5306900
5240400
5292900
5295800
5239200
5276400
5268100
5235400
5386100
5333900
5262100
5294100
5242200
5300500
5256000
5267500
5337100
5247800
5266500
5373400
5286900
5279700
5812200
5259600
5308900
5218200
5241900
5202800
5234100
5316000
5257700
5224000
5306100
5261300
5248100
5265000
5264400
5306800
5297300
5240200
5296600
5229100
5294100
5317100
5247700
5321200
5291800
5177500
5290600
5252100
5229700
5260700
5829500
5265400
5277800
5259600
5217000
5153300
5166000
5296400
5250200
5227600
5316700
5284500
5308700
5277800
5175600
5318000
5269300
5205800
5645900
6418300
6581900
6641300
6371900
5449400
5398900
5357000
5334600
5365100
5323700
5819200
5335700
5315500
5348400
5326700
5384000
5343900
5373100
5390600
5308800
5392800
5367700
5317800
5320600
5316600
5298200
5336800
5327400
5272600
5286300
5337300
5256600
5161500
5292900
5309600
5252500
5330500
5258200
5317900
5908500
5184900
5379000
5168200
5219000
5336900
5305100
5320800
5296400
5161800
5312500
5270100
5275700
5288600
5256300
5262200
5293700
5239100
5252600
5238000
5259800
5350600
5187600
5212800
5257000
5238700
5251700
5246400
5196800
5798500
5189000
5262600
5291700
5210700
5173100
5313900
5272800
5214700
5198300
5225100
5242700
5256600
5155200
5266100
5247800
5252200
5247400
5254100
5256600
5253500
5224900
5304200
5266300
5235400
5322200
5244300
5273500
5335000
5742200
5237300
5318900
5252300
5327400
5336200
5252500
5389900
5212600
5229500
5326400
5253400
5270300
5296500
5245600
5272800
5242800
5182600
5278200
5258900
5230100
5266700
5248600
5252100
5230600
5259200
5334900
5251300
5269700
5950300
5240700
5226800
5280900
5232900
5189000
5279100
5241900
5277500
5275500
5357700
5327800
5281200
5234700
7653400
5527100
5259700
5238600
5303900
5308600
5291400
5265600
5266100
5254600
5236600
5286700
5254400
5326200
5289300
5352700
5797100
5240300
5218900
5259400
5295700
5213800
5276500
5430900
5340800
5269400
5181800
5308500
5301000
5240900
5204400
5647500
6515500
6590400
7130800
6437600
5329800
5362700
5326900
5324400
5371800
5344900
5344900
5336100
5381900
6039000
5324400
5323400
5349300
5320400
5429300
5342300
5321900
5320100
5317300
5298800
5281300
5286900
5304500
5348900
5263700
5345100
5196900
5288500
5353800
5325300
5303400
5333400
5365200
5392300
5264700
5284800
5379700
5231500
5729200
5297800
5231700
5302500
5245100
5256100
5325000
5336200
5259700
5295200
5248400
5282900
5245400
5212200
5363800
5319900
5264100
5334500
5289500
5269800
5284600
5187800
5245200
5404800
5247300
5379300
5281300
5275400
5323000
5276900
5659200
5320900
5215500
5343800
5834300
5236800
5289300
5221200
5215500
5317800
5247600
5310000
5317000
5195100
5243500
5265700
5266900
5282000
5252400
5252300
5367600
5205500
5249900
5291400
5282400
5236600
5329300
5252100
5312900
5867600
5312800
5358200
5265000
5280900
5388700
5258200
5364800
5405100
5275300
5351000
5374100
5257400
5468200
5350900
5345800
5251800
5248200
5348600
5309300
5322200
5330100
5414100
5284900
5236600
5332600
5317400
5229300
5337500
5890900
5320900
5258200
5254800
5298800
5343000
5342400
5265100
5328900
5235600
5248600
5282800
5234500
5292100
5283700
5282300
5347300
5364800
5254800
5241700
5248300
5250100
5340600
5291200
5282300
5259100
5296000
5276200
5326500
5874800
5282900
5323900
5255700
5222500
5261600
5328900
5270900
5313700
5290400
5960700
6605400
6786600
6339500
6393000
5345000
5336500
5354700
5338300
5349500
5338800
5342200
5340600
5325200
5334500
5426900
5330600
5347600
5365900
5366200
5790000
5323500
5318900
5336400
5336600
5355500
5361200
5325300
5328100
5311500
5393500
5330700
5351300
5345600
5333100
5384300
5326900
5254200
5381500
5265900
5263400
5317000
5294700
6280300
8617800
5798100
5244200
5246700
5330100
5791200
5282600
5262700
5252800
5289200
5230000
5260500
5293400
5276100
5232600
5295800
5306300
5230200
5270800
5340900
5285700
5238400
5161200
5284900
5305600
5255600
5266200
5332900
5311400
5321100
5209300
5240500
5314900
5243800
5788100
5300200
5290300
5270900
5267200
5334100
5304200
5363700
5335700
5183500
5308100
5294700
5254000
5236100
5299500
5296300
5314500
5215700
5301400
5294300
5226500
5306500
5249000
5299900
5347300
5209800
5269200
5352800
5262900
5815800
5280100
5290900
5287700
5242900
5251700
5333300
5245400
5268500
5316400
5281100
5277900
5319300
5253400
5228100
5272400
5232600
5206700
5300600
5262700
5300500
5185300
5252700
5287300
5261800
5330700
5296900
5263900
5315500
5826300
5281300
5326000
5253200
5268900
5272400
5281800
5221600
5330800
5317200
5326600
5298400
5297200
5329800
5338200
5316200
5288100
5311100
5244100
5226700
5312200
5249100
5290700
5254700
5263400
5328400
5267200
5290900
5242700
5768200
5302900
5208900
5293500
5556500
6409200
6801400
6375800
6821500
5476100
7029700
6557200
5450700
5352300
5332100
5341000
5321700
5334700
5326400
5347000
5351600
5340400
5342800
5365600
5330600
5329400
5341800
5328200
5328800
5335600
5872100
5461600
5792600
6697600
6758400
6078800
5363400
5358500
5349400
5337200
5338500
5321300
5330600
5323000
5359500
5366200
5397200
5368000
5342400
5338300
5334000
5322000
5365900
5334800
5328800
5365900
5363500
5413000
5332800
5827100
5357600
5333600
5338900
5312200
5298800
5382800
5316600
5318700
5364600
5535400
5356900
5326400
5286200
5416000
5337600
5343400
5315800
5408500
5353700
5263600
5311600
5333600
5278500
5313000
5379200
6311000
5386000
5360000
5861400
5300700
5317200
5338600
5317400
5343100
5290500
5321500
5322500
5351000
5314600
5282300
5280600
5360400
5388600
5297300
5345200
5314200
5263100
5277800
5281800
5255800
5287900
5320800
5254400
5318800
5274100
5258900
5347600
5794800
5207700
5268700
5279400
5352800
5276500
5247000
5287400
5254300
5284000
5349400
5311300
5343200
5272500
5320000
5426200
5300600
5259100
5373800
5291800
5330700
5280400
5273700
5304300
5238300
5300400
5333700
5208000
5262900
5668900
5261700
5343300
5263700
5224200
5315900
5314800
5307500
5228800
5243900
5283100
5214200
5250200
5246800
5305400
5274400
5254800
5265400
5295400
5298100
5264800
5257200
5221000
5261400
5247300
5222900
5480000
6104900
6981300
6547000
7650200
5828600
5350800
5333500
5318600
5327600
5321800
5334100
5413000
5317200
5348400
5387100
5326700
5322800
5316300
5396000
5394800
5348300
5334700
5361500
5343500
5290600
5345000
5315500
5334000
5328100
5345100
5346800
5257300
5878100
5299700
5258300
5307900
5278300
5284400
5268300
5288700
5264000
5397500
5238200
5346100
5250300
5137600
5242300
5322400
5252300
5283400
5243700
5227000
5350000
5270300
5285800
5300900
5234400
5315200
5278300
5224700
5295000
5797700
5268600
5291900
5304500
5323100
5215000
5292500
5307900
5302600
5357200
5258500
5245600
5271300
5218500
5270400
5347200
5261500
5251500
5295800
5336800
5302900
5280500
5284700
5260200
5287800
5342800
5316200
5330600
5242400
5817800
5241800
5291400
5280800
5229200
5269900
5347100
5286400
5324400
5268200
5343700
5422400
5282300
5280200
5264500
5265900
5259700
5238600
5282000
5336200
5258800
5263800
5357000
5283800
5265600
5348300
5243200
5314600
5330400
5318300
5782000
5218100
5233800
5321900
5247300
5215600
5196700
5257400
5217800
5262400
5242700
5339500
5323000
5322400
5400000
5316100
5254600
5323300
5291100
5345200
5359600
5270000
5366600
5320500
5329000
6601500
5304500
5307700
5346400
5816900
5372000
5305900
5311200
5316300
5307600
5299200
5322900
5352900
5331400
5295100
5327000
5302100
5304200
5287400
5359300
5366900
5331000
5288800
5326400
5671200
6565800
7193500
6761000
7297000
5457000
5371700
5332700
5324400
6035800
5310000
5311700
5314800
5415100
5348300
5329900
5319100
5335400
5351800
5376100
5410400
5338200
5370800
5322000
5354200
5315100
5305500
5309800
5373000
5315100
5320000
5175400
5318100
5156500
5123100
5332800
5210800
5312700
5786300
5272500
5324000
5197500
5226200
5268600
5268600
5311800
5257200
5231600
5345400
5206100
5205100
5261100
5232500
5275100
5228300
5325300
5286100
5286500
5333500
5298600
5267100
5227200
5316000
5230500
5397100
5357700
5226000
5206700
5753800
5242200
5320600
5163500
5224700
5283400
5237000
5320500
5258700
6459500
6481800
5901700
5408200
5317600
5312300
5342800
5388600
5317200
5316300
5263200
5208600
5298000
5277600
5304500
5223300
5210300
5313300
5244800
5225300
5810200
5237700
5364900
5237100
5303900
5280200
5232600
5278900
5237200
5242900
5309300
5214700
5213900
5267200
5279400
5312700
5277000
5325100
5269100
5286400
5284000
5269900
5397800
5305000
5288800
5256500
5335600
5289300
5168300
5866900
5261900
5235200
5269800
5241400
5286300
5290600
5358000
5348500
5263700
5322000
5242100
5281600
5250800
5209200
5215900
5260700
5312100
5263000
5229900
5394700
5238300
5374400
5389800
5304800
7207900
5258400
5235800
5232900
5817900
5335200
5233400
5283800
5334300
5297100
5222300
5258800
5346700
5271500
5247500
5319800
5240300
5264400
5334300
5920700
6552600
6167300
6493200
5464700
5364200
5357700
5384000
5345100
5365900
5338700
5351300
5359700
5314700
5853500
5328800
5308700
5321100
5361400
5371300
5297300
5319300
5297800
5255800
5310700
5331900
5312100
5292100
5306200
5297300
5314900
5335500
5350100
5343800
5291100
5281100
5360200
5323200
5184800
5217900
5187400
5292200
5243500
5911800
5274900
5150000
5234400
5154600
5181200
5286700
5214500
5284800
5198600
5310600
5339100
5282600
5134000
5276100
5259000
5211200
5246300
5200100
5237000
5331800
5222300
7166000
5963100
5296500
5225600
5208100
5253800
5231700
5816700
5320300
5218700
5212400
5274700
5177500
5243000
5287700
5254300
5205000
5287000
5307600
5154800
5226400
5231700
5290100
5273400
5244400
5330500
5247000
5282000
5288600
5340600
5332400
5244700
5248600
5337000
5292400
5206900
5260200
5745900
5283800
5267100
5193300
5164300
5241900
5253700
5296100
5176100
5291400
5331700
5233200
5223400
5333400
5288000
5246200
5351300
5219400
5244800
5228400
5283200
6239200
6377000
6127400
5387900
5361100
5344100
5308700
5322400
5804700
5312700
5331700
5430300
5347800
5388200
5313300
5312000
5383100
5290700
5389500
5230900
5216800
5255900
5223000
5237400
5319100
5339700
5260800
5241100
5254100
5701600
5313800
5347400
5300900
5298800
5319700
5299400
5305800
5767000
5312700
5301300
5343400
5424200
5369000
5289700
5264900
5233700
5284100
5826200
6488700
6270600
6669100
5787700
5311800
5308500
5296400
5346800
5358600
5319800
5386500
5364000
5340100
5338600
5316600
5361600
5337900
5435300
5879300
5328800
5364800
5341100
5328900
5368700
5290200
5326600
5310600
5743000
5385600
5314900
5289700
5392600
5298400
5245500
5408700
5310000
5358600
5298700
5360700
5378200
5288400
5266300
5241600
5364200
5297000
5246000
5262000
5882200
5240600
5280900
5267400
5235800
5271500
5276700
5286800
5227900
5292900
5195300
5235000
5243900
5287000
5310900
5301600
5841200
6502800
6457700
5387700
5363600
5348600
5399600
5386100
5310400
5358400
5346400
5359300
5347300
5765300
5291400
5249400
5301100
5251100
5137400
5331100
5295700
5244900
5242200
5257600
5363200
5281100
5302100
5274400
5333800
5340000
5151100
5226600
5297300
5337400
5250400
5266500
5250600
5294000
5257200
5254900
5337800
5229900
5828200
5254900
5253000
5235800
5241400
5146000
5270900
5242900
5265600
5257000
5256800
5271400
5311800
5309500
5304800
5286000
5266200
5223500
5282600
5259400
5327800
5209000
5289000
5329300
5296900
5337000
5262700
5257800
5396900
6039400
5249700
5366500
5232300
5242200
5260400
5240600
5282800
5357800
5269500
5303300
5278400
5257100
5363200
5247500
5279500
5322500
5282600
5172000
5491400
5311600
5386800
5248500
5233100
5276700
5224500
5193500
5313500
5249700
5268000
5782700
5270700
5264600
5313100
5546800
6167000
6667500
6420400
6905500
5338800
5367300
5364600
5331900
5341400
5329500
5375000
5334300
5394300
5339200
5336400
5385600
5332700
5335600
5318100
5339500
5335100
5321200
5362500
5410500
5858500
5353400
5328700
5235300
5335200
5327500
5284000
5172900
5344000
5259100
5264800
5249100
5301700
5249400
5274300
5230800
5317400
5268500
5252400
5342200
5171800
5251600
5332300
5262300
5259000
5283100
5284400
5320700
5280000
5809900
5343000
5329200
5301400
5239000
5260600
5268400
5241900
5248200
5307600
5229800
5229800
5305100
5245500
5241000
5262500
5282500
5229900
5271600
5264900
5279000
5265300
5301500
5297500
5189000
5240800
5287400
5300500
5235700
5823700
5252100
5285300
5275800
5260600
5309700
5237400
5236900
5315200
5217900
5286500
5268000
5254400
5339900
5245900
5188700
5324200
5270500
5235100
5300000
5266600
5310300
5232900
5277900
5306600
5251900
5292100
5459400
5223400
5268400
5835800
5254600
5307600
5263300
5254900
5335100
5172700
5319400
5311300
5296400
5290500
5305900
5290600
5325600
5275600
5241200
5345900
5277700
5226700
5329700
5262500
5312100
5374700
5264000
5339300
5271500
5379000
5488400
5260800
5855400
5288800
5265600
5293700
5196600
5284100
5327400
5232600
5183000
5220600
5247100
5303800
5241700
5306000
5292800
5241900
5189400
5309400
5250000
5240300
5280300
5294100
5257000
5260400
5179700
5233300
5244900
5267100
5298200
5830900
5470700
6187800
6854900
6516000
6814400
5400400
5345200
5340700
5360500
5342000
5330000
5325900
5375500
5355300
5352700
5332800
5386300
5344600
5315500
5342800
5311600
5385200
5311300
5292200
5420400
5364200
5381800
5349500
5849200
5357800
5358000
5305200
5307300
5286300
5279500
5388400
5294200
5257600
5316000
5262200
5274300
5317700
5558900
5426500
5378400
5312300
5446900
5278600
5308200
5279600
5270000
5308100
5287000
5261700
5272500
5215600
5254500
5231100
5798700
5299100
5252900
5143600
5332900
5206400
5207100
5319400
5374900
5171000
5248100
5226000
5313600
5252100
5240300
5268600
5238700
5244600
5296200
5218000
5279100
5261100
5175200
5314100
5239700
5238300
5240200
5252100
5218500
5826700
5163600
5301600
5238800
5354500
5213300
5254400
5232600
5260100
5190600
5254500
5267100
5276300
5228300
5250500
5256900
5343100
5201900
5220600
5305900
5233200
5201200
5238300
5236000
5274200
5202500
5154200
5312400
5259500
5715800
5279000
5233100
5266300
5242600
5151300
5312200
5237200
5246800
5492400
5584200
5519200
5500800
5495400
5586800
5553000
5540300
5525600
5275700
5234100
5269100
5230200
5315100
5318200
5236600
5294300
5210800
5231600
5330100
5293200
5771800
5241000
5154600
5286500
5229200
5221900
5304200
5249700
5256900
5283000
5168100
5273800
5296300
5217000
5224700
5325200
5236200
5248700
5339900
5252100
5281300
5208900
5266700
5205800
5205900
5660800
6353400
6408100
6700200
6937800
5405500
5384600
5350700
5312000
5340800
5365100
5316500
5358500
5320900
5340600
5343300
5309600
5330300
5355600
5364700
5339900
5327200
5367600
5339100
5307900
5386000
5378900
5298400
5283500
5292400
5314300
5353400
5228400
5871200
5310300
5267900
5322400
5336600
5252800
5370300
5279500
5282900
5343100
5251400
5329200
5306600
5321700
5371300
5246400
5280800
5323700
5308600
5263000
5303300
5264100
5343100
5305800
5267300
5382200
5266700
5284100
5363600
5844800
5350500
5278300
5272300
5324600
5297800
5302000
5365100
5303400
5284100
5317000
5306000
5297900
6775900
6484900
5897500
5363800
5418500
5339900
5328300
5327200
5321100
5328300
5496100
5475100
5476500
5544500
5396400
5483000
5444200
6144600
5322500
5380100
5394200
5284400
5296900
5355100
5284600
5280000
5373600
5294600
5326400
5356800
5266200
5327400
5295500
5264300
5293900
5289600
5285400
5321600
5252300
5256400
5339300
5282400
5337900
5285900
5263600
5366400
5835200
5267900
5308000
5264500
5352400
5309200
5364300
5337700
5321000
5326500
5308100
5282300
5812400
6497800
6542700
5855900
5358400
5394800
5337900
5327900
5339700
5364600
5441400
5348800
5344600
5378400
5347800
5403100
5373000
5987700
5390300
5330600
5334700
5404100
5285000
5362800
5345400
5314500
5354100
5284400
5365300
5366600
5316700
5308600
5383500
5317100
5383600
5931000
6592800
6336400
6614500
6152800
5369400
5350000
5329800
5355300
5372900
5356000
5878500
5431100
5346000
5507200
5960500
5381600
6267200
5350800
5358700
5436100
5378700
5339200
5302100
5337300
5320200
5331500
5387700
5313700
5368800
5430200
5342700
5638100
6311900
6067900
5520300
6011400
6040700
5804100
5450000
5903000
5386300
5916000
6402000
6570700
6347000
6330500
6322000
6447200
6379000
6422500
6201100
5555700
5335300
5319200
5341100
5338900
5315800
5374700
5332100
5436300
5331400
5454600
5399300
5338400
5332600
5338300
5322000
5347900
5318100
5823600
5377600
5319400
5316300
5324500
5327800
5338600
5327500
5373600
5314900
5371000
5353400
5310900
5332400
5345600
5362500
5316500
5266900
5248500
5305200
5266400
5320500
5282100
5254300
5350700
5286500
5276900
5369100
5281600
5842100
5301100
5307000
5351700
5266000
5287900
5501200
5309500
5301000
5429100
5321400
5297300
5256000
5326100
5302900
5257900
5240000
5574300
5303300
5288500
5204700
5193100
5319600
5255000
5250000
5275100
5245000
5252200
5256600
5907200
5366700
5242200
5206700
5352500
5308300
5290100
5291000
5293100
5277200
5789700
5469800
5452700
5265900
5277900
5313800
5272700
5296600
5271000
5251100
5252000
5264700
5275400
5291100
5222800
5265000
5282900
5227800
5252700
5842400
5257100
5281800
5250000
5232000
5275200
5269100
5250500
5423300
5628700
6510800
6407900
6693200
5521400
5388100
5327400
5382000
5310800
5316400
5332400
5388600
5317200
5374300
5326200
5357100
5383000
5393800
5375700
5349400
5871500
5388900
5359000
5361800
5329900
5313200
5352700
5346900
5351400
5335200
5310500
5324700
5306000
5269600
5320900
5294800
5302800
5298500
5328800
5286600
5334700
5299000
5339600
5276000
5256300
5277200
5391500
5303900
5316700
5785300
5274300
5279000
5235000
5272300
5286300
5294400
5332100
5221900
5222800
5290800
5328000
6128000
5325000
5238100
5295400
5295700
5236700
5231200
5269500
5340000
5365800
5280300
5304800
5248500
5247400
5258900
5295000
5258600
5796900
5263300
5341500
5273800
5276300
5304200
5221900
5244900
5277700
5241100
5310000
5301600
5301400
5315600
5269000
5222800
5344000
5275800
5253000
5232200
5304900
5252400
5301100
5248900
5335400
5252000
5278000
5250000
5288600
5796300
5308100
5251600
5304800
5275800
5292700
5324500
5265700
5306000
5297100
5320400
5304400
5231700
5235100
5310700
5258800
5232000
5248500
5235700
5308800
5305200
5229800
5268700
5269700
5300300
5329800
5232300
5289500
5351100
5259400
5866600
5253100
5279800
5288900
5309700
5254700
5275700
5193200
5234900
5291800
5228900
5262500
5289900
5265900
5306100
5262000
5231800
5276100
5222000
5276600
5225800
5305100
5415500
5289900
5261000
5275400
5273300
5326400
5260000
5792800
5304700
5278000
5218500
5780200
6422200
6770200
6383800
6853200
5395600
5338300
5352100
5324600
5313900
5343400
5399800
5336100
5317500
5316600
5324600
5372100
5380000
5332800
5380800
5318500
5329200
5341300
5325300
5332200
5793800
5331000
5305600
5299400
5359900
5323300
5305000
5276100
5259600
5278100
5311200
5272700
5292500
5328200
5312700
5346000
5300400
5319500
5352800
5235100
5331600
5331700
5198000
5264600
5326000
5273500
5236900
5293300
5247600
6045600
5337700
5270100
5378800
5238400
5435500
5330200
5295600
5361600
5249200
5482800
5356200
5318500
5295200
5300900
5265800
5627700
5710100
5551400
5510100
5507300
5619500
5389100
5390800
5340100
5379500
5414900
5330600
5433300
5872900
5323300
5284400
5293400
5281400
5251000
5296900
5305900
5227500
5297000
5253000
5279100
5276000
6573600
6298800
5634900
5368200
5317700
5351400
5393000
5307500
5334000
5311700
5412300
5362800
5316100
5333200
5371200
5318000
5948300
5744000
6466400
5977700
5831200
5400200
5326100
5397200
5347000
5326000
5330900
5308600
5314600
5344000
5371500
5351200
5328500
5340400
5352000
5311600
5329500
5336400
5329300
5331300
5330300
5403200
5270000
5292900
5374800
6319600
7042000
6831300
6002200
6101200
6114900
5961700
6120400
6078300
6274300
6283500
6182400
6242600
6261800
6278200
6363500
6207400
6184600
6221600
6219000
6207500
6223800
5636400
6328900
6491600
6767000
5848700
5356100
5356400
5367200
5991700
5329400
5455900
5323300
5380500
5447300
5339700
5317600
5405600
5482700
5456800
5425900
5640500
5669100
5717100
5612000
5631900
5628900
5662000
5653500
5341800
5343800
5441300
5316800
5324400
5371300
5391000
5354000
5400300
5776400
5362500
5315500
5318700
5399600
5276700
5281200
5352300
5286600
5469500
5359500
5286900
5331300
5302800
5406300
5337200
5273500
5322100
5349300
5276800
5205900
5285400
5272100
5312200
5271100
5249500
5373400
5305000
5246400
5800000
5241600
5347100
5264300
5235400
5357200
5247500
5227900
5359100
5210600
5242400
5284900
5201200
5276600
5233300
5284300
5235300
5297600
5271800
5278200
5261200
5263200
5332000
5263800
5262100
5223200
5248600
5198100
5220300
5753500
5246600
5210000
5295200
5364000
5253000
5218000
5251600
5216200
5234300
5195300
5202500
5230100
5283500
5305600
5279200
5227000
5243100
5325600
5242100
5233500
5250400
5251600
5263300
5352200
5250500
5520600
5232100
5256100
5902700
5288900
5202400
5235900
5220400
5258800
5303400
5316100
5339200
5287300
5264500
5305000
5243900
5255200
5345300
5182900
5277400
5292900
5307300
5268200
5250800
5297400
5310000
5311100
5233600
5344700
5251800
5243200
5284300
5779500
5258400
5343900
5243000
5404100
5328600
5204400
5325600
5290800
5278100
5259100
5311600
5305900
5334600
5267000
5391700
5345300
5272100
5599200
6225500
6240500
6538200
5898700
5363700
5366600
5344800
5315300
5339900
5317500
5318200
5812800
5347700
5325300
5335500
5313800
5326500
5374400
5324900
5351200
5322400
5319100
5323600
5316600
5281500
5300600
5284900
5293100
5313900
5297200
5289900
5334700
5258000
5315000
5329900
5317400
5350800
5411200
5285900
5294500
5815300
5287000
5236100
5241800
5356100
5193500
5355700
5276700
5217600
5272900
5331300
5258700
5288600
5232600
5252500
5326300
5309300
5220800
5251800
5232700
5251300
5294500
5328700
5286600
5219100
5484600
5253500
5308600
5276000
5785100
5265600
5313200
5272000
5228400
5276500
5256600
5279800
5283300
5260400
5283400
5245700
5268200
5297900
5296300
5278500
5348100
5225100
5296700
5345900
5244900
5378700
5240000
5258100
5308500
5259700
5270400
5235100
5231000
5286500
5821100
5258700
5310700
5253600
5289900
5292400
5253200
5260800
5278900
5333200
5342200
5237200
5252300
5294000
5229500
5275600
5277400
5273300
5347500
5270300
5372800
5300900
5274600
5250500
5346200
5274900
5237700
5276400
5238400
5778400
5303000
5255600
5298600
5263200
5250000
5314000
5225600
5258000
5280700
5246100
5293600
5289600
5308600
5291900
5266500
5318900
5344900
5287700
5289200
5316600
5240300
5283400
5257500
5247200
5331300
5245200
5287900
5341900
5822400
5242300
5279500
5215100
5214400
5249100
5256000
5289900
5273100
5313500
5335300
5248600
5215200
5821400
6404100
6580600
6528600
6346900
5344500
5341300
5426900
5423200
5347100
5350000
5343300
5335900
5354000
5320000
5351600
6072100
5331600
5313000
5388600
5357000
5322100
5339800
5336000
5354900
5339000
5348100
5331000
5342700
5370000
5343800
5317500
5255200
5268400
5326300
5297600
5327700
5239300
5224900
5299600
5247100
5233300
5243600
5264400
5267400
5276600
5742100
5378500
5166700
5292300
5371300
5225600
5240400
5297000
5217000
5265900
5240400
5220700
5383300
5258200
5283600
5289800
5266600
5228700
5292800
5197000
5294100
5302100
5276700
5291400
5233000
5248400
5271300
5235900
5243900
5844800
5238700
5845800
5464200
5253000
5283100
5264300
5293100
5242800
5284200
5345000
5302800
5271800
5205100
5252600
5246900
5235800
5263300
5323400
5371200
5251200
5294000
5273700
5241000
5277100
5279700
5287800
5263000
5266000
5896400
5202600
5247500
5300200
5232000
5336000
5254400
5263300
5304100
5244800
5254600
5272300
5224700
5283200
5365000
5232100
5320800
5227600
5218100
5531100
5298900
5290900
5264200
5251500
5284400
5262100
5244300
5264900
5260100
5754200
5318800
5231200
5257300
5257000
5252600
5266000
5261200
5248100
5242000
5252200
5291400
5346800
5276400
5243100
5303600
5284400
5285300
5288800
5251200
5247300
5246400
5247600
5333500
5263000
5350400
5310300
5274800
5226600
5265300
5794100
5332400
5238000
5236100
5337700
5248800
5271000
5302800
6082000
7078800
6537700
7202400
6431000
5360000
5354100
5346000
5330400
5319600
5332700
5391700
5349400
5336500
5334500
5314700
5347900
5334700
5325600
5385300
5412200
6033400
5328300
5313800
5340500
5385600
5293600
5392100
5314300
5319300
5369400
5269600
5280900
5271600
5355100
5297800
5330700
5271900
5357700
5323300
5296300
5273600
5326700
5368800
5366800
5386600
5356200
5217400
5245500
5247900
5766900
5292200
5318400
5255900
5292500
5215000
5229500
5323500
5330400
5239300
5245800
5258300
5376200
5247400
5299700
5503100
5262200
5209600
5266100
5273600
5293000
5342200
5269700
5250500
5275300
5205200
5284000
5293700
5248000
5674900
5319100
5312700
5299100
5193900
5252700
5264300
5237100
5329000
5262900
5293100
5247000
5182500
5314000
5199900
5253600
5240900
5234300
5355600
5331800
5226800
5317800
5266400
5243800
5303600
5235100
5250400
5276700
5225200
5177800
5797400
5280000
5251600
5181100
5289600
5309500
5241000
5186400
5319900
5289800
5237000
5238300
5244600
5238600
5332300
5198900
5288100
5282400
5245400
5298800
5266900
5322500
5269000
5214600
5256800
5328400
5241600
5416400
5285700
5855700
5288300
5243900
5310200
5249800
5218800
5306800
5159200
5275300
5239700
5231500
5332000
5245600
5239300
5274300
5329600
5377100
5286800
5240200
5270300
5311400
5291700
5327000
5248400
5255200
5256000
5167400
5290000
5254900
5871100
5348100
5316600
5283800
5821000
6529200
6132900
6474300
5556700
5382400
5328200
5319400
5314200
5339900
5376800
5346300
5389700
5313100
5322900
5332400
5321700
5276400
5331300
5314400
5304200
5328500
5315900
5343100
5315600
5805900
5327400
5344600
5195600
5290600
5228300
5309800
5214800
5269200
5277600
5230100
5303400
5327600
5227500
5297900
5295300
5224500
5260500
5344400
5243500
5278400
5225800
5341700
5264900
5239300
5335800
5326500
5236600
5265400
5249500
5854300
5336200
5163700
5287800
5305800
5249000
5232500
5333000
5279000
5268700
5231600
5193300
5283300
5365700
5287900
5269400
5263700
5273200
5316000
5193300
5243900
5247400
5300700
5281100
5240700
5314200
5275500
5222800
5247400
5830200
5234900
5203500
5314500
5256000
5272400
5286500
5269000
5325800
5282100
5302500
5347700
5259200
5318700
5284500
5296800
5222800
5263000
5254100
5277600
5295300
5284000
5386900
5269100
5279600
5299000
5288200
5276100
5258200
5803900
5283300
5277200
5340000
5302900
5209800
5195700
5223500
5268800
5286700
5294600
5229000
5343100
5385400
5222500
5323900
5371200
5272500
5249900
5194900
5352500
5319000
5282100
5289700
5246300
5278400
5237100
5310100
5376900
5262900
5752300
5375400
5295300
5235900
5232700
5259500
5232500
5245500
5181300
5270300
5284400
5286300
5315800
5248100
5223900
5335100
5247000
5268900
5273100
5266600
5319900
5207100
5265100
5310700
5295700
5290500
5272000
5209400
5419800
6430000
6461800
5960700
6437500
5545800
5310800
5316100
5360800
5312000
5333900
5322600
5329300
5376600
5327900
5352200
5330400
5315300
5313100
5325500
5381700
5405000
5310000
5385000
5328200
5298700
5292100
5269700
5277600
5311500
5767500
5235100
5283100
5236100
5239900
5255200
5305200
5299900
5234400
5239300
5322300
5307400
5236700
5368000
5240200
5231300
5275100
5229000
5347400
5236300
5185700
5198000
5211600
5249600
5344300
5240200
5356000
5304200
5250300
5769200
5262300
5232900
5297400
5209000
5238200
5348100
5262800
5192600
5455100
5225700
5353100
5239500
5243700
5316300
5255800
5293400
5322200
5224600
5271200
5231700
5275500
5250800
5211800
5202100
5315400
5310200
5315300
5301200
5225200
5738200
5257300
5271300
5373000
5346800
5236600
5334600
5294800
5299600
5296400
5288400
5265400
5292900
5300900
5340800
5290300
5315600
5315900
5243600
5249600
5254800
5223600
5437000
5278900
5257200
5298400
5257900
5298200
5265700
5727500
5319000
5185500
5230600
5282300
5235800
5225200
5227800
5254100
5269500
5264000
5250600
5349100
5248800
5241400
5299900
5263600
5262700
5265500
5349700
5332800
5240200
5246400
5366100
5222100
5268400
5302200
5256600
5333100
5829000
5298700
5323900
5239700
5241500
5315500
5319300
5355900
5316900
5223000
5277400
5268200
5293300
5264900
5281600
5258200
5226600
5232700
5325900
5242400
5212400
5269600
5270300
5258700
5360400
5209700
5751100
7562700
7464200
8098200
5674100
5704400
5636900
5652600
5643600
5386300
5354800
5360200
5350900
5330500
5373200
5385200
5335800
5335400
5336500
5426200
5366300
5341500
5261100
5294300
5254300
5307100
5251400
5252100
5333100
5286500
5287500
5215500
5279000
5851500
5231500
5258800
5281400
5234700
5369800
5255300
5306900
5322900
5217500
5292300
5388500
5292600
5255200
5194900
5273300
5261500
5241600
5250200
5268000
5288300
5277900
5356600
5233600
5260900
5284400
5282100
5266900
5255300
5817600
5307200
5236300
5246600
5282000
5237700
5314500
5245100
5304900
5269900
5239400
5209700
5270000
5243800
5240100
5329300
5228100
5252700
5264200
5273400
5231300
5239400
5255900
5155600
5234800
5249900
5384600
5261700
5243900
5849200
5270200
5225500
5257000
5316900
5260700
5271300
5244900
5288400
5245700
5217700
5334900
5290800
5223300
5264100
5235400
5229900
5278200
5296200
5284300
5283800
5244400
5340200
5227500
5319800
5278800
5205100
5165700
5249100
5776900
5248200
5235200
5251500
5258000
5245300
5201000
5290800
5225100
5226300
5296600
5242600
5250200
5259300
5262400
5240300
5283400
5250300
5259700
5243400
5282400
5394700
5223000
5211600
5269600
5234100
5266000
5230300
5255000
5300700
5787300
5240700
5345800
5264500
5246600
5228700
5228900
5271500
5247900
5175900
5299400
5294100
5251200
5347200
5316700
5324700
5260800
5245400
5256000
5274300
5327800
5865100
6554400
6207500
6586800
5356700
5380100
5354500
5410400
5957500
5320000
5317700
5332300
5323000
5320500
5333500
5339400
5333000
5314600
5313200
5320600
5333900
5285500
5262400
5235300
5297200
5305700
5298000
5252600
5227800
5343700
5288000
5235500
5293700
5252900
5290400
5236600
5168200
5801900
5260300
5248900
5268900
5294500
5238300
5219900
5170900
5245100
5308100
5324500
5223500
5204200
5219100
5206400
5209100
5265500
5326900
5259900
5204700
5271000
5328600
5273800
5262500
5283500
5333200
5316500
5268400
5263600
5913100
5259200
5234200
5229200
5257300
5267400
5249100
5321800
5238400
5188100
5271300
5273000
5262200
5318900
5242400
5370300
5453700
5281500
5303200
5348600
5587700
5235400
5365000
5261300
5340300
5257700
5315300
5326700
5348900
5339100
5967600
5345200
5355400
5380200
5275200
5300700
5359600
5367700
5282800
5310000
5308500
5316800
5306400
5301500
5374700
5411600
5323300
5367800
5354400
5343900
6094400
6346300
6291000
5363400
5325800
5368700
5319800
5516900
5334700
5826000
5418700
5325700
5364500
5342800
5318300
5312500
5298800
5296400
5344500
5323300
5361900
5297100
5367500
5341500
5294500
5325800
5297500
5316100
5348800
5317800
5317200
5339400
5293000
5351100
5346200
5297700
5339300
5288400
5820200
5267800
5251600
5250500
5318300
5321700
5315400
5332000
5258600
5268500
5334000
5246100
5344700
5240900
5245000
5230600
5971800
6919000
6549800
6814500
5387700
5353700
5340000
5310100
5318200
5445400
5373600
5370200
5329800
5954700
5344200
5452700
5374300
5343900
5445200
5385500
5352000
5379600
5388300
5472800
5356500
5328900
5499600
5519500
5460800
5917900
5367900
5329300
5321000
5303300
5353300
5390500
5288100
5378700
5382800
5341200
5441500
5428100
5853900
5308100
5317800
5379200
5333800
5365200
5321700
5339000
5341200
5363500
5370800
5395000
5336300
5343400
5307600
5333100
5265300
5292700
5257600
5225900
5275800
5261600
5296300
5341400
5229500
5398900
5356600
5283300
5357000
5251800
5759400
5289300
5327700
5309500
5237700
5224000
5312600
5237100
5258100
5329000
5222400
5271600
5334000
5293200
5255700
5231300
5270700
5373400
5254000
5300500
5387600
5222700
5245300
5352300
5321600
5300500
5282800
5353000
5336100
5867700
5268100
5344600
5278200
5253400
5275200
5253000
5309000
5300100
5285700
5260200
5288200
5332200
5360200
5288600
5245200
5319700
5288600
5334200
5252500
5237400
5334400
5272900
5334000
5356800
5396600
5304000
5275000
5259000
5881800
5331600
5292700
5240500
5275100
5345300
5400600
5357000
5260700
5317600
5280400
5304400
5272600
5296700
5336500
5309400
5326800
5317700
5301800
5250800
5297600
5338000
5257400
5397500
5305900
5299200
5333100
5283100
5304000
5877500
5407300
5429300
5404500
5332200
5283700
5323100
5277300
5301800
5301100
5714300
6509400
6226700
6641600
5541700
5346800
5344700
5337900
5330900
5351900
5347900
5324100
5358700
5327600
5320200
5338400
5334600
5404200
5327300
5979500
5336900
5415100
5366800
5352100
5417300
5388900
5311000
5321200
5332400
5309800
5322400
5323700
5278300
5311300
5281900
5308800
5322500
5296400
5295800
5330500
5295400
5267900
5305300
5312000
5389300
5294700
5311000
5395300
5901600
5351200
5382300
5323000
5314800
5311600
5352200
5383600
5309800
5278100
5255800
5293900
5288200
5293500
5294000
5395600
5367300
5253700
5443900
5283700
5313600
5296400
5263100
5321900
5309000
5265600
5260500
5342600
5244100
5984000
5230800
5235700
5284000
5288400
5359300
5359700
5235800
5311400
5240000
5249800
5291100
5266600
5296400
5230000
5278800
5233200
5229400
5278000
5276400
5198300
5287400
5299300
5264700
5303700
5331200
5260600
5240000
5234600
5315300
5780500
5242200
5262900
5285600
5209300
5250200
5436700
5263600
5202600
5328400
5259100
5296500
5320900
5271300
5333200
5297500
5242900
5287300
5234800
5245000
5310700
5296200
5239900
5293400
5248600
5304600
5347900
5223900
5300400
5825200
5314900
5235800
5238900
5283300
5297500
5276400
5336800
5218900
5287000
5294700
5323700
5200200
5294300
5332700
5279200
5436200
5323100
5302300
5246500
5316700
5289900
5296000
5278300
5321600
5239600
5323000
5304700
5376000
5906200
5255600
5255900
5298200
5277600
5159800
5389200
5958200
6412700
6249100
6411700
5343100
5355900
5387000
5359400
5327900
5337200
5334800
5361900
5320300
5337300
5380900
5335100
5388000
5325000
5343900
5262600
5278600
5286600
5838100
5252400
5225400
5317100
5165300
5221700
5352700
5242000
5226800
5202500
5196600
5288200
5273700
5233400
5269000
5314800
5254200
5280800
5212600
5246300
5258600
5218800
5251200
5233100
5330800
5249700
5225800
5299700
5215900
5820800
5222700
5243300
5333800
5219900
5246600
5305700
5246800
5273400
5230100
5244300
5260400
5251500
5301100
5303400
5231500
5267200
5310200
5234100
5285500
5305000
5292000
5195000
5265700
5247900
5236400
5272300
5255900
5280400
5857000
5239400
5282600
5237300
5317200
5257800
5266900
5298700
5259800
5275900
5330300
5266200
5192400
5417400
5266100
5243500
5314800
5284400
5258900
5267900
5245200
5290300
5239700
5292300
5330400
5308300
5250500
5287400
5236200
5883400
5225200
5240100
5341600
5273800
5252900
5338500
5276800
5256300
5299600
5259600
5256600
5314100
5238700
5238000
5266700
5229800
5310100
5257300
5245700
5283900
5263700
5241700
5295200
5233500
5260000
5310300
5225200
5272300
5246300
5871100
5332700
5293600
5282700
5273200
5229400
5299900
5226200
5257500
5276900
5232800
5321600
6519300
5266500
5210400
5332900
5305900
5259300
5268400
5250400
5319400
5285500
5237500
5281400
5278100
5219400
5286600
5390200
5304100
5783000
5267200
5493900
6044300
6547300
6188600
6371500
5453200
5404300
5519700
5374800
5327700
5443100
5324700
5312000
5308500
5309400
5359900
5304700
5294700
5326200
5296000
5294900
5341200
5242800
5271300
5284800
5334000
5298800
5836900
5277300
5316500
5205700
5301800
5381700
5294400
5222400
5261700
5254000
5309600
5188600
5274900
5342700
5295800
5285800
5376500
5277300
5348100
5296200
5334600
5302000
5227100
5199200
5275100
5244100
5214900
5252400
5121600
5806800
5224700
5199600
5255800
5227400
5248900
5252400
5178300
5352100
5234100
5236500
5455400
5236100
5267400
5308400
5243300
5270100
5288500
5226800
5244000
5264200
5254900
5206100
5252600
5241300
5352000
5252500
5265100
5326900
5261800
5736900
5295400
5244200
5252700
5238600
5234000
5273300
5247800
5198000
5304100
5308000
5269300
5324200
5259000
5248900
5350800
5174500
5323500
5272500
5264000
5310400
5305700
5259400
5317700
5215400
5263100
5364800
5248800
5312700
5794200
5282900
5241200
5268500
5203200
5303200
5267100
5317800
5219500
5253300
5381900
5230000
5266400
5261900
5315800
5161600
5267500
5284400
5227200
5251400
5266500
5224300
5329000
5244300
5203600
5267100
5239600
5294700
5162000
5859300
5346500
5230300
5166300
5297100
5222100
5331500
5196000
5219800
5336100
5227600
5240500
5316000
5233800
5296000
5249000
5201300
5196100
5245200
5314200
5369900
5208100
5241300
5310800
5252800
5257600
5352400
5292500
5204600
6460800
6468700
6259700
6585700
5527400
5358500
5342200
5324200
5307700
5326800
5332600
5327500
5337900
5349500
5315600
5427500
5305200
5454800
5325700
5301000
5398600
5306200
5255100
5350700
5302600
5284500
5248500
5243900
5312100
5225400
5748000
5285600
5234000
5315600
5220000
5234700
5415100
5237700
5270800
5314100
5278200
5333300
5279500
5226900
5267300
5295300
5234000
5341000
5238900
5179800
5281100
5219400
5224600
5263600
5173900
5187500
5298700
5223600
5286800
5835500
5252700
5296800
5253500
5157700
5344100
5199000
5262000
5286600
5276700
5312400
5249900
5179300
5306900
5249500
5237700
5286500
5197800
5304200
5240000
5211600
5213500
5271800
5301000
5312500
5308600
5253100
5303900
5165400
5776500
5257200
5244400
5246800
5254900
5247500
5293300
5236400
5181100
5398800
5311100
5263400
5227900
5253100
5244400
5239600
5174600
5315500
5237300
5239800
5253500
5233500
5240700
5300600
5222300
5188000
5285800
5288200
5252000
5762900
5323300
5355900
5249900
5186000
5336200
5214800
5277000
5248900
5320100
5304400
5518800
5253300
5263100
5249200
5239700
5327300
5253200
5252100
5282900
5240700
5256300
5270300
5288900
5289900
5264700
5331900
5323400
5305300
5236600
5847500
5300900
5251700
5266200
5265900
5354500
5294100
5313200
5314600
5265400
5257800
5304700
5270700
5269800
5339900
5293600
5292100
5301900
5263400
5322400
5285300
5285900
5344000
5265200
5322300
5748700
6490800
6137400
6141800
5876800
5342000
5396500
5338200
5341700
5388100
5320700
5318000
5331300
5373500
5324300
5323100
5405300
5395000
5304600
5346500
5354300
5333700
5343000
5315400
5327300
5327400
5385300
5292600
5314500
5317600
5301000
5356300
5281800
5799900
5383500
5278600
5307800
5289400
5312500
5272900
5175300
5280000
5328700
5213300
5148400
5275300
5238900
5267100
5258000
5298300
5283300
5228800
5140700
7506400
5296300
5284100
5190700
5311800
5390900
5245200
5231400
5302000
5814800
5271400
5266400
5504300
5230700
5243100
5235000
5271900
5166400
5152600
5300000
5240000
5214300
5271900
5234600
5220600
5271000
5249200
5238400
5256500
5202500
5191800
5303900
5241200
5282700
5194200
5243700
5247200
5288800
5269300
5826300
5259500
5476100
5278800
5299400
5269700
5331300
5355200
5214000
5401300
5368300
5222500
5262900
5282900
5339300
5370700
5293500
5313500
5370600
5301300
5193900
5443100
5388400
5326000
5252700
5244900
5268000
5230800
5156100
5850200
5254400
5177300
5285900
5219200
5232800
5257200
5258800
5265600
5316600
5244700
5244200
5280300
5241700
5227700
5225100
5171100
5312200
5243600
5236400
5277700
5249700
5285000
5253500
5270300
5259700
5280400
5207500
5199100
5777400
5253700
5237300
5225400
5202100
5271100
5205400
5190500
5215100
5204000
5253400
5233300
5278500
5293600
5202800
5228600
5268400
5273100
5279400
5276000
5168400
5463700
5930900
6479000
6069900
6237600
5495100
5346100
5345900
5325900
5854000
5466900
5366800
5417400
5488700
5423500
5340100
5315600
5316800
5316700
5299700
5330500
5286900
5228600
5293900
5287100
5246200
5292700
5261500
5262100
5293300
5208100
5271200
5293800
5270200
5210300
5305200
5329800
5284800
5857100
5208100
5294900
5293100
5186100
5235600
5218400
5255700
5226800
5259300
5273500
5212700
5255900
5373400
5241300
5313900
5226700
5245600
5280500
5239400
5258600
5325600
5275000
5252100
5293700
5325000
5193200
5202000
5194400
5789200
5239600
5309900
5247300
5189700
5285500
5268600
5278900
5172400
5235700
5239400
5282700
5269800
5200000
5277200
5254700
5260700
5303200
5260700
5245300
5215000
5249400
5244700
5264400
5192700
5217800
5298200
5257400
5311300
5841800
5379800
5364500
5274100
5463600
5342600
5378400
5337100
5176100
5284000
5268700
5225500
5224600
5265100
5272600
5647800
5221900
5295700
5283300
5260200
5191700
5251100
5265600
5311800
5266100
5268900
5366400
5241000
5269900
5270700
5755600
5314700
5232000
5178600
5286000
5278400
5269600
5271400
5211400
5304700
5215100
5224200
5289800
5249600
5235100
5371000
5285200
5281800
5365700
5239300
5218000
5260800
5268900
5206500
5235100
5255500
5251600
5193600
5220200
5751700
5197700
5231500
5257400
5260900
5315600
5234900
5245600
5293600
5311200
5248400
5198200
5190300
5275400
5297300
5261500
5308800
5297100
5675600
6492000
6842900
6371200
6827300
5414000
5337700
5329300
5341300
5342100
5386200
5802100
5351200
5396800
5313900
5312600
5366100
5366400
5318200
5326200
5379700
5319700
5335000
5341600
5353700
5317400
5286100
5354300
5302000
5333700
5331100
5268500
5265800
5298800
5281100
5339900
5307900
5320400
5314700
5266800
5850100
5285700
5248000
5337000
5299700
5289500
5350200
5183300
5184600
5292100
5293600
5404900
5224900
5269000
5291500
5288100
5311000
5261600
5221900
5253800
5248900
5240200
5288800
5237100
5268600
5400900
5671000
5531800
5572600
5571000
5811600
5249500
5242200
5265900
5241500
5347100
5250400
5235000
5306600
5252700
5246200
5278200
5225300
5271700
5323100
5308500
5309400
5289800
5291400
5322700
5221000
5261000
5295300
5277300
5320600
5258700
5256600
5241700
5258100
5807700
5262000
5304000
5265800
5224500
5310700
5381200
5240600
5247500
5276500
5297300
5300600
5303200
5285300
5310600
5258000
5324300
5307300
5287700
5229600
5287600
5251500
5271100
5227500
5293800
5300300
5283300
5305500
5298500
5839500
5269500
5256500
5338400
5321100
5305000
5311200
5242800
5265100
5337100
5315300
5316900
5273700
5279900
5330200
5311700
5280800
7711900
5548500
5330700
5273500
5332600
5342300
5323700
5286500
5242100
5322700
5285300
5256800
5959000
5393000
5286500
5301900
5318800
5353500
5274300
5331000
5311200
5324900
5292900
5728200
6418000
6865000
6455200
6872400
5489400
5385500
5374000
5370700
5328000
5321800
5339800
5328400
5358200
5343400
5332900
5335300
5319000
5306200
6036200
5318900
5426400
5365100
5329700
5324500
5312300
5328100
5350500
5326700
5369900
5312900
5343800
5428500
6648600
6856600
5308400
5322200
5401300
5321700
5315600
5337500
5368500
5316900
5338800
5333900
5413500
5387100
5309900
5792200
5354400
5331600
5435900
5364500
5321100
5362100
5301400
5337000
5307300
5301900
5365500
5375900
5344900
5318600
5334100
5295400
5290400
5290300
5582000
5311800
5296800
5307400
5292400
5271700
5311700
5314300
5320100
5336900
5871200
5382300
5311700
5309100
5312500
5331900
5347000
5338800
5350800
5324100
5313200
5351600
5372300
5339500
5310700
5335600
5313300
5353400
5307900
5388100
5337400
5297700
5287000
5335900
5333400
5351000
5316500
5315600
5336000
5375800
5740000
5348900
5296900
5313500
5273700
5329000
5763500
7361100
5337600
5303000
5347900
5303900
5319100
5352200
5321300
5341000
5307800
5336200
5338600
5255000
5341600
5297700
5323800
5355700
5314000
5380400
5277800
5325700
5336700
5847700
5283300
5317800
5304700
5363000
5357400
5298900
5383300
5309400
5319900
5366500
5344400
5332100
5285200
5345200
5341400
5312100
5365500
5316400
5267500
5274500
5237000
5309100
5285100
5287000
5285800
5314700
5295100
5246400
5819200
5330100
5261000
5653700
6261600
6619200
6634100
6102200
5393000
5361300
5324200
5384500
5384800
5327100
5311000
5370300
5341200
5305600
5366700
5327700
5443700
5310400
5345000
5333100
5318100
5335300
5322800
5338600
5298100
5853300
5348100
5325300
5342600
5342200
5296000
5319300
5368100
5299400
5303700
5296400
5383600
5291100
5292500
5313300
5311800
5332700
5274300
5301700
5286000
5272500
5257400
5214500
5195200
5220600
5256400
5286500
5263000
5224600
5272500
5816600
5197000
5330100
5239100
5211100
5332700
5217200
5292700
5312500
5333000
5416700
5312500
5305300
5267500
5255600
5276100
5242400
5233700
5294100
5242900
5246700
5463400
5621000
5312500
5317500
5302000
5225200
5299900
5282800
5892300
5130200
5236800
5318500
5330300
5234600
5336700
5298900
5248500
5318500
5231500
5238300
5292100
5257200
5241600
5243500
5237500
5319300
5208600
5269200
5323800
5301700
5204900
5245700
5293000
5219300
5269000
5252900
5260800
5790300
5261500
5479400
5233400
5296800
5224800
5321600
5256400
5266600
5237300
5335100
5227900
5233400
5325100
5229200
5266000
5429100
5283300
5263100
5304100
5271900
5294300
5286500
5217300
5283300
5234400
5236400
5256300
5258800
5806500
5284200
5200400
5355000
5352000
5213700
5281600
5247900
5309600
5330800
5185900
5242400
5269800
5334600
5263800
5277500
5250300
5324100
5204800
5232200
5423400
5268800
5231800
5228400
5198200
5281500
5250000
5339300
5723700
7085000
6363200
6723600
5660900
5360500
5325600
5471600
5388000
5373000
5328000
5314700
5315200
5337100
5315600
5323500
5329600
5390600
5335400
5344400
5389100
5348300
5348800
5349000
5274800
5279600
5312600
5331300
5222700
5489300
5988600
5276300
7602700
5291900
5332200
5261400
5298800
5325100
5290300
5272000
5365900
5302900
5281100
5263800
5309600
5306400
5332100
5336700
5301000
5258600
5286100
5244600
5266900
5340900
5225700
5232900
5325900
5300000
5231500
5791600
5245200
5242600
5246900
5201000
5262700
5278900
5238600
5234800
5247700
5296800
5304200
5218400
5287400
5271200
5227900
5276600
5220200
5251900
5256500
5251100
5301700
5291600
5300700
5264700
5281500
5258900
5203400
5240000
5719400
5313200
5248000
5255500
5263600
5197800
5337400
5263300
5207800
5234900
5258300
5306600
5239600
5243600
5342300
5301200
5169900
5302200
5287100
5219400
5234800
5272500
5283000
5292300
5277000
5334900
5283300
5271200
5282000
5727800
6370100
6801800
5330300
5297200
5261000
5344900
5277000
5230500
5304300
5253100
5320500
5233800
5260600
5273700
5290600
5246400
5220200
5325300
5255800
5195100
5258900
5259200
5308300
5245000
5243900
5267100
5275600
5233000
5255600
5774900
5237000
5271000
5171300
5401900
5295200
5238000
5292600
5241700
5246600
5262900
5234100
5234600
5227600
5272200
5241800
5306800
5279100
5272600
5196400
5226800
5293000
5237500
5368500
5847800
6531400
6207600
6416600
5340300
5831200
5401600
5317100
5329100
5384100
5358100
5324000
5344000
5371000
5316200
5362500
5386500
5341200
5335000
5315200
5311900
5357500
5310200
5314400
5278800
5269600
5285800
5271900
5253600
5258100
5229900
5320700
5267400
5215600
5821700
5282700
5298500
5358200
5293800
5341400
5289100
5317500
5325100
5273100
5392400
5372700
5315800
5325900
5331300
5375200
5346600
5282900
5349800
5311900
5282000
5295700
5288500
5245300
5233200
5338400
5297600
5258800
5294500
5846600
5329800
5368000
5340600
5417800
5247600
5288300
5263500
5271300
5252400
5333700
5283200
5308700
5341500
5232500
5304400
5273600
5261200
5268700
5270500
5354800
5291600
5317200
5265800
5278700
5291400
5303700
5279500
5284000
5288400
5874400
5312300
5302600
5290800
5281800
5293200
5286400
5350000
5258100
5255100
5289800
5321300
5250600
5228600
5263500
5255500
5299700
5265200
5283500
5294800
5226500
5332300
5229600
5245900
5257900
5173400
5252300
5251500
5236800
5799300
5211700
5213900
5318600
5223100
5242800
5256200
5212200
5196300
5243700
5278000
5441000
5242400
5273600
5308700
5199900
5210800
5326200
5272300
5207900
5226300
5288000
5293600
5196700
5189300
5277200
5228300
5213900
5181200
5983300
5303500
5289600
5233100
5375500
5263600
5281400
5191700
5283900
5316100
5281600
5248300
5280300
5266700
5276200
5310000
5216500
5269000
5356000
5297200
5843300
6776700
6793600
7271700
6269400
5351400
5343100
5327800
5310100
5900100
5396500
5348300
5318700
5323400
5408800
5350600
5676300
5669600
5653000
5346400
5315800
5341500
5320700
5412100
5330700
5328800
5316600
5331400
5301700
5387700
5352400
5311900
5332800
5305700
5323000
5363200
5302400
5325400
5349000
5867900
5319300
5309700
5399900
5315500
5306700
5349800
5316100
5356900
5374100
5308100
5287100
5268200
5324200
5325200
5297900
5334200
5334900
5297000
5281200
5259500
5297400
5337200
5291900
5238600
5337500
5303500
5242000
5315000
5823900
5269300
5294100
5243000
5258800
5298600
5275500
5303800
5294800
5278100
5300700
5337200
5240500
5271400
5227500
5275000
5333700
5328900
5310800
5247100
5317800
5263000
5250000
5335800
5258700
5289300
5347000
5267000
5265300
5823000
5291700
5385100
5313900
5263100
5304600
5278900
5253100
5342500
5243800
5221200
5279400
5306700
5278200
5294600
5234600
5313700
5327300
5235900
5319700
5255200
5238600
5304700
5228600
5260000
5259300
5229700
5246400
5209800
5781800
5247800
5225400
5295300
5281000
5249400
5317800
5212300
5272500
5255300
5249700
5284800
5254800
5316300
5332000
5200800
5210700
5925000
6762000
6821100
5850600
5371400
5311000
5335500
5328600
5328200
5362100
5325500
5401900
5375600
5872000
5354500
5307000
5342000
5327800
5313900
5347300
5464600
5357000
5355000
5329900
5442000
5600300
6568200
6473200
6201500
6245200
8007600
5910100
5359000
5344500
5313300
5341300
5325700
5327900
5317000
5330800
5364500
5342900
5829400
5364800
5396500
5311000
5344500
5314200
5315100
5314500
5324000
5404100
5340200
5361300
5319400
5388700
5297300
5343200
5330700
5361400
5372800
5303800
5414800
5377000
5366400
5323000
5331200
5308600
5343600
5336900
5291000
5760900
5265500
5322200
5392600
5307000
5270100
5322200
5296600
5310300
5338800
5369000
5267000
5287500
5249900
5335300
5213300
5233600
5317300
5307000
5234600
5411800
5242800
5423100
5278800
5280800
5342100
5277700
5230800
5290300
5868000
5300800
5309800
5343100
5356400
5240400
5226000
5284700
5283600
5280000
5391600
5274600
5324400
5199900
5305800
5341200
5288700
5249300
5295100
5264700
5313100
5315300
5222400
5263100
5234800
5236800
5361500
5248900
5315000
5845500
5231600
5348600
5217300
5272300
5306400
5276200
5300600
5254700
5241300
5254800
5265900
5283900
5352000
5266900
5249300
5330900
5175700
5287900
5287600
5274100
5293900
5246200
5239800
5237900
5218500
5328300
5265400
5219000
5880700
5274200
5274300
5339500
5289500
5316600
5339300
5319500
5389800
5315900
5247500
5320800
5264600
5301200
5330300
5314600
5312200
5284300
5245300
5297000
5263900
5171000
5250100
5204000
5315100
5363800
5307000
5296300
5277700
5271700
5833800
5325600
5342000
5342400
5305400
5258100
5370100
5232100
5609200
6272000
6247000
6531000
5933200
5368000
5367800
5348200
5310900
5372200
5319900
5343800
5312700
5309500
5348000
5397000
5329600
5311500
5888400
5378800
5337900
5840200
5361500
5301100
5340500
5360800
5354900
5350600
5344600
5374200
5319400
5653600
6344900
6345500
5701400
5340300
5405000
5336300
5371600
5407600
5335400
5347200
5342300
5367700
5340900
5334600
5352600
5383500
5395300
5374800
5942600
5346000
5406000
5322600
5329700
5305500
5313500
5350800
5312800
5331800
5360600
5337800
5360600
5367000
5348200
5272600
5328600
5304100
5300700
5313400
5346300
5374700
5408800
5339900
5353600
5355400
5301100
5305500
5295800
5842800
5285700
5304200
5334100
5237800
5269600
6023400
5341500
5367200
5297700
5296400
5310900
5377300
5317300
5287900
5256200
5327400
5306200
5254200
5343700
5336300
5370300
5323900
5325100
5321900
5362600
5329100
5318800
5239700
5317600
5783300
5323000
5241100
5344300
5324400
5320700
5239000
5307600
5323000
5305200
5193000
5238400
5252400
5257800
5314100
5320500
5281800
5283500
5178300
5299800
5290800
5262100
5946600
5205900
5226200
5234400
5368300
5265500
5281500
5756800
5334600
5276500
5232500
5301100
5241200
5279800
5370200
5240200
5350600
5253800
5262000
5278000
5278100
5242400
5316000
5287700
5288400
5244400
5262800
5319300
5308100
5279900
5279400
5358600
5343500
5300100
5246600
5301800
5777700
5267500
5261600
5518000
6217000
7121400
6651200
7086200
5479000
5405200
5340300
5323100
5333800
5404800
5378700
5332100
5315600
5342700
5318900
5338700
5328800
5319900
5409500
5365300
5341100
5320300
5358300
5348200
5390800
5987400
5343600
5402200
5324500
5310300
5329100
5334700
5329100
5372300
5298700
5308800
5299200
5302400
5371600
5300300
5319500
5320100
5288200
5326100
5337600
5284200
5342900
5364800
5381800
5356400
5341500
5375300
5350100
5360400
5873200
5250300
5298100
5351800
5333000
5404000
5255400
5501300
5321800
5310100
5550700
5393500
5400600
5313800
5319000
5332300
5307300
5303400
5329900
5347700
5350100
5340400
5313100
5344600
5321500
5342500
5359700
5343300
5338100
5882400
5300600
5328600
5281800
5313500
5312600
5299500
5276300
5347900
5284100
5232100
5287900
5261500
5373200
5239600
5227100
5303400
5318000
5253500
5302100
5344000
5194100
5262800
5300200
5244200
5267600
5214700
5238000
5350900
5773900
5332200
5238000
5207900
5282800
5265200
5319200
5223200
5246900
5352100
5255700
5271800
5320700
5275800
5293400
5241100
5288400
5323300
5272800
5297100
5301000
5899700
6672400
6925400
5832800
5367400
5395700
5383600
5316200
5405000
5769400
5336400
5384600
5409900
5424700
5353700
5350800
5341200
5353200
5334900
5365400
5374600
5345300
5334000
5365300
5369900
5358700
5290500
5331600
5311700
5331600
5254100
5356400
5347800
5300500
5899100
6608000
6867100
6447400
7441600
5367100
5424300
5329000
5326700
5386100
5339000
6401800
5396800
5347400
5348900
5359900
5307300
5324200
5380600
5312000
5366400
5320000
5350400
5377100
5327300
5364000
5312300
5324800
5397600
5314600
5346200
5393800
5313300
5852000
5316500
5344600
5330900
5316900
5339200
5367300
5338000
5336400
5383000
5352500
5334900
5285000
5301900
5338100
5287900
5390500
5310200
5307200
5370400
5296500
5319800
5361000
5269700
5326700
5348800
5290100
5304600
5345900
5829100
5282700
5266500
5236400
5317700
5241500
5222400
5280700
5263100
5245400
5240300
5204100
5228900
5290800
5278700
5296400
5368500
5283900
5303100
5259400
5291500
5283100
5311000
5279000
5263700
5236800
5298900
5285600
5244700
5817300
5348100
5271500
5297800
5266800
5304300
5347700
5297900
5364800
5277900
5327600
5249800
5278000
5280500
5301000
5301300
5314900
5207500
5289300
5364900
5316900
5352200
5300400
5256000
5315100
5273000
5281500
5280900
5327700
5283400
5735600
5302300
5363400
5302900
5279800
5307200
5248800
5333200
5278100
5245000
5362600
5256500
5294600
5354700
5302900
5296300
5290200
5228800
5313200
5351700
5280800
5275600
5252300
5237900
5310900
5314200
5262800
5263100
5266200
5775200
5294400
5247900
5239100
5381500
5407600
5323800
5258600
5364900
5269200
5297800
5339300
5286600
5289600
5286800
5275300
5315300
5372600
5255000
5316500
6069300
6783900
6542200
6790200
6249000
5344000
5326200
5313500
5352400
5826500
5349200
5336800
5303000
5348700
5330100
5330900
5331600
5337400
5326600
5355300
5321000
5350000
5399500
5365800
5334000
5351700
5448300
5313600
5340200
5345000
5320900
5348600
5343600
5315000
5326200
5359500
5407800
5342300
5852500
5332000
5268700
5319100
5288200
5271700
5291300
5360700
5279600
5280100
5256700
5340000
5269500
5192100
5276500
5316800
5230500
5310300
5225500
5252600
5237200
5241100
5305000
5220100
5328500
5338800
5234200
5238800
5395100
5210200
5696600
5252800
5250100
5243000
5279100
5275900
5267500
5241200
5287700
5349000
5331700
5267500
5317400
5302100
5304800
5321700
5243300
5395000
5296200
5244500
5287400
5238800
5275600
5223100
5180200
5303300
5231200
5228400
5280700
5782500
5298200
5267300
5205300
5300600
5227300
5329900
5388500
5241400
5216500
5328200
5253800
5321400
5312800
5215300
5375300
5249800
5254900
5302000
5277100
5258400
5292100
5247600
5235200
5221600
5206400
5215800
5234000
5225300
5820500
5229000
5211700
5262200
5281200
5209200
5206100
5186700
5269100
5305600
5246700
5293000
5228700
5214600
5372600
5170400
5247600
5239000
5344100
5336200
5330500
5309900
5305000
5298100
5248800
5290200
5257600
5288400
5362400
5844900
5349000
5283600
5340200
5256200
5215200
5194000
5300600
5271000
5333000
5281500
5268400
5261100
5216700
5247600
5294900
5693400
6356200
6482100
6677500
6021400
5352600
5347200
5368500
5337300
5310800
5378700
5329600
5394600
5941500
5312200
5346200
5317300
5328200
5314700
5319300
5350300
5396100
5292700
5333100
5277700
5327200
5302300
5301300
5355200
5344700
5383500
5362300
5402900
5340400
5324700
5275700
5313700
5302200
5319200
5380800
5330800
5289800
5821700
5288900
5377600
5317000
5369600
5334600
5289200
5339800
5370900
5341300
5280200
5298300
5334900
5313100
5338700
5252700
5325300
5314000
5299100
5328600
5277700
5297500
5336900
5234100
5302400
5275300
5237300
5362400
5297800
5797300
5288300
5334300
5242900
5256000
5229600
5290700
5200100
5222900
5263600
5242000
5238000
5263100
5243400
5248600
5197600
5255000
5291000
5320700
5208200
5252100
5192300
5233900
5262500
5225800
5205400
5284300
5191800
5250400
5245200
5794600
5262200
5310000
5219900
5297300
5206600
5197000
5226400
5234900
5132500
5255500
5275500
5237100
5212700
5217700
5303700
5311500
5252900
5196700
5309900
5222300
5265100
5247900
5245500
5264900
5268000
5197300
5370100
5218600
5899000
5282700
5303800
5303200
5230300
5226300
5328800
5213300
5346100
5292400
5205500
5306500
5233900
5250600
5299300
5257300
5285700
5297200
5172200
5260400
5258600
5128800
5278700
5261200
5268000
5305400
5310600
5238200
5257200
5789000
5266700
5274500
5241900
5349300
5323100
5268100
5319000
5251900
5334200
5279300
5282500
5879400
6516700
6235600
6535700
5365300
5370700
5335700
5306200
5334600
5314000
5360400
5370900
5384000
5323200
5376800
5336400
5298900
5827100
5319200
5364100
5310200
5291000
5247900
5320100
5275800
5269800
5333800
5401300
5471600
5629500
5762400
5821900
6250600
5743300
5999100
5427200
5332300
5420500
5322400
5361000
5316500
5371800
5373100
5330500
5338400
5320800
5922200
5459700
5481600
5393100
5428000
5393000
5403400
5332100
5333700
5434400
5392100
5367500
5332800
5330600
5331000
5332800
5356800
5301200
5512600
5378000
5306600
5320900
5309700
5328400
5342200
5313500
5336500
5341000
5350900
5881700
5312400
5309500
5327400
5299200
5347700
5309200
5298700
5418800
5326900
5322700
5297200
5319200
5283100
5326000
5319300
5282300
5304100
5320900
5274000
5269500
5328200
5289200
5281100
5286200
5335300
5276700
5303300
5298000
5837100
5305900
5296100
5290600
5275500
5250100
5257400
5310600
5310100
5326000
5249000
5322100
5348700
5321500
5262800
5291200
5255600
5369900
5355700
5316700
5299300
5310900
5340700
5326000
5306500
5370200
5471200
5393800
5266300
5313900
5347500
5306000
5302300
5261800
5317400
5285800
5299100
5315000
5237000
5414000
5323400
5292900
5270200
5285800
5256200
5316600
5343200
5230300
5352300
5272000
5268400
5262700
5295800
5329300
5235200
5256700
5248200
5260200
5284000
5776600
5301400
5308100
5290400
5341600
5486300
6128800
6842000
6397500
6795600
6148300
5388100
5399200
5359100
5371400
5339100
5387800
5403000
5361700
5350000
5343100
5370400
5378600
5327800
5332900
5314200
5341200
5295600
5313900
6198300
5372900
5357900
5313000
5331500
5410300
5311600
5365000
5315600
5329300
5316200
5301900
5347900
5356400
5308100
5311500
5307700
5283800
5236800
5269900
5340300
5353300
5271500
5286000
5290700
5418400
5203000
5277100
5334600
5736800
5312400
5290700
5295000
5328100
5365500
5307400
5361500
5279000
5317900
5329000
5335800
5371200
5322800
5372700
5318800
5303100
5315100
5315100
5317400
5393000
5308500
5313600
5281900
5302000
5319200
5299400
5360900
5319100
6072500
5633500
5618000
5653600
5672100
5584100
5597100
5608200
5717000
5352600
5337200
5254100
5341900
5283200
5299900
5313100
5273900
5271000
5240100
5319800
5282300
5309600
5274200
5298200
5306100
5252000
5370000
5272600
5297000
5857800
5253700
5356000
5269100
5284100
5315100
5262300
5294400
5254700
5299700
5319300
5312100
5332000
5293100
5326300
5316900
5313800
5223500
5268300
5230000
5227100
5300400
5250100
5246900
5292300
5281400
5363600
5216200
5233400
5824300
5294500
5228700
5289700
5258900
5304300
5255500
5234100
5261200
5292900
5222000
5343200
5235800
5249100
5308700
5244500
5280600
5307300
5306900
5266600
5222200
5263100
5318400
5253300
5325800
5233100
5273600
5314100
5264800
5780900
5932400
6675100
6959800
6801400
6951800
5345500
5352100
5315700
5302600
5361500
5336200
5330900
5396200
5301200
5339400
5379000
5350200
5315900
5313200
5334100
5308900
5324400
5328000
5361000
5351100
5336400
5310500
5303800
5344300
6108200
5343800
5329400
5343600
5345100
5355300
5325300
5338600
5391200
5315900
5396700
5348700
5381100
5305700
5312200
5335300
5306900
5345800
5392900
5334800
5353800
5332600
5327400
5394400
5310000
5293300
5411900
5308300
5332200
5780800
5330200
5303300
5307500
5290200
5471100
5366200
5302400
5333200
5283700
5333200
5350000
5319000
5301500
5269000
5294300
5295300
5242700
5340900
5238500
5272600
5286500
5255800
5252100
5276700
5262900
5371800
5264400
5298600
5859100
5263700
5301800
5270400
5303700
5260700
5286800
5290200
5259700
5251700
5395500
5275200
5239400
5308500
5310000
5293100
5318900
5323200
5341200
5248300
5368100
5347600
5238100
5359300
5298800
5300700
5251900
5269300
5257100
5300100
5728300
5346700
5305400
5303000
5221400
5338900
5312800
5266700
5240900
5224100
5237100
5336500
5219600
5336300
5248900
5242500
5382300
5246800
5287400
5272100
5269400
5292000
5370000
5250700
5329500
5313300
5345700
5310300
5274600
5818800
5348500
5298600
5281800
5289900
5281800
5377700
5245300
5281600
5276300
5312200
5210600
5236200
5264700
5440900
6160300
6497300
6089200
6290000
5334700
5355500
5614800
6288300
6737700
6370700
6750400
5785000
5362000
5355900
5882200
5339100
5346000
5311600
5348400
5348700
5320300
5340400
5333300
5367900
5319600
5340100
5322000
5342300
5332000
5366400
5402400
5310100
5344900
5305800
5333500
5413100
5333600
5416500
5376400
5347700
5335200
5332500
5328000
5930700
5344100
5359800
5335700
5337200
5322900
5306200
5325400
5334900
5308700
5321400
5288800
5313900
5307400
5275300
5251100
5387300
5250100
5348800
5297200
5291300
5325800
5287300
5285700
5299200
5273600
5278500
5369900
5283300
5296600
5867600
5270900
5367000
5238600
5261300
5308300
5323300
5250700
5301700
5318100
5273000
5208300
5251500
5294100
5249300
5248300
5231400
5273100
5299300
5342800
5280400
5221500
5421900
5287200
5217800
5236200
5243100
5290200
5328300
5780300
5325900
5331100
5271000
5354600
5262400
5227900
5263200
5292000
5258500
5313200
5272300
5299600
5274100
5267400
5293900
5268300
5276800
5246800
5281500
5291200
5289500
5235900
5354200
5309800
5293600
5351700
5340100
5234800
5793000
5228800
5253500
5328700
5302800
5280100
5274500
5303500
5322100
5360600
5340400
5301400
5254300
5365100
5288800
5296700
5330600
5266800
5295500
5331800
5240800
5348000
5256700
5259500
5372400
5274500
5282600
5273300
5258000
5887500
5228100
5231300
5385500
5272700
5321800
5261100
5241200
5315900
5353100
5335700
5384800
5314400
5280600
5290000
5334500
5448400
6236400
7237200
6640900
7213800
5793800
5370200
5352700
5488400
5328800
5432900
5334000
5316300
6095800
5352300
5369700
5327200
5435900
5334400
5327700
5366400
5366700
5329800
5375000
5355100
5327100
5369900
5310700
5325000
5392600
5269000
5386700
5344400
5293700
5299400
5292700
5343700
5299800
5374000
5347500
5279900
5397400
5849500
5290600
5323400
5334000
5284200
6142600
5303900
5385800
5340600
5300400
5317400
5308600
5351600
5323100
5310000
5386100
5301100
5320800
5317900
5298400
5305600
5309800
5394300
5537800
5358600
5315800
5324700
5308400
5298900
5821600
5332900
5423800
5298900
5285100
5339600
5324400
5345600
5307100
5416300
5296400
5314100
5376400
5311600
5321600
5318800
5341700
5337500
5341200
5276500
5259000
5327900
5269900
5273200
5305100
5256400
5273600
5262700
5269500
5306400
5782200
5255300
5164500
5276400
5245700
5382400
5319000
5346700
5318800
5280300
5238000
5278500
5288500
5334700
5313200
5333000
5313300
5350400
5292300
5341300
5270200
5303600
5321200
5280400
5325900
5292700
5304500
5335600
5322500
5802800
5292100
5264400
5325200
5271400
5262500
5280600
5241200
5332800
5318200
5268300
5334000
5214200
5264200
5391000
5288000
5226100
5300300
5221700
5257300
5308100
