23
4
21
11
6
11
8
2
2
3
27
45
5
3
23
3
12
3
6
27
4
17
20
16
40
8
8
9
8
10
18
8
17
1
3
7
5
6
5
5
2
14
21
4
25
3
41
24
32
2
10
12
13
9
19
24
5
18
1
4
5
53
4
21
13
25
28
25
16
24
2
11
2
25
1
7
29
3
43
12
14
7
15
32
32
2
2
1
29
20
30
7
9
4
2
2
8
9
1
19
29
34
8
4
27
18
2
3
41
17
19
1
13
10
14
12
8
7
7
2
41
15
18
23
1
10
8
20
89
58
3
7
10
30
36
12
11
36
16
28
7
6
16
16
5
16
2
10
4
17
8
3
5
25
22
20
7
87
26
3
5
22
4
5
12
10
46
5
12
15
28
8
8
14
23
5
17
9
23
2
20
20
14
7
20
3
20
4
14
4
65
10
48
4
14
3
3
34
9
29
2
5
24
33
5
14
3
5
39
3
6
4
19
21
34
9
3
28
1
6
20
11
1
26
7
5
23
5
4
28
18
3
1
13
32
15
13
5
23
9
11
2
3
4
1
17
2
41
12
12
8
7
7
59
21
3
40
14
20
7
5
15
6
32
20
24
34
6
4
47
53
26
45
20
9
7
22
4
26
38
1
12
24
2
19
24
20
18
6
11
16
3
40
6
13
5
8
7
11
5
11
1
6
4
7
12
2
37
3
4
13
6
22
8
17
5
28
2
4
2
7
3
11
9
22
15
36
12
16
25
4
4
18
26
24
3
23
16
2
12
1
11
10
26
4
40
42
10
14
4
66
22
3
1
4
13
9
11
2
23
2
1
3
2
1
42
12
21
4
5
16
33
4
13
21
9
6
37
3
8
9
8
4
3
19
14
22
4
4
25
13
30
14
6
12
4
41
14
19
32
1
48
4
2
8
23
2
8
2
18
68
4
2
2
2
5
8
4
1
8
16
17
10
1
4
18
3
55
2
23
13
21
23
4
8
16
18
1
5
3
15
5
11
3
4
20
13
20
9
37
2
24
14
8
12
31
46
8
4
10
27
14
1
17
18
2
9
5
29
21
5
2
16
44
39
20
20
7
1
7
44
51
3
6
9
4
37
3
7
5
6
6
10
3
9
3
20
18
4
32
6
13
4
28
23
8
10
4
11
8
14
4
15
1
1
24
12
4
11
16
16
1
9
10
3
15
41
28
11
5
14
21
2
19
12
27
53
5
8
20
44
1
31
3
6
4
3
1
15
32
13
19
86
5
23
6
13
2
8
12
7
8
1
14
19
51
28
28
11
20
4
10
4
8
2
20
6
2
9
1
40
27
29
6
20
30
19
15
2
4
18
33
18
17
6
7
4
2
2
4
18
7
8
13
27
15
17
6
6
9
21
20
1
13
4
17
2
17
11
9
5
6
43
34
6
9
13
3
4
17
17
25
51
9
12
1
14
8
8
13
3
8
3
6
4
13
28
23
2
4
9
3
1
3
5
17
16
18
10
13
1
6
11
1
12
9
40
10
5
1
4
39
4
30
24
1
7
3
23
3
14
13
8
3
2
8
8
2
7
21
10
19
7
28
30
42
2
16
38
20
12
18
5
2
9
31
21
4
25
3
10
6
2
1
15
18
5
7
34
10
16
3
2
4
15
2
5
5
19
40
13
23
10
4
7
13
41
5
23
18
8
5
7
16
4
2
1
47
3
18
5
14
13
20
5
6
11
26
15
5
7
15
7
32
5
27
2
4
17
2
14
9
31
27
12
2
3
7
10
14
5
1
30
12
5
25
25
4
9
32
14
14
26
5
31
20
9
19
5
9
11
15
21
10
7
5
60
3
9
15
5
18
6
6
39
17
16
10
6
7
3
26
11
11
8
1
8
29
4
13
13
4
14
31
4
16
18
6
5
11
18
13
8
29
33
10
1
29
4
2
2
36
7
1
1
2
19
32
35
6
6
24
2
15
43
11
3
11
10
1
5
39
5
32
9
8
22
7
55
26
13
5
4
10
12
1
4
7
1
13
12
18
15
10
12
43
3
32
7
12
10
3
2
16
9
4
23
39
14
6
6
2
6
45
24
2
27
10
5
23
5
6
5
4
29
4
9
1
15
15
45
6
8
19
9
4
9
5
55
2
3
2
41
14
6
13
11
30
17
4
16
16
15
4
7
1
4
9
5
3
44
3
27
4
11
15
11
3
13
6
4
14
25
2
3
19
17
1
7
6
9
5
7
3
13
8
25
6
30
38
15
2
16
5
9
9
18
27
6
2
