129
107
84
131
54
112
186
83
89
120
45
165
212
198
249
188
1
202
81
65
65
53
230
137
25
126
97
23
186
71
107
157
1
18
18
64
216
223
143
146
156
236
87
151
249
34
215
152
181
68
200
261
3
191
258
179
33
64
90
88
5
78
124
88
169
166
173
81
200
47
68
121
196
155
26
30
65
162
286
171
75
18
200
163
118
235
135
123
52
261
94
104
104
118
95
156
49
207
150
247
91
130
106
18
146
294
106
208
4
66
166
114
181
193
266
135
135
83
31
79
214
241
134
262
210
101
288
255
158
130
58
32
57
205
224
24
103
201
191
81
36
291
227
53
315
196
34
27
24
233
84
60
86
297
14
105
192
268
99
68
186
93
78
194
138
19
292
27
222
29
13
39
135
209
233
144
130
203
235
127
145
179
219
137
64
196
5
38
222
289
292
113
199
88
115
151
334
181
209
26
169
133
210
150
15
253
49
251
114
156
122
210
161
9
251
58
292
152
199
160
36
57
34
94
127
99
212
240
38
101
70
198
86
250
192
226
90
178
172
233
65
61
20
229
83
54
191
142
23
39
254
221
134
110
11
128
91
82
114
79
87
60
35
176
107
32
19
1
210
131
282
240
313
201
130
202
52
266
111
162
204
296
222
184
66
185
72
14
50
137
198
78
22
69
197
202
121
10
248
70
62
226
236
163
137
150
251
125
62
127
72
246
59
52
109
41
91
40
183
140
155
158
56
197
177
81
7
143
64
118
82
75
111
116
54
200
84
22
124
219
121
30
100
344
49
52
163
153
201
251
194
186
163
191
27
43
222
223
33
217
65
23
104
25
11
66
299
36
191
276
107
26
272
288
252
31
85
204
85
287
232
198
39
74
80
252
85
118
239
217
18
198
253
28
85
180
242
266
217
235
111
20
313
51
290
15
23
83
46
141
30
138
44
201
100
86
14
20
19
185
145
150
189
53
111
115
23
224
218
64
222
199
201
123
135
56
39
194
131
255
165
41
301
67
218
151
71
155
148
149
210
151
149
14
179
231
85
126
37
142
116
252
99
226
236
107
146
131
76
11
112
240
223
199
30
235
131
146
154
259
130
76
236
68
76
122
37
139
12
218
4
275
45
273
47
216
117
231
164
134
188
262
59
40
100
234
39
133
125
173
223
87
3
38
223
70
3
117
171
125
134
234
86
17
227
190
95
33
173
63
19
159
205
91
23
104
202
71
238
34
3
87
29
241
22
138
30
26
294
55
125
245
157
156
137
246
127
187
75
54
198
161
114
71
177
136
175
132
109
239
98
70
121
159
183
260
228
180
232
214
72
151
113
144
248
194
38
249
91
25
77
207
206
71
134
82
112
203
166
260
164
267
52
127
110
67
231
244
117
66
121
243
74
284
59
16
206
15
100
195
212
214
26
124
212
131
229
33
80
127
59
142
35
120
83
11
146
115
111
57
118
201
154
183
147
270
193
148
250
61
92
143
109
257
27
188
168
76
32
172
65
233
126
237
7
92
190
93
146
145
57
220
207
113
115
46
237
59
47
84
4
262
173
205
224
53
299
164
183
165
166
104
192
103
267
161
253
265
51
24
215
258
20
54
128
5
72
209
272
81
52
222
76
120
86
158
167
148
46
9
193
186
85
175
144
164
125
94
141
235
19
54
211
37
225
185
131
12
139
188
243
39
29
221
69
23
194
256
57
82
132
164
314
215
117
205
182
58
249
75
55
210
190
7
199
77
248
33
28
205
49
2
63
102
146
72
55
123
137
270
66
133
189
216
44
192
100
38
237
228
31
284
339
277
281
55
176
98
40
56
120
239
33
189
77
135
138
148
217
99
122
239
11
166
90
15
158
32
207
269
66
313
55
120
186
46
110
184
248
123
31
199
255
144
39
117
235
86
19
38
238
164
171
95
29
169
202
261
68
42
17
223
3
242
43
131
55
98
69
213
354
89
219
225
166
206
228
167
92
197
30
39
117
2
171
240
47
188
253
184
29
33
115
123
203
85
291
234
88
103
188
108
213
202
244
156
255
74
287
148
184
68
57
74
47
22
230
41
116
93
44
79
8
31
41
140
23
71
208
46
223
143
128
119
213
50
254
67
159
130
154
118
253
221
275
46
271
292
303
132
278
152
70
56
220
109
28
40
167
89
190
137
94
230
77
93
245
217
10
156
206
120
13
21
243
69
141
259
113
52
33
60
37
181
187
86
161
193
167
70
64
224
99
200
242
6
155
26
109
32
259
105
61
31
260
218
196
251
202
188
61
69
160
66
22
176
223
54
166
69
212
128
14
144
235
96
244
36
130
118
58
185
203
52
53
10
85
149
104
38
126
238
297
190
27
127
124
68
11
26
160
154
22
195
51
23
187
243
212
77
170
96
117
3
95
92
85
131
230
235
92
189
40
199
178
74
116
135
97
161
215
101
140
216
10
76
1
69
131
73
36
140
108
72
46
56
12
49
200
87
4
149
205
86
83
84
47
78
20
255
42
284
15
211
78
63
37
168
154
54
89
198
292
177
78
193
196
148
18
352
85
60
95
58
152
207
6
103
183
259
21
169
138
130
124
195
84
57
130
83
141
49
255
30
106
178
314
19
234
78
274
100
82
225
131
125
246
141
87
143
46
52
178
22
229
41
245
19
81
138
45
234
44
155
279
183
10
48
329
105
190
105
193
249
238
193
316
210
166
314
306
80
253
148
86
20
13
110
50
184
219
154
203
72
87
91
282
55
1
225
21
9
188
55
35
205
85
246
139
75
5
29
183
174
71
130
177
179
98
82
215
178
182
41
109
338
50
110
60
187
243
182
274
83
271
4
182
42
5
110
109
176
107
95
284
28
55
129
98
164
273
228
232
103
141
101
157
50
241
117
28
35
197
134
34
194
148
66
98
216
169
145
71
194
246
84
169
259
42
171
139
222
68
233
92
231
103
46
46
221
199
184
98
39
116
258
206
214
3
64
199
53
117
245
227
37
10
78
198
103
47
152
124
97
1
66
274
196
198
169
57
88
181
80
283
152
66
40
171
215
78
162
24
211
24
154
45
146
121
48
213
58
271
181
27
62
107
4
220
158
27
304
41
243
135
46
175
83
27
144
126
201
3
91
212
248
240
178
86
162
212
66
203
78
1
24
26
177
10
76
88
151
308
265
37
249
194
93
94
193
9
5
135
228
131
142
251
137
97
47
81
156
16
285
148
83
259
230
224
103
180
204
30
78
52
111
78
28
195
9
92
30
39
225
210
89
172
142
264
180
58
220
255
15
67
235
141
169
104
38
42
209
147
244
306
100
135
18
130
61
58
139
187
263
183
225
299
183
194
165
72
9
139
231
136
84
133
217
202
3
144
225
86
51
209
270
26
55
23
29
166
130
23
321
64
82
154
96
16
237
88
23
125
98
227
37
135
195
242
158
84
49
111
207
26
145
225
114
224
166
62
166
51
66
145
185
249
224
190
169
122
131
27
103
144
128
94
118
123
115
188
189
44
156
119
32
36
204
152
189
142
13
179
45
95
159
221
232
234
14
205
217
273
140
4
32
100
153
67
285
139
221
129
124
257
227
176
158
293
94
235
148
124
22
294
20
74
128
38
89
41
223
6
128
204
178
204
119
214
173
174
159
139
49
158
92
80
205
20
17
69
204
155
209
215
294
166
163
142
12
89
109
213
124
5
182
14
55
5
35
25
56
225
222
59
194
87
219
145
230
117
80
152
208
19
95
286
152
232
83
266
48
105
101
138
172
70
228
38
11
158
79
50
192
102
197
181
150
110
133
196
118
232
52
61
131
25
97
248
105
228
257
177
127
21
230
114
50
12
186
176
215
235
38
107
108
97
63
90
91
161
34
93
206
127
85
194
22
54
177
98
143
157
51
15
27
8
78
109
94
225
129
91
19
54
38
93
61
49
221
192
110
6
122
167
153
193
189
97
216
249
38
194
104
113
66
94
59
116
273
251
108
29
141
315
147
6
42
145
90
85
220
102
147
99
142
155
190
295
13
244
101
244
34
84
87
164
90
195
97
220
105
105
156
35
212
174
149
49
171
102
3
151
179
145
99
124
145
201
92
162
21
57
249
17
129
109
205
347
252
7
197
248
31
125
148
205
124
108
7
132
99
204
16
197
1
132
39
232
181
34
115
83
73
73
4
131
35
163
263
92
198
151
203
151
57
92
91
97
14
51
106
181
216
226
165
119
141
82
93
272
262
239
57
43
4
59
125
153
20
206
41
45
22
80
241
211
188
32
303
122
281
18
144
175
277
228
54
50
212
49
85
204
57
84
10
223
153
137
150
264
16
10
281
229
145
186
51
120
238
233
104
85
47
48
42
150
60
243
29
77
149
254
44
236
6
92
75
209
122
125
37
175
45
87
38
190
107
275
186
33
221
109
118
107
53
156
54
40
214
271
108
35
75
89
201
104
245
252
109
90
117
252
146
77
259
122
105
33
150
102
44
177
173
27
150
139
30
243
127
45
145
39
140
214
136
253
40
46
57
8
135
21
215
165
180
163
225
80
71
4
99
206
35
92
220
200
23
140
165
91
147
118
266
42
119
9
13
121
25
49
81
144
148
46
236
7
44
24
159
266
179
26
122
107
18
261
4
49
265
149
18
34
349
18
102
163
121
248
24
19
146
16
174
72
70
42
124
242
122
153
199
108
149
228
32
152
243
156
191
175
221
85
27
35
56
13
264
37
13
42
145
259
81
54
147
21
78
25
142
181
249
215
68
203
83
73
278
34
135
143
143
111
75
26
19
276
273
194
178
129
123
145
122
226
228
257
15
129
180
64
107
145
25
105
112
19
416
70
201
127
159
149
231
156
263
216
183
252
127
192
204
118
100
139
77
60
18
160
157
96
84
2
116
124
151
182
120
134
248
279
79
97
69
60
112
106
43
293
281
47
254
77
165
216
158
60
116
271
216
154
104
125
6
89
60
213
33
224
38
42
155
28
184
74
185
40
278
118
246
242
154
68
102
93
220
97
167
144
161
15
161
206
205
223
238
158
226
175
97
224
77
52
114
131
189
92
209
104
111
280
113
46
16
19
206
210
184
216
212
250
23
94
116
177
58
72
3
268
65
25
99
123
106
165
351
174
148
146
65
221
225
235
290
164
75
19
38
206
209
137
280
65
161
343
152
26
66
94
120
186
189
192
133
196
220
43
211
228
96
308
118
17
92
72
215
241
113
184
160
117
84
63
138
179
77
119
37
181
70
65
290
69
159
194
77
226
164
249
95
145
121
299
72
137
190
230
133
65
117
38
38
148
38
148
55
80
21
139
249
137
145
140
86
245
252
51
39
44
196
34
21
219
190
217
67
9
256
2
206
144
107
143
124
157
39
319
307
113
125
180
269
154
38
217
201
144
243
253
118
149
70
218
134
42
3
187
84
64
209
47
17
69
97
87
143
87
199
126
117
128
10
127
59
93
137
158
203
98
57
85
223
219
149
230
255
230
110
53
211
119
116
173
44
134
270
95
232
200
206
138
165
224
172
214
125
180
197
81
43
85
260
46
252
81
152
163
71
15
100
32
1
29
169
149
55
220
177
89
37
24
190
111
247
52
90
198
130
63
142
144
124
89
65
199
98
203
78
20
62
265
59
20
137
254
220
173
85
248
148
46
158
108
227
198
200
13
184
244
136
94
50
225
82
141
36
126
168
50
226
150
135
12
249
44
107
105
91
199
138
369
3
68
132
141
207
150
18
150
65
198
164
80
67
123
227
261
143
76
147
226
159
49
85
134
34
132
82
158
126
168
266
11
10
65
250
5
154
228
64
140
237
194
240
91
264
249
5
15
77
37
110
107
208
242
164
4
276
126
97
167
268
45
106
18
210
220
173
137
211
87
163
29
183
157
118
210
68
6
108
169
11
147
190
179
167
146
209
186
21
98
10
51
216
17
277
13
121
56
233
219
232
230
76
188
118
79
30
116
177
79
241
229
90
52
63
114
143
95
31
233
216
145
16
189
197
185
126
109
15
172
176
32
243
153
50
245
183
20
116
140
26
35
141
33
214
34
97
192
279
106
166
177
10
42
219
294
262
156
97
79
211
2
201
60
16
10
92
193
208
171
3
204
75
142
83
89
39
161
319
4
259
120
162
49
185
75
8
82
269
184
169
132
158
1
70
221
175
159
236
281
12
291
51
135
174
173
50
97
165
55
224
254
140
14
161
81
291
62
68
222
221
47
197
50
150
5
255
296
138
169
222
182
14
112
165
185
259
38
257
148
213
51
19
161
40
218
239
30
245
143
95
233
46
49
203
254
16
80
11
301
29
83
12
129
171
77
65
90
76
225
171
25
145
15
235
44
46
274
132
41
120
173
182
74
21
37
105
114
256
267
65
184
47
105
51
205
20
76
44
4
174
123
29
132
289
39
49
228
134
77
143
135
132
273
139
225
30
176
129
222
56
205
55
187
96
190
234
113
12
229
201
2
89
102
157
62
117
152
270
43
107
130
40
243
123
203
150
14
12
157
41
263
2
103
46
103
247
139
49
194
53
152
104
131
6
173
248
12
25
116
55
164
95
319
203
246
87
264
235
198
156
26
209
159
139
108
214
130
73
152
137
143
213
166
171
190
178
137
116
35
71
67
163
208
68
5
115
230
52
131
40
73
131
16
268
151
41
100
118
149
46
164
165
47
145
175
26
67
128
69
127
10
89
105
38
194
132
229
56
13
109
275
281
24
35
101
136
137
81
48
159
163
86
207
124
59
164
254
215
1
112
12
217
32
197
157
322
28
58
232
239
325
48
188
195
164
31
45
118
127
88
177
240
257
75
251
94
95
77
63
160
72
41
188
51
87
42
150
116
70
191
214
263
54
121
148
97
62
66
73
337
61
166
74
19
60
18
161
62
59
165
149
117
59
86
121
116
65
27
173
136
4
83
23
136
127
67
33
88
53
143
258
206
181
202
190
212
158
195
150
151
175
252
100
93
12
242
51
64
73
47
88
128
210
290
99
56
217
64
117
81
206
212
59
177
167
43
127
172
216
167
77
131
338
239
121
66
93
285
150
66
44
93
22
50
71
130
12
112
49
128
39
65
235
41
228
49
18
209
176
204
97
195
101
261
184
49
1
108
145
124
103
138
59
155
178
93
214
125
50
35
90
126
218
25
237
172
62
252
150
242
230
246
135
22
117
35
104
322
211
15
245
197
259
67
55
67
21
235
46
178
72
214
17
80
143
203
278
79
127
120
134
90
8
2
275
198
9
196
39
32
36
92
270
25
235
79
34
273
44
50
113
18
214
33
2
88
267
116
123
221
85
167
111
15
18
164
158
262
14
48
213
64
260
146
135
61
177
259
114
128
180
69
94
207
182
68
80
76
184
167
120
189
34
128
278
24
12
159
15
120
91
310
122
52
80
72
47
162
289
260
163
309
342
24
254
97
156
157
104
191
164
228
183
23
223
223
176
143
226
221
162
152
162
136
133
263
275
100
72
49
34
85
236
106
35
176
129
170
186
150
19
164
160
69
195
90
34
97
201
109
235
160
98
104
178
51
129
62
157
214
48
277
101
280
109
110
126
161
20
198
16
12
195
223
188
62
221
124
209
238
207
193
233
161
123
32
169
151
203
163
93
252
220
236
116
92
245
218
57
156
99
281
89
213
229
250
153
215
146
181
191
249
226
132
170
125
43
101
69
185
169
201
217
7
72
160
74
178
47
135
180
104
10
66
19
80
112
170
3
42
226
152
205
8
27
114
123
157
196
217
61
144
75
60
59
128
81
19
241
16
108
6
13
224
37
143
13
106
161
134
50
126
231
91
99
9
116
224
89
274
80
255
86
172
167
103
31
199
176
60
66
22
306
67
133
168
137
88
151
114
252
97
256
90
121
58
42
114
150
163
185
165
223
104
179
92
179
231
28
218
128
61
184
111
21
149
165
272
102
236
34
222
178
293
135
18
166
152
183
218
267
173
117
62
147
136
190
357
100
116
129
147
164
211
182
239
285
67
259
305
124
1
98
277
291
74
89
48
130
347
149
179
240
104
250
93
89
5
258
215
44
113
165
247
91
210
149
220
134
81
167
98
16
228
119
47
176
208
227
180
64
51
120
185
204
103
226
284
2
193
210
29
203
215
46
29
155
232
118
313
80
112
24
174
202
150
30
231
279
8
225
121
3
15
227
148
108
66
200
158
144
173
146
182
134
248
159
246
150
80
61
110
217
94
111
115
83
12
139
113
65
160
34
47
94
22
192
152
194
209
253
134
66
252
186
33
96
208
52
134
22
120
18
130
232
104
247
88
155
83
75
139
157
113
196
186
30
52
24
220
260
264
31
97
262
128
63
200
28
149
125
274
239
113
48
125
107
255
150
126
145
112
71
275
99
32
79
112
49
102
7
222
123
193
124
209
44
110
232
152
155
148
194
12
167
213
189
22
4
128
124
167
59
157
198
169
159
98
194
236
17
157
133
193
23
71
175
188
38
121
37
123
173
83
3
25
4
88
189
147
159
154
175
125
104
268
161
182
112
119
91
36
100
21
148
32
7
224
41
205
48
80
68
185
170
8
112
57
16
234
5
127
76
103
39
290
182
76
177
62
43
156
159
353
65
126
207
77
218
172
174
97
86
253
149
64
56
104
176
232
81
220
137
69
95
188
68
315
45
51
179
183
89
162
151
16
98
58
131
149
161
187
191
216
141
7
49
125
249
114
64
10
166
70
227
75
108
290
340
161
153
182
462
91
41
322
82
59
23
21
81
332
258
114
129
45
33
236
115
29
65
5
55
27
69
55
203
12
186
43
181
247
290
60
166
182
249
257
32
187
131
125
36
80
161
169
214
78
190
192
171
108
52
43
168
368
163
20
33
129
283
37
207
127
203
146
202
30
138
82
156
325
117
249
173
143
234
36
186
184
242
51
278
206
211
138
34
245
136
267
132
251
209
225
218
38
133
170
212
131
35
127
82
11
98
100
60
132
201
142
215
77
200
14
129
91
144
163
7
198
236
76
144
173
185
15
262
276
124
220
20
231
144
123
71
112
80
229
81
85
182
264
234
71
27
172
144
200
89
294
181
198
13
234
50
49
83
231
295
112
27
185
190
132
218
199
273
24
80
238
176
34
226
60
49
261
166
220
128
217
211
133
84
3
181
125
48
181
211
84
27
107
105
45
252
205
69
118
21
205
127
111
202
184
106
15
193
210
176
64
16
151
135
23
212
241
244
126
40
128
118
62
125
24
68
45
135
159
90
123
169
17
217
51
266
138
5
25
71
113
351
203
181
217
124
140
134
110
55
225
182
158
40
91
107
244
106
209
103
109
34
93
98
129
26
14
94
70
164
261
34
147
95
118
169
55
49
75
181
70
41
273
211
144
136
134
107
277
232
102
228
215
111
122
5
301
185
116
226
21
142
105
278
209
131
216
50
57
126
74
251
147
49
34
170
246
156
130
100
59
131
257
106
6
42
60
117
82
74
219
188
11
149
81
131
6
143
129
36
211
23
133
41
277
169
114
251
1
189
132
105
167
121
103
252
192
88
112
246
1
94
279
175
315
163
171
29
201
220
144
53
139
128
131
139
34
200
91
121
72
205
1
11
405
188
314
259
149
268
173
225
110
212
95
68
197
235
42
91
14
141
181
241
256
36
98
160
59
2
300
116
50
137
210
247
189
13
64
208
253
139
14
153
247
226
136
171
250
39
151
198
179
67
168
209
152
22
157
49
14
242
53
59
58
212
40
218
2
201
236
214
264
88
222
231
64
262
154
136
80
148
118
91
211
97
124
47
12
91
70
104
49
207
64
215
223
123
39
159
65
243
95
194
208
83
231
28
202
67
72
254
19
251
104
125
184
281
195
62
122
215
104
242
4
213
172
114
31
70
107
189
87
54
76
232
105
124
232
46
105
64
17
79
93
71
41
93
19
101
59
8
344
152
82
10
79
79
195
231
140
155
13
102
161
164
111
158
126
50
177
105
205
220
73
142
167
11
112
70
265
139
90
145
298
10
131
72
63
141
119
203
213
99
92
27
154
162
240
14
61
104
175
258
215
136
107
182
7
104
122
194
58
146
44
145
205
117
177
363
204
9
159
199
175
106
113
53
219
127
164
31
157
85
238
185
218
33
94
64
29
1
58
254
198
76
43
192
170
223
3
29
169
143
56
77
202
23
78
306
171
178
37
108
270
122
97
82
173
102
163
322
32
264
202
111
181
65
142
160
11
41
111
226
47
80
47
67
221
94
188
192
209
201
216
115
198
405
12
50
175
210
6
21
58
220
248
177
60
191
82
197
325
249
113
193
256
63
217
165
289
86
69
15
31
171
19
65
194
141
93
43
77
167
222
68
17
179
97
95
112
254
228
27
46
93
239
222
125
127
102
185
260
128
150
99
45
168
80
270
212
144
21
101
270
13
191
77
154
148
277
279
73
172
190
76
17
119
41
125
173
176
30
171
40
99
78
79
220
260
99
69
63
63
166
266
69
123
247
149
41
83
207
220
210
216
156
144
157
30
201
151
219
12
64
128
130
137
47
301
138
240
195
320
147
194
7
71
93
35
190
19
206
104
99
187
83
19
219
19
69
65
14
146
32
206
236
50
226
91
194
108
238
15
140
15
122
58
61
316
170
78
6
182
52
17
112
249
233
241
190
233
181
267
123
154
229
97
3
184
246
68
157
156
237
153
48
77
168
107
197
159
22
71
95
222
134
243
127
212
19
198
107
198
119
17
186
32
153
130
261
244
302
376
64
96
162
151
61
46
74
171
166
148
178
63
6
206
63
14
166
98
282
232
231
196
4
39
44
87
104
61
13
204
132
78
210
5
247
245
222
282
182
80
59
251
153
56
19
166
222
174
122
49
127
88
140
96
135
154
131
150
155
64
110
166
9
29
87
198
107
42
186
88
263
68
26
161
281
142
24
58
211
261
84
26
177
88
33
35
89
149
115
72
225
96
81
234
169
36
198
101
236
194
20
76
180
107
198
30
134
230
217
76
119
116
8
156
7
41
92
218
200
194
50
127
28
180
18
108
59
17
98
62
212
56
142
343
81
43
198
78
56
175
252
215
159
156
219
281
167
121
127
206
234
82
71
201
142
258
172
97
165
47
185
205
170
248
152
50
58
119
175
85
121
17
128
188
12
154
247
154
62
151
106
60
244
181
203
335
13
187
42
230
73
220
254
206
47
92
41
97
69
145
162
203
154
48
265
45
210
112
210
26
134
155
76
88
266
152
160
87
174
125
83
115
234
256
54
7
199
257
243
255
172
130
51
85
151
119
249
43
112
229
76
241
33
596
213
206
141
52
15
240
117
128
121
232
112
94
105
112
184
94
174
5
23
266
73
39
201
280
169
266
125
160
52
127
59
24
101
3
89
141
97
63
100
76
258
87
179
66
59
15
241
315
93
259
54
94
247
185
40
241
205
44
201
59
281
155
2
59
163
147
148
109
94
60
242
192
113
161
146
152
208
56
141
133
197
141
143
15
143
128
183
179
187
254
148
154
125
132
87
210
107
100
45
28
52
82
19
206
86
277
60
175
208
195
138
31
175
35
183
259
29
295
175
174
101
258
90
11
226
156
32
30
59
233
108
223
128
181
206
104
232
120
338
285
221
20
266
55
275
219
237
260
79
125
143
246
97
259
240
167
86
61
282
19
300
273
156
172
17
178
128
194
80
186
12
73
289
13
15
117
209
110
71
245
169
79
175
64
315
272
60
296
241
79
174
227
214
107
74
30
142
91
19
60
126
111
124
69
122
27
226
99
139
123
65
170
30
158
212
87
169
318
45
239
59
113
39
103
197
101
175
79
267
148
2
238
51
48
131
135
59
121
200
171
14
53
89
167
170
224
124
86
74
111
178
104
14
76
194
120
9
249
54
264
160
152
159
217
193
83
99
82
39
47
225
155
75
36
55
18
224
167
144
37
89
41
110
241
131
7
20
144
176
37
243
123
79
133
99
139
100
45
242
49
50
52
158
118
212
121
24
161
100
137
222
269
247
25
70
34
96
65
274
51
89
148
212
145
156
237
28
184
38
125
2
228
220
93
329
93
92
16
149
24
240
221
60
16
47
78
86
163
182
4
153
14
91
112
77
51
48
246
51
291
56
246
116
250
45
171
8
135
122
205
147
170
51
13
168
62
42
184
185
98
90
41
219
129
181
236
223
184
60
34
265
5
218
162
128
123
92
100
200
245
232
98
126
71
164
240
337
204
98
230
109
10
225
17
159
50
174
209
38
172
208
216
20
222
51
154
44
25
150
251
31
164
188
195
152
151
106
167
36
201
117
106
143
77
166
78
121
170
251
167
79
126
165
239
90
5
60
87
92
307
187
153
24
72
194
176
82
150
11
106
221
112
28
201
20
45
91
91
30
188
201
123
6
57
239
180
258
96
71
9
47
97
38
242
254
216
39
115
265
55
148
197
59
199
249
141
101
189
21
221
10
195
201
185
254
151
202
125
242
196
153
9
156
3
154
80
59
75
303
143
134
63
122
5
127
112
179
103
233
118
109
183
164
169
147
91
195
284
68
212
30
6
298
64
46
121
146
208
111
170
252
44
199
94
145
28
135
158
111
128
25
80
251
130
67
44
271
185
199
90
47
311
22
153
25
87
69
61
124
47
77
132
169
204
221
213
90
39
284
127
215
63
237
178
155
52
28
139
123
113
84
113
34
136
255
242
48
241
122
8
153
219
78
163
41
34
128
52
133
117
151
287
64
71
71
300
100
62
304
236
56
79
251
137
221
147
23
258
83
179
129
169
30
125
228
118
47
46
38
251
133
199
194
89
140
187
117
143
170
224
175
112
69
120
240
161
8
145
9
123
122
156
75
39
56
241
214
126
27
66
178
122
220
41
35
140
88
193
23
168
35
205
54
236
138
262
100
148
151
55
245
43
44
256
131
46
105
54
12
7
210
193
117
44
143
17
98
149
117
83
62
210
46
282
294
73
45
28
233
358
129
151
374
138
79
203
139
248
121
131
208
47
81
125
214
198
68
232
105
193
36
43
167
332
161
151
190
193
65
143
112
189
126
17
221
49
249
68
26
74
8
247
101
166
306
298
179
91
37
30
164
319
268
262
114
130
244
100
89
215
69
112
33
62
151
169
243
88
39
16
140
166
74
180
45
187
200
107
191
199
126
338
203
210
240
74
276
151
293
217
97
166
200
9
88
186
121
40
209
207
133
44
110
74
3
56
82
74
27
124
187
5
155
205
16
133
117
70
27
60
107
273
161
259
155
126
136
173
63
203
191
27
112
156
85
54
157
78
9
56
9
207
115
139
246
148
216
167
70
138
215
113
129
150
30
54
76
212
41
125
26
243
94
232
67
205
255
223
209
104
61
201
210
168
153
123
46
52
99
106
196
199
148
3
146
78
170
252
180
88
35
161
27
211
108
131
237
36
257
196
17
24
186
256
253
214
180
120
82
195
38
290
49
93
164
88
180
152
151
135
119
31
12
93
93
72
302
103
258
108
271
201
213
187
52
11
223
73
1
97
199
39
17
29
201
74
104
27
181
84
153
167
135
64
150
202
45
152
64
49
214
178
4
95
171
81
73
141
94
33
116
51
22
188
23
175
72
71
209
80
124
43
94
97
82
212
19
153
4
170
249
85
73
88
50
99
234
6
113
157
6
85
77
17
109
59
86
7
266
231
235
294
58
144
145
50
66
35
101
277
209
13
284
245
19
122
257
10
147
139
55
224
239
132
191
109
121
219
238
214
242
93
184
123
137
177
195
98
39
165
116
11
89
54
109
84
253
171
84
134
62
160
25
228
94
48
127
52
175
134
89
156
144
57
15
234
25
147
10
201
250
107
135
66
219
168
158
26
240
188
50
11
208
189
12
44
19
100
109
36
186
155
178
139
170
14
224
106
26
32
30
275
218
19
251
193
11
211
108
139
14
42
89
192
27
33
150
15
116
66
236
66
173
150
185
287
260
135
217
23
203
144
139
288
187
80
153
58
133
245
226
171
24
71
91
237
160
347
243
71
171
72
243
85
37
13
57
181
129
103
5
11
168
284
258
187
206
123
196
33
123
40
178
179
140
124
78
159
189
104
68
250
221
76
111
55
207
155
63
27
114
197
78
171
188
223
76
131
290
2
125
40
235
30
150
13
56
237
186
76
30
37
243
167
203
25
70
200
163
187
143
245
199
87
200
64
213
131
2
167
6
197
150
170
185
239
276
213
6
51
132
146
220
26
161
67
208
126
86
124
32
66
127
111
65
120
95
212
11
212
261
102
176
80
121
23
186
198
67
211
28
39
117
33
187
112
239
149
177
170
50
122
265
117
17
169
220
45
105
172
142
228
163
73
142
186
185
218
33
243
178
201
320
60
70
108
165
197
146
324
198
124
3
110
191
196
90
21
149
231
259
268
176
116
6
238
6
118
140
296
241
199
214
118
143
191
249
42
214
163
81
157
227
121
218
154
147
94
146
127
159
207
96
26
88
35
253
192
8
19
315
116
159
98
77
225
202
170
150
155
242
317
72
183
13
229
153
146
247
48
84
66
22
209
238
121
165
219
118
139
61
237
184
208
22
109
95
68
148
72
63
133
58
26
172
261
152
73
24
220
260
72
168
163
104
77
246
4
22
99
142
60
268
124
54
195
178
16
173
223
97
201
306
246
30
95
100
207
55
330
42
94
76
222
129
50
163
215
151
68
50
245
100
34
206
64
27
15
157
49
11
29
221
202
78
63
111
23
17
74
154
212
255
162
35
15
16
300
110
86
9
58
261
192
271
32
161
173
92
214
117
54
243
192
52
164
180
102
13
11
214
210
145
40
174
177
183
17
133
281
33
237
154
94
146
43
263
204
43
11
122
29
214
328
114
61
49
192
160
243
276
8
112
116
110
42
81
129
26
236
25
64
230
153
116
86
105
116
119
266
180
124
42
194
40
222
47
157
189
196
143
59
295
55
14
218
63
155
133
73
194
29
93
193
214
10
22
72
82
36
217
150
234
114
173
139
162
46
173
47
16
191
145
68
190
8
8
70
288
52
106
70
48
154
282
214
63
177
193
167
190
53
243
149
173
119
1
225
132
109
225
13
80
143
33
61
148
7
56
59
5
141
107
20
238
162
167
113
183
208
218
34
172
203
258
173
137
39
301
36
49
228
167
261
207
117
63
268
27
40
197
184
333
43
200
227
286
155
89
33
167
78
1
92
123
241
249
219
106
209
175
78
117
232
163
143
174
218
28
2
201
8
55
44
95
152
202
243
38
155
194
84
141
76
14
105
15
80
83
99
15
18
145
120
107
148
92
166
43
102
207
146
22
120
232
103
158
192
118
89
223
52
170
179
138
168
100
183
93
109
82
52
69
168
81
103
104
147
65
14
242
24
1
223
141
130
2
81
206
33
62
172
13
254
52
64
250
170
101
30
145
70
61
263
99
1
41
151
39
117
187
209
47
83
57
201
61
87
509
3
256
39
5
2
132
285
105
92
69
220
110
175
77
10
52
121
229
244
176
21
231
175
165
157
252
125
171
182
34
84
18
169
92
16
324
241
9
23
114
8
185
15
82
5
27
161
217
76
200
142
118
151
36
17
272
129
214
197
113
170
144
170
107
229
102
124
161
146
102
40
104
3
92
222
125
123
179
216
98
236
219
210
70
240
172
250
194
277
92
178
35
361
11
187
258
181
186
16
269
245
89
58
156
18
18
186
290
152
165
164
193
185
172
238
196
206
125
149
179
160
71
275
141
147
202
91
97
256
174
136
254
52
159
244
10
156
28
119
86
237
175
67
211
263
144
71
100
136
262
65
102
109
12
12
188
194
44
24
139
17
63
296
138
119
126
13
301
184
50
277
266
70
93
204
61
79
195
51
228
7
185
156
211
199
32
27
225
83
76
105
129
101
214
64
19
52
190
166
152
240
36
181
220
42
72
154
113
219
105
129
211
240
32
186
173
180
208
80
261
179
211
175
212
141
265
251
255
185
52
202
109
108
81
158
238
96
209
110
56
16
290
137
204
251
58
147
18
30
40
129
234
188
26
184
52
115
233
227
198
183
93
198
180
229
109
161
269
49
158
35
127
25
151
91
34
144
267
40
99
170
165
63
152
132
153
152
245
102
138
88
222
22
62
215
46
140
232
232
159
213
92
89
237
90
76
192
137
236
208
141
290
15
79
57
193
64
148
56
17
244
20
241
11
230
165
270
113
271
190
61
164
10
99
189
115
93
235
64
155
163
52
187
21
179
88
34
282
60
175
86
93
65
210
249
183
25
243
234
138
106
30
194
3
214
5
204
85
152
13
98
96
58
244
132
121
24
5
123
304
160
52
202
141
199
225
30
197
23
260
38
66
41
117
245
197
1
100
148
128
244
105
171
160
229
103
88
94
49
330
191
92
51
147
19
35
95
71
158
111
87
64
289
48
71
125
194
121
216
48
41
125
27
259
192
156
187
11
144
91
101
16
119
200
51
18
210
291
58
63
159
94
168
27
177
72
137
234
260
189
23
83
135
41
124
214
265
149
198
152
199
165
231
40
108
96
135
140
116
74
171
78
13
15
177
146
229
98
41
144
144
180
121
5
175
240
109
30
45
57
281
159
40
159
108
193
159
211
82
64
153
79
164
247
187
308
66
92
116
90
67
214
38
51
266
8
153
8
146
126
157
207
209
85
15
85
217
30
125
9
94
187
207
235
119
111
151
236
176
162
210
72
172
184
163
55
30
120
151
85
234
54
34
68
58
230
118
131
235
63
210
20
95
77
221
1
114
136
36
167
85
55
53
78
14
41
93
72
183
90
61
208
176
36
54
144
108
134
194
169
45
67
213
187
203
51
222
114
206
259
167
197
59
243
84
14
128
204
65
58
21
28
127
73
92
289
106
152
98
242
58
232
196
65
235
191
180
196
292
144
145
92
23
55
19
5
216
71
245
143
149
40
229
105
12
239
285
76
89
111
195
48
102
188
227
161
72
120
82
23
102
4
99
224
192
146
202
215
27
111
69
78
57
85
16
105
62
327
62
182
20
42
118
109
125
107
151
159
149
262
93
148
326
86
264
120
46
119
157
238
30
135
77
184
187
158
26
92
124
295
228
133
283
8
205
261
63
167
148
108
89
201
149
93
196
330
35
194
173
60
102
97
36
102
136
245
108
196
177
69
83
58
289
172
65
238
298
224
187
146
208
143
221
91
60
108
208
187
83
17
24
25
88
57
183
149
16
132
64
40
69
39
99
163
25
135
110
227
63
257
25
90
156
85
46
155
162
155
87
157
106
242
161
244
298
161
182
281
102
81
128
182
58
171
35
98
84
13
22
145
67
168
50
165
184
161
230
45
179
182
196
54
31
89
41
359
242
125
200
10
99
143
152
202
233
197
35
184
220
198
202
24
195
169
85
23
146
110
125
132
243
45
132
50
194
151
264
246
46
141
73
235
44
201
82
183
3
237
213
63
241
205
129
133
263
30
23
163
22
26
181
15
153
101
14
7
248
21
97
220
126
20
187
232
4
220
312
104
4
202
164
60
78
125
37
59
160
322
83
15
184
116
129
91
17
250
124
77
42
103
275
167
186
256
123
29
160
28
132
82
38
21
113
67
166
88
276
119
124
102
18
232
19
199
183
121
13
259
193
53
25
92
145
163
10
310
136
61
221
247
56
88
181
234
57
35
44
263
4
25
141
107
235
193
46
189
91
46
161
317
64
20
86
46
121
131
177
74
267
87
28
137
193
142
13
138
150
152
223
243
44
93
30
79
6
100
217
103
44
113
205
194
154
203
148
211
76
119
62
27
85
136
110
162
262
205
301
187
22
191
194
166
9
311
134
203
56
305
89
213
115
155
213
161
132
222
265
97
193
185
63
9
119
250
127
37
216
82
135
214
189
247
210
106
64
215
166
202
198
30
94
168
130
101
82
35
90
116
159
136
168
191
161
161
100
128
235
327
100
118
237
192
177
188
75
78
122
29
127
202
34
206
99
182
163
154
210
197
83
100
89
33
95
88
86
206
102
12
53
119
207
63
179
227
133
5
43
204
144
177
121
150
106
223
129
32
13
155
60
271
50
169
270
30
239
178
32
88
2
179
204
247
73
48
238
24
129
136
25
256
147
218
138
135
133
223
94
31
47
179
104
205
141
43
186
3
162
127
51
263
78
195
231
7
243
24
200
63
48
225
137
103
46
137
142
177
213
287
251
303
154
98
61
39
19
18
197
143
31
71
266
102
90
267
201
150
112
272
104
131
207
37
135
124
187
244
241
43
105
54
60
13
214
186
45
189
226
90
130
81
80
42
182
234
19
171
137
254
275
87
106
166
24
61
245
129
53
91
229
118
216
149
98
111
79
300
117
134
212
204
136
274
47
77
72
276
123
185
314
182
20
82
216
185
113
241
154
245
280
72
25
34
179
100
152
145
145
36
135
84
255
93
260
263
239
140
286
5
233
121
87
202
222
75
257
138
170
308
103
88
55
67
24
40
241
158
88
63
137
24
79
78
35
56
76
253
256
205
223
81
65
193
182
91
34
48
90
97
44
8
83
81
43
72
215
264
182
175
104
18
250
96
111
280
69
42
41
190
70
68
212
59
97
143
223
154
299
182
82
85
1
48
204
42
222
17
142
231
69
196
135
257
18
136
373
154
192
225
232
40
202
160
47
248
176
71
1
159
189
116
36
129
161
71
281
56
109
70
13
144
79
175
130
177
272
125
155
280
8
93
295
94
53
61
167
242
265
194
244
258
111
101
20
31
165
97
20
175
222
210
140
26
52
102
119
24
36
19
25
58
231
41
119
23
185
144
85
20
209
12
128
41
68
171
170
81
323
84
168
35
150
208
196
75
20
104
38
20
139
52
21
39
182
113
203
106
76
160
250
127
201
111
236
24
59
146
173
16
95
121
169
164
7
163
62
152
293
35
126
128
97
51
47
129
80
172
56
141
120
158
254
135
243
95
233
116
100
53
89
161
214
109
168
155
96
229
9
150
141
141
165
270
331
153
115
248
35
165
62
327
28
228
169
237
114
116
216
191
175
120
207
48
284
16
91
32
80
80
38
180
238
30
67
56
79
202
21
64
261
43
76
137
116
180
163
222
132
11
105
270
246
31
93
160
56
85
5
163
200
162
21
125
89
83
97
36
197
179
43
171
220
188
12
113
209
223
102
116
168
78
194
79
139
130
213
69
347
62
130
272
49
191
138
106
70
135
162
121
165
97
12
266
132
239
179
253
215
28
102
223
116
23
119
75
82
65
145
116
156
15
77
3
25
47
10
291
3
98
154
91
202
300
231
128
5
220
133
211
217
191
18
144
64
247
202
210
149
35
147
243
219
186
297
219
239
279
221
56
220
47
160
212
253
200
146
61
223
155
234
221
94
150
176
11
264
122
60
158
42
50
226
185
156
216
61
64
102
95
84
216
69
206
257
119
132
207
206
58
182
108
165
194
65
122
202
54
124
111
144
22
35
160
35
201
115
227
149
345
229
55
151
65
53
187
235
201
57
59
280
195
130
232
216
124
56
90
48
23
221
41
47
203
40
152
77
129
205
106
71
264
12
185
108
22
163
219
196
276
226
211
77
123
306
188
45
203
235
39
94
46
214
92
24
181
190
67
99
80
61
20
106
74
51
160
130
156
3
68
268
153
26
83
37
10
167
24
169
67
240
206
22
192
142
243
237
79
318
144
188
236
129
57
158
206
153
156
147
33
300
212
169
137
134
87
186
32
121
307
112
295
126
243
167
171
116
209
113
261
170
235
86
139
4
238
6
51
197
297
92
92
165
179
162
55
34
176
83
203
113
48
163
76
200
10
162
8
25
20
5
212
235
146
57
162
60
271
26
220
271
77
228
33
79
109
164
202
228
2
159
112
249
251
152
61
117
35
2
26
177
249
266
153
221
242
136
52
173
8
78
169
89
243
102
58
105
12
45
25
85
121
19
292
247
47
31
141
144
32
112
216
139
254
19
268
90
181
57
24
266
54
42
245
93
12
79
122
20
176
13
186
115
217
200
49
209
169
235
111
101
65
73
7
133
202
40
99
231
237
6
109
15
57
216
189
43
71
62
13
113
198
112
185
82
66
106
184
115
184
109
170
8
144
121
241
10
202
111
53
70
112
143
89
133
275
247
140
186
138
105
132
231
192
93
147
51
312
29
189
10
14
294
46
135
278
36
269
218
31
61
150
92
54
2
121
83
110
87
257
172
131
151
55
130
48
242
38
143
38
76
117
153
224
197
132
32
116
286
23
12
214
136
88
103
129
172
189
19
218
97
29
109
155
176
168
222
76
49
237
105
103
149
98
77
269
143
151
264
191
49
229
19
188
111
91
119
96
213
249
196
178
163
167
249
177
236
147
263
174
316
116
44
36
184
52
127
71
103
245
147
19
205
227
116
114
95
72
129
49
295
208
131
270
301
198
308
1
8
184
102
242
78
110
202
3
194
84
83
270
156
4
62
163
78
123
141
261
182
11
30
199
155
254
211
344
121
150
42
201
4
290
14
133
181
132
208
76
100
166
207
156
153
249
175
251
108
45
119
6
242
122
77
117
210
1
89
285
88
148
11
237
82
205
2
256
143
66
245
175
118
68
41
101
85
93
228
132
229
171
101
68
64
301
207
226
116
178
172
215
31
175
156
66
282
97
107
242
236
185
222
146
107
228
135
14
143
317
276
190
217
206
177
188
137
22
165
95
18
4
289
19
244
227
99
207
63
185
2
91
61
38
211
2
193
126
168
26
255
208
18
162
168
57
34
35
171
215
108
227
60
156
106
16
257
100
15
35
132
79
51
77
279
102
252
255
149
264
113
31
101
216
82
244
97
98
101
187
143
97
236
136
72
178
241
243
272
112
210
17
167
172
175
136
168
218
211
37
216
224
154
247
8
231
112
35
108
196
235
145
84
24
91
198
25
184
122
229
257
20
214
273
161
69
108
169
9
225
205
202
200
109
89
66
29
72
328
154
18
75
90
24
164
185
237
83
47
202
195
164
196
30
224
13
231
37
223
202
187
180
70
142
87
109
187
185
209
22
25
180
212
8
186
101
96
1
81
22
195
109
152
131
71
274
155
86
84
312
204
161
107
39
249
185
134
71
152
167
52
325
114
180
194
115
86
218
74
146
39
181
60
82
200
252
216
172
10
24
31
260
58
33
66
23
253
159
73
134
145
38
117
253
42
207
141
216
232
134
2
54
92
25
6
177
241
55
264
200
3
89
173
25
131
6
220
342
15
74
21
42
64
229
158
70
26
142
195
40
200
118
184
93
24
265
21
94
151
17
132
28
234
8
135
113
60
146
225
228
177
80
168
114
258
234
77
144
59
52
230
45
91
181
19
134
105
142
71
175
147
216
117
71
99
41
70
68
30
41
145
47
40
92
135
247
94
73
193
205
268
2
225
157
57
202
241
68
131
144
21
66
82
150
9
178
90
149
164
127
150
187
153
169
137
209
311
45
314
34
184
163
4
66
105
20
161
134
295
222
59
240
7
39
153
151
84
134
194
32
246
94
134
182
173
37
257
150
97
174
203
114
30
352
114
83
177
97
61
98
42
10
242
133
37
207
59
146
97
104
253
133
183
54
186
23
229
16
8
17
209
8
178
182
200
86
128
58
171
219
91
1
239
137
257
153
328
86
142
26
198
166
53
181
76
140
70
94
66
165
23
172
31
154
140
232
158
206
41
194
64
227
157
51
93
198
216
279
187
103
75
186
121
122
144
9
121
150
179
191
153
42
81
100
185
124
227
72
213
221
192
175
93
203
142
240
216
217
221
236
171
226
281
6
127
238
159
44
139
166
14
211
41
64
122
18
157
128
30
358
190
82
101
60
120
62
203
176
166
127
303
202
38
204
311
214
211
175
83
83
220
120
11
119
133
202
103
81
45
120
176
167
194
278
162
223
63
262
2
149
222
264
7
156
104
40
39
140
39
50
53
71
238
11
210
52
16
29
133
48
29
91
256
316
104
197
104
6
84
292
16
195
45
46
146
170
59
219
146
43
65
25
256
80
24
119
183
78
59
268
19
40
101
302
292
8
124
246
2
34
48
206
58
45
110
68
90
158
268
229
63
73
197
63
12
175
68
97
190
176
16
47
331
292
188
279
134
275
131
181
273
198
241
36
72
23
90
41
119
184
106
89
210
18
66
149
123
144
50
97
53
139
107
78
160
307
56
80
153
23
202
178
89
275
34
287
223
60
29
202
9
82
7
91
42
156
72
215
14
120
19
245
147
207
65
115
26
250
38
64
190
127
142
179
227
102
115
82
73
284
17
108
321
49
28
52
99
239
250
25
173
181
225
11
199
216
125
50
213
39
163
222
147
193
148
196
13
256
32
74
137
76
92
7
86
234
262
153
162
277
122
130
275
20
194
90
175
167
223
268
51
89
122
177
85
243
139
128
182
4
201
122
185
13
42
148
193
131
76
270
200
110
274
121
212
134
210
250
21
52
26
302
60
75
33
111
262
71
239
159
349
283
101
129
179
127
18
71
154
7
48
210
103
73
4
20
34
234
131
19
97
75
59
115
133
38
158
123
2
10
271
212
184
100
74
122
273
35
63
205
129
178
64
325
202
201
128
120
119
198
82
223
186
110
23
321
171
60
195
182
135
20
163
241
196
157
