30
30
28
24
30
34
28
37
31
28
33
27
27
26
39
54
29
28
30
26
24
31
27
27
25
34
32
23
29
34
29
39
25
28
35
28
29
26
36
41
32
29
25
28
32
28
31
29
30
26
30
30
30
32
27
28
30
26
36
30
30
28
27
29
37
23
28
34
28
37
33
29
28
33
37
29
32
40
21
28
33
29
33
35
24
24
28
28
38
34
30
25
28
27
29
28
24
33
29
40
33
30
37
26
40
36
32
26
26
35
33
38
29
37
33
26
30
23
27
33
27
36
28
32
30
27
39
30
30
26
26
33
29
24
23
40
29
33
30
35
40
31
26
33
37
41
32
32
24
31
30
29
38
37
27
27
30
36
35
23
28
31
29
29
33
30
28
25
32
23
33
30
33
31
24
27
26
31
26
34
27
28
26
28
49
37
33
34
38
25
36
25
26
32
24
25
36
28
35
28
32
31
38
31
30
29
28
33
34
26
30
30
28
29
26
34
24
31
28
32
33
27
24
31
48
38
31
33
26
26
34
25
35
28
32
31
27
30
27
39
32
45
26
26
39
32
31
30
27
27
28
31
26
24
29
28
36
30
23
25
50
27
26
30
29
36
27
24
32
31
25
31
29
29
40
27
33
41
32
42
26
28
31
32
38
34
26
23
26
42
30
33
29
33
27
27
31
26
31
25
26
28
37
28
35
32
30
34
37
26
39
26
28
26
32
29
32
33
32
23
33
39
35
30
28
29
34
37
25
21
37
30
46
28
25
25
37
34
29
28
36
26
33
25
28
26
25
28
32
28
29
39
29
35
28
32
31
27
34
35
28
28
30
38
25
27
53
32
41
43
36
36
22
29
24
37
33
35
28
28
37
31
47
24
34
26
24
24
27
35
32
30
24
24
40
32
28
30
24
22
34
33
27
37
28
27
23
26
24
26
36
35
26
33
32
29
32
44
27
26
32
24
31
32
36
31
31
24
35
33
28
25
33
32
28
27
34
33
31
28
33
28
31
23
27
32
37
31
35
30
35
38
36
27
32
28
30
26
29
38
32
28
26
26
33
38
27
27
24
28
22
30
30
26
27
30
32
34
30
53
28
28
27
35
34
29
31
33
40
35
28
30
31
30
23
24
34
33
31
28
23
24
30
27
30
29
33
32
33
32
25
38
30
31
36
34
37
36
36
29
25
28
34
30
26
29
31
26
26
28
32
35
32
30
40
26
26
26
24
30
31
28
38
33
32
30
33
33
27
31
34
30
31
24
31
36
27
35
26
40
22
25
24
38
28
34
30
25
30
35
29
28
27
32
29
28
32
32
37
28
29
28
38
30
25
23
29
41
38
32
31
30
31
29
28
31
31
24
31
31
34
26
33
24
35
38
40
37
39
34
24
34
29
27
43
35
30
25
42
31
29
26
27
34
28
26
28
30
35
29
28
36
27
24
24
23
34
29
25
26
35
34
23
31
27
31
35
30
29
26
35
28
25
34
40
36
29
36
25
39
26
26
34
25
29
37
36
39
34
36
27
25
36
44
33
39
40
26
23
40
25
33
29
26
23
35
28
28
31
31
27
23
39
25
29
26
26
31
36
23
26
43
27
23
30
28
32
27
31
29
30
25
31
33
30
38
29
27
28
40
27
34
24
29
34
28
31
34
34
25
34
31
26
31
24
37
33
31
31
27
32
42
32
32
39
31
30
26
26
28
39
38
29
27
28
30
28
29
28
37
27
27
29
27
30
26
35
28
45
39
39
32
27
29
25
30
36
28
35
27
30
38
31
28
37
29
31
27
36
28
29
34
31
37
31
28
27
35
34
30
26
26
31
25
28
29
35
31
23
36
40
27
38
32
25
31
29
27
35
30
31
26
33
35
30
33
25
25
28
29
36
48
29
30
35
23
33
34
28
36
24
37
32
38
28
39
28
38
24
36
42
25
25
32
34
32
30
27
31
28
32
33
36
37
29
40
25
24
28
34
50
29
31
30
41
33
32
26
27
26
25
25
36
27
29
28
26
28
37
24
33
40
37
32
27
33
32
24
29
34
29
29
26
22
31
31
30
32
29
30
29
30
27
36
37
34
29
23
27
32
29
37
29
26
30
30
26
28
32
28
30
33
30
37
32
48
32
27
39
34
27
26
29
28
40
28
32
33
37
29
33
25
35
28
26
30
29
27
28
23
30
40
29
29
32
32
35
33
26
31
33
29
28
34
25
25
27
28
32
33
29
34
34
31
32
29
29
27
30
25
30
47
33
29
30
33
41
33
35
51
