1
4
109
139
75
97
14
65
106
127
144
45
221
212
379
394
566
459
710
181
981
308
891
229
918
179
185
28
760
247
150
1082
98
297
29
1338
359
5
239
186
803
869
1507
159
56
28
176
197
873
1274
784
2531
296
292
113
90
1013
305
873
244
550
418
1110
406
710
98
56
358
509
53
360
232
1286
88
114
303
156
521
674
18
152
880
633
279
988
93
531
659
170
161
604
657
865
188
43
761
1656
773
1622
252
630
176
1008
360
1658
28
196
75
89
652
194
107
5
503
40
13
84
140
554
60
351
23
779
361
127
252
75
687
333
45
13
1325
380
393
10
714
504
493
515
1282
95
1608
137
927
297
1352
625
346
1356
545
226
452
1046
764
241
287
1133
138
148
1137
186
2
157
118
316
254
47
1106
164
5
212
226
791
569
194
58
798
329
60
528
879
51
139
62
460
262
166
1153
643
131
413
115
7
330
335
474
758
1401
716
637
994
442
119
140
249
910
483
446
1212
317
676
308
320
442
348
369
782
100
800
26
21
277
1127
536
718
752
34
36
325
92
198
97
76
244
1441
779
134
303
274
230
611
306
570
1094
277
431
555
1397
184
106
692
430
16
57
103
72
340
679
2649
168
560
203
122
96
177
79
312
1136
248
743
278
426
561
198
583
165
120
373
2590
538
904
92
13
192
1547
41
999
74
16
327
148
170
661
670
228
343
35
74
321
2799
453
80
303
1504
48
321
740
343
1337
53
745
652
1365
2348
223
921
880
392
107
108
101
151
1863
435
22
305
117
716
170
106
432
464
687
351
33
550
110
208
87
91
7
870
174
356
1115
415
1610
385
97
71
605
1445
48
964
14
103
412
642
370
353
956
45
439
815
526
681
629
14
1015
1011
834
155
381
220
386
158
32
422
519
818
179
259
530
190
919
17
700
113
690
163
219
606
269
432
1325
94
121
297
733
191
73
258
29
94
350
230
31
275
369
1527
822
470
7
309
415
1188
721
16
76
12
67
179
894
74
206
254
304
458
756
560
524
221
274
831
1927
60
328
743
592
197
32
23
126
513
276
254
1480
35
48
416
146
887
219
540
356
119
104
30
349
710
60
203
157
512
611
107
176
110
116
249
448
257
309
633
440
1009
202
61
31
454
82
342
38
34
25
602
15
40
2683
310
223
233
212
951
197
197
542
165
67
936
652
391
122
929
205
1165
140
680
84
437
2035
303
43
318
934
56
1085
591
421
229
525
160
1393
365
48
943
1345
658
648
339
491
493
731
293
55
556
399
19
310
274
221
44
872
918
169
211
67
401
514
9
228
440
1018
418
367
540
355
947
375
92
179
468
524
301
25
297
1384
1220
285
273
141
102
627
810
160
529
636
13
1149
88
397
392
964
1059
189
240
524
503
189
256
154
1340
1921
232
191
557
404
396
1112
813
112
55
14
217
731
679
180
129
636
281
198
22
343
2063
1409
50
34
887
38
33
807
759
639
385
863
472
7
388
494
190
11
993
96
589
206
408
64
741
84
1972
143
50
352
219
501
195
11
117
186
873
297
28
219
863
268
74
2092
33
210
614
227
775
1605
38
98
202
167
513
130
67
332
421
143
115
721
275
770
43
322
432
1101
1690
80
510
1604
190
631
338
1555
96
300
121
2081
450
1421
469
856
480
750
408
269
223
271
196
46
412
42
938
884
1118
688
281
690
384
307
287
20
95
1181
773
204
372
101
518
94
118
605
650
794
21
387
120
170
59
1940
176
810
248
287
311
267
458
596
535
290
360
8
996
526
38
47
404
180
109
138
966
991
200
15
158
759
130
1183
259
63
113
980
79
530
1860
283
855
246
660
297
798
513
1425
367
406
137
43
112
193
626
281
1900
533
533
85
222
330
42
1589
244
52
18
494
475
241
326
737
297
457
319
148
173
276
617
899
21
930
600
200
323
241
48
282
870
114
135
627
96
584
603
1046
487
194
121
650
1445
29
51
343
26
644
77
525
834
831
61
82
99
741
129
923
988
236
101
541
421
12
963
69
62
32
187
229
1339
110
470
239
771
193
296
264
2169
455
370
2107
166
74
628
1279
254
772
96
344
266
1023
675
1152
418
726
447
135
329
440
504
883
672
126
181
472
902
107
373
1164
241
705
925
118
319
171
354
293
1008
343
339
280
778
186
26
798
837
241
35
326
72
1302
196
382
361
266
1011
942
86
745
514
96
2
435
192
414
715
479
690
986
218
643
177
102
315
2367
429
334
293
88
230
29
534
130
1035
384
109
1202
396
274
104
363
244
1013
11
473
192
116
363
260
3185
10
1125
389
25
561
936
71
939
398
810
1055
415
539
676
640
465
439
1117
349
759
191
841
59
279
1042
354
588
935
122
699
51
330
374
821
305
10
1120
675
474
322
653
464
333
636
466
279
535
521
689
251
677
1336
116
478
152
1761
51
283
751
1540
286
102
1045
183
391
390
1480
277
402
23
130
616
10
208
33
227
704
276
334
2059
418
89
447
665
267
1095
1107
228
1407
757
263
469
535
746
135
37
1577
437
130
338
73
241
791
496
140
779
352
282
1393
346
475
389
533
277
223
410
580
364
1339
585
40
121
466
29
513
520
542
467
157
728
348
293
121
763
48
442
134
1244
1004
1114
1406
209
196
484
298
416
65
69
277
320
128
80
789
443
2731
266
1269
511
219
791
618
99
1135
488
746
227
1198
514
541
21
146
38
146
408
17
115
196
257
614
283
1159
114
421
200
598
258
250
44
148
204
968
152
483
767
4
58
1021
159
58
228
68
444
327
8
982
53
88
428
1104
70
64
11
51
796
9
891
582
590
173
520
171
363
480
238
240
520
231
1060
228
489
1376
96
213
525
779
758
279
145
393
437
1250
480
502
529
300
528
203
36
357
273
171
90
142
15
166
183
806
142
2370
571
944
233
384
39
114
360
228
133
1187
327
127
241
145
567
44
176
602
2
392
502
437
446
630
382
245
1067
235
124
180
848
556
740
1413
417
1260
189
140
288
9
594
97
712
180
183
1922
966
286
102
47
948
2065
1595
257
477
451
416
104
1076
732
89
492
165
116
1246
1
225
879
979
667
739
93
59
608
283
38
83
3049
159
22
63
186
406
436
703
800
529
1636
272
407
850
394
1189
126
343
1896
202
216
50
427
1334
1232
175
129
780
141
254
953
434
427
261
221
217
147
1635
88
75
811
101
799
293
359
279
329
639
592
53
582
139
318
271
405
211
477
521
88
319
700
51
712
2
139
784
387
278
457
783
48
198
41
643
347
7
54
491
963
629
544
463
1698
829
642
71
1350
160
985
529
119
178
686
112
532
541
618
1052
130
873
258
146
1387
1374
1575
436
99
104
831
175
734
88
769
517
74
627
471
12
392
33
65
19
19
607
448
818
849
521
213
428
636
535
356
38
160
272
995
209
1287
622
608
203
832
129
243
936
121
311
88
930
113
177
290
2304
121
481
166
251
367
88
1339
1879
378
9
22
611
240
10
105
66
77
169
80
1062
99
100
1327
907
678
651
590
770
2
299
141
1171
751
83
135
681
93
721
896
40
422
595
11
268
222
1052
948
275
170
114
1381
287
506
133
413
32
65
145
57
52
604
203
521
318
146
88
80
586
52
723
405
55
290
612
188
113
434
61
27
146
112
445
338
185
145
46
1175
374
257
261
9
515
817
1173
228
383
477
642
1174
872
214
123
242
334
592
873
344
672
522
685
229
34
54
943
129
135
450
66
293
280
387
1085
1385
901
266
809
289
780
1470
407
246
590
442
75
502
1037
1122
225
903
1008
80
1391
142
257
766
1014
162
762
363
1569
587
686
713
851
62
429
2194
565
676
628
115
1284
138
483
290
645
80
483
927
756
33
677
149
640
917
93
511
503
246
918
512
44
82
4
88
820
80
202
212
1085
371
1005
132
2129
879
424
92
532
263
103
268
212
400
94
395
644
79
494
59
859
592
24
224
61
206
761
1205
265
556
207
398
247
1078
580
282
43
461
344
67
562
119
31
245
373
1325
86
454
119
2172
251
80
180
52
443
110
1076
1624
46
93
375
19
388
272
747
1029
1183
238
704
22
329
87
279
429
252
794
92
19
1017
740
93
219
10
321
293
13
79
1664
155
1085
1255
593
50
214
318
118
500
290
489
41
891
563
1588
691
333
31
697
438
601
1040
183
699
277
523
361
561
1138
76
48
1052
622
962
145
660
367
1084
902
681
51
180
48
408
11
106
210
655
326
525
1198
547
46
793
1447
755
63
215
319
185
583
259
269
169
91
1446
619
762
320
896
244
2017
1412
306
283
359
374
1288
512
24
124
149
921
595
411
1050
54
1044
358
309
19
697
879
209
225
356
760
78
172
308
140
223
227
849
184
25
1031
220
396
43
62
1389
74
380
787
886
390
296
1103
222
93
381
202
1134
292
97
123
739
256
3250
370
1578
406
122
708
345
263
653
640
275
1238
262
71
506
427
52
264
150
98
1434
286
550
50
733
196
1158
181
331
365
459
165
456
1
134
201
855
984
538
1112
685
402
796
381
392
205
1125
45
603
407
1216
181
466
513
432
63
454
239
173
275
372
666
749
170
441
115
446
90
422
126
452
817
863
300
538
132
902
394
1750
92
873
858
426
1070
124
122
538
42
1343
568
351
1356
9
83
126
295
936
396
132
389
405
569
387
1151
41
5
155
912
1067
774
2204
623
516
184
1181
339
286
707
288
466
515
277
1655
559
227
42
13
56
418
17
5
1583
235
734
722
282
445
218
332
363
861
433
189
381
506
239
632
944
38
181
624
870
244
379
219
254
1584
163
238
1025
64
17
637
48
169
2
768
567
153
70
879
1117
100
65
833
111
284
19
257
1184
2002
1445
468
27
609
1403
369
121
1247
316
842
418
21
175
482
391
24
610
191
211
94
894
765
8
188
250
11
66
1217
130
935
906
554
575
868
479
408
361
120
2121
597
217
477
310
1053
15
352
923
123
129
39
594
537
273
367
384
243
470
740
403
113
361
635
328
17
746
61
528
164
53
1231
75
800
108
574
56
145
13
424
2
522
631
121
505
913
32
220
32
26
367
138
146
50
353
775
339
130
598
124
590
33
191
253
522
731
373
458
314
346
330
654
35
484
55
142
272
425
5
482
602
1331
176
521
75
298
910
1287
45
217
84
72
732
20
615
368
395
799
418
25
534
20
23
242
461
138
146
55
46
1358
1552
46
168
377
213
96
120
474
114
192
169
288
248
242
147
147
1014
418
71
927
488
736
184
510
169
159
171
997
198
38
29
374
34
308
39
114
1740
408
168
1753
263
363
528
1266
1097
905
37
98
179
566
265
72
346
1115
1022
315
83
281
132
125
17
196
72
517
169
876
617
124
794
323
20
47
478
188
29
253
449
148
477
199
39
205
1098
59
841
49
1658
1199
119
563
674
85
333
1536
124
182
70
995
379
361
598
220
308
10
123
740
233
191
63
403
442
118
295
554
127
83
122
1175
37
105
221
256
624
775
1611
314
247
517
22
732
1173
24
20
76
154
339
783
481
211
275
173
422
258
96
276
5
1131
1606
20
18
781
564
835
460
516
41
1092
245
51
125
553
176
304
410
408
11
315
618
422
231
601
614
1657
505
393
579
256
282
603
89
489
918
477
85
208
280
104
59
700
762
178
469
23
154
77
428
130
241
232
1541
105
758
333
605
630
190
728
838
660
1448
45
59
429
388
1407
576
14
192
48
695
699
661
387
51
409
1334
1207
935
371
174
137
243
198
273
3
48
527
482
365
136
91
443
956
635
536
760
102
539
54
252
936
293
76
117
270
45
401
217
310
377
371
690
23
352
17
155
21
321
375
441
252
564
435
123
356
331
220
547
682
266
395
432
2181
242
59
384
442
153
13
467
310
57
28
276
203
336
1213
244
1250
1010
51
587
285
82
101
660
305
412
42
331
184
480
235
321
251
453
44
97
285
206
91
537
2161
101
1107
373
826
480
787
20
255
181
1226
481
549
664
482
861
1333
391
351
157
196
564
229
297
631
108
21
505
474
447
341
424
1015
103
279
1416
178
124
132
615
387
140
941
1242
222
879
612
671
1047
748
10
45
147
158
554
694
231
564
84
250
286
505
174
115
1202
430
428
172
636
403
38
932
1502
374
467
414
293
144
66
383
7
394
1372
588
387
568
306
4
259
1780
134
299
42
307
339
2488
556
358
397
701
87
62
113
120
40
681
501
751
806
212
329
108
377
16
385
298
146
409
13
652
345
102
7
1440
387
798
1
1076
1328
231
453
3
221
949
1253
312
38
1637
755
448
372
300
138
300
676
230
413
935
120
37
700
139
10
114
819
264
101
28
781
385
435
1466
384
247
191
222
43
642
609
357
293
456
5
55
444
501
258
680
228
644
519
113
223
159
953
1428
972
146
407
596
566
40
102
1108
2118
322
23
202
398
224
631
59
495
448
988
170
118
1185
774
48
181
511
1373
336
251
4
185
95
433
60
149
121
465
509
538
255
374
1
376
54
292
749
516
102
14
134
946
15
1072
568
58
169
232
165
1402
325
424
1169
724
475
1
220
227
244
400
1664
205
5
430
648
940
567
618
138
12
1195
6
723
536
2627
415
605
157
242
2031
299
124
272
402
2063
11
69
159
52
463
620
478
1064
631
66
590
236
740
388
45
691
91
425
123
890
461
319
640
284
585
88
71
727
898
346
863
105
171
904
312
72
563
157
1309
278
955
1040
234
198
96
262
31
226
88
11
819
1033
36
232
554
617
119
386
484
9
752
308
98
85
268
266
15
297
1249
566
712
542
236
328
276
267
200
579
59
806
959
240
434
199
630
875
160
802
669
486
77
128
984
117
766
82
292
88
657
131
1295
90
251
94
325
158
747
16
109
877
267
442
792
498
89
72
1384
343
180
100
85
933
444
101
502
29
254
10
65
216
370
38
723
509
490
803
1173
176
535
277
126
190
85
437
1694
890
472
865
370
25
248
1057
634
299
7
381
255
52
31
2158
95
37
1110
333
407
369
984
260
535
12
67
1515
270
450
170
2634
164
21
57
372
484
1038
197
253
1
1083
575
659
313
302
331
175
640
216
117
1799
121
404
553
588
686
157
87
333
371
280
116
714
1001
1478
56
84
116
383
171
250
563
228
515
796
206
261
362
594
252
186
277
9
1187
704
1198
302
163
272
111
374
241
200
102
59
1363
256
1262
210
381
253
491
342
1366
1432
541
179
177
143
981
245
533
13
158
361
244
52
1
4
330
583
737
130
1081
262
64
419
728
916
169
126
1729
37
283
327
270
133
74
453
27
385
23
67
39
949
106
723
40
18
218
591
370
320
615
898
628
1268
306
74
103
81
859
259
66
627
1
646
63
40
447
99
620
1200
795
717
82
94
216
504
149
440
13
57
1374
723
1278
1030
337
540
722
511
1470
349
671
1303
785
189
496
157
2524
615
645
649
368
586
1
984
1269
2762
620
35
45
104
163
541
171
124
47
212
326
140
1031
690
23
275
323
232
1456
223
135
124
966
547
438
22
126
148
401
31
18
181
215
523
1224
417
19
499
77
45
89
42
42
354
629
594
224
233
110
564
1527
72
851
501
419
1588
27
501
511
340
63
688
935
103
363
10
271
306
191
56
72
987
137
369
6
964
448
197
69
1774
156
542
155
36
575
154
456
49
181
93
670
767
48
934
421
484
1158
1311
1235
1096
610
1172
32
710
184
441
241
171
427
769
100
670
820
245
36
860
324
1350
27
279
1140
194
427
494
976
509
244
41
94
710
55
4
47
1125
1135
394
252
1570
784
99
710
187
452
129
65
24
1150
42
360
196
1392
294
71
364
930
612
1151
583
98
575
46
288
94
433
565
64
323
39
194
230
1084
1349
409
646
284
339
355
164
70
100
12
67
678
64
32
853
917
881
224
816
159
1798
435
764
188
428
80
304
72
126
380
673
46
906
877
539
112
1053
666
247
144
173
22
468
219
926
101
536
546
42
327
84
162
551
1884
638
52
76
138
135
100
130
161
296
731
331
321
971
828
106
20
555
185
51
545
910
1510
1
720
234
57
885
213
728
326
801
483
220
2187
218
31
825
798
45
124
434
403
727
860
50
953
124
805
1149
329
86
692
200
281
128
1748
319
351
103
1125
99
86
328
145
14
1859
710
756
11
22
1098
489
247
1453
109
890
71
823
72
70
263
232
66
969
81
1230
108
859
145
20
580
216
203
323
687
78
589
859
323
272
265
30
66
152
42
255
215
261
356
832
693
357
333
196
1410
237
180
527
1192
80
560
703
570
1388
901
327
594
23
356
111
605
114
734
204
722
462
231
22
326
971
104
211
216
223
28
34
57
406
45
16
6
19
639
11
77
366
248
9
182
898
647
521
201
1346
204
1021
182
2
226
12
129
408
190
16
786
749
47
59
889
892
258
1199
255
343
266
28
899
357
388
535
613
1045
930
832
143
282
1226
116
559
130
88
225
129
1754
1218
372
506
456
1719
165
67
888
472
195
690
138
82
685
995
456
675
224
818
1382
929
282
24
776
305
156
1524
332
1278
34
85
88
400
158
723
78
376
771
205
57
516
426
367
345
1300
77
475
82
288
110
108
22
1565
54
149
378
1587
70
81
295
363
36
175
43
281
624
405
8
311
32
39
1250
387
687
60
344
915
1013
238
1128
137
21
517
1245
484
715
762
311
1534
263
534
35
132
1670
175
200
407
349
87
47
363
60
22
499
40
618
107
79
430
36
500
209
1096
252
100
306
1947
326
1347
1560
217
604
731
777
40
208
250
453
67
110
497
349
405
621
906
374
81
1236
669
43
309
128
92
190
190
189
598
231
561
325
182
713
946
396
687
371
143
34
90
5
127
283
130
100
191
120
1131
14
16
771
209
501
119
798
846
235
107
1115
301
264
298
639
270
96
102
283
17
31
684
365
607
270
275
1803
909
792
2179
367
1500
548
400
228
124
109
185
194
392
2077
133
566
1356
68
114
874
114
781
1251
571
888
10
80
384
744
120
1085
131
673
49
12
119
1039
112
240
513
254
497
2374
329
56
369
146
286
285
54
144
153
24
507
535
56
266
215
464
390
668
675
23
295
193
533
681
609
1005
157
452
169
494
438
696
382
8
356
345
397
145
286
29
237
229
79
345
380
1
318
956
568
178
41
318
45
102
222
232
21
11
443
231
391
353
1974
207
45
62
291
1234
285
880
454
694
1068
129
460
205
363
264
1191
21
256
50
315
651
1165
764
905
496
775
72
310
111
570
549
696
615
406
645
332
390
752
816
124
170
690
322
807
291
304
30
64
1767
635
479
78
1583
1340
218
367
762
65
208
658
371
255
80
40
280
248
161
139
438
219
580
790
380
354
700
872
403
897
155
61
483
297
349
117
6
110
24
241
429
26
817
273
284
502
614
47
316
470
922
706
401
1704
160
124
65
709
760
192
1982
314
347
208
180
370
758
220
1097
518
385
505
2101
931
116
391
88
1
501
111
204
732
395
999
690
449
856
599
679
148
133
605
100
209
802
1298
132
160
189
117
150
139
194
1250
1617
2103
31
119
436
48
151
301
561
276
616
177
145
300
1084
394
506
400
1283
145
207
507
62
806
665
38
294
203
338
67
425
193
357
267
714
270
84
214
201
1366
376
1359
1462
96
527
4
200
1982
356
465
354
148
219
502
285
5
461
107
73
197
114
819
124
1521
170
382
297
692
1223
50
523
130
132
500
418
131
229
697
683
117
50
709
22
1103
68
867
156
41
367
144
454
13
1143
64
371
190
980
610
330
420
635
56
487
932
495
71
548
477
203
88
89
28
338
227
195
399
838
1119
234
18
170
67
619
31
2531
179
141
46
600
337
862
255
734
269
244
390
115
72
407
240
147
167
281
512
344
237
1
115
666
315
785
250
6
372
331
1624
134
772
397
1285
422
203
28
155
86
169
1090
1051
189
704
203
97
89
145
1038
257
281
408
446
37
710
692
365
103
142
165
265
52
1486
200
328
180
242
27
185
219
166
764
521
607
9
31
973
330
140
667
1511
264
850
114
366
194
1778
543
546
356
267
258
310
576
139
274
83
13
753
301
11
222
884
2054
700
208
1226
33
223
336
1035
675
467
113
166
331
1106
43
240
190
1161
57
488
789
263
370
188
10
266
296
2417
175
346
264
23
496
62
334
496
824
381
75
735
822
662
41
123
250
1161
304
321
41
188
57
444
524
14
162
1196
1373
1242
996
26
52
82
97
271
330
1393
559
1158
428
315
178
704
513
249
285
345
376
308
151
305
789
870
70
313
209
119
540
154
493
295
111
187
1102
562
879
46
236
790
32
443
333
875
728
191
314
686
669
424
468
242
1370
367
1169
104
383
51
344
590
41
433
71
290
62
1650
5
1352
311
1140
585
590
259
227
558
278
612
2230
922
17
181
464
214
110
1062
150
1223
233
224
343
159
972
35
197
623
557
265
1653
694
863
270
204
216
402
77
1641
165
939
324
78
911
666
216
1157
145
696
1526
440
709
213
17
614
1375
537
82
1057
172
365
241
74
1648
283
625
700
303
699
324
115
296
729
130
56
500
786
597
21
89
440
127
1058
35
425
2430
326
116
543
704
37
128
831
394
48
227
187
849
634
152
156
11
22
4
669
153
268
616
695
168
407
283
602
212
133
1704
275
384
644
1447
114
139
418
478
488
8
1597
1094
38
476
190
246
709
109
303
1020
190
100
175
1490
726
417
312
399
240
266
42
626
300
156
281
36
80
103
701
376
5
707
500
436
4
113
81
20
78
1715
494
787
116
41
190
29
871
458
21
443
272
203
578
334
488
585
359
490
264
1095
331
115
537
57
530
191
610
24
9
219
415
28
291
499
75
190
275
308
1186
197
243
465
32
171
21
987
68
181
400
181
257
19
602
63
73
90
763
188
2
522
321
553
213
27
199
69
23
87
775
220
127
92
303
43
1070
2255
41
543
74
211
770
178
365
98
31
210
24
304
485
22
175
191
21
648
614
405
271
1046
305
210
174
201
27
527
328
3786
2057
399
53
342
2263
419
171
172
212
1224
396
39
115
400
459
494
97
167
303
1392
462
362
539
771
432
47
984
401
479
16
68
113
97
662
678
85
2425
32
568
918
407
427
234
138
33
677
72
1123
18
191
536
56
148
163
25
381
332
154
1298
450
212
686
289
186
1168
1127
808
1673
736
35
1395
26
941
1181
414
273
652
236
150
911
259
868
425
521
312
90
199
461
939
1608
258
1637
1204
1041
680
220
90
63
458
180
6
448
15
89
673
1
152
188
150
27
231
302
247
1459
1257
175
535
57
36
171
577
180
838
519
139
124
145
775
113
286
398
24
428
514
440
63
264
533
42
472
1205
717
507
48
111
560
1601
5
1353
617
21
194
160
1072
1139
21
158
649
377
657
262
240
53
518
277
121
101
376
82
1017
370
192
219
194
69
135
729
236
654
373
424
6
1131
46
129
760
95
606
256
960
32
784
591
187
853
69
63
223
141
534
30
187
167
335
369
33
275
600
176
44
1138
1138
110
1109
80
78
384
848
114
60
710
240
346
84
21
141
795
54
1109
89
300
159
272
1127
286
654
279
115
381
96
581
241
1101
46
749
33
286
949
739
348
368
626
409
852
91
665
416
365
1279
864
139
393
559
414
678
851
254
50
590
18
140
793
294
766
44
575
304
597
506
139
366
62
497
68
152
261
123
410
316
746
523
367
894
450
53
120
247
257
138
942
9
698
469
138
180
249
340
28
117
487
539
193
1514
3
897
440
669
1225
1638
1047
244
664
170
407
559
32
514
272
533
155
418
1475
290
31
1092
229
518
764
20
297
348
352
255
73
309
116
1112
278
43
135
506
268
683
409
615
152
362
254
745
518
624
27
48
344
353
513
346
81
234
255
572
4
460
165
1524
19
577
125
75
554
616
474
482
215
625
1024
1095
485
132
304
335
285
38
341
297
227
982
28
475
26
686
31
959
113
753
44
188
194
68
2040
186
1054
447
78
1029
54
213
411
736
537
292
691
164
475
725
922
825
39
467
615
276
146
160
417
999
1394
497
1282
408
289
297
305
483
620
110
1027
540
107
155
757
84
333
55
702
482
8
1058
122
51
250
163
193
142
78
2
319
999
246
802
692
133
32
150
1523
20
383
1254
1943
319
1533
528
1044
197
181
167
163
390
166
205
457
227
1062
106
234
191
569
352
107
307
356
81
93
732
276
742
199
54
2146
928
546
99
182
434
814
416
77
31
190
229
276
912
425
178
224
188
413
259
278
271
20
392
77
633
434
1087
1204
375
347
358
178
147
109
1819
543
256
466
455
252
128
354
298
15
310
878
427
1566
1008
69
1533
678
211
133
411
905
205
86
315
296
6
954
970
30
644
437
55
1
155
1187
438
209
177
14
136
2
406
82
545
1487
550
365
297
673
31
687
284
262
631
5
106
55
48
642
1263
88
220
628
1820
1400
1103
662
1337
737
76
358
828
885
873
74
287
302
604
148
169
698
35
463
122
1204
489
287
1701
1174
290
944
309
541
155
605
931
185
347
405
511
29
234
1250
124
1270
599
131
232
951
926
24
434
222
744
144
306
160
11
66
78
1012
384
15
62
167
450
3
1278
70
4
129
1027
124
123
356
613
1298
422
51
104
581
665
139
66
492
593
614
103
985
8
629
986
1061
69
851
18
174
1060
1111
1477
335
484
778
24
132
225
88
291
34
226
1955
1222
793
424
8
17
136
112
221
297
387
160
370
144
613
73
828
178
592
129
245
69
137
529
944
273
54
87
544
462
749
1010
23
123
723
453
47
444
100
1152
1052
834
313
305
382
334
2876
725
479
1278
404
1587
1265
620
517
1248
637
111
266
450
8
737
838
70
627
254
35
56
1957
374
27
27
710
522
535
1202
120
1091
560
1333
229
633
59
4
110
807
427
436
142
1576
314
2118
802
748
173
72
790
570
592
256
302
152
973
461
472
217
491
215
487
67
21
42
976
615
71
563
1730
507
483
146
202
789
453
82
22
62
58
305
84
640
234
521
137
118
94
151
782
426
1115
47
312
2645
62
155
100
540
87
1473
468
1142
83
60
2034
96
322
232
1845
962
145
172
629
84
207
1934
1219
162
792
64
56
881
755
255
776
560
220
544
95
30
386
121
59
945
284
8
135
827
676
338
75
370
139
619
28
208
944
2
105
696
214
39
822
544
114
742
31
931
527
880
24
241
239
133
923
316
257
875
1180
12
580
179
573
444
934
318
581
320
105
1428
132
1158
7
955
447
517
808
198
731
42
465
565
710
216
1244
471
60
116
393
864
547
40
611
951
488
280
41
133
1292
354
485
117
179
773
529
147
211
1185
490
497
459
45
108
549
1847
1570
742
79
162
908
332
85
1026
285
713
2
96
308
708
944
137
151
46
98
90
41
193
137
87
301
733
193
324
50
676
926
382
1536
277
654
231
234
437
655
539
192
319
101
741
1104
50
639
382
76
712
216
181
219
424
84
446
230
4
883
21
812
564
1081
287
380
1683
329
1078
310
220
1607
143
239
1
50
588
511
129
948
3093
483
136
50
669
1994
828
622
1395
421
197
35
76
111
183
1234
173
68
130
2562
68
40
819
412
1301
137
677
258
541
1061
45
784
316
367
838
1638
2138
281
635
486
393
302
104
1842
267
641
736
135
63
77
296
228
230
87
651
1081
225
84
203
984
49
15
224
76
255
272
160
127
300
78
54
85
31
20
716
20
160
102
323
131
266
191
471
121
6
195
462
553
63
138
275
202
328
7
688
797
104
1113
237
90
552
1303
289
480
24
281
1773
70
105
597
1303
169
411
891
562
30
355
475
1500
66
439
567
54
877
218
653
115
172
343
98
993
242
346
35
767
98
123
45
100
182
824
661
194
842
114
506
77
100
564
56
609
54
1628
200
689
130
646
808
564
65
201
115
760
135
159
985
183
20
832
33
724
612
331
211
343
940
226
776
166
52
406
596
197
641
498
540
2376
1488
80
43
112
744
119
367
393
158
2310
265
171
322
163
724
184
287
596
234
180
260
156
708
39
203
78
359
447
103
210
100
758
322
242
87
291
185
548
319
395
178
69
143
111
254
147
192
590
74
1277
108
36
26
552
267
1047
425
339
1112
183
157
137
1130
126
504
434
1389
286
594
9
710
142
1607
532
1762
109
479
556
226
785
397
497
508
375
470
425
345
170
803
861
366
842
206
439
84
922
149
519
343
591
638
333
53
1
218
273
161
1754
460
1038
767
23
220
718
1174
96
427
834
347
32
463
360
281
49
681
380
649
554
254
582
329
1324
142
313
274
707
1332
602
318
170
81
66
156
1142
87
93
520
288
910
33
1000
160
64
327
259
416
486
586
143
173
70
702
550
40
818
67
435
111
1555
1464
769
480
886
384
56
110
75
120
72
1086
1195
325
1019
507
51
430
662
128
127
70
28
343
41
524
102
2035
82
58
496
243
291
1769
1484
249
185
1202
288
21
1
1041
27
1787
1720
997
829
368
184
312
479
192
218
545
492
643
106
807
904
418
1140
354
145
235
43
1240
1838
48
60
1467
1373
390
17
283
135
436
481
764
48
55
158
235
211
472
191
217
1166
162
39
1761
641
187
831
191
103
395
153
537
348
343
174
263
181
19
602
1615
151
1229
686
272
1163
734
482
783
118
81
398
481
274
127
360
312
32
138
102
229
562
649
1007
169
514
284
618
1810
961
71
484
178
851
505
255
93
580
332
1612
366
188
206
1142
747
52
320
773
917
1133
264
166
23
1025
93
136
311
635
342
837
141
233
1306
20
135
384
693
226
7
1293
1680
16
509
84
157
176
409
229
903
363
86
67
269
738
137
1233
1593
418
480
596
2137
125
1284
2
177
441
391
480
123
212
771
298
208
190
49
20
9
462
841
822
50
164
611
739
391
57
57
183
86
472
45
96
338
342
57
295
238
60
606
248
22
87
414
834
159
7
159
543
802
385
181
680
242
1398
10
257
739
108
36
422
942
307
132
56
119
307
145
213
102
9
899
27
369
381
29
529
178
220
148
95
398
49
480
11
249
1730
887
414
333
141
687
1052
811
279
37
918
463
1618
141
45
1353
413
52
1357
726
128
78
877
1284
1490
601
194
661
1419
157
156
410
86
42
2878
276
579
30
182
185
312
129
342
27
281
269
447
119
21
307
1534
53
554
171
103
566
690
517
2866
197
270
1585
183
300
188
6
1088
285
4
703
369
670
101
295
2741
19
231
255
29
103
329
99
151
723
519
1146
870
43
128
133
235
812
288
1116
1172
374
98
313
402
280
225
96
409
591
283
1687
230
116
24
335
59
669
214
643
991
1433
734
1122
1183
926
93
23
345
451
332
105
83
21
426
715
183
226
154
93
955
384
579
234
77
307
561
13
603
203
25
152
53
166
803
183
137
797
973
283
252
129
740
779
46
39
616
1014
409
39
1018
448
151
95
108
67
615
142
513
162
877
1406
1226
178
602
784
7
123
163
646
58
157
139
485
914
355
277
364
260
146
111
751
102
523
1342
543
182
986
303
46
90
382
132
1651
256
225
367
277
242
671
385
342
111
128
202
263
1366
1420
111
359
314
125
9
623
218
168
210
260
14
142
79
1288
757
2
94
78
348
1114
432
777
111
33
112
10
1106
1831
228
262
75
416
1608
210
35
180
374
142
324
1116
41
504
401
291
151
590
13
705
137
794
561
189
1131
111
148
86
129
122
73
400
582
7
1141
483
862
164
850
39
401
911
1569
484
581
875
43
229
137
842
845
185
184
431
156
120
192
163
2
975
344
570
419
139
648
609
376
440
62
419
143
172
206
512
131
631
142
5
1342
86
390
81
737
8
661
400
1
691
360
749
167
11
311
429
383
993
403
42
35
65
60
10
283
1317
139
70
858
919
119
1228
179
875
94
101
145
802
57
609
1587
290
361
296
9
198
105
1599
174
111
99
317
207
219
130
2634
1059
466
772
98
538
56
9
296
130
300
216
61
770
1834
360
803
232
405
190
506
84
134
1394
44
49
597
256
63
305
93
36
718
50
340
447
240
30
2009
597
154
392
1149
256
266
226
841
166
233
273
269
799
217
178
349
264
600
119
159
225
405
488
1573
465
98
525
69
721
140
207
704
538
271
345
168
537
539
943
547
368
3
610
671
1232
343
289
288
1207
357
67
108
114
612
375
560
209
827
30
235
225
11
482
165
1110
673
18
565
193
428
70
1178
74
325
36
86
828
332
1016
185
186
22
690
278
793
2763
189
146
309
898
51
723
1029
545
1316
625
454
195
196
1108
72
539
461
68
440
45
45
1273
698
634
1198
420
404
997
49
210
819
792
945
311
915
75
608
861
893
1030
170
306
525
271
55
84
124
95
159
834
8
1005
20
213
416
844
786
163
502
25
547
1170
62
1427
1865
1149
1186
272
708
497
72
158
584
442
78
414
216
914
656
473
361
55
743
993
1423
122
31
544
588
159
125
322
14
120
1007
358
166
31
575
18
80
10
833
12
396
729
313
2116
99
98
170
355
291
394
423
266
161
226
892
958
179
89
409
1038
274
29
264
581
176
918
317
75
570
169
221
88
363
172
404
1118
422
159
354
167
275
258
813
35
1620
770
615
694
83
32
643
144
845
150
284
56
533
354
676
120
150
137
283
526
500
293
8
449
196
858
261
269
228
528
92
215
218
1139
442
57
474
155
226
22
188
521
44
1728
191
674
345
35
438
369
124
227
275
401
93
633
74
213
59
195
173
327
166
1818
789
513
296
996
833
526
1534
525
53
10
57
387
43
522
233
275
541
176
185
271
788
322
429
6
700
126
118
1191
740
938
1624
689
1106
398
711
39
1051
208
1781
726
293
387
134
1462
254
452
384
3
176
433
401
1280
506
392
271
774
72
321
518
501
277
35
402
79
1065
1320
114
1253
335
363
46
673
503
2
197
933
2788
1254
486
643
169
776
302
64
532
222
125
658
454
337
152
441
349
203
151
255
483
797
846
154
565
200
551
248
320
520
391
441
42
1115
43
474
34
994
616
188
2662
298
9
143
873
812
364
127
112
39
478
317
635
867
185
952
548
367
852
314
55
893
643
41
307
867
311
657
1734
351
122
289
230
44
21
43
408
2236
27
217
558
4
159
312
474
1529
121
141
256
46
151
152
781
1716
460
155
629
589
638
1418
275
1309
127
1112
1407
607
1115
79
1247
85
235
137
260
1109
501
15
7
776
1147
29
407
469
38
137
506
84
64
111
284
200
92
342
989
217
696
182
90
560
260
795
442
298
1263
130
202
1222
142
24
186
136
1849
219
130
111
159
191
89
1051
894
125
544
246
1069
992
42
166
1885
1053
445
1193
819
177
39
50
142
170
2232
332
604
129
404
153
1136
3
552
308
296
65
15
462
1853
59
216
205
12
266
34
1788
653
726
113
457
478
372
29
218
105
33
38
367
871
209
769
678
26
81
95
314
51
91
181
1533
225
103
571
384
115
32
376
81
286
664
6
590
254
596
194
942
358
157
83
23
121
1127
590
14
241
502
80
412
53
271
30
152
991
568
186
213
423
367
111
230
1133
160
74
301
148
446
681
95
46
483
122
31
71
422
4
632
858
442
351
510
28
283
1467
445
96
384
34
988
50
24
75
693
1184
378
14
463
230
911
632
306
94
220
61
65
222
2
240
536
770
5
340
222
55
945
138
2058
105
815
80
667
170
438
727
862
361
31
341
613
1105
60
192
98
1220
725
1512
565
721
232
334
562
124
901
113
654
80
93
414
388
226
148
84
278
880
184
1048
1212
1092
451
508
103
420
32
135
50
782
280
46
22
1047
460
448
192
934
427
237
1012
736
821
118
264
846
564
169
523
268
35
1594
590
191
15
28
686
233
465
1296
182
1416
340
85
182
92
52
833
320
3
282
73
397
229
1285
1657
552
484
1624
191
97
982
1452
1022
11
358
730
850
436
67
89
5
136
16
372
68
476
651
2025
234
586
284
73
1229
213
418
155
313
191
831
828
527
264
33
140
70
638
43
609
922
500
2305
41
184
836
667
238
49
221
873
41
120
1004
210
253
329
134
141
464
935
1361
123
236
200
147
309
154
212
288
37
944
487
69
61
67
281
520
94
1107
247
194
636
1904
1273
1934
58
56
70
2663
855
256
706
249
132
160
146
738
25
110
13
654
1818
356
1263
218
254
640
65
1944
103
553
460
944
791
423
682
280
906
826
426
213
472
188
422
2880
349
346
66
262
34
475
55
185
467
194
66
1055
227
1466
719
95
444
464
12
380
90
55
1341
105
1477
100
377
295
238
169
111
107
10
235
30
629
514
383
674
491
228
155
293
540
154
63
273
585
709
502
859
736
414
98
311
374
8
1166
118
50
423
762
1669
311
797
323
28
692
980
555
424
268
780
597
578
54
17
232
65
82
36
6
591
264
957
538
169
497
991
760
204
45
828
245
452
240
956
23
187
320
270
245
462
11
245
106
323
397
292
2066
531
1468
205
258
392
28
437
1336
248
1272
452
637
117
128
672
314
588
1794
151
716
902
278
493
252
1335
68
1188
694
7
716
342
1029
577
790
578
16
202
157
617
60
709
766
312
147
115
588
539
621
672
554
123
631
312
20
1531
10
103
255
545
1186
139
167
184
614
540
64
237
190
2233
383
883
341
708
387
603
86
236
558
2
158
178
45
892
539
710
695
542
268
1080
1863
304
368
47
9
361
419
452
385
768
84
414
318
867
92
42
1055
1097
70
98
296
50
338
617
161
18
42
527
219
216
658
752
759
678
24
663
30
1
112
120
570
643
609
195
292
473
448
388
18
619
961
336
1
176
390
543
910
662
456
101
1493
768
49
123
396
472
2111
986
852
310
153
184
69
335
112
424
297
14
163
381
485
304
570
361
24
1303
734
33
34
862
239
2329
44
149
66
180
1230
571
163
113
116
297
541
465
518
128
325
1047
986
670
595
793
163
257
1458
884
151
80
52
75
132
295
601
1019
419
179
108
514
141
703
354
330
558
329
384
286
30
2
711
565
390
393
1041
291
147
639
444
336
606
364
1806
269
1032
834
286
83
1
167
296
171
888
105
376
97
281
538
46
670
566
168
1651
157
959
137
228
908
40
1128
54
376
9
84
193
300
237
1245
180
523
332
727
41
213
496
394
23
56
362
129
460
186
210
457
527
1156
274
1361
136
100
145
417
969
141
19
958
174
1732
261
55
678
111
190
206
66
1286
365
167
577
574
41
154
1140
36
970
129
676
74
476
482
1305
345
1605
373
484
1214
172
767
165
58
793
555
98
1125
118
607
268
382
9
416
109
69
3
1328
152
223
365
940
1261
16
471
397
170
46
254
801
222
67
1157
452
501
104
62
917
114
390
349
46
1455
221
50
40
131
392
895
490
415
585
4
480
981
518
547
133
1197
938
1087
58
48
2395
300
38
767
239
448
720
579
753
1188
1317
127
445
187
1728
946
157
179
891
91
251
73
345
67
368
213
173
115
122
297
468
106
747
594
40
187
1156
725
818
369
543
188
15
194
463
67
106
439
517
839
17
95
1014
480
659
1059
399
287
12
16
110
99
711
272
156
39
214
1726
217
698
601
429
182
37
810
875
15
465
303
164
89
248
599
563
48
137
542
96
223
488
1568
187
994
1338
816
474
1268
681
41
250
1225
408
555
257
444
1136
170
849
683
128
329
99
385
477
117
557
82
301
125
554
66
213
8
161
173
311
597
262
473
578
584
2
679
718
422
25
1085
100
253
391
87
295
383
196
61
16
687
1448
1171
256
231
4
118
663
8
254
422
1685
149
694
1988
615
570
1027
33
2
81
206
399
142
791
1644
255
170
116
664
4
472
260
47
399
285
88
242
29
321
166
1705
1055
277
13
99
89
887
1318
20
1650
306
129
868
347
1860
377
733
210
185
100
91
84
587
80
145
2400
6
2350
62
448
615
232
85
20
783
593
623
664
425
11
290
88
718
226
686
25
262
7
615
849
30
216
467
30
134
83
203
573
891
915
69
176
172
445
180
248
910
119
105
356
210
783
121
305
117
345
130
1437
71
645
248
195
485
154
235
49
725
368
295
187
12
179
305
775
1912
864
187
251
234
195
400
726
563
72
494
1741
348
25
1095
1339
153
1680
357
287
238
259
109
842
339
938
569
140
573
396
181
129
1091
674
971
135
904
2217
509
124
719
561
133
546
1506
234
100
759
12
48
311
259
589
89
820
139
153
89
850
159
16
282
498
1095
675
145
161
141
86
694
198
116
452
165
260
378
54
559
876
30
1073
85
109
57
117
561
141
225
437
429
651
269
754
773
832
331
19
246
863
880
388
121
949
235
418
156
225
1154
779
79
518
688
202
3075
159
111
528
1178
1133
1253
580
23
120
213
103
44
419
3
158
97
2061
93
563
843
49
52
462
248
419
56
223
516
186
531
195
791
116
932
68
460
312
808
433
78
272
568
468
78
397
11
392
680
1476
72
8
168
7
201
531
345
850
202
177
426
316
1640
182
117
592
494
173
295
1308
267
6
1430
402
198
272
247
315
224
208
413
139
361
5
332
131
406
29
415
3
810
80
45
1276
645
750
1148
37
28
530
324
1085
172
233
1898
2060
123
211
305
619
67
30
834
1157
369
199
413
54
99
646
217
792
169
896
1272
941
173
849
193
66
82
348
140
258
896
163
601
824
463
63
997
495
458
934
160
398
254
1666
261
30
153
1255
261
416
716
155
800
1042
219
363
594
508
1887
188
1255
497
5
1011
413
94
434
1167
396
421
1164
145
48
830
636
95
487
132
929
181
312
10
557
46
706
267
115
249
534
741
813
1530
780
963
129
516
72
419
145
35
47
42
624
82
561
96
772
352
227
116
587
25
146
64
96
311
304
117
3
94
591
316
58
216
287
280
124
803
453
791
577
52
668
154
147
2
1165
665
234
671
161
40
17
714
28
1534
258
318
876
29
252
145
114
187
255
656
328
316
41
14
1052
20
140
307
24
82
1131
169
242
93
94
62
350
70
321
289
216
190
352
139
430
319
76
456
1114
61
3
1110
537
190
472
82
17
436
470
501
94
307
2588
78
398
879
27
144
831
21
28
784
355
841
306
1211
992
111
115
81
1141
1147
307
63
64
1269
39
390
388
401
253
432
97
246
522
170
448
629
435
44
251
483
10
55
213
205
280
295
1124
85
61
25
634
864
52
105
874
144
50
26
7
57
52
367
388
88
89
1747
905
426
413
317
721
255
643
157
325
244
176
233
57
131
1303
969
210
86
562
557
37
1036
115
572
275
257
500
320
277
344
384
92
551
335
214
13
138
105
403
96
48
228
590
467
622
18
486
857
680
446
57
102
818
931
40
201
1776
1009
503
559
1898
736
122
573
402
713
264
941
582
510
227
963
310
691
1197
247
246
2253
840
788
1789
1284
9
267
717
294
281
363
899
522
14
1105
262
320
144
264
1365
828
648
436
1162
252
208
595
404
509
662
20
24
243
2181
317
59
1938
110
394
161
401
536
158
1355
614
243
154
364
1034
43
514
202
323
474
158
213
136
310
421
40
116
257
840
324
235
479
796
373
72
343
239
48
549
1261
376
99
563
306
556
66
427
1792
328
107
171
381
352
141
282
236
161
1689
68
546
771
335
206
1947
393
680
505
158
414
2330
643
369
1524
1657
811
189
383
566
285
356
129
31
290
515
705
96
843
66
24
19
1034
291
1173
6
347
493
339
752
490
945
122
1434
3
315
121
446
473
649
68
92
141
694
376
1040
305
512
141
272
572
166
1946
138
101
737
683
226
193
215
673
219
82
1045
176
186
311
261
41
1077
145
494
1824
251
800
705
276
88
533
782
122
1113
57
77
207
48
208
461
375
360
274
51
533
77
947
176
611
188
261
92
194
536
462
390
490
445
134
872
70
569
48
114
518
101
62
156
250
706
595
33
19
359
326
278
337
656
108
205
1152
834
37
1089
1316
306
368
355
4
474
136
1333
395
177
401
649
90
454
483
318
527
354
457
1253
37
90
890
475
26
491
78
354
397
474
200
120
840
23
576
161
587
530
480
1171
7
252
1531
12
41
403
8
334
103
7
569
294
974
947
903
43
139
262
52
68
209
15
1616
408
465
141
377
750
730
537
141
860
664
844
167
180
557
38
284
51
105
270
359
280
507
260
283
2191
62
310
193
1459
1166
735
119
644
93
73
14
478
527
61
366
139
96
2268
1000
1037
80
426
231
1386
405
99
737
19
330
746
63
340
795
774
492
122
275
375
148
208
10
407
103
209
195
20
35
1029
187
80
783
156
1056
8
59
393
120
500
463
260
1192
11
905
355
348
1378
58
327
104
293
16
1350
599
322
1119
40
18
355
49
411
110
249
496
630
555
503
186
194
136
502
633
282
60
69
125
360
69
455
130
169
557
204
708
314
42
461
349
114
176
543
206
297
887
234
171
213
179
849
67
964
735
87
4
596
93
345
178
332
2622
326
390
146
349
232
72
729
364
436
188
1320
262
499
11
56
785
746
820
296
1058
78
118
192
192
967
43
210
564
1099
495
206
2298
147
209
404
269
224
1299
25
1173
603
914
425
377
51
328
1039
237
121
22
566
70
462
222
150
447
240
1152
816
951
866
88
416
701
324
18
162
229
452
197
1594
130
221
1704
745
45
228
185
381
1090
668
101
1225
350
80
1035
175
174
195
486
245
1220
1127
364
140
1352
44
539
468
336
279
96
2192
507
994
110
507
127
658
731
106
759
148
187
29
81
582
31
724
215
803
181
235
55
24
886
155
9
151
852
45
209
193
470
395
586
617
1728
1233
494
4
641
1026
532
390
759
329
192
799
852
224
315
1546
203
925
1172
215
706
189
19
753
1112
1123
862
58
824
95
186
98
73
153
81
384
327
158
438
124
626
719
143
78
439
13
241
16
912
737
587
121
1566
823
468
197
161
443
619
303
358
432
45
157
498
441
32
127
345
589
2
490
213
254
177
355
1777
505
187
71
165
259
52
181
587
1826
680
317
86
898
412
111
301
505
870
211
21
121
418
16
1170
521
79
25
370
827
449
123
301
612
859
751
339
635
44
87
95
413
49
290
449
906
412
1462
657
41
426
343
729
341
230
953
190
522
654
271
287
124
246
199
55
351
1549
122
567
708
767
598
63
68
501
604
363
267
816
601
600
255
503
1330
452
570
101
107
613
501
284
223
547
324
364
55
905
109
50
963
34
278
36
288
147
117
415
228
345
80
43
221
524
1556
765
4
292
79
5
200
556
184
58
491
1223
36
173
161
131
219
403
302
217
1224
205
249
191
622
955
16
721
354
414
43
528
245
381
1223
168
710
479
588
526
103
673
686
85
210
153
240
298
638
514
382
618
312
1366
566
1770
554
227
428
144
91
1793
926
61
577
29
445
661
20
648
296
436
103
382
83
263
192
478
305
703
2
91
205
364
24
148
576
146
403
394
48
249
105
747
338
510
687
210
2001
971
9
142
482
596
80
658
151
178
710
708
493
445
1792
1065
240
864
421
40
98
235
965
1789
70
50
1008
719
253
127
116
167
1192
85
38
222
15
94
679
482
700
353
375
362
330
273
73
337
69
561
250
335
25
301
113
71
231
37
660
128
661
805
702
46
341
357
234
210
193
1003
164
31
193
517
367
755
138
554
437
255
431
179
228
456
172
