22
8
96
50
2
3
18
23
61
2
14
65
75
1
38
5
159
7
49
4
42
12
10
13
56
19
55
22
6
162
6
62
100
22
2
37
14
56
6
20
10
19
8
156
23
13
71
15
30
5
20
179
18
39
63
27
28
99
7
53
78
26
10
40
16
17
44
17
37
3
8
6
28
78
76
37
22
13
39
9
30
12
35
23
36
10
2
7
59
22
14
16
142
19
4
4
55
84
15
39
43
19
22
7
35
6
19
86
66
20
9
21
20
98
21
29
41
34
44
13
5
13
20
4
7
80
68
10
19
41
71
2
91
11
12
58
3
8
26
10
42
20
11
34
27
6
2
1
33
40
78
3
13
1
32
27
29
1
5
14
42
17
17
96
26
42
13
34
9
27
23
17
7
9
4
45
57
10
58
43
70
21
3
36
10
25
24
73
7
23
46
16
13
67
16
29
39
56
10
5
21
3
4
5
91
12
6
32
15
9
5
2
26
32
12
53
48
5
3
39
35
3
40
15
6
3
5
3
21
8
21
61
18
51
1
26
32
32
16
29
9
103
73
9
25
19
24
20
13
29
43
2
50
37
6
68
4
55
17
14
19
74
3
5
13
66
47
30
2
19
47
10
58
3
4
10
11
80
14
64
11
41
34
16
65
123
17
32
8
3
22
5
4
9
87
7
14
36
47
14
27
16
62
17
34
69
65
51
73
5
54
80
10
20
16
40
45
13
56
18
10
29
16
5
130
11
4
26
5
29
7
26
32
30
3
10
92
1
34
96
16
15
21
17
3
55
2
3
17
14
9
24
30
4
23
26
1
2
31
15
59
50
76
5
3
5
2
55
82
13
25
31
33
16
55
11
30
43
39
129
43
14
32
28
22
38
23
2
26
6
20
1
37
3
63
19
58
1
8
15
13
3
6
43
2
37
16
1
11
47
52
4
15
40
19
5
42
23
31
11
26
18
16
4
21
12
52
56
70
46
53
1
26
41
128
35
84
101
24
2
3
15
17
37
44
42
10
69
2
36
8
4
35
33
22
90
12
32
23
15
15
20
21
11
27
69
8
28
31
6
51
57
29
56
32
32
43
24
14
29
6
63
16
105
16
24
3
63
9
35
22
28
15
38
57
59
31
16
123
16
3
34
30
11
2
35
1
34
1
31
8
23
107
30
49
53
26
31
111
17
7
37
10
88
19
11
53
18
7
4
24
34
31
10
54
39
13
32
36
63
4
9
23
4
8
9
13
24
118
15
20
38
9
95
26
4
1
24
15
66
34
58
16
17
96
59
13
1
22
5
5
14
12
3
46
19
65
49
10
75
25
52
8
28
10
27
29
24
8
70
76
12
19
25
35
110
60
57
5
1
56
67
23
14
74
9
41
16
79
19
1
57
2
14
6
9
33
58
57
6
18
76
42
19
104
18
34
26
28
7
42
4
30
26
13
5
16
20
8
9
4
3
5
7
17
43
37
26
10
27
31
86
1
23
32
70
38
38
38
2
63
20
35
42
37
6
5
13
5
28
27
18
55
12
7
33
50
20
11
3
3
34
12
10
16
68
20
9
55
12
2
9
7
15
165
26
55
42
7
14
10
31
15
24
2
35
35
30
80
22
15
31
49
162
37
32
18
10
28
1
33
65
195
23
4
9
19
29
15
13
1
44
27
22
13
11
22
3
75
157
63
109
23
12
18
31
2
14
39
25
27
20
16
19
45
64
74
30
1
26
43
28
34
30
84
45
75
14
103
11
10
101
20
18
15
13
17
24
4
12
10
81
57
6
23
20
39
4
28
13
13
46
16
18
35
23
9
40
72
13
5
12
10
11
20
26
59
147
38
46
6
32
24
84
6
20
65
44
50
97
67
68
19
44
16
10
16
5
22
30
61
5
19
33
16
58
12
53
1
1
13
49
5
59
5
67
46
6
3
45
83
15
88
31
16
32
13
1
25
7
61
3
30
22
6
130
28
18
6
32
26
21
26
15
49
21
19
85
5
3
7
58
3
5
81
78
20
8
79
13
17
4
23
59
6
110
3
9
56
41
126
25
54
21
47
107
18
1
42
10
7
10
8
37
31
40
2
4
4
20
39
1
66
40
1
4
32
4
12
2
5
18
26
27
19
24
17
45
22
23
5
15
7
1
19
23
5
33
2
40
1
15
52
36
12
33
25
17
40
21
8
8
33
2
21
2
10
9
7
13
29
5
111
102
34
145
60
1
7
19
2
1
44
12
33
92
42
8
23
41
72
20
24
57
5
78
53
19
23
43
