184
193
199
201
201
203
205
217
215
239
189
178
195
207
210
226
208
229
215
246
181
204
200
217
181
200
202
205
210
192
195
185
196
207
195
201
194
195
207
203
193
199
211
207
211
198
215
222
216
206
188
200
188
200
194
211
219
221
218
207
212
190
191
190
199
197
211
232
226
218
195
187
194
202
188
196
233
192
241
199
190
202
201
203
197
200
211
203
229
237
191
199
212
187
222
212
190
185
192
190
207
241
221
219
206
208
187
210
195
200
209
196
194
211
205
194
199
195
218
194
200
209
214
205
215
229
205
221
200
211
193
210
196
216
189
202
208
198
193
201
191
200
188
196
193
221
247
190
210
189
185
209
185
220
194
201
217
234
190
195
238
184
206
200
218
206
216
193
189
197
204
200
220
220
212
198
216
208
208
214
225
231
183
246
219
209
232
192
193
203
196
200
215
183
214
192
189
195
195
214
190
224
201
202
190
186
201
193
200
192
221
201
215
191
234
216
197
189
218
232
214
193
183
192
216
204
191
195
214
212
196
202
224
210
202
204
201
202
187
213
188
220
191
199
192
190
219
188
207
201
199
197
186
231
253
178
205
191
200
202
231
224
230
220
192
200
210
207
204
222
209
201
208
222
202
177
215
182
222
203
227
208
232
184
208
187
185
221
226
197
211
206
203
201
250
214
243
186
194
185
255
197
201
230
204
209
218
190
209
208
220
186
212
191
214
209
209
203
194
202
196
203
191
191
198
195
203
191
195
197
197
191
183
204
208
196
204
207
196
203
228
231
215
189
185
199
213
185
204
197
207
212
217
216
196
249
224
197
210
202
192
204
211
228
195
191
211
199
195
226
195
207
197
232
206
190
188
195
197
203
203
208
212
214
219
185
198
211
199
199
198
203
226
248
247
195
182
190
195
212
209
195
217
199
232
207
213
186
220
211
211
225
207
224
234
219
200
202
201
206
241
207
218
200
210
186
190
185
188
200
202
190
223
219
185
198
207
188
201
194
195
204
186
194
201
194
203
204
200
193
200
203
208
203
202
197
189
183
202
202
212
224
207
240
196
186
207
201
203
186
194
196
199
203
206
187
195
216
222
218
191
189
201
206
217
197
197
225
215
232
183
204
203
200
219
197
209
221
241
202
186
195
195
210
236
209
192
228
200
197
200
195
194
196
223
199
188
197
195
194
190
195
208
216
194
184
191
190
193
194
197
219
200
208
225
182
197
186
179
204
213
242
194
200
210
195
205
199
220
197
209
210
189
199
209
192
194
183
192
198
190
195
208
188
201
191
192
199
208
203
206
206
232
185
202
212
219
192
227
231
190
209
225
191
202
198
191
194
229
209
233
203
206
211
195
191
205
210
221
201
238
185
193
211
190
197
202
188
211
212
204
200
223
191
198
194
199
197
188
192
209
209
216
215
191
186
192
200
203
204
207
218
204
204
194
193
200
197
207
220
210
231
216
179
195
201
209
211
218
219
216
203
191
204
195
189
201
193
208
209
214
208
206
203
199
205
208
200
217
210
195
200
200
196
225
206
216
192
187
192
192
192
219
180
206
197
210
189
217
212
202
209
197
188
219
194
197
199
191
192
268
193
190
194
206
213
233
230
201
201
211
230
178
205
214
202
186
210
197
205
206
211
187
195
202
198
197
222
211
245
220
204
196
200
191
197
215
203
212
191
179
187
213
194
193
205
201
184
194
220
206
201
205
210
188
197
194
194
203
189
195
197
202
211
201
199
212
195
208
201
236
191
191
221
223
207
219
193
195
204
192
189
198
197
190
203
219
216
206
220
210
193
194
212
205
210
210
204
199
201
195
209
200
204
219
214
185
197
198
191
232
210
211
209
200
196
190
246
205
200
205
193
182
199
198
198
218
211
211
203
225
190
194
189
200
199
205
236
212
202
204
192
193
199
216
195
202
215
232
201
211
187
200
208
205
223
198
205
199
214
208
181
193
198
199
188
223
198
198
199
206
202
189
194
217
225
188
196
212
195
201
208
227
227
187
180
202
217
259
187
206
196
218
201
219
195
183
213
197
218
186
200
200
235
203
191
209
227
209
207
196
208
205
201
195
204
211
202
205
227
199
233
203
238
225
186
201
178
174
192
203
191
193
212
208
213
197
217
197
214
223
207
198
180
207
191
197
241
197
216
199
217
188
207
184
187
185
220
237
189
193
213
225
197
199
190
211
196
207
189
180
186
214
236
195
194
207
186
197
200
188
216
208
238
201
201
187
194
206
183
203
224
199
188
230
193
197
195
213
202
