235
3
291
85
158
21
56
348
22
68
305
56
131
17
39
567
173
264
4
116
371
57
27
103
74
96
239
570
333
310
26
116
81
285
182
61
426
1067
191
39
1
670
13
776
179
571
139
242
16
312
361
78
6
18
205
650
248
77
311
161
445
124
76
159
7
151
277
3
144
194
176
51
78
66
26
51
290
100
104
489
72
1160
366
101
2
87
441
5
105
67
207
70
299
161
242
69
16
3
299
278
100
1
598
111
14
144
314
96
98
68
153
33
297
272
51
449
362
171
393
163
34
81
15
156
194
201
9
119
7
248
742
198
38
85
74
307
83
48
70
31
56
181
869
171
49
215
53
49
649
33
85
225
198
113
592
273
95
309
9
302
87
244
216
21
24
345
161
51
44
29
196
93
413
54
156
721
54
91
75
12
169
97
22
400
317
214
277
166
66
14
315
169
336
133
492
99
160
951
218
98
71
307
122
162
18
310
183
242
11
317
14
397
249
87
106
61
21
19
244
75
220
17
165
328
94
350
878
72
76
175
348
135
392
212
31
369
171
19
810
509
434
46
186
589
126
41
170
40
321
164
76
63
139
110
1120
253
403
232
51
35
221
200
69
41
18
384
427
189
398
15
75
57
37
363
50
46
1288
3
440
389
50
92
179
559
11
824
43
68
814
525
432
457
247
472
203
583
361
90
690
5
272
153
272
505
208
279
24
3
366
685
656
6
7
90
733
121
480
288
248
251
666
19
8
170
164
81
388
360
197
592
29
202
101
89
132
267
474
63
102
161
13
564
18
163
176
667
440
122
239
38
125
269
438
13
173
34
50
49
78
553
77
236
105
156
11
277
540
152
19
208
129
517
15
169
251
115
82
77
296
277
37
55
2
140
24
209
54
32
351
24
241
104
184
86
600
3
190
88
203
31
122
629
172
93
428
187
282
267
194
72
35
556
74
357
164
124
149
386
139
312
507
336
101
294
380
44
447
55
235
67
21
999
6
27
148
61
237
171
16
88
140
144
179
566
676
310
10
43
65
332
560
53
118
127
107
133
162
293
209
48
101
141
632
95
77
104
107
301
112
191
19
60
138
111
110
884
87
380
205
627
405
188
190
135
135
39
27
19
162
146
380
180
155
181
212
466
72
2
113
118
99
766
21
281
41
741
426
18
210
72
164
215
204
113
19
119
226
198
344
570
15
150
28
118
151
436
94
123
451
103
313
296
199
74
418
56
38
118
311
25
314
128
342
127
141
125
60
284
683
99
171
245
57
147
268
78
86
86
59
87
18
51
64
231
290
414
66
869
94
64
133
50
643
123
147
200
212
9
133
266
271
511
546
515
231
44
261
82
500
120
52
44
13
41
175
885
4
89
275
74
322
11
11
46
159
112
67
118
3
418
305
721
106
110
122
34
134
4
754
210
137
511
245
38
89
233
4
696
492
156
223
59
121
117
93
284
195
125
63
160
55
367
179
78
88
383
54
185
22
228
131
128
175
4
35
401
156
158
377
215
24
300
282
340
180
174
184
65
127
410
134
53
253
284
16
163
65
6
72
43
56
46
93
28
459
164
1437
618
123
50
354
222
33
14
775
278
534
302
437
286
408
199
21
122
134
39
25
138
171
24
87
277
180
23
248
140
557
98
279
112
70
20
84
284
259
243
137
396
252
256
302
146
35
185
495
70
184
181
502
24
66
179
32
260
93
39
16
51
144
71
142
152
282
388
36
30
26
139
6
135
355
121
404
173
63
142
100
355
64
97
254
89
282
158
78
120
88
291
77
258
176
19
101
166
260
424
86
67
251
50
61
31
9
239
125
325
185
353
65
418
60
18
117
340
16
463
251
228
27
164
285
156
94
742
619
275
184
9
113
119
241
190
280
454
38
550
208
289
13
24
133
20
153
195
54
208
106
514
50
117
66
116
140
107
49
205
581
280
757
98
169
154
220
32
752
70
12
89
103
178
127
293
129
214
118
35
139
7
191
231
451
106
373
154
360
58
410
16
6
317
34
588
1
267
211
268
71
10
41
136
138
100
31
125
22
134
179
409
434
194
102
73
420
26
111
97
251
658
169
756
494
708
54
162
157
214
242
223
86
418
216
318
455
156
187
102
202
204
19
144
200
170
77
184
172
240
12
95
149
45
92
109
85
114
20
10
328
18
381
725
22
355
277
362
220
875
46
470
29
3
586
118
252
136
114
76
361
58
32
167
1000
224
200
574
7
70
15
328
274
6
497
191
272
19
162
69
77
59
446
512
124
641
81
28
95
329
42
273
162
30
95
575
186
69
96
48
137
9
33
153
18
174
321
1
585
30
103
3
3
101
115
130
76
31
162
200
5
159
472
350
34
3
101
20
129
1
169
653
210
526
297
46
394
646
218
40
218
85
86
68
31
108
158
582
589
161
91
206
651
279
93
29
21
157
13
265
163
210
75
87
394
18
50
274
396
176
201
101
84
331
55
362
184
625
55
352
127
321
244
106
150
865
329
152
396
170
309
266
156
4
75
31
91
466
89
114
8
83
310
127
208
180
81
50
66
350
66
102
182
44
363
204
108
108
27
325
1150
85
433
781
42
99
77
103
217
570
615
118
145
25
145
95
225
137
2
209
243
161
370
96
37
16
695
61
110
360
496
30
339
276
291
189
481
134
61
457
59
407
205
104
117
537
14
28
264
418
131
9
63
196
22
385
61
271
160
135
129
86
494
52
521
161
285
61
418
393
279
271
110
305
83
543
73
166
108
47
419
108
103
138
130
133
110
44
200
81
360
41
392
116
80
172
90
125
167
56
212
187
102
489
449
199
497
134
158
241
1
13
194
168
633
279
4
36
194
538
87
226
91
15
91
209
195
49
373
219
218
111
126
253
37
3
257
391
592
430
13
114
78
175
20
126
96
244
296
346
276
223
231
98
335
151
136
176
280
57
91
125
376
157
111
632
488
18
416
585
32
166
259
9
91
620
107
20
322
196
121
286
109
946
552
26
1
392
582
175
578
60
1091
253
39
82
27
56
155
267
349
447
58
126
313
71
108
5
181
299
57
332
340
746
239
106
36
270
195
18
88
349
96
192
117
206
20
3
129
161
29
153
114
252
41
9
326
795
8
117
391
22
20
9
6
33
76
9
379
274
343
203
20
273
428
176
40
74
663
310
249
209
236
78
108
263
112
10
29
212
10
207
81
76
147
256
244
71
204
61
81
12
311
476
59
155
34
520
134
13
94
58
148
148
276
65
67
83
120
205
203
902
28
315
240
122
31
70
151
127
622
47
376
206
230
383
319
270
44
242
208
143
57
130
96
125
365
81
171
125
576
33
168
196
12
349
303
65
108
290
74
68
198
17
149
237
939
28
213
128
101
135
1042
130
118
154
15
95
20
104
104
45
134
339
3
69
162
594
14
166
85
74
1255
110
180
126
233
221
340
325
217
413
136
73
49
76
479
342
441
99
46
140
1
146
118
94
101
110
65
74
206
61
69
243
306
1
303
405
182
80
332
622
82
194
11
338
140
112
54
542
1070
94
126
130
127
172
122
77
108
20
104
75
52
439
222
377
64
73
711
53
276
335
46
128
15
324
208
354
655
29
198
70
19
211
58
467
100
48
147
170
140
36
240
52
211
58
588
645
40
158
287
202
271
43
116
107
218
369
487
371
20
51
292
95
262
54
496
229
239
571
100
301
259
371
139
399
181
40
37
65
319
58
611
120
34
499
33
509
101
368
155
409
178
226
831
187
123
365
161
38
523
139
333
28
634
387
110
36
9
58
24
667
64
66
88
678
74
15
270
81
12
737
409
186
161
34
132
1375
7
99
113
202
92
609
240
43
384
33
16
153
748
283
49
45
22
181
372
239
206
278
122
327
200
98
636
58
293
39
550
2
197
323
245
234
190
551
155
448
299
83
45
366
147
32
145
191
94
54
111
70
94
437
250
155
322
30
3
22
37
403
88
254
6
420
27
553
100
7
319
131
9
97
297
628
1348
667
27
87
1
206
21
112
74
47
466
57
402
128
78
107
232
50
60
83
43
463
271
34
149
99
216
1
84
79
19
7
662
51
121
381
149
283
94
156
66
38
201
154
77
414
66
74
452
289
60
113
196
234
123
243
166
392
50
308
298
171
315
312
294
253
487
161
162
21
4
230
73
94
39
65
57
44
34
351
52
97
59
210
84
250
23
91
631
397
43
144
189
354
467
14
82
102
153
126
239
6
65
299
58
277
219
995
17
225
20
95
278
465
515
926
108
42
161
375
285
45
62
52
17
399
13
106
71
104
71
370
135
90
387
26
311
114
92
102
595
328
192
120
234
88
46
413
227
464
70
307
242
1330
312
253
136
255
52
237
210
433
286
50
318
28
46
552
96
762
211
20
164
118
54
89
55
242
468
242
72
342
239
354
731
279
97
629
171
33
81
304
28
77
252
144
275
346
136
119
93
187
81
8
283
211
429
110
96
119
414
128
90
3
346
223
404
117
198
214
367
168
87
36
9
264
226
797
647
294
6
33
72
351
13
74
105
469
31
266
367
268
6
331
260
69
773
8
158
361
137
887
341
212
213
454
153
667
163
25
66
21
175
415
71
753
385
41
140
8
335
442
240
26
578
157
99
31
766
144
219
26
428
109
31
51
925
165
886
148
228
181
182
93
186
177
154
160
41
106
24
35
181
29
258
172
942
125
606
140
525
98
91
19
50
141
181
193
274
429
12
123
477
148
67
142
94
51
71
526
139
449
208
124
316
163
122
98
15
346
47
375
190
14
66
293
218
518
256
79
580
133
196
115
333
143
153
134
99
55
83
227
175
56
124
372
64
36
306
84
1107
269
43
123
503
50
481
692
156
214
191
87
466
170
152
596
143
724
144
608
278
198
22
24
40
464
29
270
94
31
199
93
29
99
392
87
337
23
225
365
132
696
90
155
456
137
290
108
126
369
53
308
347
122
125
62
18
128
115
33
567
68
236
43
130
98
530
209
213
663
212
169
42
60
18
103
447
27
134
120
185
5
592
598
87
221
307
344
180
62
103
202
156
106
589
241
204
411
6
180
79
175
233
100
326
37
686
245
127
432
30
546
85
48
85
284
533
151
138
206
854
227
6
411
36
38
148
79
157
199
1080
184
917
271
214
16
205
298
563
90
194
126
102
306
218
320
277
17
202
69
68
350
130
15
564
22
14
36
384
177
19
321
691
190
150
146
81
656
139
38
76
180
75
452
74
53
244
190
314
90
71
136
177
534
674
85
50
220
47
30
102
575
561
28
80
168
210
240
1
232
105
674
104
62
53
467
254
261
540
265
98
114
230
250
163
202
270
110
136
44
423
72
371
416
234
385
134
130
368
540
70
578
77
718
52
19
29
112
53
140
405
400
153
290
150
246
212
213
342
281
176
231
275
171
18
355
21
182
77
63
42
68
93
1
74
97
201
15
82
159
242
187
18
31
6
235
410
28
74
708
206
219
504
296
1302
360
424
117
105
194
352
68
349
893
286
602
174
290
527
48
166
131
912
508
7
32
117
21
328
47
65
313
7
617
22
356
312
326
688
116
692
70
51
137
304
34
240
65
314
55
110
470
56
4
563
93
428
128
104
29
17
146
18
100
163
125
460
62
830
223
358
796
61
227
31
140
67
227
48
225
57
83
126
221
155
90
62
59
798
56
652
294
52
28
218
57
193
172
544
2
150
109
117
140
92
14
271
296
226
69
841
226
121
166
239
597
154
238
209
13
189
182
54
83
353
56
188
59
368
156
144
45
89
154
65
254
129
93
53
242
497
466
9
181
236
351
78
36
147
98
378
126
204
307
149
13
335
72
111
89
128
146
346
51
25
106
230
80
305
328
487
326
47
41
47
350
434
311
134
3
100
250
808
159
76
65
244
155
23
213
5
117
133
431
28
349
35
37
230
24
762
57
24
64
45
313
25
9
969
39
421
28
317
300
111
283
155
165
39
301
158
26
251
177
577
282
31
354
77
196
193
73
81
95
34
50
73
99
381
71
256
1075
66
136
196
207
217
36
158
242
101
118
121
54
35
423
401
78
40
47
226
382
41
285
23
27
140
245
104
71
80
129
22
73
68
112
133
136
15
74
30
428
8
48
239
348
235
235
386
196
121
12
175
168
226
312
1
146
429
107
1179
69
85
34
12
60
235
106
438
548
137
560
142
382
189
660
108
108
129
252
52
150
14
12
618
72
17
37
123
41
134
116
37
174
103
64
18
284
15
39
25
11
134
346
75
158
28
30
222
6
284
155
52
127
234
285
163
45
165
182
36
187
80
220
32
285
376
98
193
26
258
178
15
239
27
215
30
373
487
70
11
39
594
164
19
153
38
561
680
346
81
568
234
120
23
150
1184
57
138
347
67
906
159
153
271
23
53
145
81
87
244
10
101
309
394
319
70
67
48
32
11
276
74
350
20
18
171
23
193
43
643
24
548
577
43
278
25
170
123
36
23
113
136
248
240
637
472
971
139
126
96
393
269
64
31
115
345
265
172
387
681
143
7
101
161
104
42
278
81
217
47
561
124
9
53
362
321
27
686
37
698
65
422
90
165
240
136
85
27
163
628
302
149
93
54
492
132
184
23
183
114
25
77
169
67
210
453
162
158
81
329
25
372
3
205
160
188
60
38
1083
481
6
125
8
3
362
832
125
281
240
341
141
130
287
318
89
144
824
21
48
30
85
285
65
387
45
183
377
146
22
382
452
265
181
130
59
268
287
55
231
110
322
93
557
184
153
165
254
29
45
99
56
27
101
1
131
1
434
45
79
81
282
7
134
76
219
35
58
215
24
114
20
136
54
177
207
184
533
123
173
132
168
101
225
637
265
350
17
213
525
423
43
161
461
332
146
216
352
410
348
408
114
181
32
36
299
73
39
68
722
359
258
208
9
39
15
138
70
3
116
28
340
15
532
89
277
102
120
85
11
239
575
208
60
105
147
240
53
122
9
142
116
201
210
199
71
105
654
5
97
97
198
52
8
194
9
510
24
244
31
163
76
95
235
362
250
300
146
12
54
174
307
15
417
25
224
206
71
162
209
760
451
76
130
19
207
84
242
176
71
67
435
269
14
134
189
139
232
151
290
480
373
370
325
56
51
151
1
522
202
52
457
277
24
125
163
37
416
287
47
333
66
76
455
850
244
40
107
6
145
34
53
211
108
450
2
44
124
77
138
275
438
379
121
549
236
279
484
49
53
348
153
210
308
268
1148
303
174
265
74
368
298
237
46
427
202
43
45
135
206
1005
342
224
22
194
1
52
158
457
114
339
555
105
134
185
295
280
425
415
38
93
66
49
237
285
457
97
756
171
116
3
48
29
216
5
639
76
98
108
419
416
8
19
339
196
146
594
7
44
210
1608
629
28
78
132
44
208
133
530
270
71
227
453
147
386
186
84
114
18
633
36
104
467
19
21
10
218
377
62
95
109
169
458
151
437
544
493
738
56
126
353
76
493
88
615
86
117
91
64
592
108
213
161
219
58
250
450
96
183
153
47
209
243
384
86
140
273
264
222
36
118
128
45
150
338
204
665
130
1015
310
67
228
192
108
94
220
93
40
84
182
99
55
20
128
71
743
153
144
101
65
103
37
86
404
891
33
60
37
110
19
20
77
214
107
290
218
171
247
287
297
120
333
462
137
82
51
166
420
47
265
61
14
358
95
557
216
814
354
106
199
464
126
237
311
69
620
265
137
46
94
29
85
241
29
113
135
45
534
920
116
111
190
229
70
519
586
17
113
22
527
313
173
125
79
24
205
119
1107
118
148
188
114
32
149
46
1
104
68
294
34
97
283
457
179
349
82
430
96
21
156
10
188
110
88
57
295
398
282
124
511
317
87
69
670
19
210
337
210
224
64
221
344
23
115
186
26
142
333
142
5
284
294
38
893
429
62
820
251
247
185
19
238
341
6
4
349
285
131
157
199
63
192
163
132
883
259
1418
175
97
32
231
209
173
90
133
8
89
93
137
71
134
237
112
90
39
395
167
98
70
494
39
212
82
102
121
75
109
246
191
320
204
390
247
75
54
207
24
95
136
118
171
100
29
1039
549
101
674
182
110
142
26
206
107
231
13
631
56
63
172
47
697
83
860
465
157
76
54
27
18
105
223
69
90
312
653
215
31
202
39
161
10
11
76
606
1
46
180
156
10
301
69
270
267
177
74
958
52
149
373
35
48
317
24
40
207
62
365
2
60
143
246
400
389
158
352
246
6
481
221
497
37
222
700
66
555
421
73
152
57
4
47
71
641
42
49
6
75
248
39
33
292
689
435
205
452
64
51
31
67
72
1445
27
314
154
345
52
11
116
196
113
101
478
44
449
367
81
67
208
417
214
107
41
111
198
56
39
159
769
568
137
10
90
67
7
174
100
151
45
331
660
115
186
188
378
53
21
82
19
464
46
314
47
245
278
8
102
83
123
190
104
25
106
171
160
13
276
400
73
158
83
494
260
67
707
545
128
98
47
58
131
64
6
53
16
209
505
450
164
68
631
202
45
55
23
502
372
47
147
186
62
356
319
352
65
140
105
159
124
128
248
484
381
226
243
25
788
56
357
118
137
125
162
103
233
39
173
299
220
286
255
632
38
20
196
88
14
62
1015
207
211
50
283
109
201
231
258
1
85
275
369
88
59
35
594
189
195
300
562
311
307
462
37
216
144
615
6
32
433
158
100
804
294
285
205
89
306
10
120
477
78
87
768
83
320
74
263
53
60
170
166
161
133
101
25
144
277
405
100
31
176
119
195
308
7
443
198
147
48
43
107
90
83
1317
407
180
511
198
38
93
99
146
293
221
10
11
32
249
229
170
58
6
645
13
284
444
81
264
362
412
63
271
528
65
7
249
140
73
571
1059
91
179
478
89
122
222
640
83
19
55
9
37
189
115
105
52
108
771
110
144
104
30
359
232
81
146
390
72
20
104
98
106
211
593
10
45
64
153
131
685
68
234
399
785
111
147
58
143
171
227
757
12
156
251
119
307
47
429
472
323
482
41
655
9
158
198
59
123
101
244
462
73
38
30
43
200
10
270
112
73
391
222
401
365
313
227
74
123
381
855
166
330
273
77
157
148
103
212
81
456
1
65
458
273
149
105
290
292
103
86
77
80
342
66
157
79
286
117
224
28
156
440
116
106
188
380
159
101
192
158
150
51
95
117
61
142
294
242
84
332
374
663
242
598
79
51
20
41
12
172
96
283
73
2
63
243
196
76
114
130
8
118
430
148
282
47
460
156
123
227
447
64
265
618
216
106
84
72
389
48
179
197
90
117
439
185
62
332
397
249
29
307
189
2
191
207
30
20
14
47
28
196
89
146
100
148
10
164
12
36
163
67
492
2
288
151
86
361
31
268
805
152
52
5
3
537
386
213
39
208
422
115
151
105
79
237
106
452
1249
68
437
393
284
40
40
7
66
51
271
530
5
93
101
76
166
54
200
155
585
87
264
32
4
656
36
72
183
61
146
382
124
401
199
92
639
454
108
173
147
353
94
335
805
469
20
68
822
153
424
27
187
494
182
419
240
51
45
378
910
329
305
370
55
362
95
1147
289
112
334
65
185
320
182
221
369
214
365
186
142
191
8
127
618
272
138
232
300
269
42
291
46
205
278
426
474
236
40
234
850
223
119
312
90
513
106
94
78
56
1237
385
92
2
81
53
64
484
95
90
435
82
373
137
351
9
72
61
577
12
115
56
932
80
125
470
138
152
168
54
382
247
135
150
8
67
168
292
508
208
458
60
2
400
164
286
644
345
69
222
65
165
63
328
329
21
117
274
118
73
149
73
57
31
35
375
135
78
63
96
309
72
82
91
325
490
355
88
259
17
79
228
117
99
152
280
856
102
189
71
151
391
105
563
369
294
26
516
149
86
210
136
2
329
459
386
100
94
214
97
128
213
44
110
141
19
47
70
353
165
127
137
168
131
738
115
105
633
336
149
166
256
116
98
3
241
26
40
172
8
176
288
240
98
79
8
75
269
101
43
230
88
114
140
6
248
181
208
699
84
217
93
490
252
211
338
72
128
176
473
245
50
5
915
55
115
330
221
66
212
343
236
175
747
368
106
172
214
47
445
99
9
288
126
793
7
554
115
34
118
12
140
48
362
77
374
307
136
83
111
174
90
7
680
90
11
148
100
135
644
31
143
863
113
151
154
210
120
57
415
377
113
173
330
15
52
73
145
13
119
97
785
188
35
66
26
92
20
31
138
40
842
28
121
27
50
38
16
41
425
117
304
323
98
266
201
329
110
164
362
475
225
181
233
67
2
465
2
137
199
94
124
388
490
103
185
29
176
157
115
373
821
100
238
565
2
335
168
75
588
261
550
3
287
65
46
26
25
31
151
152
33
128
411
30
329
93
495
112
263
63
1030
208
127
191
421
288
126
39
139
147
66
338
6
186
25
19
618
189
342
241
78
269
516
176
61
41
32
3
98
10
1
185
251
35
519
121
47
144
61
1194
234
180
31
123
4
121
141
75
137
676
385
84
322
340
95
113
63
131
94
9
73
611
79
2
42
116
63
3
533
20
170
79
126
289
222
71
222
89
200
103
93
35
55
516
232
514
226
4
194
436
173
154
157
127
286
127
48
99
487
179
494
193
662
18
98
136
240
58
226
360
338
147
83
213
453
210
63
124
158
79
27
342
1056
405
436
60
106
10
110
68
148
44
332
339
257
221
489
166
581
37
31
127
116
363
56
466
266
165
19
41
199
156
408
251
149
626
443
157
73
154
388
468
172
87
589
1
2
113
65
102
207
516
1089
1624
169
144
192
509
142
75
23
389
50
75
100
10
167
177
84
639
9
162
128
170
222
656
407
216
110
94
111
36
37
536
562
77
138
205
202
157
57
216
42
13
49
54
59
71
82
150
244
352
364
524
259
81
21
195
261
282
11
160
591
315
137
76
25
320
158
59
137
126
373
26
727
302
55
464
282
108
43
194
30
261
32
187
248
221
186
65
180
404
327
142
237
69
589
558
54
269
248
254
63
229
85
171
222
140
215
46
109
247
392
420
291
177
4
167
180
142
173
93
198
49
112
114
167
167
1013
443
289
260
132
47
36
79
59
497
404
131
231
70
255
420
379
829
188
94
40
14
4
151
59
38
354
511
439
122
85
180
268
18
85
307
345
475
306
268
479
14
162
329
344
764
58
93
233
141
224
138
48
509
624
102
111
141
128
169
55
174
4
290
7
222
220
166
292
158
328
222
352
95
707
57
56
111
12
513
112
220
320
245
248
105
67
8
227
414
227
116
25
24
173
15
239
13
173
264
136
35
19
890
285
328
369
118
1
28
158
244
162
47
37
132
178
372
121
80
17
83
148
160
9
149
134
99
692
193
115
1005
24
160
6
39
12
56
152
212
293
177
1
346
298
30
81
176
329
232
163
18
279
161
190
336
23
27
194
127
73
316
74
71
545
76
144
307
136
113
113
144
163
233
189
281
63
122
460
183
88
89
73
91
715
64
73
14
368
13
160
597
64
670
672
57
182
240
100
65
104
401
62
67
102
323
1024
255
29
526
206
286
2
329
302
62
206
650
102
126
92
187
46
642
284
55
32
188
277
19
13
36
161
25
69
214
58
112
173
39
226
63
2
41
175
90
124
23
3
143
53
50
341
109
17
113
6
424
473
35
697
548
22
87
51
31
34
180
295
217
2
60
43
110
124
737
330
114
231
173
11
45
308
82
103
545
13
412
53
211
449
33
88
289
912
94
118
10
307
124
25
8
59
389
25
434
291
382
537
143
279
236
103
171
495
30
470
30
30
15
120
106
102
406
58
211
300
241
233
203
103
152
155
354
527
11
133
26
177
182
47
89
48
152
87
439
398
83
276
439
145
725
348
103
48
15
302
241
329
206
179
113
91
929
20
364
8
101
113
360
300
62
601
21
24
354
201
31
163
199
272
36
320
311
99
96
42
57
192
275
41
83
49
126
306
178
59
156
16
561
8
122
235
179
146
156
477
630
240
315
230
248
13
24
197
178
159
345
12
206
67
166
102
55
80
77
42
193
214
190
7
157
59
24
23
8
287
390
84
77
99
89
177
365
427
26
497
171
63
551
95
22
1260
99
136
269
239
94
384
21
178
365
434
852
8
239
138
97
129
41
95
79
204
39
317
105
83
6
290
92
221
42
293
53
59
246
132
520
518
83
592
160
103
219
142
315
105
612
49
38
28
286
25
157
31
31
279
203
157
8
17
157
569
45
29
479
46
79
57
399
68
18
208
46
84
168
88
67
60
253
259
9
733
62
608
232
381
94
21
89
173
473
42
523
230
279
217
166
417
57
254
159
51
140
66
440
88
174
174
16
316
67
21
69
187
42
365
449
395
234
80
200
77
724
131
193
275
223
30
30
157
234
684
122
325
64
141
150
224
87
28
341
278
172
139
115
29
104
149
227
94
159
161
265
200
321
474
30
62
153
98
515
242
168
23
112
382
134
382
131
9
26
102
23
398
86
652
289
89
57
67
10
243
59
129
427
255
1573
156
605
187
220
425
30
659
65
646
502
19
40
190
5
154
38
67
97
1078
318
53
160
86
15
585
480
306
244
261
239
177
444
102
77
91
264
131
446
202
469
130
60
87
73
38
375
265
82
225
153
855
271
14
180
858
92
204
314
264
73
54
520
89
47
127
201
48
600
371
243
210
495
228
268
213
7
215
906
141
936
114
41
313
432
151
188
144
401
302
182
90
573
102
346
241
281
91
569
252
125
360
281
102
160
301
394
15
72
619
68
202
118
179
97
101
74
275
16
57
99
587
184
26
124
295
232
386
289
107
157
157
119
56
442
199
204
101
52
3
176
58
158
42
40
94
118
32
506
59
127
64
62
133
164
208
169
15
291
14
18
209
59
110
258
262
81
492
86
8
23
177
27
380
46
169
3
450
211
24
264
221
66
22
81
97
473
46
22
545
35
714
198
149
274
82
249
943
634
969
75
179
1
173
192
29
262
42
190
100
37
91
531
9
24
423
524
121
354
14
22
182
54
201
65
156
174
701
201
94
82
255
402
115
102
77
247
2
133
298
62
5
239
66
111
144
107
196
52
450
26
468
142
24
89
341
127
206
107
363
79
135
36
306
432
222
109
96
99
112
250
165
91
430
27
508
27
45
155
278
54
225
23
278
536
146
154
346
222
163
244
100
381
86
383
122
356
193
40
100
515
97
51
392
6
118
221
52
142
89
575
455
380
27
203
183
10
58
382
429
181
142
297
819
576
352
288
341
295
72
139
66
206
134
147
17
40
162
93
197
374
47
42
21
193
140
68
93
272
399
331
166
431
471
286
540
439
262
9
654
275
329
238
874
988
49
347
280
76
14
218
161
638
102
544
160
162
252
113
31
57
22
19
344
470
382
113
3
129
163
9
50
2
130
387
34
472
7
173
101
329
462
631
791
118
523
159
152
403
112
188
26
102
68
710
357
185
308
166
86
137
420
59
2
156
123
82
22
84
137
248
124
102
214
28
469
138
40
208
5
908
188
8
680
331
76
220
55
413
132
181
321
584
112
143
310
65
171
478
266
58
189
69
118
8
206
65
139
611
177
13
42
718
158
80
398
520
91
191
329
428
109
696
216
185
1
312
173
127
210
463
1006
140
52
25
320
207
151
271
317
454
388
142
159
160
33
1075
251
156
118
30
387
98
72
343
436
75
328
173
104
203
322
211
511
171
182
308
1319
394
29
87
20
198
36
206
148
3
316
184
98
21
85
312
70
67
61
446
195
196
209
9
404
32
590
301
706
332
70
105
70
142
92
4
395
233
64
140
433
279
123
73
142
709
336
218
35
28
119
28
46
228
153
254
154
110
33
113
672
75
65
335
165
399
55
153
89
389
206
185
70
46
55
940
311
555
19
18
48
19
448
107
48
173
26
163
192
147
62
156
34
357
154
468
63
19
889
31
75
109
423
9
172
203
54
35
169
2
483
176
363
181
404
100
70
167
149
560
609
160
71
151
201
5
66
9
301
288
231
214
100
939
156
55
281
68
115
206
372
340
107
616
323
108
1446
102
52
276
97
30
142
227
317
609
367
61
450
72
83
284
361
347
96
286
77
12
271
75
545
358
197
271
941
218
89
204
175
532
121
70
162
657
11
364
526
36
98
227
186
160
373
31
133
568
26
55
803
53
116
179
45
15
41
166
433
205
354
178
208
50
366
253
189
1228
131
642
243
49
560
256
59
315
221
40
102
209
450
50
126
55
86
177
213
247
113
85
46
205
382
48
258
1074
260
109
28
390
230
158
52
474
156
310
424
107
36
178
155
42
182
137
355
116
30
480
68
103
160
263
368
765
91
2
21
231
189
161
11
204
4
43
546
139
228
27
186
319
193
226
385
121
349
50
19
168
33
58
162
66
1
69
50
52
260
131
259
521
24
498
151
341
1
166
286
481
507
975
81
80
335
207
123
32
241
755
450
133
159
430
677
8
138
46
62
26
544
113
60
26
439
157
339
395
71
247
25
58
485
137
76
224
192
472
775
193
14
209
345
19
163
77
146
139
89
63
20
21
131
109
413
18
45
508
98
193
95
150
60
489
336
439
366
47
34
102
31
111
486
215
46
137
569
359
132
213
482
72
202
192
671
272
8
451
761
150
550
225
348
53
479
308
612
150
447
209
1202
176
140
403
102
217
205
185
479
140
112
261
58
330
319
117
83
31
142
203
28
172
58
80
24
85
310
187
154
77
336
49
63
495
105
482
68
846
182
143
115
76
897
956
483
78
137
13
99
530
97
6
40
182
220
161
179
15
301
80
116
277
123
53
73
30
223
302
74
119
67
413
321
248
43
125
627
145
168
582
6
75
174
305
353
780
92
221
178
241
378
153
706
9
178
3
80
60
296
26
8
139
40
1000
31
73
162
105
118
142
201
233
14
23
47
771
33
209
380
132
409
301
209
24
348
171
157
197
120
48
96
33
138
177
252
239
281
105
17
244
118
122
1012
43
858
270
529
871
121
109
266
56
188
123
695
239
181
85
8
339
477
300
32
430
588
73
65
70
320
524
989
528
449
106
23
194
59
21
45
192
622
287
60
144
405
222
148
277
288
331
6
193
193
292
206
362
226
282
229
211
54
68
14
199
435
67
35
149
166
325
321
53
446
586
80
409
8
176
315
520
58
3
269
384
84
154
432
10
137
301
98
79
395
15
9
526
29
219
370
284
210
233
398
43
177
109
670
456
1132
151
20
36
95
354
115
69
10
106
417
23
230
50
557
18
112
490
472
224
318
220
37
811
585
187
170
820
77
560
332
225
99
181
308
36
460
109
267
74
442
231
56
812
90
331
61
93
148
43
566
202
497
106
198
238
334
366
168
55
190
930
546
172
225
150
26
180
119
326
67
25
581
74
203
722
302
506
751
209
351
178
372
54
191
173
275
316
3
676
490
112
337
84
8
154
44
171
85
35
172
439
102
105
16
57
711
307
357
19
392
39
241
98
228
101
148
269
480
145
40
170
77
114
124
209
624
249
135
42
673
77
92
114
45
263
131
81
277
684
677
139
326
95
670
141
157
30
783
101
36
47
62
41
48
20
234
105
691
120
1304
18
379
927
30
195
29
135
377
6
309
35
629
238
147
152
132
449
63
451
63
321
90
331
646
210
48
112
6
268
38
135
265
141
126
251
264
27
271
132
19
252
337
303
22
446
144
538
292
119
106
46
114
437
127
323
59
1520
83
142
176
274
209
93
31
630
177
93
134
17
513
252
54
115
94
86
142
193
38
85
189
296
588
517
106
527
535
23
10
110
244
102
112
1
71
45
198
461
61
393
539
160
739
147
103
294
212
37
123
32
215
6
25
74
278
28
317
81
140
78
668
230
386
111
669
966
107
152
168
53
105
22
379
287
141
142
545
406
1009
18
3
129
115
197
28
23
26
241
43
132
372
87
214
122
321
145
299
5
230
11
61
368
5
1042
189
75
173
163
265
31
188
104
15
618
91
339
190
451
431
1
140
10
243
18
180
69
475
54
65
232
321
301
146
824
28
119
32
116
127
694
49
195
110
63
20
73
474
163
448
119
264
6
255
124
6
94
272
126
341
36
102
791
73
110
35
346
88
73
436
55
98
18
147
10
943
2
33
332
93
85
243
51
213
5
66
40
385
51
76
431
97
296
16
92
213
600
12
64
42
142
511
24
88
91
197
548
269
230
214
39
114
311
95
28
333
202
583
749
93
247
452
19
53
698
70
59
15
110
168
157
128
379
160
68
171
151
111
2
112
374
38
15
42
419
63
72
67
48
287
185
74
605
90
70
528
342
178
689
265
51
378
43
32
157
151
8
262
179
29
185
148
163
1209
16
297
357
212
279
335
196
35
282
418
385
21
116
5
32
219
129
402
59
19
32
134
142
235
150
119
14
242
124
90
91
230
207
403
48
239
140
2
345
77
468
451
77
219
196
512
104
175
397
44
247
62
11
426
204
15
273
123
272
116
263
180
2
226
210
15
221
145
222
67
231
23
145
14
71
171
601
917
34
46
168
466
284
280
109
185
335
426
793
309
12
573
229
211
41
359
222
47
143
183
97
371
25
72
155
176
89
120
36
68
68
98
10
186
292
291
365
1
169
210
56
132
191
347
26
142
212
171
29
236
284
60
16
238
61
23
183
192
43
10
54
43
27
18
16
61
9
130
111
160
10
59
157
493
288
93
98
300
247
2
622
40
88
74
13
1
303
51
53
141
246
186
409
217
85
110
238
205
431
343
116
58
288
161
112
79
89
319
209
123
91
52
600
107
68
199
1100
114
128
13
260
30
411
364
116
29
162
95
531
148
31
214
404
264
339
22
167
62
35
134
53
113
263
396
356
283
105
115
42
209
1
1134
228
44
32
40
160
280
218
75
101
367
243
52
75
659
176
141
47
446
289
51
2
184
114
96
282
72
105
210
249
79
46
5
399
80
124
64
62
777
390
430
885
28
164
544
64
77
64
539
96
2
412
14
64
97
329
63
125
195
326
390
357
85
159
195
25
120
190
79
423
35
348
89
78
82
386
201
69
380
282
114
238
421
249
29
466
47
79
74
174
398
109
23
17
170
21
100
323
74
3
170
166
4
47
68
563
418
23
448
244
224
86
102
260
17
416
180
19
200
177
31
247
454
95
199
86
196
448
267
162
17
69
242
76
35
205
170
23
165
409
745
65
263
328
81
195
15
219
5
800
243
49
112
318
267
1018
137
89
153
100
297
100
43
132
711
76
233
95
97
188
266
254
402
216
389
109
90
163
45
329
208
90
209
4
227
341
34
481
52
739
445
24
252
28
135
188
138
157
277
143
92
35
120
170
82
170
64
224
176
14
57
32
326
166
261
274
30
365
285
481
50
106
6
402
85
17
95
94
177
54
257
165
133
351
87
192
163
35
146
124
267
119
7
413
10
496
129
87
7
374
31
153
25
28
8
27
336
65
126
67
435
138
561
193
88
112
497
400
143
557
97
91
79
90
66
52
669
164
288
2
143
103
678
293
647
137
97
216
154
162
37
1
49
176
821
286
97
75
36
1051
218
42
231
276
5
237
341
120
52
342
278
189
26
21
309
237
280
47
307
13
342
175
475
220
20
119
75
357
46
25
87
161
94
73
85
773
69
399
49
1003
220
141
17
29
60
180
474
46
95
33
485
153
25
128
88
140
109
112
76
137
180
95
791
255
152
482
40
33
12
76
103
155
57
243
589
132
33
31
349
134
551
40
60
162
212
249
71
257
486
75
168
176
387
228
240
126
898
1
97
169
156
125
13
709
130
124
739
83
156
536
315
57
72
74
70
55
277
235
127
69
20
263
50
168
52
75
21
738
90
195
372
214
308
244
522
138
304
328
86
1321
212
37
186
81
213
348
350
360
265
162
21
16
64
153
118
772
104
76
148
63
96
275
239
149
328
23
112
2
130
43
261
196
66
128
132
82
138
104
168
608
62
448
364
202
433
21
68
122
637
311
187
30
142
108
84
131
220
242
221
22
282
136
201
59
225
112
106
300
287
69
240
575
255
196
29
178
369
62
62
206
60
214
299
404
198
374
205
91
425
49
450
69
131
71
118
159
50
466
2
567
211
1369
207
53
290
164
362
3
176
163
8
118
310
16
48
54
162
502
278
300
516
17
69
422
228
144
246
693
81
98
239
201
377
437
278
36
178
153
308
117
22
450
64
38
132
305
478
107
180
195
206
52
183
128
128
45
139
87
50
226
275
120
163
48
79
174
226
95
256
81
401
766
22
432
156
104
405
218
162
193
652
124
38
190
228
289
97
9
345
487
183
584
120
58
110
341
65
40
159
125
4
16
48
63
70
233
265
675
266
135
241
271
33
308
390
255
301
112
26
289
48
46
85
48
174
46
119
299
146
271
52
125
418
133
87
585
381
76
236
123
623
311
130
21
114
695
99
641
93
42
109
19
43
297
800
82
133
865
220
81
11
677
439
18
8
22
88
13
103
22
146
476
165
93
683
62
1
96
146
110
193
8
201
20
251
250
7
2
48
477
100
358
188
143
64
198
200
36
53
218
48
991
131
79
37
8
214
86
306
299
117
153
456
216
291
45
98
112
199
96
185
82
218
72
143
91
119
550
497
136
16
118
51
109
50
21
148
135
143
140
154
666
141
126
88
131
27
487
100
103
26
211
70
147
9
482
115
67
146
301
538
213
18
1072
30
55
237
60
157
83
27
320
162
160
419
19
129
500
392
22
297
143
267
158
467
157
136
231
91
136
96
630
105
36
40
99
1243
199
127
403
108
147
221
128
146
19
91
198
186
85
104
37
57
1022
62
156
35
191
183
17
100
70
714
50
160
559
55
39
135
436
120
209
204
216
113
240
160
30
28
1
147
20
7
55
117
739
254
9
164
34
243
163
30
464
20
139
164
152
215
135
723
7
378
277
221
357
44
123
270
245
43
42
52
150
96
428
51
70
380
93
273
60
398
99
48
362
406
108
83
79
136
323
46
196
307
67
49
330
41
28
209
35
756
45
1513
178
6
318
258
25
109
159
605
42
143
110
198
445
116
136
356
83
504
25
173
258
198
448
293
261
282
83
95
591
188
522
412
20
40
214
83
51
213
109
140
56
38
361
103
93
667
18
141
54
147
370
540
380
329
412
307
146
1179
54
524
46
5
259
380
352
138
469
174
121
64
79
361
211
70
733
40
402
95
493
19
129
109
22
86
217
191
170
85
231
118
147
636
14
17
47
641
328
102
26
91
84
64
63
22
1
21
330
130
48
760
4
100
41
3
266
334
10
454
156
231
215
409
52
417
355
246
26
717
71
509
354
347
104
206
199
145
58
32
292
433
56
341
324
187
204
50
651
307
127
132
247
151
337
364
11
7
11
78
448
211
327
559
87
99
111
104
191
608
946
212
299
189
113
116
68
143
145
315
29
35
433
117
70
695
35
113
45
242
168
98
9
78
151
164
140
111
8
283
124
358
209
75
263
468
114
356
107
78
29
421
38
152
171
293
144
15
238
229
160
111
291
87
124
680
101
213
733
240
166
344
65
145
184
143
413
112
213
25
397
23
52
90
64
507
423
363
72
55
51
919
156
54
277
203
353
587
80
79
140
386
75
539
71
21
102
85
507
73
159
61
247
21
221
178
458
43
109
265
195
171
112
68
302
84
179
143
123
147
506
222
107
119
457
70
65
955
93
68
548
94
187
119
131
54
161
195
1086
91
19
247
55
22
428
348
165
234
106
1056
274
162
145
120
266
320
40
215
86
361
147
39
15
64
277
130
113
209
745
435
8
104
92
2
71
261
276
15
43
15
54
199
61
58
108
167
99
275
190
144
274
245
254
183
137
742
153
13
755
142
39
182
146
177
497
256
258
513
317
79
209
80
75
13
91
46
7
125
96
40
238
145
25
486
244
156
68
35
855
31
612
171
70
53
58
266
97
148
254
92
93
58
170
42
78
23
473
196
98
121
96
221
6
33
450
37
251
125
111
479
139
120
159
189
711
601
78
34
18
216
626
582
28
4
123
729
227
305
21
298
1039
315
4
88
86
363
31
96
152
25
33
275
57
445
68
124
255
86
82
93
248
39
53
115
609
125
157
341
517
26
181
52
268
144
36
454
135
260
22
193
42
98
481
5
569
123
662
148
86
36
210
108
258
48
215
221
82
639
161
120
67
127
593
21
90
422
83
325
143
151
369
70
411
336
1589
286
211
347
27
60
99
14
112
283
243
77
9
193
389
30
182
40
617
89
228
317
16
738
413
227
475
150
163
245
643
79
359
38
279
140
69
181
27
86
357
935
155
221
226
75
141
22
308
168
47
38
410
280
137
353
168
380
214
197
141
215
134
26
402
175
95
161
172
18
78
892
30
58
141
106
45
50
207
5
100
452
154
251
92
29
26
133
347
548
58
78
18
6
555
71
131
197
44
140
69
248
87
109
226
102
40
13
117
168
120
277
49
44
726
869
834
224
176
490
178
157
269
169
187
28
53
268
160
281
305
170
164
477
329
15
529
29
69
349
437
673
491
214
159
131
137
157
36
323
10
18
228
95
22
217
685
170
709
762
294
213
204
17
346
42
187
88
250
76
133
69
89
291
244
193
43
887
172
352
152
591
320
80
186
5
39
245
37
51
222
430
536
494
357
6
738
733
408
199
111
126
499
309
6
8
587
202
209
76
340
19
128
10
60
351
414
7
144
67
971
276
323
278
100
291
257
62
270
138
271
173
412
148
87
608
45
116
247
38
266
384
75
212
146
505
214
44
299
142
85
105
510
619
404
71
83
69
199
257
35
47
11
93
70
110
80
127
96
91
111
577
425
48
125
15
72
285
43
113
225
36
69
185
138
9
220
400
172
79
132
670
234
512
28
85
286
107
634
22
30
184
67
343
257
67
286
179
69
137
211
494
371
10
77
73
109
38
170
444
664
12
30
168
208
195
52
119
22
2
387
48
8
141
262
284
321
279
83
40
510
16
624
102
165
274
196
128
172
10
295
133
40
60
484
726
319
175
85
75
101
103
43
223
68
445
337
24
56
132
15
13
61
239
64
67
602
228
249
104
4
215
61
14
51
154
50
622
504
50
167
42
38
104
96
194
67
245
78
15
263
246
491
381
42
627
395
9
445
428
541
367
66
93
9
94
507
118
102
88
839
85
117
365
24
195
25
471
210
14
3
249
84
42
165
214
106
296
98
290
432
34
813
3
602
17
227
251
38
47
27
13
10
547
281
105
535
37
10
113
163
11
144
32
371
112
524
32
464
72
140
138
32
73
91
135
28
125
24
206
77
139
130
167
60
39
140
277
887
171
59
191
237
25
656
780
27
1103
681
1
304
9
63
913
215
124
12
45
573
274
24
209
432
100
127
167
445
28
31
428
382
26
92
34
605
97
89
156
77
51
116
387
209
164
501
159
87
6
171
171
10
98
256
259
728
99
43
297
320
423
14
74
147
119
153
8
891
309
167
1
223
191
386
710
353
448
42
429
354
23
341
284
140
13
12
18
408
202
59
208
324
137
115
154
281
34
661
480
26
2
110
259
156
44
26
79
514
690
16
325
90
829
62
95
81
65
465
603
489
17
34
796
158
37
61
113
12
245
28
267
133
44
14
75
12
17
297
160
157
93
260
73
221
546
129
277
191
67
211
1149
80
1340
234
192
189
481
126
310
174
7
126
130
522
78
438
224
494
225
27
365
74
95
10
272
38
66
53
509
328
853
430
725
281
422
563
119
216
452
286
125
7
154
21
10
696
2
154
255
85
16
650
44
165
204
212
302
262
169
491
214
152
103
265
263
427
1420
99
193
175
190
96
848
204
148
233
101
642
19
118
596
102
291
90
146
495
33
26
168
354
204
211
351
33
188
106
239
82
216
839
349
331
44
403
408
106
683
150
110
69
176
601
11
54
327
619
364
64
189
339
305
64
36
123
413
229
73
547
42
104
124
187
178
19
417
43
78
27
307
81
362
424
75
497
111
33
310
85
324
264
220
74
79
221
432
637
478
282
428
79
191
95
73
26
253
26
69
32
43
27
175
54
14
206
83
101
791
158
443
879
266
68
253
182
179
50
108
72
226
212
262
113
66
27
290
345
101
11
101
446
91
372
82
154
73
117
109
15
109
151
361
120
956
389
816
83
137
127
46
831
48
56
243
16
44
130
173
156
161
343
221
323
695
1010
64
110
85
233
313
186
29
395
13
88
63
41
502
265
35
117
93
170
96
34
85
40
470
3
125
705
112
59
443
4
57
387
229
17
184
35
424
89
51
157
410
105
177
755
323
345
203
163
330
318
198
90
7
35
254
7
32
278
245
278
333
450
159
158
88
304
468
105
86
126
78
245
222
142
249
196
41
78
233
127
310
46
440
129
158
699
273
113
128
4
158
146
368
188
125
34
168
44
45
32
230
294
159
129
1457
46
146
100
146
15
265
528
555
17
714
89
162
33
954
298
137
168
810
160
172
335
372
256
696
93
147
289
185
64
57
177
406
135
459
182
33
33
852
299
855
142
79
21
520
94
133
61
145
14
263
196
41
33
244
621
208
147
64
42
118
236
61
48
205
402
156
113
288
538
12
407
296
215
101
159
201
113
70
78
70
228
204
331
15
197
44
29
144
55
21
39
429
75
279
44
448
125
433
201
1241
8
190
70
327
72
58
35
656
558
73
77
26
35
52
31
141
66
61
81
37
436
435
214
56
393
248
239
501
34
1164
329
84
225
199
633
345
202
