59
16
35
106
94
63
113
38
99
135
85
131
33
104
121
176
118
54
139
90
257
60
43
97
18
117
87
206
16
123
13
202
208
15
108
541
24
102
18
10
254
61
101
600
40
45
359
295
343
452
15
193
48
176
75
278
87
89
765
123
254
247
327
209
20
165
28
92
543
232
373
6
83
450
6
459
118
48
9
38
58
60
17
42
70
182
93
326
56
59
39
136
29
94
350
114
3
84
70
137
373
44
22
77
41
52
70
42
45
78
353
65
103
118
30
62
86
73
208
84
246
132
71
54
9
60
4
520
444
96
20
25
294
1
34
40
77
39
17
19
255
68
63
180
113
118
130
293
291
354
83
188
41
31
47
82
148
55
184
140
36
31
150
82
100
6
13
99
254
49
103
27
52
313
148
24
29
126
28
2
47
226
38
14
24
38
52
246
54
145
202
204
92
44
81
187
408
112
102
166
158
8
626
131
4
386
127
192
32
239
47
135
408
324
282
348
284
6
106
1084
276
2
66
307
31
10
59
367
538
378
169
73
126
63
174
178
128
72
59
42
53
11
188
55
235
143
59
105
289
12
85
415
42
115
481
353
399
79
32
389
222
21
73
124
225
106
94
120
56
2
168
364
413
237
24
68
14
24
170
56
27
188
114
51
53
224
96
93
189
444
315
84
23
7
383
395
26
88
92
51
237
37
73
38
286
125
56
131
54
109
4
305
74
82
228
85
261
50
13
64
255
98
359
184
104
50
883
37
54
137
171
443
56
79
424
241
137
69
204
25
85
48
248
147
90
21
84
243
25
263
83
19
104
54
100
68
149
91
54
23
38
32
79
290
461
19
65
20
125
317
29
141
79
7
100
31
322
331
27
86
117
14
787
36
56
22
213
32
144
74
30
176
63
98
200
13
23
170
66
218
173
43
62
25
173
6
27
180
37
94
46
207
182
5
158
172
24
425
512
558
531
934
221
81
109
26
33
299
59
50
123
46
556
135
161
188
41
94
48
114
258
58
111
11
105
110
35
129
152
218
365
247
8
281
71
63
136
116
174
242
98
25
50
51
13
96
167
73
9
49
84
407
90
19
190
451
555
162
81
129
72
27
76
163
96
220
140
41
33
77
581
516
49
95
137
55
167
49
305
61
321
2
108
51
116
124
24
308
183
51
427
9
126
104
59
131
41
30
103
134
476
51
181
238
146
33
88
56
168
67
279
50
483
38
126
368
57
16
99
26
8
61
149
79
4
82
227
10
15
270
305
58
44
101
137
436
39
323
202
349
4
38
128
163
89
317
156
119
25
82
23
214
370
382
203
43
44
124
86
18
9
34
247
61
270
11
3
429
20
73
13
108
6
3
109
50
122
99
216
3
63
57
3
224
187
448
195
141
45
436
24
128
17
362
82
49
183
223
51
116
149
44
165
91
83
34
156
60
62
87
16
10
59
222
126
198
83
29
65
374
98
138
191
2
12
162
33
105
56
35
151
235
309
21
103
49
87
13
98
105
157
120
46
175
579
25
297
1
123
8
35
65
143
63
678
4
33
405
127
25
94
174
71
26
17
128
66
498
214
487
150
169
63
58
220
222
605
234
366
83
219
135
231
17
365
142
136
59
330
226
101
56
141
95
128
268
323
22
39
37
86
101
143
470
47
196
97
144
15
64
224
38
86
31
396
196
93
3
473
272
99
4
148
70
130
66
115
98
64
113
228
9
84
81
29
9
179
47
24
89
161
217
455
124
214
107
24
82
34
90
191
14
27
152
460
193
241
319
95
337
172
291
204
322
11
104
230
403
222
68
111
6
129
156
2
77
34
6
74
23
99
180
133
77
181
227
502
4
101
89
18
30
467
12
225
438
40
134
134
69
87
176
78
25
52
136
51
39
196
127
115
323
798
3
11
299
108
212
102
15
55
186
14
267
13
46
15
27
10
32
59
113
482
235
436
311
82
83
93
37
15
54
16
295
695
629
71
30
459
446
73
93
53
127
63
7
71
69
176
389
171
143
20
8
83
150
2
117
433
86
233
57
53
18
13
107
13
186
156
305
238
260
110
220
144
296
23
45
322
10
48
247
276
448
141
153
92
50
10
309
324
10
147
401
21
12
29
386
24
5
27
100
252
618
2
60
65
234
1
123
184
93
102
231
103
12
328
429
587
200
31
322
78
6
258
52
34
547
147
244
201
210
124
107
173
11
205
217
216
142
124
220
130
245
224
263
322
207
217
44
590
74
215
2
6
118
247
43
122
99
102
50
381
242
339
130
304
268
418
230
190
122
238
12
132
310
31
28
49
34
182
62
184
137
2
9
171
155
37
81
78
320
83
225
359
78
439
168
13
293
136
132
86
40
300
416
1
173
141
25
88
71
97
29
12
329
135
5
54
36
211
145
107
5
43
117
49
591
112
350
94
216
1036
46
95
82
165
321
339
1
75
140
289
70
83
641
116
282
175
132
46
134
192
52
221
261
37
80
139
22
139
180
58
150
237
52
211
19
136
29
61
108
8
43
112
121
337
47
2
197
201
92
167
352
11
244
202
104
225
161
323
201
36
5
140
76
145
175
135
378
29
18
5
99
176
34
341
132
54
281
144
197
189
77
12
8
4
84
75
231
46
23
84
323
80
188
280
129
387
4
377
24
11
66
40
99
158
152
33
47
129
6
10
653
307
166
32
345
385
444
10
127
6
246
4
12
77
5
122
56
219
75
292
113
84
364
77
152
21
136
106
82
4
245
133
568
24
225
254
37
221
276
26
313
172
46
103
102
358
45
121
54
49
128
46
127
49
289
159
280
112
116
5
377
874
292
35
302
40
201
163
256
32
70
121
129
28
41
206
42
97
1191
172
111
7
210
42
499
124
49
492
2
227
72
249
1
62
101
65
10
514
86
117
222
399
30
439
81
591
342
44
106
292
191
1017
206
391
197
8
41
13
25
139
24
182
205
128
87
283
20
96
441
50
342
1
151
64
582
39
375
372
262
47
216
140
40
168
475
171
28
60
118
23
80
31
209
44
191
306
10
17
21
11
487
370
76
199
179
147
183
26
143
133
136
115
1076
428
318
99
36
203
211
99
10
78
7
261
72
229
12
69
33
366
24
219
70
400
176
83
75
40
90
147
79
144
179
140
17
77
14
106
135
19
71
163
212
341
231
89
124
11
118
25
85
863
20
191
253
196
20
87
14
245
42
189
322
30
245
475
97
18
392
80
135
502
132
142
21
207
338
32
92
487
42
42
85
389
109
77
113
71
83
207
43
96
391
28
5
370
14
125
140
186
219
124
43
85
102
305
403
490
17
409
445
272
51
3
265
55
51
164
139
166
78
296
33
19
70
145
132
223
342
1
43
5
39
12
105
35
28
5
80
312
12
82
237
10
385
126
58
55
105
116
95
116
51
282
406
601
152
91
502
9
206
230
60
2
3
75
95
59
93
147
76
29
78
650
239
127
66
159
198
12
6
468
345
39
42
45
9
26
140
185
301
272
1
343
141
46
9
149
115
334
40
193
224
289
40
161
6
55
7
12
390
546
75
45
36
10
10
126
43
242
408
121
18
53
502
53
43
182
102
17
45
53
143
72
94
45
251
214
245
8
158
143
163
54
104
297
48
645
493
96
364
256
321
17
129
124
241
8
132
232
277
503
293
323
312
54
391
47
62
157
9
129
134
151
26
314
200
231
74
5
10
28
737
552
84
328
281
276
178
66
586
185
89
90
58
53
68
111
90
79
101
223
24
21
201
650
27
115
1
22
37
145
470
26
474
85
16
41
41
115
96
136
251
28
417
618
38
190
75
893
168
11
393
141
49
35
26
23
51
163
482
324
36
242
214
134
35
263
142
268
54
2
57
14
31
82
154
62
35
15
27
130
94
15
45
177
168
103
15
137
5
75
314
11
193
79
366
49
188
94
55
54
38
624
60
105
58
312
100
78
521
426
269
317
20
1021
13
10
109
268
523
2
387
84
424
205
152
44
192
58
241
495
619
145
73
39
21
25
86
584
84
17
207
73
290
368
96
60
67
170
114
421
161
56
73
24
145
400
97
8
77
20
63
200
16
122
16
81
120
213
4
25
377
108
217
179
161
269
174
47
252
306
77
102
130
29
15
46
208
35
194
452
53
133
91
77
224
144
350
26
11
85
117
109
26
10
185
17
53
192
4
306
26
56
407
227
162
120
190
66
48
130
113
40
42
106
46
207
175
117
9
422
167
234
24
21
22
14
1
57
48
386
47
156
370
413
16
346
89
273
89
310
2
192
561
111
434
15
113
54
125
70
179
40
23
78
326
318
191
268
652
267
3
166
132
311
45
118
73
63
467
169
181
89
439
20
2
58
235
58
181
191
29
184
264
105
3
199
52
58
277
130
33
335
72
48
74
153
130
234
52
320
251
112
124
129
167
16
63
62
23
367
15
149
114
426
22
241
201
304
74
109
105
84
154
1116
53
4
236
48
198
46
41
12
270
7
5
505
274
131
154
144
93
49
120
70
15
87
167
181
100
42
5
525
1
99
32
184
23
579
198
57
41
45
70
154
56
138
23
52
70
12
39
27
14
301
436
153
37
40
290
316
145
17
63
525
51
37
8
187
15
40
77
28
22
147
206
68
76
123
49
89
3
5
103
31
33
44
48
265
23
1
129
198
326
3
8
136
255
8
317
52
49
68
42
289
119
251
180
348
380
39
244
203
12
20
506
69
210
66
108
331
245
7
210
11
89
56
73
108
55
65
13
15
112
158
180
104
86
396
90
368
7
65
230
8
3
5
197
1
485
51
30
65
137
101
11
15
73
97
288
245
60
244
386
204
760
123
20
112
246
68
29
354
334
31
58
85
29
80
28
24
330
226
25
68
112
284
199
17
28
14
242
33
94
17
34
27
108
82
87
30
246
172
207
158
115
152
326
3
477
602
6
207
120
283
120
41
206
35
152
74
18
340
100
5
42
25
209
13
105
152
58
475
53
188
153
139
201
422
60
59
9
476
213
142
218
273
64
307
118
7
15
415
92
25
12
30
87
18
143
22
67
289
85
111
147
101
12
279
255
40
73
371
335
189
57
310
227
65
59
113
104
51
134
81
19
81
183
226
11
60
10
67
231
481
24
169
29
8
96
10
19
56
221
394
8
145
7
35
126
25
501
17
82
137
18
260
49
122
639
52
11
123
130
152
19
65
41
30
189
95
105
65
242
415
39
40
86
27
67
197
15
143
62
95
550
34
227
110
561
46
42
15
55
65
452
18
246
2
125
48
45
27
364
55
100
620
146
353
149
25
189
474
72
321
202
57
247
231
137
239
274
172
140
12
28
48
97
86
58
17
60
191
75
38
475
98
16
122
978
165
36
18
136
176
49
60
97
284
79
671
10
133
545
140
122
57
181
175
213
8
33
105
213
391
33
293
22
76
87
35
35
33
172
25
8
4
31
187
300
52
130
40
46
84
275
1
237
355
159
43
10
18
39
73
62
263
350
169
211
36
296
51
419
23
222
28
123
17
123
160
475
81
19
321
206
9
51
60
66
160
72
3
132
194
21
298
112
49
69
313
26
109
26
74
356
87
154
69
32
505
290
2
57
78
322
173
245
176
135
67
136
789
10
7
122
144
253
49
228
70
156
213
95
208
195
145
176
51
60
157
29
214
743
116
300
304
386
38
95
241
18
130
73
175
232
594
20
268
164
72
147
36
250
732
55
427
179
1
74
122
271
148
80
20
40
18
172
23
60
251
87
115
248
107
9
304
26
688
219
54
260
139
1455
172
128
123
238
214
111
778
101
345
197
317
288
54
72
146
23
289
354
13
23
64
36
367
378
26
218
310
4
627
46
4
37
96
165
456
40
73
530
62
371
67
390
47
179
113
108
556
307
210
111
42
40
477
3
113
170
24
191
156
169
200
72
74
142
328
1
356
72
69
226
28
51
63
222
87
279
105
11
292
124
317
233
135
2
98
161
107
138
22
155
4
401
74
131
136
47
469
348
116
73
59
85
78
56
117
43
16
196
757
469
536
428
173
3
2
205
175
74
86
617
254
118
130
246
150
157
99
70
13
110
72
13
377
3
208
78
67
32
784
72
6
48
49
22
415
225
95
57
664
424
73
20
120
383
445
101
117
87
91
211
67
446
111
170
47
30
236
42
161
166
6
219
63
83
134
122
201
155
190
105
220
131
53
81
47
320
230
7
81
83
19
58
466
45
204
212
64
117
8
419
151
354
238
173
101
172
105
263
102
203
122
174
50
123
505
598
73
362
1
104
126
8
110
126
118
60
93
280
370
109
150
118
427
179
106
43
4
46
332
103
133
282
350
63
41
44
68
38
252
15
35
3
106
114
211
108
34
474
37
77
17
172
133
220
92
18
96
103
161
78
38
70
392
23
46
172
38
269
554
198
65
14
122
72
146
194
118
124
3
137
77
33
226
144
266
122
89
77
21
166
118
5
230
177
127
64
87
134
89
122
79
97
458
366
89
198
301
253
99
114
192
600
106
453
93
104
555
53
136
809
274
191
10
345
27
27
11
175
39
63
30
266
40
166
527
613
76
473
9
65
143
99
59
47
689
242
342
46
393
230
65
392
149
98
403
88
124
31
39
3
40
227
92
285
159
401
125
29
97
317
38
52
89
19
135
464
14
99
1
58
15
110
269
134
1
133
280
168
237
427
118
79
448
281
291
152
169
155
287
359
18
119
459
215
251
35
85
125
64
82
660
219
90
171
167
4
17
324
136
9
37
154
78
531
31
41
23
9
75
79
116
99
417
214
447
141
134
192
233
426
216
319
2
217
305
36
2
89
285
5
258
77
180
475
29
42
64
62
113
25
147
110
109
774
228
71
585
414
166
208
17
89
172
131
40
348
116
96
9
35
178
146
86
62
24
394
20
103
265
20
145
37
10
169
48
17
182
359
50
109
6
45
161
105
113
139
52
256
38
99
16
43
121
140
169
23
51
210
426
22
117
159
362
129
3
186
199
346
167
669
34
168
18
25
78
213
147
473
25
107
11
211
126
44
417
689
31
60
12
160
85
71
265
77
74
68
558
488
424
11
396
98
168
123
21
168
92
98
71
40
673
284
172
18
229
48
61
152
107
259
388
53
174
40
517
478
96
125
66
49
253
325
62
257
445
55
241
918
197
112
219
93
205
131
214
85
156
171
79
371
113
79
93
79
181
60
269
43
190
103
76
120
429
72
247
18
380
85
25
152
67
51
126
119
124
36
67
124
54
90
167
47
216
304
77
96
306
131
10
543
25
319
404
16
375
8
290
182
215
599
125
278
333
131
454
4
114
34
92
133
113
74
63
164
77
37
166
8
402
5
57
19
144
226
1
63
148
235
54
1
241
3
621
168
149
50
230
101
205
12
25
89
28
26
70
84
71
79
502
242
12
58
89
63
209
293
156
235
7
625
233
125
8
102
46
215
163
126
11
254
43
349
163
196
126
46
62
188
313
30
282
164
61
385
138
276
71
47
160
41
1198
15
15
8
90
116
22
32
169
50
136
100
32
249
16
39
203
61
342
89
24
18
8
46
751
115
51
504
59
438
16
798
230
83
82
7
69
45
133
74
97
170
146
233
149
240
120
350
176
400
120
88
162
15
384
193
46
111
33
20
173
92
25
92
31
127
22
194
7
117
48
201
121
52
61
21
88
2
83
320
220
24
100
72
158
173
218
1
73
1067
76
93
190
173
27
98
18
41
176
186
172
102
14
145
59
170
29
6
599
23
107
48
39
164
219
6
99
104
11
86
389
383
130
38
414
71
77
70
132
459
47
158
15
26
3
390
61
696
22
22
2
42
232
141
11
206
134
277
3
73
227
18
239
90
96
109
72
465
209
181
41
344
133
248
305
126
158
102
72
328
177
37
62
45
68
61
905
30
82
53
356
90
395
42
289
112
34
49
440
13
20
145
172
21
52
519
118
1
200
553
63
227
198
139
95
790
265
47
27
27
291
72
363
285
309
68
52
112
289
41
190
34
302
72
5
225
189
91
16
34
77
113
29
20
154
59
109
83
170
182
42
88
71
135
40
196
57
204
181
296
225
261
334
36
75
28
25
32
145
115
61
106
99
160
617
82
47
192
10
100
81
83
293
43
137
169
64
62
27
299
122
165
162
187
149
269
142
425
316
75
199
7
499
314
142
36
810
3
159
162
4
9
212
246
247
123
42
170
45
296
200
22
86
48
296
157
181
193
320
170
456
318
621
6
267
445
10
212
77
182
27
35
259
9
35
88
148
22
145
81
428
295
138
79
249
31
22
169
382
45
8
173
1004
64
31
87
97
164
67
112
155
249
309
181
22
155
88
6
61
185
154
391
116
23
149
117
299
255
422
45
83
22
19
275
233
67
16
36
107
60
31
530
13
52
171
9
67
81
58
6
89
23
152
11
282
144
1
273
140
230
299
64
4
78
94
329
89
226
1
145
372
434
131
727
603
248
93
84
14
184
346
227
221
402
30
106
107
112
1
114
64
28
61
68
380
73
247
19
127
182
49
1
63
28
422
174
57
82
51
90
106
17
4
27
180
230
809
12
235
10
245
143
2
43
84
492
52
60
29
68
60
397
125
188
96
546
95
607
6
631
139
228
322
491
120
175
74
88
358
68
354
425
180
361
91
55
397
522
32
520
176
60
49
320
216
157
60
235
86
62
89
54
227
11
31
227
55
137
30
393
57
58
439
230
252
364
311
62
369
80
100
132
41
300
125
62
227
61
31
34
16
71
266
89
162
2
31
21
763
27
428
143
152
162
56
80
46
459
139
189
798
15
334
317
172
148
77
8
5
168
430
402
41
55
220
9
162
248
24
322
421
44
10
137
248
201
144
66
14
95
50
15
170
260
54
55
46
43
354
4
303
230
99
86
253
17
77
89
68
283
15
173
68
4
71
173
325
197
24
242
218
27
6
6
85
50
383
158
38
46
656
154
82
14
114
174
108
164
110
202
738
72
122
22
265
26
24
8
82
19
449
198
621
281
391
328
265
245
1
194
45
3
93
85
2
11
43
261
89
228
30
112
95
194
369
258
31
280
304
108
108
453
348
113
128
22
5
38
17
252
54
6
143
246
40
283
299
294
175
50
259
1
310
329
18
19
23
132
82
90
81
48
116
9
515
49
181
230
160
78
198
106
140
208
441
191
87
104
14
143
175
53
136
10
530
240
95
17
161
86
86
33
71
84
88
131
332
77
903
272
201
209
9
79
93
3
427
111
143
30
3
201
16
141
251
137
5
61
476
180
16
63
36
10
2
129
66
26
4
202
349
351
52
257
125
184
91
50
180
160
59
163
111
124
453
210
51
101
20
87
73
529
300
54
206
952
460
98
295
129
21
142
61
192
213
144
33
135
163
192
255
425
289
156
556
861
41
388
17
125
744
96
8
36
310
440
37
15
51
50
11
452
67
26
37
179
121
382
57
27
106
13
231
217
8
47
41
87
323
246
18
236
110
228
311
52
110
175
472
26
27
27
640
4
243
341
243
764
78
84
37
116
21
129
123
121
57
295
189
151
48
42
323
157
318
300
153
3
97
237
405
31
66
243
12
129
547
10
54
81
33
193
10
144
20
192
567
111
73
411
622
35
45
1089
35
553
25
201
322
333
65
480
125
255
164
17
23
31
272
25
104
78
4
39
122
15
29
107
179
55
74
192
83
369
94
35
66
373
108
77
136
44
148
242
78
309
263
165
137
588
258
15
88
388
40
34
20
18
135
53
32
110
642
323
566
19
14
55
23
105
8
8
267
109
180
517
83
74
82
17
170
1
434
14
22
123
95
30
147
203
30
232
147
2
119
76
7
486
282
182
57
163
84
56
24
220
138
40
18
100
375
91
39
59
374
47
33
193
144
159
212
27
17
127
40
32
333
159
8
396
71
294
22
181
99
109
23
71
170
65
11
332
61
126
127
162
129
88
120
53
73
84
300
114
58
79
41
129
325
39
25
67
313
50
25
125
219
151
245
222
9
37
91
105
3
233
46
253
82
51
635
161
579
181
89
15
154
327
15
59
399
15
365
46
769
472
112
13
86
7
2
434
7
38
7
1
202
16
34
274
505
456
37
315
8
167
46
682
4
330
172
6
858
4
277
244
132
349
4
9
138
102
44
20
24
63
585
200
59
38
102
37
125
60
256
203
57
19
206
221
140
15
59
129
221
348
110
78
6
305
320
30
127
120
488
235
457
110
70
19
35
52
18
513
726
141
165
382
172
4
253
214
274
270
304
144
182
649
44
25
330
197
9
234
64
387
12
2
197
140
60
39
75
11
39
129
348
605
348
44
229
23
184
21
223
9
619
391
44
239
53
63
218
79
46
197
28
173
148
87
103
46
5
41
32
609
93
105
60
33
22
103
114
290
303
425
28
56
270
94
90
138
255
71
221
325
405
36
313
47
24
28
109
88
126
189
133
73
97
160
116
276
18
120
34
258
17
431
188
351
86
44
44
50
5
42
317
3
37
122
122
489
274
95
258
64
253
190
290
4
76
61
88
87
226
127
83
293
307
70
112
192
169
138
126
82
69
163
176
291
31
70
45
169
370
22
17
198
171
176
768
11
159
33
49
2
66
297
20
214
36
354
42
11
203
236
109
260
53
99
30
25
34
290
261
408
344
89
418
64
12
40
264
589
164
123
34
165
41
131
26
356
216
383
219
10
130
56
10
164
431
87
136
176
427
22
117
24
25
66
151
30
234
691
91
55
78
67
178
59
582
44
451
213
177
19
32
130
25
186
40
175
42
134
12
5
75
55
223
350
60
47
72
279
266
67
270
94
95
425
538
90
149
143
90
27
8
12
315
287
1
147
255
140
601
277
120
246
20
53
31
83
134
123
42
149
86
1
146
707
103
14
53
42
225
22
129
114
61
157
5
302
492
14
339
253
185
113
16
71
117
155
245
67
171
226
367
79
394
90
267
166
33
49
573
316
412
198
92
26
83
30
68
48
63
17
176
128
64
215
67
329
46
21
192
3
14
1
198
21
304
137
324
145
17
177
601
160
52
350
132
391
65
212
238
105
125
45
395
160
274
94
55
229
5
161
319
51
458
354
66
170
304
38
34
59
154
80
574
458
168
70
137
588
38
66
14
33
11
34
321
102
50
49
1
1
116
8
13
705
133
129
194
284
25
407
84
26
128
240
52
110
488
125
11
178
83
70
64
172
54
31
62
41
562
102
155
138
225
110
12
165
158
5
154
4
216
142
93
53
120
29
251
55
187
210
60
219
128
348
60
51
140
47
307
2
81
37
16
71
9
96
7
94
38
394
47
73
365
62
170
347
334
20
227
442
102
126
221
378
534
227
24
100
128
358
260
18
104
88
305
22
118
689
81
414
139
238
147
452
804
20
1
116
269
283
12
622
33
61
180
104
24
4
201
124
128
261
46
128
19
51
194
631
155
47
110
32
54
326
145
62
285
77
385
270
42
478
3
26
130
155
101
88
244
273
169
79
719
150
3
7
405
116
21
183
719
209
397
71
129
278
18
97
88
142
588
170
194
1
69
9
130
27
62
182
14
1
140
397
52
252
23
69
34
27
9
86
583
254
53
392
380
130
24
8
315
294
44
122
129
50
223
190
25
28
363
74
11
538
368
220
180
274
46
10
169
445
143
9
244
144
191
410
21
106
84
92
61
59
252
156
103
137
57
104
69
123
7
178
200
59
123
133
297
69
52
123
468
418
16
5
29
8
64
99
160
56
31
112
289
41
433
201
58
70
427
157
65
253
303
101
81
63
170
4
141
169
77
318
54
11
113
395
20
52
25
212
10
137
167
245
193
91
520
127
175
86
29
254
135
606
10
135
89
174
58
91
349
309
230
162
96
124
73
4
7
282
45
128
145
510
59
103
407
437
518
68
297
396
84
119
64
265
81
38
112
21
60
82
62
582
341
16
2
47
203
252
334
152
58
198
47
348
186
26
78
26
18
318
65
498
315
23
105
460
31
145
371
358
23
127
115
81
43
148
149
27
70
7
184
205
278
253
8
60
513
159
156
43
464
269
152
103
81
240
389
38
32
167
92
84
577
113
49
80
15
131
18
270
86
83
45
129
178
80
39
33
114
80
276
28
66
148
253
173
259
112
92
306
185
301
96
82
226
400
161
75
39
15
42
406
395
367
156
33
84
122
83
102
72
83
15
279
84
23
109
165
361
40
106
47
129
126
8
48
131
519
218
36
57
169
23
66
246
119
394
33
30
191
127
115
110
259
969
51
51
298
56
220
80
213
29
30
97
509
55
20
83
114
659
227
133
648
126
49
261
5
33
67
53
598
276
31
209
51
12
285
71
161
23
170
227
111
104
682
59
723
200
5
21
78
36
69
95
214
619
221
144
17
230
151
179
2
238
227
179
147
43
80
85
143
146
15
122
59
31
382
194
64
192
14
2
81
26
29
33
112
17
21
168
19
220
53
591
27
158
50
62
33
25
292
59
99
322
122
40
46
48
192
441
168
10
18
27
9
4
244
21
23
337
64
109
42
42
199
2
267
222
158
374
332
270
138
387
12
4
502
6
112
74
141
138
137
179
37
216
59
25
52
6
202
198
14
242
596
124
314
80
122
296
67
104
90
292
1061
163
268
1
60
15
186
129
91
536
433
80
142
118
101
576
465
180
225
287
410
22
215
172
5
374
333
7
22
270
138
183
371
209
14
214
41
193
95
34
159
11
363
240
156
450
226
227
30
788
41
298
113
103
30
99
180
226
51
625
34
28
232
30
216
237
325
66
6
65
38
22
452
256
43
399
189
65
55
120
39
203
435
121
174
24
105
159
86
91
100
231
116
292
225
284
24
90
43
341
95
35
10
68
589
55
373
130
67
160
93
5
21
155
11
131
356
223
84
257
13
28
103
141
66
5
60
104
245
88
80
201
182
195
20
24
169
493
123
13
299
76
139
573
455
53
97
70
32
880
135
39
222
485
48
305
98
177
140
222
116
249
268
35
327
98
100
82
47
28
6
74
83
142
18
438
17
33
538
153
30
4
168
25
249
147
289
10
119
85
183
253
168
129
457
498
148
14
183
151
14
345
317
548
37
52
16
5
287
121
92
254
333
5
85
960
32
123
193
181
361
85
78
175
49
159
144
206
2
190
71
116
270
74
96
83
374
335
369
78
15
8
1
413
145
118
11
31
40
248
59
20
197
268
29
125
281
34
158
386
384
72
37
98
119
323
164
59
228
33
298
228
82
20
51
498
125
785
93
35
344
13
160
60
1
77
302
291
51
168
257
183
201
87
110
291
216
375
15
72
86
16
207
33
275
143
5
39
24
239
438
532
201
437
18
34
190
268
89
104
30
103
48
8
204
11
123
246
386
57
381
108
483
154
145
129
294
393
201
167
194
201
103
139
15
45
5
21
276
13
132
10
266
221
22
339
406
160
420
334
27
82
75
196
17
91
196
58
16
438
85
162
16
43
84
187
664
53
14
75
213
69
105
180
379
8
13
1
73
4
102
295
191
6
114
43
13
247
112
199
436
6
276
424
163
41
79
145
60
101
39
31
211
174
340
104
44
322
122
149
45
261
70
293
11
69
82
11
104
18
619
54
9
64
101
182
173
52
146
350
136
12
126
767
22
99
74
131
136
212
67
153
362
98
73
112
352
97
31
30
90
64
49
212
219
88
918
108
43
92
46
176
115
214
100
5
244
110
253
194
214
185
116
489
171
191
244
66
24
146
174
87
135
224
237
217
83
150
28
26
14
120
94
28
520
147
63
393
170
205
446
91
98
84
90
3
5
8
576
140
45
79
68
96
37
16
308
118
220
244
78
154
111
80
916
142
3
440
326
256
177
269
600
553
11
51
25
53
562
38
353
78
27
16
212
39
375
49
30
1
51
78
211
81
222
461
385
119
269
346
319
34
136
16
168
23
119
147
500
76
258
292
436
274
278
14
759
156
11
37
3
63
655
38
293
480
28
116
20
62
43
23
149
59
45
212
243
96
58
34
34
14
42
87
247
40
291
300
66
112
372
166
378
19
19
178
550
119
159
443
79
5
11
590
199
291
159
23
208
61
55
203
11
101
375
232
220
59
24
402
196
86
12
511
21
121
10
271
35
144
194
45
88
95
13
403
287
50
166
33
112
19
353
73
172
145
609
34
62
30
31
79
202
345
274
210
305
41
81
64
998
294
60
698
473
136
152
74
561
227
66
159
11
515
361
93
124
158
4
40
249
98
26
176
208
466
21
160
201
219
77
267
9
354
118
69
116
156
5
256
148
176
425
346
51
380
39
60
20
12
5
647
505
11
180
19
177
29
40
170
151
29
198
25
53
111
61
75
127
123
119
66
118
386
76
256
181
41
111
114
12
61
95
88
126
499
33
78
314
186
88
212
309
37
209
448
144
190
268
122
39
57
806
91
14
98
41
34
76
28
758
190
112
62
25
198
60
44
370
683
88
4
133
58
85
68
27
230
506
808
51
68
220
104
151
25
178
57
294
433
55
287
114
413
1
78
286
194
264
114
62
98
40
35
566
139
159
143
173
568
32
119
65
111
90
18
378
40
245
114
116
120
120
17
201
583
57
22
424
88
26
242
143
543
372
58
346
49
53
214
20
79
2
578
428
215
53
39
59
403
82
47
321
227
113
14
107
80
165
51
14
162
19
255
60
68
163
86
48
294
263
213
417
26
2
134
124
33
142
432
85
601
353
50
206
170
272
80
36
32
298
64
378
337
326
132
37
13
132
84
201
363
3
61
114
256
149
11
5
162
50
32
146
175
117
89
141
80
9
12
97
113
221
547
62
40
4
15
50
41
17
18
209
2
448
207
11
37
487
21
368
149
1046
137
202
15
963
42
57
257
191
56
8
174
345
392
11
26
670
39
235
64
33
58
29
72
30
173
106
454
275
94
182
3
473
108
74
225
308
3
11
237
100
69
127
69
105
10
133
32
195
3
314
7
343
380
9
117
29
290
37
635
13
34
147
156
48
584
189
75
390
480
343
41
152
281
12
57
880
30
426
63
113
39
15
128
16
133
9
316
240
149
48
190
56
16
37
165
130
7
282
261
99
97
266
133
483
48
205
82
235
155
198
780
6
11
56
315
33
258
14
201
267
48
106
106
342
283
75
435
114
8
130
59
22
578
11
125
126
210
331
262
112
216
88
447
111
148
134
220
394
14
185
80
90
85
45
185
17
203
96
256
362
255
76
17
69
26
138
187
280
188
34
4
103
169
103
3
78
36
3
53
43
245
159
222
115
307
154
16
238
292
516
169
91
499
26
120
77
60
149
42
24
51
36
219
143
71
148
107
18
121
185
283
30
52
225
623
142
355
18
127
247
45
21
61
13
210
241
32
116
22
209
115
330
356
8
205
263
14
423
17
299
125
58
105
387
39
37
218
158
317
130
176
35
15
14
362
32
144
218
120
123
53
17
234
61
26
42
114
121
393
162
15
126
183
81
36
102
27
349
58
239
188
254
41
102
11
98
318
568
219
449
5
142
114
21
22
41
20
13
18
471
69
419
21
100
39
335
125
256
139
99
128
694
442
504
433
8
213
167
73
167
121
54
312
240
214
187
16
78
128
151
209
128
199
69
130
113
5
5
148
85
26
22
55
72
109
123
333
65
568
1
859
150
93
307
288
69
154
1080
65
100
47
218
23
360
15
129
162
232
62
167
34
7
344
98
81
73
614
111
43
84
489
44
54
27
162
55
77
36
140
278
138
112
93
13
138
191
75
962
498
200
427
244
259
109
87
61
53
331
492
9
33
109
110
128
68
109
147
35
137
305
12
105
5
275
144
44
25
643
67
122
135
154
187
19
24
189
112
991
23
93
16
115
85
415
177
112
88
209
15
7
257
234
8
115
43
86
1
341
23
59
155
8
79
76
132
243
190
228
109
136
147
540
39
24
56
192
6
49
90
18
29
21
51
70
183
13
425
242
76
189
132
288
82
132
11
254
653
71
57
73
266
568
246
65
598
26
23
4
425
43
29
47
66
40
187
309
170
119
239
138
333
32
191
136
241
262
557
19
248
540
84
22
18
70
116
303
250
175
22
54
695
90
2
124
142
33
4
154
162
223
462
131
88
58
95
48
404
17
40
66
222
12
98
173
99
404
1
157
84
42
45
536
17
44
36
21
84
146
73
84
148
52
59
111
5
38
93
170
119
153
330
166
650
9
96
313
298
73
87
59
56
209
523
26
242
489
19
17
12
115
12
138
253
348
24
63
290
98
29
151
58
90
88
217
30
360
64
26
133
67
26
148
217
44
21
147
72
182
68
57
69
71
132
103
216
26
277
513
272
10
891
86
166
23
17
124
62
53
20
329
212
17
155
85
174
58
132
71
215
115
170
82
819
47
105
222
118
336
176
3
89
250
102
230
6
440
194
87
167
169
5
40
397
170
233
6
98
23
34
29
205
24
92
321
42
18
76
16
93
77
44
347
149
438
43
69
21
228
118
190
108
53
89
19
54
792
387
309
57
107
862
289
167
370
85
50
27
29
79
53
71
5
158
338
279
46
83
259
901
500
417
100
39
58
308
13
48
37
18
213
31
757
353
223
118
35
173
192
159
21
121
6
24
41
90
22
154
228
289
27
131
33
162
28
2
134
69
354
60
93
9
45
53
69
77
265
153
32
25
140
401
68
3
622
134
71
327
346
94
127
62
226
178
27
32
27
43
80
381
30
91
499
62
62
61
143
64
425
50
365
414
97
72
94
95
33
124
15
241
14
78
71
26
153
514
38
114
54
103
30
404
9
27
169
5
11
35
49
150
402
5
490
20
359
7
100
85
228
46
305
813
113
18
65
124
47
4
303
542
92
139
197
24
113
358
269
635
93
6
217
307
71
8
352
125
117
160
245
37
160
32
14
163
8
89
69
22
149
340
526
11
110
106
392
6
99
193
231
124
362
127
25
21
271
102
76
59
105
339
25
458
17
123
95
209
49
136
83
144
12
38
269
69
64
53
440
10
377
31
43
31
24
118
173
349
193
83
98
238
261
201
102
19
42
160
132
1
71
36
106
509
52
49
18
36
349
110
162
99
13
50
235
478
155
167
277
253
293
17
12
129
226
32
381
19
119
38
127
422
214
53
75
25
320
46
145
179
76
738
129
57
503
43
228
290
245
39
87
142
237
25
750
2
125
108
40
50
43
11
46
27
277
1402
491
333
178
54
167
65
113
133
181
84
516
167
174
101
8
44
32
131
66
7
572
352
123
20
59
16
468
497
57
235
37
151
9
32
21
28
59
107
5
593
138
276
282
189
190
123
342
33
427
2
18
98
224
64
378
903
449
128
3
117
202
391
34
683
52
85
103
178
1
142
464
212
113
91
145
96
40
79
50
130
119
181
125
361
29
36
76
82
101
121
3
112
75
197
134
187
13
2
11
107
137
370
30
52
258
191
28
181
79
52
42
56
52
66
206
157
96
264
126
54
50
56
522
87
1
50
68
150
180
88
187
31
131
177
255
3
71
318
84
84
17
249
82
81
33
286
51
81
459
168
5
7
19
62
42
15
30
83
338
114
45
48
402
231
6
208
277
20
126
136
69
323
26
7
218
65
206
163
168
134
35
242
432
328
95
33
130
15
143
535
358
373
205
82
74
166
36
220
312
61
26
57
346
476
27
198
66
211
207
244
14
16
102
64
36
37
21
220
15
335
144
59
45
53
297
456
163
26
78
38
112
255
379
320
251
117
26
47
4
377
381
266
122
76
158
156
145
14
569
33
227
81
727
382
18
90
22
237
261
243
206
12
218
445
285
557
19
60
2
24
211
74
162
470
72
94
30
96
117
53
351
158
90
283
102
347
16
130
67
7
429
70
24
233
212
16
69
89
97
152
8
6
29
199
25
16
280
6
36
177
267
80
28
34
150
15
33
143
311
4
82
28
389
10
114
71
254
474
14
18
97
362
17
4
258
251
216
75
129
56
197
276
143
32
392
114
418
181
243
88
34
91
24
14
106
234
110
163
50
139
283
22
137
15
130
287
334
15
230
36
137
205
72
292
651
200
189
2
7
31
15
164
115
24
130
365
287
5
4
316
277
434
18
71
12
165
78
583
8
24
249
254
48
2
63
979
292
77
254
72
171
132
35
159
28
186
2
41
267
56
78
484
658
152
205
87
67
213
67
42
108
366
21
113
195
74
336
46
162
152
94
22
163
59
146
123
417
140
1109
443
25
8
56
159
340
51
270
67
146
161
32
44
325
76
269
318
245
14
76
83
2
406
269
207
396
100
254
76
158
25
222
94
241
7
161
775
122
103
498
90
3
188
152
306
16
109
133
873
32
82
78
332
30
97
478
212
205
381
240
4
65
9
34
170
444
25
72
94
150
268
99
28
238
118
30
2
21
94
2
242
30
335
31
59
90
50
23
101
63
131
140
10
221
27
347
122
34
17
36
61
131
67
63
37
271
761
387
89
224
277
198
235
175
118
189
37
199
51
200
195
114
634
101
356
2
160
15
104
36
85
45
112
216
352
1
362
28
300
283
398
259
84
4
306
5
347
134
344
50
115
99
98
318
30
216
149
122
68
5
27
83
72
47
38
274
53
105
234
200
255
176
62
319
45
18
1
50
99
307
27
67
123
20
39
4
432
35
201
80
378
75
238
77
137
150
355
163
59
475
110
36
31
40
62
65
82
9
563
14
229
5
121
153
118
2
60
71
317
70
115
54
481
323
340
15
116
162
122
37
313
72
138
132
151
328
129
107
37
322
71
156
56
172
473
25
140
18
64
134
46
72
198
416
31
11
421
86
66
236
161
295
70
107
211
44
361
23
244
32
87
3
26
13
35
325
37
29
125
492
21
207
1
67
9
72
147
81
175
96
126
366
45
22
242
414
77
306
71
168
81
243
115
37
65
90
121
676
83
15
62
207
120
94
447
17
222
155
237
119
232
308
73
20
50
325
312
84
42
312
13
129
6
173
162
9
103
32
133
64
50
21
348
20
99
240
323
37
287
78
84
467
174
30
24
398
48
150
28
83
301
161
207
48
114
173
24
93
100
39
36
9
233
181
215
251
205
322
409
40
103
221
473
4
145
188
137
66
146
97
536
66
46
178
174
89
155
21
792
47
154
24
27
85
41
57
123
260
267
10
2
116
131
76
39
181
145
114
474
364
115
49
407
311
69
390
95
240
403
93
79
307
28
33
89
477
464
3
154
64
94
373
312
24
404
42
183
98
69
281
83
19
7
243
132
159
43
92
154
233
42
151
106
217
85
313
54
29
196
94
91
29
228
63
230
197
320
39
77
263
85
104
633
253
121
9
133
79
123
34
211
213
237
132
83
122
134
125
70
133
109
52
37
172
238
203
155
80
4
82
47
67
2
45
85
127
23
52
337
128
161
508
85
617
34
393
79
22
326
158
270
149
78
22
180
176
219
146
79
262
100
186
193
898
42
158
367
50
6
4
281
157
10
109
526
542
94
481
41
180
131
91
30
289
197
195
49
164
385
580
65
33
114
27
7
200
100
179
57
39
327
41
117
90
82
161
6
88
166
126
139
484
177
17
278
30
39
130
670
368
73
248
236
127
38
223
27
9
325
53
76
69
56
99
60
40
46
36
39
109
197
437
48
32
258
197
78
324
55
357
138
477
1004
41
415
68
89
11
5
3
144
166
118
7
172
13
189
12
100
172
103
61
12
105
29
27
107
490
64
181
83
123
86
94
5
82
57
134
231
199
200
55
108
119
50
671
71
1
191
224
398
4
170
170
133
13
7
165
46
388
161
150
60
108
107
246
60
36
150
27
241
109
17
25
29
132
46
56
324
137
63
64
161
133
73
42
188
114
156
231
46
179
43
275
120
249
66
330
93
69
58
255
83
33
15
430
159
4
155
12
168
362
725
121
350
138
14
178
315
292
48
5
15
272
75
70
68
185
473
105
229
95
65
22
310
419
108
14
101
198
29
275
18
72
37
178
187
74
109
407
54
599
193
141
91
571
10
177
316
115
28
200
120
37
174
102
127
80
675
104
181
176
25
30
93
13
306
112
46
180
166
257
353
117
229
60
26
881
37
676
267
23
45
40
206
96
54
168
402
24
106
237
211
32
249
59
16
323
21
21
289
7
140
379
36
205
37
476
51
32
199
11
723
24
118
83
339
68
142
205
150
20
34
445
13
115
175
67
102
374
43
198
203
30
122
236
117
192
59
215
47
330
113
118
79
20
514
53
28
14
192
164
173
142
23
301
54
105
121
122
44
127
12
21
590
161
29
25
65
87
114
104
101
196
312
337
499
202
15
87
135
104
255
209
164
62
82
692
2
16
147
24
148
153
220
474
140
645
74
100
233
20
54
138
33
72
90
46
380
132
320
25
178
5
34
255
249
114
134
338
267
206
60
299
84
228
212
83
36
174
458
432
182
31
271
49
102
67
4
336
259
111
17
247
103
57
114
18
72
21
143
11
7
74
292
108
107
225
588
74
42
277
109
119
232
262
20
119
53
172
340
71
148
248
56
32
606
158
251
240
165
281
90
50
342
306
193
23
117
92
96
316
39
74
46
222
349
60
31
25
195
7
14
14
342
204
67
35
31
71
86
72
68
363
1
17
293
245
88
130
96
239
217
432
125
405
39
41
286
262
215
73
59
45
99
65
272
25
76
90
168
140
126
58
90
196
299
49
343
87
10
41
52
180
46
372
6
375
104
82
102
142
34
1
45
365
95
177
387
107
29
76
52
64
117
168
73
113
277
658
733
252
81
228
55
148
282
287
40
274
721
107
92
210
342
218
135
265
4
88
95
320
84
158
84
1196
80
34
25
66
414
150
19
233
3
110
4
660
44
35
149
197
177
107
313
110
17
209
16
12
246
135
212
128
163
195
55
89
618
47
213
146
12
1
211
24
144
11
536
287
51
231
410
12
235
421
601
41
321
35
269
81
57
64
727
242
23
204
198
54
33
6
81
135
231
49
149
358
295
70
85
145
266
69
30
64
8
48
134
177
101
112
147
32
115
56
71
695
38
480
71
241
163
265
142
34
496
45
76
144
183
181
232
31
157
420
16
72
178
192
268
87
44
349
46
133
14
46
33
1
22
37
55
89
195
119
163
288
486
241
47
193
145
31
61
47
120
139
98
460
153
23
74
426
5
7
300
26
110
104
67
216
638
285
221
105
30
162
40
7
361
479
234
13
20
69
240
56
178
369
54
112
339
222
275
110
176
68
37
448
175
87
219
110
96
167
128
67
39
411
221
510
53
138
46
274
63
143
146
731
181
106
66
127
3
28
212
38
42
39
98
35
216
139
275
8
105
176
83
535
43
236
623
340
14
152
109
125
411
70
58
92
141
150
335
131
25
8
211
286
142
685
406
353
20
14
307
4
142
266
289
94
213
343
106
64
88
181
66
81
340
41
346
427
76
191
15
491
84
156
337
276
80
41
148
91
65
6
516
58
43
102
365
62
16
3
66
135
6
47
4
58
87
39
243
124
246
161
304
1
22
25
8
25
100
142
128
306
36
63
424
44
33
289
95
25
64
106
62
285
50
17
396
25
18
220
731
50
309
651
16
11
149
68
307
95
31
175
27
96
65
61
248
154
159
345
3
343
21
146
28
68
121
114
140
105
54
3
67
376
62
187
32
10
147
68
45
48
78
187
160
6
105
19
177
68
308
144
356
115
298
784
219
218
159
141
204
141
107
360
84
63
121
503
318
62
350
38
63
154
145
85
54
44
489
103
85
269
25
302
71
357
173
152
78
16
48
43
202
21
89
592
444
176
143
207
29
214
560
112
30
73
408
186
374
634
64
68
108
45
164
35
66
16
127
104
177
6
53
156
229
356
23
157
232
357
437
27
482
21
13
69
9
209
37
677
110
188
34
26
11
197
115
6
16
329
79
36
3
231
57
13
283
241
37
284
619
75
142
48
15
202
140
287
59
86
266
38
83
204
193
157
34
289
925
179
84
137
2
17
85
543
31
83
136
156
228
616
142
11
339
22
49
117
84
108
48
269
229
74
432
238
540
164
44
151
35
132
141
177
64
82
97
47
807
311
116
165
87
8
3
806
234
141
50
73
234
46
327
86
112
74
355
76
80
167
44
217
41
11
141
71
95
331
40
294
82
61
15
12
174
64
59
378
166
51
56
117
123
128
96
43
203
234
130
112
32
56
61
13
12
141
275
26
41
43
75
216
33
65
80
320
63
196
572
125
28
345
25
187
10
27
47
56
38
94
51
184
69
7
50
42
195
154
6
232
130
355
66
108
5
4
53
184
87
66
21
46
164
146
31
11
465
66
166
282
55
12
461
39
2
44
246
101
53
138
150
3
256
103
95
43
41
355
169
77
150
137
158
32
84
38
207
190
245
65
463
67
95
237
205
160
214
44
18
114
150
155
126
79
261
191
213
439
188
35
73
172
103
69
75
4
118
185
208
5
541
243
45
86
52
47
40
20
46
48
172
231
141
62
150
17
21
266
1
33
241
284
222
102
202
10
94
112
131
36
75
295
159
65
6
145
16
11
126
109
320
31
135
86
2
100
26
54
508
39
21
27
147
419
61
308
34
126
52
121
159
90
98
24
52
66
9
477
125
286
78
113
381
42
75
42
33
82
190
482
2
29
307
293
286
30
188
101
48
66
50
43
341
258
1006
3
65
199
340
114
283
262
128
17
27
36
12
372
184
196
35
96
33
226
800
71
