1386
1506
1052
1190
1316
1393
1231
1276
1346
1676
1427
1361
1103
1087
1605
1414
2205
948
1776
1194
1093
1091
1417
1379
1245
1445
1268
1493
1673
1291
2006
2489
1460
1077
1764
1387
1539
1493
1553
1070
1421
1442
1395
1522
1300
1078
1613
1025
1604
1377
1765
1389
1380
1450
1157
1220
1566
1782
1239
909
1397
2158
1281
2761
1026
1089
1326
1325
1255
1524
1102
1261
1206
1127
1600
1226
1234
1143
2087
1397
1077
2064
887
1075
1271
1828
1244
1240
1196
1210
1779
1329
1618
1338
1833
1059
1472
1261
1393
2258
1148
1102
1412
1407
1088
1326
1109
1412
1794
2205
1395
1397
1556
1340
1197
1774
1228
1398
1330
1533
1161
1442
1418
1348
1472
1500
1124
1076
1452
1271
1160
1281
1466
2055
1899
1439
1539
1170
1362
1318
1655
1527
1375
1217
1151
1198
1650
1254
1247
1160
1485
1152
1112
1220
1592
1236
1957
1599
1385
1327
2244
1939
1524
1437
1789
1495
1742
1303
1437
1138
1241
1400
1372
1331
1237
1155
1945
1452
1468
1404
1622
1366
1013
1150
1051
2319
1443
1796
1236
1126
1244
1245
1238
1480
2125
1308
1880
1259
1154
1602
1138
1137
1746
1200
1379
1304
1212
1995
953
1251
1100
975
1282
1374
1064
1175
1748
1281
1480
1346
1360
950
1367
1727
1388
1551
1107
1526
1463
1454
1284
1384
1628
1248
1064
1292
1204
1728
1459
1594
1372
1886
1360
1729
1263
1167
1488
1478
1592
1237
1283
1053
922
1173
1396
1647
1122
1489
1189
1686
1583
1758
1216
1231
1338
1646
2042
1266
1277
1054
1118
1650
1253
1528
1419
1273
1259
1915
1333
1153
1391
1194
1197
1163
1148
1258
1101
1593
1597
1890
1109
1313
1266
1333
1183
1899
1830
1782
1218
2003
1324
1586
1348
1678
1029
1273
2165
1205
1694
1371
1046
1543
1536
1189
1013
1379
1653
2001
1133
1232
1464
1640
1420
1522
1081
1522
1229
1103
1349
1182
1145
1291
1286
1214
1179
1230
1284
966
1116
909
1313
1098
2207
1644
1289
1374
1083
1454
1604
1765
1344
1660
1275
1311
1516
1499
1263
1447
1644
994
1814
1132
1422
1419
1767
1124
1471
1257
1300
1156
1867
1237
1035
1046
1736
1297
1642
1766
1145
1156
1953
1507
2003
1510
1327
1084
1135
1863
1285
2015
1318
1231
1877
1398
1218
1326
2442
1151
2029
903
1308
1664
1282
1211
1529
2370
1361
1125
1015
1395
1501
1239
1105
1443
1058
1812
1419
1133
1196
1143
1385
1611
1178
1987
1808
1270
1500
1652
1412
1368
1218
1021
1033
1291
1311
1297
1458
1288
1875
1155
1581
1760
1598
1853
1225
922
1536
1868
1213
1547
1262
1889
1359
1557
1305
1078
1464
1597
1394
1682
1252
1257
1435
1730
1589
1224
1435
1261
1337
1451
1352
1254
1095
1814
1346
1101
2986
1319
1099
1548
1483
1448
1140
1289
1279
1337
1263
1568
1525
1295
1484
969
1229
1450
1207
1186
1740
1279
1043
1266
1477
1161
1569
1775
1722
1350
1494
1112
1845
1234
1289
1752
1284
1875
1508
1065
1391
1487
1299
1944
1146
1756
1012
1256
1057
2184
1316
2141
1657
1682
1346
1377
1448
1321
1468
1945
1370
1369
1291
1333
1343
1204
1331
1223
1278
1309
1619
1772
1573
1521
1440
1892
1477
1476
1523
1508
1725
1202
1426
1701
1201
1252
1460
1633
1218
1596
1372
1411
1316
1385
1388
1242
1401
1237
1313
1656
1937
1498
1510
2076
1341
1682
1670
1696
1277
1511
1682
1336
1416
1055
1099
1392
1299
1924
1456
1869
1577
1652
1749
1456
1368
1036
1133
1915
2026
1491
1204
1942
1116
1490
2277
1062
1778
1738
976
1326
1195
1220
1292
1113
2545
1546
1042
1927
1215
1124
1533
1540
1359
1020
1622
1671
2235
1753
1208
1479
957
1282
1332
1390
1674
1432
1106
1132
1383
1323
1458
1653
1359
1365
1247
1365
1201
1160
1617
2028
1800
2570
1309
1225
1342
1528
1462
1193
1700
1379
1811
1278
1193
1424
1423
1762
1889
1174
1414
1143
1217
1381
1132
1322
1666
1773
1297
1211
1343
1559
1591
1450
1512
1580
1836
1832
1269
1581
1404
1751
2299
1183
924
1435
1170
1036
1395
1573
1494
1497
1307
1304
1132
867
1224
1602
1203
2094
1408
1334
1356
1472
1216
1201
969
1177
1303
1567
1414
1474
1453
1457
1648
1689
1439
1444
1455
999
1633
1412
1251
1576
1120
1767
1481
1579
1559
2168
1205
1766
1843
1349
2211
1192
1734
1444
1598
1343
1437
1976
1387
1434
1209
1280
1140
1275
1240
2374
1687
1945
1387
1602
1281
1161
1141
1681
1311
1067
1238
1700
1168
1117
1306
1546
1434
1089
1561
1283
1492
1417
1221
1364
1707
2002
1482
1641
1496
1361
1377
1311
1239
1335
1627
1846
1403
1087
1415
1297
1723
1192
1534
1272
1696
1280
1385
1720
1479
1863
1161
1121
1440
1475
1296
2011
1437
1370
1420
1450
1346
1953
1721
1415
1799
1375
1093
1254
1370
1336
1283
1561
1345
1771
1278
1535
1138
1695
1310
1483
1623
1383
1149
1166
1379
1464
1575
1795
1062
1099
1545
1813
1636
1365
1103
949
1314
1430
1277
1068
1427
1772
1591
1675
1215
1234
1075
1618
980
1038
1031
1445
1604
2104
1010
1468
1345
1214
1038
1382
1509
1521
1341
1319
1315
1380
1583
1096
1410
1326
1284
1604
1643
1670
1271
1682
1136
1130
910
1167
1101
1330
1333
1558
1656
1519
1564
1228
1100
1596
1347
1189
1203
1700
1118
1168
1341
1371
1350
1198
1378
1556
1399
1761
1540
1224
1565
1406
1841
1582
1959
1220
1486
1576
1466
1603
1138
1548
1559
1162
1395
1184
1121
1494
1052
1105
1810
1130
1308
1557
1444
1657
1619
1375
1343
1197
1362
1479
1249
1340
1592
1160
1555
1754
1418
1403
1510
1806
1442
1074
1065
1757
1435
1278
1317
1107
1745
1045
1117
1186
2228
1469
1265
2048
1691
1764
1397
1415
1637
1338
1217
1284
1622
1262
1449
1367
1290
2264
1341
1270
1310
1411
1150
1859
1551
1208
1813
1702
1242
840
1679
1282
1253
1210
1073
1503
1634
1990
1716
1167
1251
1495
1054
1686
1480
1547
1563
1145
2152
1331
1363
2471
1494
1217
1445
1873
1330
991
1506
1489
1302
1253
1593
1204
2005
1240
1228
1552
1682
1655
1313
1205
1283
1158
1551
1509
1413
1259
1440
2006
1424
1545
1246
1556
1193
1295
1395
1848
1354
1857
1263
1706
1283
1334
998
1299
1689
1450
1473
1820
1462
1276
1373
1344
1203
1326
1708
1232
1328
1365
1736
1282
1239
1502
1365
1470
1554
1417
1561
1574
1052
1403
1684
1197
1080
1514
1265
1329
1365
1804
1272
1630
1980
1548
1254
1719
1402
1671
1720
1482
1312
1773
1871
1114
1430
1111
1412
1334
1223
1200
1433
1189
1784
1396
1287
1685
1004
1349
1275
1109
1390
1572
1448
1319
922
1710
1310
1195
1308
1636
1350
1352
1487
1313
1743
1400
1435
1379
1425
1520
1297
1707
1765
1138
1264
2001
1010
1511
1275
1183
1224
2236
1431
1647
1189
1043
1577
1326
1485
1042
1457
1946
1067
1168
1380
1144
962
1353
1196
1195
1369
1738
1550
1171
1739
1901
1625
1222
1429
1663
1493
1384
1747
1253
1424
1376
986
1073
1673
1235
1362
1286
1492
1175
1131
1852
1711
1795
1230
1678
1242
1248
2465
1323
1232
1246
1269
1265
1037
1406
1126
1980
1065
1315
1556
1352
996
1387
1128
1355
1345
1299
1189
1653
973
1396
1345
1977
1298
1452
1359
1172
1693
1266
1784
1344
1338
1422
1711
1395
1910
1676
1746
1095
1341
1365
1028
1770
1486
1183
1352
1452
1212
1401
1285
1587
2084
2001
1823
1612
1492
1145
1451
1310
1369
1189
2075
1945
988
1346
1595
1477
1200
1161
1000
2180
1483
1435
1426
1462
1429
1398
1424
1133
1208
1471
1220
1539
1561
1665
1931
1540
1444
1788
1361
1087
1375
1656
1679
1513
1100
1680
1343
1267
1585
1711
1217
1155
1545
1213
1295
1457
1253
1468
1300
1593
1030
1328
1403
1323
1198
1731
1657
1122
1171
2299
1232
1417
1401
1030
1290
1232
1655
1582
1359
1382
1171
1148
1317
1044
1785
1994
1436
1475
1943
1350
1650
1438
1130
1184
1224
1173
1344
1226
1349
1682
1524
1272
1397
1517
1396
1244
1602
1046
1602
1940
1695
972
1356
1654
1238
1275
1728
1074
1581
1479
1580
2178
1521
1374
1456
1344
1576
1598
1317
1153
1442
1854
1757
1012
2682
1124
1959
1812
1917
1350
2105
1231
1280
1577
1208
1184
2142
1879
1070
1121
1419
1543
994
1443
1370
1180
1208
1415
1143
1108
1391
1193
1298
1425
1673
1928
1645
1342
1378
1380
1662
1548
1142
1823
1667
1515
1038
1628
1520
1301
1253
1156
1632
1250
1707
1419
1387
1106
1390
1453
1240
1196
1346
1222
1368
1441
1911
1405
1906
1231
1239
1275
1869
2440
1204
1588
998
1085
1701
1231
1934
1200
1058
1581
1441
1368
1407
1716
1742
1290
1300
1373
1552
1095
1262
1508
1340
1282
1017
1945
1461
1675
1526
2164
1069
1192
1199
1629
1455
1219
1535
1083
1599
1321
1303
1707
1536
1451
1250
1311
1330
1520
1647
1204
1122
1408
1214
1822
1356
1311
2079
1670
1180
1254
1295
1772
1100
1296
1517
1643
1735
1186
1349
1403
1307
1791
1344
1515
1291
1875
1948
1393
1570
1322
1251
1023
1709
1271
1133
1967
1212
1293
1358
2522
1237
1806
1323
1415
1111
1059
1123
1547
1168
1501
1209
1306
1275
1256
1333
1140
1287
1338
1657
1158
1353
1238
1260
1155
1440
1236
1088
1477
1668
1736
1199
1312
1348
1685
1086
1365
1149
1252
1457
1938
1127
1110
1403
1102
1341
1627
1283
1345
1856
1177
1078
1360
1334
1110
1294
1601
1114
1134
1013
1133
943
1242
1264
1910
1228
1356
1399
1398
1472
1152
1551
1458
1343
1562
1848
1529
1493
2514
1454
1363
1411
1883
1535
1195
1374
1499
1244
1941
1311
1257
1198
1382
1599
1189
1116
1148
1144
1147
1069
1430
1770
1492
1350
1685
1377
2126
1177
1516
1326
1216
1158
1213
1211
1498
1217
1253
1505
1840
1258
2085
1352
2331
1277
1476
1311
1290
1374
1285
1207
1367
2037
1281
1184
1173
1527
1733
1496
1141
1214
1403
1405
1258
1520
1376
1672
1383
1551
1311
1325
1153
1203
1164
1350
1618
961
1745
1339
1243
1544
1672
1185
1576
1588
1596
1432
1673
1985
1349
1222
1049
1228
1884
1172
1351
1613
1408
1104
2053
923
1371
1314
1062
1411
1859
1475
1233
2173
1438
1539
1179
1368
1182
1134
992
1069
1896
1489
1382
1604
1694
1181
1733
1378
1032
1221
1535
1565
1174
1290
1162
1188
1201
2018
1787
1455
1229
1494
1443
975
1647
1923
1443
1488
1207
1592
1682
1649
1274
1721
1397
1717
1109
1526
1187
1755
1209
986
1196
1279
1829
1143
1658
1581
1221
1754
1525
1725
1230
1267
1317
1369
1384
1319
1148
1387
1363
1345
1853
1066
1343
1108
879
1778
1157
1320
1677
1245
1658
1330
2008
1329
991
1341
1008
1053
1928
1387
1626
2534
1530
1233
1760
1564
1914
1231
1571
1667
1377
1702
1198
1809
1037
1464
1410
1086
1563
1289
1919
1345
1399
1308
1428
1429
1638
1393
1210
1490
1860
1428
1596
1165
1380
1825
1434
1257
1505
1432
1421
1489
1302
1435
1598
1376
1511
1408
2458
1294
1040
1485
1082
1495
1781
2067
1221
1639
1317
1625
1854
1134
1349
999
1031
1356
1417
1833
1463
2051
1450
1201
1762
1668
1201
1481
910
2192
1360
1167
1435
1378
1097
1276
1662
1634
1005
1460
1457
1351
1162
1140
1208
1485
1486
1478
1034
1420
1093
1817
1889
1324
1446
1259
1335
1149
1714
1678
1259
1241
1330
1289
1221
1063
1197
1295
1317
960
1101
1418
1188
2501
1126
1201
2388
1223
1080
1665
1332
1253
1248
1766
1531
1187
1158
1218
1323
1306
2056
1085
1239
1125
1701
1724
1239
1277
1613
1136
1313
1168
1572
1660
1345
1747
1205
1405
1791
1248
2153
1522
1296
1049
1446
1476
1600
1319
1446
1401
1197
1376
1248
1254
1964
1731
1456
1133
1656
1591
1126
1213
1657
1293
1275
1548
1779
1542
901
2100
1431
1228
1405
1136
1346
1251
1598
1503
1050
1515
1506
1108
1476
1714
1318
1175
1621
1645
1639
1413
1092
1057
1150
1271
1315
1167
1458
1562
937
1673
1264
1744
1359
1379
2322
1268
1189
1164
1365
1545
1155
1192
971
1407
1102
1103
1567
1095
1286
1309
1709
1658
1226
1253
1493
1133
1183
1636
1532
1122
1320
1184
1320
1549
2072
1813
1608
1637
1441
1955
1174
1485
967
2276
1302
1427
1325
1619
1467
1344
1565
1360
1051
1010
1252
1686
1607
1299
1720
1975
1098
1781
1905
1408
1636
1016
1099
1259
1779
1536
1825
1019
2466
1305
1235
1124
1215
1225
1593
1671
1257
1009
2684
1265
1639
1266
1269
1442
1324
1471
1292
1458
1487
1302
1391
1535
1131
1300
1141
1206
1186
1058
1486
1333
1243
1163
1150
1135
1548
1138
1058
1499
1929
1115
1408
1769
1989
1405
1452
1534
1385
1209
1606
1300
1282
1579
1740
1442
1181
1144
1575
1225
1278
1407
1062
1235
1353
1797
1545
1427
1145
960
1540
1283
1181
1478
841
1103
1276
1815
1734
1559
962
1227
1287
1387
1390
997
1676
1065
1538
1347
1660
1725
1172
1902
1026
1410
1457
1057
1388
1273
1176
1453
1474
1877
1888
1769
1363
1743
1491
1276
1178
1353
1524
1328
1666
1225
1282
1445
1922
1570
1585
1512
1515
2146
1685
1730
1212
1039
1575
1295
1184
1388
1985
1239
1314
1394
1312
1716
1135
1107
1351
1094
1257
1402
1446
1663
1469
1567
1607
1296
1238
1108
1316
1624
1472
1338
1599
1215
1239
1189
1179
1401
1337
1056
1455
1124
1326
1286
1431
1817
1447
1093
1627
1337
1274
1197
1756
1683
1378
1694
1407
1399
1015
1421
1126
1491
1706
1716
1329
1235
1388
1480
1270
1541
1416
1144
1465
1539
1560
1700
1482
1419
1731
1159
1348
1858
1083
1977
1419
1201
1008
1414
1553
1394
1328
1408
1396
1724
1574
1401
1298
1375
1210
1521
1869
1606
1753
1490
1353
1579
1847
1404
1069
1121
1085
1321
1716
1545
1316
1283
1116
1265
1731
1265
1220
1355
1275
1170
1765
1744
1284
1258
1132
1343
1396
1792
1223
2446
1546
1703
1441
1666
1371
1431
1155
1398
1658
1098
1413
1003
1853
1199
1028
1254
1557
1457
1520
1493
1531
1259
1419
1078
1364
1811
1154
1454
1672
1515
1216
1285
1427
1845
1733
1170
1253
1628
1256
1266
1254
1376
1543
1501
1743
1698
1625
1778
1512
1107
1207
1191
1207
1380
1361
1668
1646
1786
1784
1479
1433
1494
1240
1121
1389
1423
1346
2105
2099
1384
2020
1846
1481
1549
1428
1335
1199
1656
1456
1064
1189
1441
1370
1440
1951
1317
1663
2053
1630
1471
1394
1602
2004
1454
1418
2389
1131
1206
1248
1411
1189
998
1625
1714
1367
1094
2005
1363
1403
1038
1241
932
1332
895
1285
1630
1287
1289
1420
1291
1167
1308
1351
1260
1225
1255
1144
1388
1660
1127
1543
1339
1114
1816
1165
1562
1491
1541
1376
1258
1243
1457
1237
1663
1280
1491
1508
1270
1775
1509
1932
1265
1257
1157
934
2127
2164
1189
1499
1236
1091
1136
1453
1215
1243
1105
1334
1293
1543
1423
1246
1974
1314
1321
1516
1602
1540
1612
1140
1196
1463
1460
1158
2179
1675
1215
1267
1031
1383
1514
1323
1203
1526
1802
1917
1363
1085
1585
1447
1368
1315
1959
2574
1418
2182
1129
1609
1462
1068
1367
1367
1164
1160
1234
1272
1205
1435
1239
1162
1122
1268
1141
1383
1579
1355
1158
1606
1200
1569
1916
1074
1297
1575
1366
1210
1178
1858
1060
1368
1759
1712
1376
1124
1315
978
1874
1368
1368
1976
1167
1074
1042
1508
1612
1234
1273
1211
1466
1570
1454
1581
1132
1151
1300
1500
1141
1324
1319
1572
1138
1411
1257
1462
1325
1755
1566
1243
1384
1138
1069
1331
1470
1899
939
1139
1150
1553
901
1623
1177
1765
1696
1114
1138
1263
1377
1362
992
1500
1549
1282
1797
1383
1230
1228
1631
1578
1217
1662
878
1736
1710
1506
997
1280
1274
1372
1313
1197
1266
1566
1080
1593
1084
2245
1522
1734
1259
1236
1701
1409
1150
2004
1082
1196
2039
1027
1164
1565
1972
1836
912
1248
2221
1586
1249
1708
1259
1219
1771
1214
1064
2062
1732
1257
1046
1523
1520
1193
1563
1461
1620
1170
1267
1352
1399
1282
1216
1850
1239
1711
1081
1508
1836
1404
1907
1614
1291
1279
1309
2224
1071
1364
1549
1080
1346
1423
1219
1478
1132
1254
1253
1482
1399
2019
1415
1730
1166
1383
1146
1188
1244
1168
1235
1295
1107
1472
1415
1488
1626
1231
1206
1033
1232
1245
1179
943
1591
2253
1440
1679
1158
1067
1360
1974
1725
1402
1565
1351
1527
1285
1389
1599
1093
1504
1152
1332
1218
938
1192
1065
1520
1748
1571
1283
1501
1807
1327
1321
1584
1290
1399
1364
1266
1306
1215
1336
1349
1526
1214
810
1320
1408
1493
1289
1417
1083
1300
1159
1055
1561
1341
1631
1153
1777
1146
1098
1285
1629
1205
1398
1247
1183
1318
1676
1618
1196
1463
1211
1210
1352
1657
1708
1840
1320
1202
1122
1339
1152
1361
1174
1486
1963
963
1448
1615
1473
2001
1469
1305
1191
1144
1259
2400
1817
1197
1525
1020
1305
1333
1311
1249
1102
1513
1484
1164
1252
993
1049
1454
1206
1413
1430
1490
1143
1589
1484
1153
1717
1028
1210
1235
1359
1677
1834
1433
1842
1368
1222
1050
1434
1200
1265
1477
1417
1375
1546
1141
1297
1233
1025
1544
1355
1350
1386
1847
1842
1341
1035
1372
1688
975
1657
1447
1935
1198
1448
2080
1318
1062
1297
1191
1301
1684
1155
1454
1210
1831
1363
1467
1260
1358
1254
1479
1119
1802
1440
1481
1246
1528
1406
1364
1378
1054
1363
1387
1485
1356
1006
1857
1242
1139
1307
1222
1261
1151
1399
1033
1441
1835
1393
1493
1095
1299
1279
1056
2341
1132
1270
1241
1370
1500
1838
1878
1475
1487
1432
1404
1132
1619
1868
1520
1792
1039
1546
1165
1376
1208
1258
1208
1553
1278
1627
1934
1332
1406
1873
1402
1197
1157
1729
1065
1103
1326
1336
2048
1665
1236
1130
1332
1391
1189
1255
1589
1315
1622
1582
1455
1483
1481
1141
1553
1696
2084
1179
1233
1364
1202
1150
1426
1703
1482
1602
1465
1914
2010
1042
1188
1424
1516
1007
1808
1741
1479
1637
1210
1255
1469
1116
1463
1408
1404
1438
1264
1169
1450
1331
1245
1415
1330
1413
1271
1385
1526
1444
1507
1259
1339
1328
1356
1559
1432
1181
1715
1225
1411
1266
1281
1528
1364
1198
1429
1213
1509
1468
1609
1468
1620
1271
1344
1357
1089
1260
1218
1460
1219
1500
1381
1219
2083
1529
1372
1248
1418
1269
1259
1445
1353
984
1293
1248
1394
1220
1236
1624
2704
1179
2264
1780
1304
1215
1743
1498
1550
1337
1445
1379
1456
1190
1241
1217
973
1232
1785
1771
1736
1249
1741
1740
1133
1062
1279
1336
1470
1810
1039
1318
1431
1251
2133
1397
1415
1190
1280
1448
1378
1305
1694
1949
1345
1759
1366
1251
1568
1468
1218
1858
1843
1518
1262
1135
1202
2201
1424
1711
1754
1631
1381
1596
1240
1155
1184
1300
1746
1272
1990
1039
1266
1485
1002
1403
1628
1172
1332
1729
900
1588
1214
1031
1228
1275
1645
1268
2522
1616
1311
1290
1417
1793
1432
1781
1380
1535
1279
1122
1663
1359
1374
1144
1345
1476
1148
1765
2041
1203
1147
1327
1287
1481
1654
1119
1091
1154
2093
1434
2640
1539
1246
1156
1045
1215
1333
1295
948
1539
976
1548
1538
1348
1259
1504
1549
1753
1412
1538
2020
1951
1692
1570
1154
1393
1664
1521
1610
1173
1048
1502
1334
1528
1241
1513
1493
1510
1246
1859
1172
1467
1250
1446
1673
1513
1376
1796
1443
1230
1276
1587
1196
1863
1590
1371
1077
2147
1246
2171
1731
1409
1328
1271
1412
1375
1334
1199
1152
1274
1319
1755
1181
1203
1442
1392
1275
1746
1461
1203
1449
1608
1757
1197
1550
1456
1016
1912
1853
1542
1566
1191
1484
1118
1121
1054
1295
1114
1375
1694
1203
1254
1451
1634
1268
1111
1010
1512
1461
1406
1194
1555
1679
2202
1018
1375
1597
1926
1091
1473
1536
1181
1461
2121
1168
1650
1694
1412
1126
1643
1371
1387
1718
1582
1357
1515
965
1672
1175
1593
2089
1182
1132
1685
1450
1345
1614
1269
1576
1161
1982
1165
1468
1724
1272
1226
1044
1327
1461
1302
1860
1241
1279
1339
1352
2347
1388
1250
1129
1409
1425
1351
2229
1465
1384
2372
1292
1553
1472
1176
1251
1216
1428
1214
1356
1333
1247
1243
987
1149
1745
1376
1287
1290
1312
1526
1840
1749
1075
1463
1522
1527
1361
1231
1235
1069
1760
1681
1942
1011
1469
1225
1242
1182
1056
1383
1321
1305
1331
1512
1249
1372
1848
1263
1712
1449
1118
1357
1110
1153
1606
1528
1559
1775
1455
2064
1151
1527
1387
1259
1185
1350
1065
1901
1532
1596
1536
1106
1543
1294
1018
1381
1066
1681
1391
1377
839
1321
1443
1431
1489
1698
1188
1252
1470
1414
1239
1984
2196
1504
1579
1049
1778
1332
1519
1104
1454
1613
1124
1268
2004
1154
1420
1206
1103
1290
1170
1492
1316
1390
1602
1825
1611
1338
2060
1052
2167
1588
1255
1168
1504
1304
1384
1603
2012
1454
1310
1874
1315
2844
1390
1588
1563
1118
1685
1905
1713
1182
920
1358
1348
1065
1707
1287
1449
1345
1435
1322
1734
1883
1825
1228
1371
1176
1601
1513
834
1276
1022
1281
1717
1408
1342
1225
1114
1193
2291
1123
1484
1226
1371
1320
1698
1282
1327
1535
1260
1980
1811
1475
1485
1298
1251
1137
1379
1157
1356
1430
1206
1137
1162
1289
1585
1492
1762
1293
1635
1514
1318
1428
1579
994
1418
981
1195
1487
1541
1286
1343
1244
1550
1749
2079
1126
1106
1164
1570
1204
995
1680
1368
1486
1417
1427
1342
1603
1496
1120
1464
1316
1348
1088
1121
1454
1530
1008
1735
1423
1762
2010
1299
1333
1090
1333
1024
1454
1321
1530
1052
1113
1312
1620
1726
1131
1338
1260
1406
1181
1734
1293
1368
1268
1072
1164
897
1226
1569
1274
1164
1554
1194
1273
1124
2397
1456
2667
1175
1540
1949
1420
1347
1636
1555
1103
1091
1732
1381
1535
1723
1136
1065
1408
1536
1082
1383
1048
1308
1222
1254
1459
1400
1469
2071
1241
1279
1294
1239
1560
1381
1012
1231
2495
1490
1916
1305
1911
1629
1755
1251
1119
1890
1975
1559
1144
1405
1336
972
1807
1375
2105
1003
1410
1184
950
1597
1472
1566
989
1247
1559
1403
1520
1292
1241
1430
1347
1208
1348
1133
1513
2294
1379
1311
1501
1598
1221
2015
1761
1990
1303
1483
1530
1400
1025
1166
1446
1319
1351
1238
1592
1009
1516
1223
1681
1301
1555
2378
1744
1002
1141
1382
1372
1425
1661
1876
1284
1326
1611
1181
1343
2019
1200
1710
991
1534
1144
1482
1403
1417
1932
1063
1622
1085
1385
1387
1120
1324
2309
1942
1437
1464
1351
1232
2005
1173
1395
1257
1408
1232
1605
1491
1007
1306
1666
1451
1178
1678
1625
1082
2398
1289
1319
1547
1185
1674
1746
1658
1734
1096
1180
1143
1300
1338
1483
1459
1378
1335
1161
1234
1531
1303
1399
1496
1567
1412
1600
1450
1345
1142
1416
942
1285
1344
1666
1383
2144
1093
1553
1252
1477
1218
1248
1315
1361
2204
1817
1213
1145
1165
1560
1633
1614
1350
1311
1364
1218
1574
1704
1202
1112
1034
1358
1434
1796
1435
1309
1619
1155
1044
1137
1884
2233
1500
1064
1832
1277
1167
1132
1305
1301
1570
1566
1384
1275
1688
1346
2506
1437
1122
1232
1085
1144
1303
1879
1016
1531
1695
932
1215
1113
1579
1343
1221
1696
1134
1167
1491
1315
1318
1307
1362
2235
1920
1773
1074
1067
1284
1483
1790
1259
1529
1191
1130
1441
1532
1317
1633
1436
1304
1592
1948
1719
1071
1398
1438
1104
1922
1280
1175
1349
1588
1091
1496
1259
1214
1530
1030
1189
1108
1212
1375
1204
1400
1495
1476
1359
1523
1456
1551
1692
1294
1059
1142
1817
1342
1162
1609
2064
1309
1379
1276
1388
1544
1115
1887
2085
1920
1358
1018
1962
1428
1821
1034
1612
1276
1278
1394
1549
1210
1361
1521
1232
1716
1700
1293
1241
1837
1888
1230
1255
1467
1455
1180
1719
1171
1421
1294
1761
1312
1446
1230
1216
1470
1391
1063
1557
1047
1169
1134
1178
1218
1537
1323
1770
2107
1494
1283
1395
1653
1775
1330
1412
1138
1483
1810
1204
2144
1437
1235
2067
1267
1452
1737
1993
1301
1464
1302
1564
1483
1039
1639
1080
1664
1507
1122
1212
960
1445
1510
1428
992
1863
1733
1597
1265
1544
894
1175
1247
1279
1133
1083
1157
1711
1277
1478
1172
1175
1547
1730
1963
1100
1268
1415
1340
1559
1322
1273
1340
1212
1657
1065
1632
1241
1385
1141
1111
1448
1140
1718
1498
1630
1868
1539
1335
1396
1003
1706
2209
1466
1085
1093
1351
1458
1284
1690
2013
1270
1242
2025
1318
1296
1436
1277
1134
1227
1944
2336
1303
1147
1103
1754
1635
1812
1615
2036
1680
1177
1670
1542
1555
1457
1902
1310
1151
1391
1380
1114
1294
1082
1249
1336
1263
1088
1119
967
1519
1547
2100
1574
1635
1299
1692
1080
1469
1407
1253
1352
1223
1408
1683
1380
1312
1495
1466
1877
1414
1522
1223
1333
1028
1935
2244
1774
1365
1200
1352
1525
1270
1180
1096
1259
1415
1410
1251
976
974
1591
1608
1951
1414
1497
1108
1082
1356
1296
1389
1522
1509
1192
1171
942
1050
945
1156
1739
1226
1201
1376
1325
1389
1242
1186
1635
1689
1144
1619
1058
1348
1286
1240
1477
1228
1039
1195
994
1210
1842
2366
1327
1242
1428
1147
1057
1187
1188
1412
1186
1521
1769
1305
1937
1474
1307
1377
1494
1709
1210
1794
986
1070
1882
930
2037
1042
1143
1509
1387
1511
1119
1403
1611
1356
1329
2298
1104
2175
1623
1557
1404
1655
1169
1359
1189
1441
1628
1356
1240
1758
1648
1382
2075
1334
2142
1255
1225
1599
1570
1238
1223
1085
1489
1359
1327
1919
1255
1543
1441
1558
1598
1584
1516
1189
1249
1328
1629
1385
968
1113
1156
1786
1594
1271
1075
1290
1912
1586
1383
1550
1309
1737
1427
1216
1247
1309
1518
1522
1726
1278
1329
1717
1342
1337
1313
1128
1412
1273
1545
1022
1094
1496
1660
1311
1267
1228
999
1162
1493
1112
1293
1625
1231
1617
1632
1208
1195
1204
1676
1308
1801
1736
1546
1308
1629
1020
1454
1678
1382
1409
1239
1426
1309
1704
1129
1754
1127
1274
1502
1296
1286
1265
1148
1834
1131
1314
1507
1763
1385
1738
1521
1578
1929
1470
1638
1245
1280
1851
1352
1121
1475
1389
1046
1936
1871
1364
1508
1609
1656
2002
1562
1258
1289
1486
1297
1705
2097
1059
1114
1199
1392
1360
1179
1369
1026
1763
1151
1307
1536
1259
1256
1371
1424
1326
1363
1298
1367
1991
1210
1324
1073
1985
1192
1466
1399
1091
1063
2252
1460
1333
1733
1688
1793
1366
1070
1640
1721
1129
1177
1157
1316
1534
1771
1259
1214
1020
2284
1381
995
1191
1454
1093
1237
1265
1509
1257
1308
1572
1642
1264
1592
1180
1409
1459
1247
1742
1507
1969
1577
1451
1161
1630
1283
1190
1756
1365
1675
1333
1312
988
1308
1388
1670
1436
1119
1128
978
1061
1535
1198
1139
1095
1238
1269
1550
1703
1809
1582
1474
1061
1773
1212
1420
1325
1442
1536
1636
1903
1351
1770
1103
1267
1549
1193
1191
1978
1482
1621
1528
1186
1155
1756
2635
998
1136
1670
1596
1624
1515
1652
1364
1392
1716
1197
1346
1535
1470
1587
1499
1446
1209
1294
1375
1250
1340
1078
1203
1850
1187
1330
1335
1245
1187
1706
1467
1329
1216
1299
1087
1167
2114
1540
2097
1071
1318
1416
1193
1334
1272
1189
1446
1406
1944
1285
1157
1148
1531
1782
1253
1539
1331
1490
1146
1449
1630
1636
1316
1287
1155
1759
1448
1334
1306
1424
1253
1700
1243
1271
2020
1232
1573
1082
1332
1458
1278
1133
1509
1528
1438
1370
1250
2071
1103
1477
1177
1522
2054
1408
1680
1436
1030
1259
1611
1084
1679
1212
1097
1366
1176
1451
1348
1103
1066
1321
1213
1188
1399
1029
2048
1970
1269
1109
1501
1219
1766
1169
1245
1126
2681
1045
950
1268
1605
1626
1685
1418
1072
1855
1510
1504
1176
1331
1125
1458
1148
1101
1099
1447
1439
1296
989
2007
1509
1332
1261
1215
1369
1820
1233
1295
1769
1721
1568
1140
1828
1273
1408
1391
1459
1745
2224
1256
1337
1495
1735
1610
1345
1791
1292
1402
1298
1489
1472
1465
1434
1824
1314
1432
1158
1227
1993
1356
1119
1286
1474
1220
1169
984
1408
1140
1207
1386
1762
1185
1815
1523
1427
1215
1586
1440
1506
1293
1123
1311
1026
1392
1136
1527
1518
1551
1082
1561
1760
1793
1603
1248
1257
1128
2052
1125
1287
1490
1493
1894
1472
1285
1723
1327
1377
1420
1592
1928
1833
1136
1531
953
1856
2015
1818
1923
1357
1672
1345
1511
1062
1168
1172
1321
1472
1798
2435
1259
1177
1270
1262
1319
1253
1856
1483
1044
1560
1935
1185
1280
1195
1559
1293
1215
1292
1463
1519
1329
1667
1411
1197
1593
1298
1253
1272
1712
1058
1438
1316
1321
1594
1362
1208
1462
1206
1480
1426
2032
1061
1282
1378
1681
1370
1050
1578
1813
1247
1383
1316
1549
1575
1413
1289
1438
1098
1273
1485
1130
1358
1780
1217
1625
1058
1368
1471
2282
1209
1479
1296
1114
1068
1351
1267
2713
1434
1371
1271
1183
1059
1346
1475
1695
1328
1097
1282
1434
1666
1776
1107
2082
1309
1216
1220
1595
1323
1765
1706
1310
1480
1357
1238
1743
2265
1219
1042
1002
1273
1184
1104
1632
1145
1272
1410
1792
1245
1435
1127
1199
1600
1887
1114
1548
1313
1430
1200
1515
1635
975
1178
1202
1044
1558
1636
1452
1453
1696
1112
1062
1348
1730
1931
1597
1426
2739
2144
1630
1180
1286
1538
1478
1268
1212
1445
1012
1342
1280
1548
1131
1254
1501
1109
1406
1467
1125
1238
1178
1373
1432
1434
1416
2448
1340
2404
1196
1519
1167
1083
1058
1341
1297
1876
1531
1728
1813
2088
931
1170
1028
1448
1263
1250
1609
1230
1938
1004
1210
1105
1335
1554
1040
2212
1119
1484
883
1369
1295
2096
1430
1441
1331
1066
1376
1023
1071
1112
1642
1494
1586
1240
1335
2567
1301
1812
1061
1544
1742
1021
1304
1203
1484
1361
1205
1106
1245
1518
1558
1920
1503
1207
1583
1527
1309
1331
1753
1721
1221
1328
1246
1485
1212
1569
1480
1312
1517
1325
1564
1018
1287
1167
1163
1623
2204
1743
1155
1515
1344
1832
1080
1367
1411
1525
1223
1687
1323
1043
2521
1705
1444
1653
1343
1302
1069
1487
2039
1320
1078
1054
1102
1201
1582
1458
1430
1334
1290
1397
1258
1771
1431
1290
1951
1495
1566
1525
1441
974
1292
1207
1553
1244
1299
1743
1284
1099
1452
975
1505
1251
1435
1505
1225
1223
1174
1711
1452
1254
1416
1589
1335
1157
1736
1293
1452
1494
1367
1781
1505
1333
1368
1601
1665
1228
1758
1235
1064
1169
1272
1955
1630
1175
1418
1026
1407
1732
1204
1436
1600
1857
2027
1048
1151
1171
1304
1528
1143
1174
1180
1348
1516
1242
1660
1189
1591
1073
1474
1609
1399
1455
2081
1192
1512
1365
1377
1092
1280
1484
1311
1615
971
1130
1431
1639
1787
1427
995
1445
1139
1921
1452
1473
1297
1632
1209
1279
1532
1211
1333
1241
1656
1319
1538
1229
1188
1064
1287
1137
1290
1305
1339
1166
1231
1104
1824
1289
1029
1699
1112
1210
1122
1527
1628
1239
1617
1040
1671
1675
1307
1193
1117
1404
1046
1562
1615
1501
1310
1369
1990
1205
1221
1365
2101
1198
1366
1711
1312
1221
1737
2367
1441
1788
1736
1720
1311
1535
1180
1481
1626
1204
1859
1067
1549
1101
1544
1667
1182
1014
1494
1219
1261
1366
1590
1129
1339
2198
1157
1254
1465
1842
1675
1402
991
1839
1884
1262
1439
1604
1638
1503
943
1195
1415
1919
1220
1169
1346
1660
1757
1080
978
1301
1490
1240
1205
1042
2007
1250
1356
1166
1402
1734
1575
1730
1450
1116
1969
1727
1313
1990
1770
1135
1274
1296
1332
1960
2079
1152
1293
1236
1370
2796
1428
1256
1164
1469
1021
1447
1565
1063
1327
1489
1606
1800
1121
1784
1201
1130
1301
1488
1628
1404
1252
1396
1706
1834
1182
1289
1305
1693
1171
1328
1146
1260
1218
2160
1197
1429
1304
1300
1251
1681
1216
1121
1643
1134
1261
1078
1134
1085
1444
1614
1436
1582
1531
1102
1451
1524
1321
1203
1380
1237
1108
1212
1341
1511
1397
1478
1672
1262
1133
1166
983
1205
1133
1688
1260
1172
1305
1668
1114
1394
1182
1454
1289
1354
1103
2076
1788
1067
1378
1453
1353
1066
1411
1527
1376
1245
1250
1625
1336
1420
1406
1349
1035
1158
1025
1701
1670
1282
1302
1271
1542
1033
1475
2453
1087
1339
1241
1664
1592
1718
1532
1582
1484
1407
1497
1356
1600
1509
1454
1277
2261
1848
1958
1188
1327
1076
1391
1197
1491
1325
1282
1221
1348
1076
1324
1342
1695
1508
1716
1062
1789
1191
1168
1349
1508
1571
1440
1368
948
1219
1146
1426
1274
1513
1137
1546
1173
1504
950
1464
1998
1022
1617
1364
1409
1493
834
1227
1010
2098
1157
1186
1605
1102
1917
1348
1441
1593
1740
1440
1200
986
1773
1223
1424
1478
1829
1247
1393
1614
1535
1352
1166
1636
1417
1274
1601
1160
1394
1822
1984
1916
1391
1324
2314
1329
1059
1766
1604
1187
1022
951
1391
1582
1338
1808
1044
1157
1037
1842
1511
2247
1412
1251
1317
1713
2003
1688
1532
1260
1512
1716
1286
1561
1301
1814
971
1053
1516
1468
1315
1483
1244
1308
1621
1444
1900
1406
1350
1328
1324
1168
1454
1414
1642
1460
1730
1161
1430
1661
1180
1191
1536
1269
1147
2002
1323
1386
1201
1181
1855
1713
1313
1067
997
1759
1329
1574
1190
1014
1800
1452
2084
1423
1349
1715
1385
1493
1690
1594
1337
1209
1994
1122
1228
1781
2093
1075
2865
1458
1549
1615
1216
1290
1305
1584
1649
2019
1421
1284
1259
1221
1487
2371
1255
1470
1217
2143
1376
1528
1243
1570
1223
1852
1402
1654
1343
1920
1291
1300
1404
1071
1288
1101
1843
1343
1746
1470
991
1203
1361
1155
1187
1420
1510
1356
1791
1955
1097
1424
1271
1478
2145
1377
1609
1815
1165
1406
1899
1719
1718
1120
1536
1152
1418
1492
1288
2168
1401
1439
1631
1409
1625
1262
1225
1141
2139
1383
1192
1535
1375
1264
1174
1460
1519
1260
1285
1266
1508
1310
1523
1246
1100
1738
1414
2133
1219
1294
1678
2219
1252
1146
1018
1129
1497
1458
1499
1502
2155
1313
1294
1653
1299
1431
1372
1949
1337
1290
1694
2015
1748
1848
1144
1496
1577
1145
1465
1581
1356
1428
1666
1543
1215
1200
1298
1124
1101
1369
1160
1766
1697
1137
1374
2355
1282
1982
1463
2004
1940
1541
1163
1158
1082
990
1605
1191
1880
2161
2130
1942
1780
1277
1317
1052
1841
1370
1144
1626
1283
1261
1239
1201
1406
1570
1120
1258
2158
1412
2055
1340
1698
1302
1393
1318
1370
1356
1250
1804
1284
1476
1207
1486
1305
1526
1306
1719
1568
1292
1195
1347
1429
1370
1412
1701
1336
1585
1158
1374
1593
1370
1641
2587
1667
1257
1989
1618
1337
1420
1236
1923
1063
1127
1253
1642
1391
1377
1090
1285
1555
1542
1266
1243
1071
1295
1567
1990
1528
1076
1387
1478
1213
1399
1430
1510
1375
2070
1538
1354
1135
1185
1809
1567
1436
1038
1053
1577
1682
1298
1414
1345
1678
1245
1377
1072
1170
1335
1602
1539
1317
1679
1592
1172
1287
1212
2296
1862
1552
1044
1296
1339
1924
1436
1501
1355
1182
1122
1697
1143
2001
1359
1282
1283
1125
1342
1424
1334
1943
1116
1678
1297
1339
1754
1310
1202
1295
1234
1532
1464
1112
1097
1494
1088
1147
1961
1151
1114
1452
1244
1498
1119
1744
1290
1869
1380
1209
1574
1102
1060
1490
1380
1535
1100
1524
1245
2356
1794
1588
1060
1765
1504
1065
1719
1161
1633
1569
1238
1182
2145
1522
1446
1257
1639
1298
2133
2199
2141
1208
994
1057
1258
1722
1692
1431
1167
1453
1225
1565
1538
1392
970
1304
1248
1542
1071
1914
1535
1519
1376
1368
1398
1658
1091
2100
1475
1699
1043
1177
1695
1795
1642
1320
1172
1298
1064
1444
1349
1594
1181
1673
1054
1358
1502
1477
1241
1204
1365
1066
1304
1138
1045
1137
1376
1279
1220
1383
1469
1205
1752
1284
1624
1628
1181
1219
1518
1151
1525
1405
1789
1289
1201
1151
1360
1801
1204
1884
1506
1527
1332
1743
1487
1378
1214
1446
1481
1358
1205
1242
1117
1156
1235
1156
1455
1635
1239
1510
1216
1348
909
1418
2168
1510
1453
1415
1029
875
1167
1115
1538
1141
1146
1421
973
1747
1433
1401
1205
1730
1358
1503
1323
1359
1133
1175
1230
1671
1315
1194
1053
1794
1541
1733
1516
1371
1391
1541
1450
1307
1216
1335
1409
1263
1164
1201
1687
1294
1618
1316
1802
1417
1215
1208
1064
1903
1339
1456
2194
1629
1731
1363
1283
1219
1385
1260
1351
1291
1223
1949
1336
1486
1138
949
1539
1546
1020
1374
1525
1347
1252
1848
1215
1287
1791
1096
1509
1353
1086
1457
1141
1447
1660
1491
1663
1209
1266
1456
1001
1007
1617
1799
1302
1522
1360
1029
1427
1429
1283
1365
1519
1708
2283
949
1176
1243
1626
1143
1331
1249
2067
1629
1518
2079
1596
1376
1533
1237
1195
1478
1091
1586
1460
1273
1358
1221
1569
1512
1343
1102
1344
1050
1170
1181
1888
1288
1014
971
1225
1343
1242
1345
1526
1223
1886
1493
1756
1188
1271
1462
1289
1799
1219
1003
1487
1130
1099
1400
1331
1031
1713
1439
1116
1317
1643
1040
1657
1326
1854
1112
1386
1748
1372
1397
1725
1134
1134
1171
1328
1298
1736
1292
1340
1417
1706
1810
1999
1432
1042
1320
1798
1245
1482
1377
1735
1399
1291
1219
1591
1463
1324
1140
1664
1665
1744
1797
1306
1611
1184
1465
1461
1692
1300
1503
1336
1197
1484
1402
1386
1261
1852
1467
2428
1394
1145
1588
1148
1620
1254
2216
1238
1040
1543
1377
1157
1596
1439
1420
1820
1132
1331
1187
1641
1193
1332
1184
1733
1405
1499
1650
1441
1218
1572
1095
960
1232
1320
1626
1191
1123
1456
1409
1446
1129
1480
1431
1018
1431
1435
1443
1678
1076
1740
1504
1407
1374
1032
1203
1318
1884
1445
1745
1238
1303
1456
1366
1145
1766
1587
1524
1396
1210
1239
2216
1415
1403
1086
2215
1800
1209
1495
1195
1175
1479
1240
1325
1226
1254
1521
1618
1349
1492
1303
1394
1095
1417
1359
1631
1277
1483
1339
1023
1136
1492
1319
1729
1296
1286
1233
1547
1483
1158
1682
1325
1069
1288
1085
1330
1742
1280
1459
1279
1906
2251
2321
1206
1149
1550
1244
1132
1031
1243
1555
1546
1865
1680
1021
867
1978
1172
1954
1251
1640
1099
1326
2024
1544
1177
1376
1570
1407
1703
1184
1488
1324
1953
1305
1817
1454
1294
1742
1338
1571
1983
1075
1597
1533
1369
1147
1660
1480
1636
1891
1269
1683
1179
1374
1511
1088
1424
1117
1609
1520
1146
1478
1433
1526
1364
1478
1408
1160
1202
2059
1198
1597
1361
1266
1132
1099
1668
1805
1594
1334
1255
1452
1114
1529
1431
1701
1886
1351
1233
1111
1990
1402
1349
2049
1034
1434
1124
1715
1596
1691
1647
1283
1505
1461
1386
1636
1434
1512
1292
1420
1580
1182
1376
1037
1390
1629
1606
1539
983
1371
1577
1564
1301
1287
1359
1149
1050
1182
1527
1107
2158
1092
2380
1383
1448
1137
1233
1585
1695
1273
1308
1754
1121
1439
1545
1793
1101
1016
1796
1376
978
1152
1646
1896
1286
1746
1394
1211
1325
1197
1549
1862
1874
1185
1569
1287
1548
1273
1260
1703
1082
1683
1261
1387
1362
2231
1476
1410
1856
1399
1072
1878
1105
1702
1387
1366
1035
1481
1623
1444
1142
1267
1773
1389
1092
1341
1276
1306
1712
1355
1485
1511
1301
1048
1774
1316
1229
1193
1236
2065
1869
1252
1316
1068
1564
1166
1239
1385
1638
1742
1429
1541
1153
1524
1357
1389
1633
1906
1285
1319
1588
1444
1558
1698
967
1083
1757
1296
1603
1542
1186
1330
1145
1708
1478
1577
1368
1456
1302
1689
1771
1612
1556
1553
1504
1332
1341
1159
1932
1664
1197
1663
1300
1185
1009
1147
1236
1103
1102
1030
1101
1648
1561
1495
2201
1850
1558
1148
1587
1099
1726
1131
1156
1271
1941
1379
1286
1252
1382
1303
1225
985
1083
1290
1482
1089
2455
1600
1267
1199
1721
1256
1699
1917
2146
1167
1321
1227
1832
1264
1178
1748
1386
1297
1608
1841
1287
1730
1329
1640
1172
1208
1710
1275
1141
1363
1743
1811
1351
1233
874
1254
1252
1332
1596
1269
1051
1915
1845
1281
1184
1299
1404
1222
1384
1518
1432
1491
1125
1403
1543
933
1602
1057
1447
1306
1386
1602
1450
1990
1440
1404
1413
1977
1178
1251
1929
1684
1358
1195
930
1315
1549
1150
1190
1031
1287
1246
1222
1313
1487
1262
1068
1004
1435
1502
1394
1242
1319
1162
1664
1373
1066
1676
1124
1510
2432
1355
1184
1228
1424
1236
1707
1803
1578
1241
1505
2234
1257
1562
1362
1737
1510
981
1298
1361
1540
1321
1509
985
1098
1842
1173
1470
1161
1476
1447
1462
1746
2174
1345
1342
1402
1094
1236
1463
1093
1636
958
1105
1935
1220
1441
1120
1344
1726
1329
1227
1580
1486
1500
1227
947
1306
1007
1335
1221
1539
1211
1529
1239
1348
1933
1260
1471
1319
1569
2272
1531
2037
1621
1440
1181
1258
1415
1259
1057
1407
1610
1406
1471
1606
1441
1965
1479
1276
1787
2625
1829
1348
1120
1186
1700
1144
1196
1541
1327
1528
1292
2195
1143
979
1347
1267
1310
1675
1831
1668
1628
1399
1221
1128
1882
1248
1566
1647
1218
1383
1737
1298
1021
1240
1259
1288
1667
943
1484
1298
1421
1477
1457
1656
1320
1675
1480
1281
1195
1198
1865
1457
1337
1111
1826
1456
1304
1567
1251
1032
1285
1284
1152
2358
994
1320
1839
1326
1134
1178
1971
1447
1450
1054
1319
1355
1307
1387
1686
2230
968
2161
2169
1223
1579
1458
1082
1334
1958
1231
1923
1384
1324
1604
1358
1336
1584
1261
1206
1064
1338
1574
1134
1484
1481
1735
1587
1522
1490
1383
1233
1226
1339
1078
1575
1635
1458
1234
1553
1306
2068
1205
1545
1246
1521
1514
1153
1210
1223
1195
1534
1279
1304
1292
1238
1294
1129
1554
1323
1501
1519
1052
1622
1213
1372
1092
1105
1194
973
1005
1359
979
1358
1290
1963
1939
1024
1448
1364
1082
1192
1198
1852
1321
1408
1293
1316
1776
1701
1033
1598
1349
1415
1108
1364
1556
1316
1314
1221
986
1731
1314
1277
1318
2489
1405
1221
1321
1227
1264
1165
1104
1115
1569
1684
2043
1371
1724
1282
1125
1668
1075
1137
1155
1324
1412
1329
1407
1568
1116
1161
1207
1404
1837
954
1315
2481
1749
1759
1750
1064
1466
1568
1188
1630
1166
1203
1302
2444
1553
1240
1389
1420
1259
1521
955
1350
1106
1550
1286
1822
1698
1213
1621
1512
1000
1015
1104
1397
1419
1423
1424
1424
1361
1965
1122
1678
1393
1728
2020
1409
1445
1480
1586
1231
1106
1660
1172
1260
1425
1557
1421
2023
1175
1374
1228
1231
1529
1255
1310
1891
1218
1307
1421
1317
2004
1569
1350
1379
1321
2061
1193
1250
3641
1540
1112
1537
1776
1823
1798
1183
1558
1390
1458
1734
1265
1367
1134
1576
1523
1555
1180
1283
1356
1577
1753
1431
1381
906
2193
1412
1582
1401
1346
1327
1615
1586
1428
1427
1378
3444
1309
1233
1170
1477
1378
1891
1723
1317
2199
1186
1229
1119
1129
1380
1636
2048
1340
1069
2043
1658
1204
1294
1494
1241
1368
1272
1166
1224
1630
1722
1750
1399
1392
1339
1436
1508
1381
1514
1349
1168
1900
1167
2034
1510
1082
1609
1017
1259
1078
1528
1680
1047
1449
2657
1317
1271
1602
1343
1740
1162
1449
1026
1036
2044
1495
1627
1542
1341
1372
1328
978
1069
1649
1477
1012
1102
2297
1760
1598
1324
1261
1980
1168
2145
1223
1003
1261
1393
1400
1967
1331
1856
1353
1551
1259
1386
1560
1223
1225
1218
1535
1641
1116
1599
1768
1118
1829
1273
1721
1501
1177
1512
1133
1672
1624
1154
1107
1141
1380
1396
1538
1515
1470
1146
1324
1454
1179
1278
1446
1457
1377
1116
1401
1372
1346
2121
1237
1660
1340
1195
1465
1262
1426
1472
1207
1319
1686
1196
1193
1864
1205
1426
2231
2146
1591
1345
1523
1406
1027
1248
1200
1265
1141
1286
1258
1108
1513
1296
1549
1207
1579
1247
1166
1073
949
1461
1509
2136
1373
1122
1357
1574
2078
1588
1235
2176
1278
1538
1400
1214
1330
1213
1129
1618
1698
1432
1654
1350
1103
1195
1699
1358
1218
1476
1471
1364
1219
1471
1207
1627
1963
1222
1455
1493
1591
1713
1325
1268
1315
1163
1609
1722
1612
1322
1566
1481
1467
1620
1277
1375
1399
1051
1548
1722
1273
1106
1346
1211
1082
1121
1091
1669
1343
1299
1045
1645
2245
1437
1256
1424
1032
1486
1058
1586
1489
1729
1314
1805
1659
1302
1750
1346
1360
1288
966
1412
1222
1534
1341
1343
1651
1236
1379
1446
1600
1596
1243
1051
1297
1720
1472
1167
1223
2054
1511
1144
1108
1352
1729
1588
1591
982
1319
1438
1004
1360
1507
1082
1343
1230
1905
1493
1725
1563
1777
1336
1023
1132
1546
1518
1020
1254
2134
2004
1465
1631
989
1296
1561
1265
1643
1590
1488
1156
1456
2533
1430
2367
1253
1365
1252
1457
1197
1261
1567
1276
1455
1153
1442
1592
1081
1225
1692
1350
1136
1548
1361
1777
1443
1415
1180
1985
1810
927
1501
1601
1376
1264
1695
1263
1220
1163
1694
1169
1234
2556
1134
1507
1004
1371
1604
1323
1472
1677
1664
1441
1348
1600
1271
1583
1401
1425
1219
1225
2139
1843
1250
1737
1350
1240
1162
1653
1329
1466
1257
1113
1372
1108
1410
1184
1466
1435
1899
1291
1374
1375
1421
1281
1434
1179
1350
1247
1197
1249
1251
1835
1368
1295
1641
1312
1577
1153
1500
1430
1428
1236
1514
1335
1217
1222
1389
1754
1271
1074
1713
2126
1421
1252
1388
1304
983
1319
1177
1446
1199
1021
1364
1349
1205
1777
1119
1116
1209
1221
1072
1240
1726
1435
1360
1359
1581
1179
2139
1486
1277
1109
1473
1158
870
1858
1179
1657
933
1814
1187
1302
2364
1132
1363
1149
1165
1243
1115
957
1061
1290
1488
1062
1662
1336
1607
1754
1189
1413
1345
1348
1454
1678
1458
1303
1218
1584
1563
1179
2017
1422
950
1785
1081
1258
1316
1549
1518
1198
915
1072
1334
1317
1549
1536
1126
1785
1426
1533
1305
1441
1615
1183
1346
1454
1023
1233
1151
1614
1270
1404
1274
1748
968
1102
1198
1784
1335
992
1150
1765
1207
1365
1888
1201
1079
1802
1226
1218
1778
1121
1246
1342
1256
1094
1323
1106
1396
1095
1301
1134
1610
1645
1489
1344
1330
1003
1243
1301
1239
1485
1273
1459
1473
1339
1608
2011
1212
1182
1330
1625
1115
1372
1263
1071
1372
1197
1012
1399
1265
1193
1451
1317
1655
1259
1952
1578
1508
1355
1030
1433
1446
1176
1204
1363
1922
1244
1191
1126
1642
1656
1449
1481
1171
2035
1656
1599
1571
1866
1416
1522
1570
1212
1499
1150
1239
1042
1256
1048
1491
1659
1867
1353
1225
1320
1210
1368
1627
1298
1434
1658
1298
1646
1204
1370
1440
1407
1194
1449
1892
1247
1408
1315
1431
1235
2365
1262
1296
1503
1113
1038
1394
1770
1376
1381
1443
1322
1497
1342
1349
1084
1646
1766
1919
1423
1531
1223
1620
1316
1158
1529
1484
1285
1653
1376
1299
1340
1221
1409
1124
1060
2098
2005
1716
1492
1687
1886
1210
1005
1275
1255
1741
1351
1845
959
984
1388
1391
1352
1720
1090
1363
1064
1000
1418
1231
1717
1328
1540
1808
1279
1968
1519
1145
1216
1336
1527
1554
1556
1448
1406
1569
1266
1171
1308
925
1526
1694
1698
1668
1902
1529
1136
1158
1157
1589
1611
1763
2090
1341
1060
1350
1334
1657
2184
1803
1362
1502
1224
1442
1242
2159
1433
1402
1511
1467
1426
1277
1683
1125
1271
1431
1244
1724
1247
1444
1901
1330
1308
1318
1406
1073
1248
1257
1926
1252
1118
1039
1167
1642
1405
1640
1881
1114
1746
1320
1278
1425
1270
1208
1868
1624
1495
1218
1093
1630
1059
1102
1350
1353
1261
1578
1446
1336
1335
1129
1129
1340
1177
1389
1359
1664
1890
1655
1181
1395
1326
1077
1131
1252
1444
1933
1716
1496
1393
1119
1506
1022
1660
1214
1541
1518
1265
1172
1722
1543
1694
1260
1175
2713
1340
1377
1443
1277
1041
1107
1327
1405
1498
1320
1719
1395
1308
1931
2310
1085
1995
1542
1776
1170
960
1281
1770
1407
1349
1284
1134
1139
1193
1113
1169
1296
1366
1218
1452
1285
1340
1263
1335
1501
1373
1808
1131
1021
1544
1461
996
1239
1111
987
1409
1315
1503
1685
1236
1071
1630
1453
1316
1209
999
1394
1361
1435
1400
2205
1289
1364
1608
1523
1072
990
1499
1259
1385
1640
1666
1138
1580
1379
1140
1277
1621
1096
1285
1253
1426
1163
1355
1674
1531
901
1142
1324
1471
1385
2007
1692
1384
1076
1549
1422
1366
1479
1623
1196
1127
1281
1255
1271
1353
1316
1320
1617
1512
1426
1146
1297
1292
2377
1462
1209
1719
1544
1300
1735
1341
1152
1053
1972
1074
1424
1762
1554
1750
1359
1291
1234
1282
1459
1022
2868
1341
2153
1679
1604
1060
1305
1345
1198
1320
1409
1594
1085
1190
1221
1121
1272
1236
1162
1012
1260
1588
1622
1444
1628
1148
1145
1131
1366
1180
1278
1392
1423
1665
1124
1839
1188
1235
1587
1208
1105
1138
1613
1823
1518
1290
1747
1578
1333
1204
1022
1827
1287
1360
1280
1515
1056
1096
1284
1137
1397
2398
1206
1437
1458
1238
1445
1303
1526
1554
1907
1738
1392
1302
1111
1702
1407
1103
1288
1344
1378
1908
1406
1457
1361
1386
2025
1003
1494
2115
1270
1300
1316
1215
1535
1131
1829
966
1310
1805
2038
1039
1371
1374
1802
1320
1236
1111
1711
1595
1152
1334
1151
1397
1436
1374
1424
1712
1164
1207
1233
1521
1405
1176
1040
1198
1051
1323
1510
1604
1080
1220
918
1280
1497
1239
1605
1082
1258
1291
1935
1591
1345
1544
1436
1248
1096
1158
1101
1109
1711
1370
1202
1820
1322
1362
1092
1781
1885
1466
1306
1198
1717
1481
2090
1164
1851
1261
1010
1202
1422
1529
1266
1939
1136
1284
1616
1235
1616
1331
1237
1357
1221
1799
1402
1672
1188
1135
1076
894
1589
1427
1072
1335
1325
1314
1244
1388
1072
1183
1109
1539
1372
1372
1087
1449
1040
1371
1666
1344
2063
1200
1899
883
1428
1579
1520
1420
1109
1371
1648
1322
1172
1108
1111
1170
1448
1029
1413
1410
1441
1544
1287
1562
1247
1459
1372
1549
1825
1182
1608
1319
1100
1568
1406
1474
1762
1660
1653
1561
1351
1612
1075
1222
1358
1276
1698
1014
1359
1268
1522
1608
1417
1563
1639
1501
1263
1540
1312
1705
1792
1101
1601
1348
1202
1185
1124
1074
1428
1560
1291
1368
1565
1040
1323
1615
1134
1889
1893
2078
1550
1057
1201
1309
2410
1153
1648
1376
1728
1160
1880
1358
1389
1301
1181
1523
1462
1015
1180
1259
1868
1635
1149
1028
1418
1177
1273
1550
1533
1090
1808
1297
1164
1435
1008
1872
1312
1278
1606
1134
1324
1349
1435
1642
1267
1310
1192
1461
1630
1805
1230
1945
1388
1335
1200
1231
1127
1720
1100
1396
1107
1628
1510
1638
1860
2042
1246
1484
1286
2066
2220
1243
2279
1388
1828
1971
1142
1249
1994
1024
1051
1677
1370
1289
1462
1280
1287
1575
1397
1422
1320
1343
1142
1530
1118
1780
1326
1444
1293
1492
1084
1794
2059
1351
1897
1704
1469
1721
1481
1350
1795
1654
1504
1359
1767
1478
1253
1553
1866
1677
1338
1202
1221
2161
1489
1135
1178
1605
1837
1435
935
1080
1440
1277
1405
1414
2471
1181
1233
1113
1473
1117
1155
1198
1452
1062
1244
922
1092
1664
2005
1996
1177
1645
1407
1233
1639
1250
1235
1196
1558
1413
1201
1115
1132
1479
1370
1896
1343
1196
1082
1033
1412
1173
1645
1156
1805
1445
2587
954
1005
1057
1706
1787
1331
1473
1289
1370
1171
1457
1490
1271
1566
1545
1278
1239
1160
1147
1909
1409
1866
1187
1545
2222
1364
1892
1489
1217
1521
2218
1390
1634
1751
1651
1428
974
1738
1688
1375
884
1319
1500
1152
1405
1270
1338
1112
1104
1585
1303
1334
1680
1065
1904
1195
1306
1125
1421
1598
1441
1281
1554
1402
1471
1857
1183
1772
1174
1145
2208
1404
1231
1133
1355
1399
1693
1096
1650
1560
1279
1217
1636
1170
1482
1364
1525
1426
1134
1321
1162
1422
1021
1905
1698
1228
1587
1204
1181
1482
1086
1819
1370
1716
1654
1330
1236
1344
1421
1288
1285
1432
1299
1353
1224
1254
1769
1773
1240
1142
1256
1240
1297
1186
1476
1400
1738
1427
1134
1240
900
1229
1313
1252
1518
2001
1900
1358
1484
1281
1278
1889
1495
2065
1449
1688
1869
1244
1092
2193
1382
1433
1061
1930
1282
1266
1682
1206
1751
929
1494
1317
1167
1262
1164
1900
1316
1347
1164
1886
1160
1543
2228
1074
1605
1562
1328
1192
1622
1207
1836
1446
2336
1144
1521
1401
1478
1401
1139
1339
1035
1192
1391
1467
1168
1124
1194
1406
1168
1499
1527
1265
1107
1603
1301
1405
1536
1132
1378
1144
1645
1244
1483
1097
1279
1595
974
1026
1123
1516
1172
2578
1171
1858
1176
1387
1289
1287
1234
1821
1688
1190
1148
1232
1381
1606
936
1201
1800
1193
1202
1750
1490
1589
1779
1449
1322
1600
1726
1104
1881
1116
1751
1716
1163
1521
877
1076
1249
1496
1423
1260
1319
1679
1344
1194
1189
1898
1315
1043
1177
1309
1105
1306
1443
1597
1192
1707
1500
1326
1143
1426
1142
1294
1038
1329
1147
1293
1970
2028
1392
1491
1274
1725
1099
1124
1344
1332
1131
1448
1399
805
1304
1349
1197
1844
1794
1148
1334
1957
1431
1344
1342
1593
1504
2810
1611
1136
1500
1178
1191
1893
1104
1307
919
1426
1915
1613
1461
1474
1428
1444
1610
1413
1815
1436
1500
1593
1397
1448
1129
1371
1425
1814
1480
1454
1673
1052
1259
1170
1527
1255
1603
1515
1463
1483
1503
1365
1153
1387
1570
1698
1245
1379
1275
1623
1032
1453
1357
1866
1772
1926
1072
1715
1632
1195
1344
1487
1136
1963
1313
1117
1274
1141
1762
1557
1435
1146
1390
1819
1349
1301
1626
1426
1089
1844
1325
1488
1526
1420
2454
1450
1412
1057
1599
1829
1131
1440
1931
1232
1588
1089
979
1822
1687
1538
1281
1216
1006
1636
1388
1447
1516
1420
1464
1377
1117
1604
1356
2110
1328
1446
1142
1979
1521
1682
1179
1504
1770
1703
1106
1089
1025
1213
1169
1545
1497
1102
1015
1883
1170
1410
1068
1319
1398
1295
1480
1628
1424
1244
1490
1798
1401
1538
1304
1744
1368
1437
1260
1592
1284
1801
1573
1954
1209
1246
1421
1289
1139
952
1030
1315
1459
1399
1578
1738
1232
1317
1504
1844
1118
2161
1444
1353
1105
1020
1270
1242
1165
2222
1335
1457
1976
1188
1400
1742
1653
1088
1477
1773
1671
1034
1571
1644
1136
1424
1460
1201
1516
1223
1366
1351
1315
1346
1646
2278
1466
1936
1501
1508
1365
1635
1172
1794
1529
1422
1086
1172
1064
1100
1280
1127
1525
1430
1204
1552
1332
1321
1083
2161
1144
1176
1243
1178
1357
1404
1479
1314
1500
1073
1337
1511
1661
1647
1867
1124
1564
1494
1371
2126
1488
1134
1152
1551
1196
1153
1360
1508
1243
1454
1233
1245
1374
1404
1452
1265
1460
1832
1248
1239
1451
1763
1737
1302
1381
1452
2202
1200
1597
1166
1384
1594
1340
1189
1520
1509
1338
1155
1419
1278
1838
1204
1390
1344
1196
1593
1243
1792
1480
1246
1258
1365
1536
1051
1180
1424
1160
1704
1213
1506
1183
1314
1391
1146
1817
1180
1808
1851
1142
1091
1908
1428
1403
1617
1609
1252
1313
1552
1467
1230
1130
1099
1336
1657
1330
1348
1392
1547
1285
2058
1208
1619
1103
1565
1527
1307
1160
1279
1064
1035
1038
1146
1225
1486
1733
1514
1385
1457
1252
1272
1347
1819
1449
1202
1287
1647
1793
1143
1174
1128
1376
1735
1290
1259
1480
1811
1442
1234
1433
1218
1485
1377
1065
1920
1277
1661
1350
2046
1379
1351
1475
1148
1295
1113
1983
1093
1245
1548
1249
1763
1159
1960
1854
1543
1712
1331
1391
1967
1613
1326
2148
1524
1752
1300
1442
1637
1328
1435
1796
3323
1132
1228
1415
1229
1521
2150
1215
1284
1210
1730
1238
1802
1210
1717
1618
1148
1418
1392
1252
1797
1066
1222
1236
1502
1484
1501
1483
1264
1687
1318
1363
1387
1552
1599
1429
1345
1550
1359
1016
1356
1309
1328
1123
1546
1372
1665
1338
1323
1549
1162
912
1859
1356
1250
1773
1470
1324
1220
988
2058
1655
1350
977
1307
1151
1052
1653
1937
1527
1283
1253
1281
1072
1265
960
1260
1186
1605
1561
1964
1564
1368
1674
2697
1450
1546
1383
1761
1518
1397
1369
1287
1181
1350
1406
1753
1288
1372
1338
1760
1440
1791
1511
1194
1067
1400
1552
1557
1058
1745
1790
1395
1578
1806
1225
1492
1389
1498
1524
1496
1281
1440
1739
1404
1241
1317
1521
1216
1177
1139
1586
1830
1227
993
1514
1628
1172
1329
1464
1423
1100
1242
1511
925
1014
1188
1010
886
1348
1535
1350
1178
1859
1491
1750
1151
1007
1190
1176
1380
1296
911
1174
1276
1390
1211
1452
1768
2177
1215
2177
1377
1801
1225
1038
1788
1510
1395
1422
1188
1550
1899
1400
1270
2056
1260
1391
1531
1470
1264
1217
1137
1161
1626
1281
1509
1316
1298
1162
1328
1378
1412
1511
1319
1970
2099
1036
1683
1803
1187
1450
1309
1225
1836
1226
1376
1649
1546
1440
1326
1331
2229
1708
1282
1148
1747
1674
2004
1306
1456
1474
1071
1149
1216
1272
1896
1533
1462
1099
1095
1165
1334
1468
1396
1279
1410
1517
951
1498
1117
1618
1039
1155
1208
1355
1126
1068
1298
1147
1409
1487
1622
1363
1491
1063
1291
1006
1140
1109
993
1236
1489
1489
1630
1289
1667
1068
1722
1340
1190
1823
1263
1446
1804
1779
1306
1587
1300
1364
1209
1492
1257
1033
1855
1182
1352
1316
2081
1232
1231
1599
1057
1427
1167
1130
1569
1876
1689
1982
1205
1546
1706
1102
1261
1656
1108
2061
1615
1544
1542
1357
1888
1748
1125
2017
1286
1580
1391
1513
1310
1458
1495
1245
1944
1588
1323
1604
1521
1081
1606
1329
1709
1443
1276
1706
1275
1642
1141
1287
1156
1761
1164
1928
1424
1344
1271
1254
1201
1282
1294
1741
1526
1199
2070
2108
1761
1137
1627
1566
1384
1198
2111
1903
1449
1480
1460
1060
1421
1613
1234
1150
1232
1177
1385
1473
1124
1317
1521
1535
1745
1388
1518
1388
1179
1538
1476
1222
1349
1528
1583
