4981
4860
4257
4535
5807
6536
3987
4396
4677
5010
4919
5197
4855
5167
4992
5222
4076
6723
5111
5327
5587
4410
6077
7570
4862
4216
4364
6342
3691
5021
4997
6793
4533
6515
4094
5245
4732
5492
6664
4901
5459
4362
4593
6854
5700
5874
5973
4909
5296
4892
5826
6327
4762
5565
4946
6825
6703
6333
7123
4674
4190
4115
4736
4544
5690
4327
5711
6228
6746
5699
4758
6118
5593
5321
5281
5451
4645
4816
5001
4911
6906
6899
5439
4928
5192
4131
6614
4459
4539
6035
4667
4696
4854
5797
4880
4331
4556
5633
5258
4640
5418
5507
4862
4940
4475
4837
5023
7270
10253
4219
4720
5844
3886
5611
4564
5165
6160
4850
5086
6565
4777
4925
5533
4926
4911
4217
7932
4120
6190
5313
4816
4423
4714
4353
5757
4527
4778
4895
5353
6805
4615
6292
4221
4108
4842
4652
4820
5577
4956
5686
6753
5770
4483
5157
5493
4389
5550
5500
6719
4711
5063
5281
4778
3988
5003
5163
4453
4085
5806
5302
6499
4428
5202
4838
5630
3904
5077
6167
4395
4599
5114
8007
4439
6653
4877
4133
4574
4392
4912
5065
4693
4648
5863
6464
6334
5146
5075
4928
4940
6957
4619
4397
4839
8585
5097
4498
4690
5227
4533
5459
3758
3887
4286
7853
4928
5003
5287
4092
4421
5835
6799
5577
6046
4289
5904
4646
5969
4445
5538
5876
4966
4366
4271
4512
4067
5444
6779
4750
6984
6364
5647
4744
5898
5477
5522
5767
5540
6170
4416
5536
4917
4577
6131
4661
5110
4566
3813
4647
7043
4625
6308
4230
4519
4146
3934
4452
5190
5515
5773
5364
4773
6147
5276
5558
6920
5057
4055
5318
5533
5260
4836
4639
4131
5003
4851
4719
6135
6179
6085
4455
5711
3772
5011
5052
6467
5344
4021
5302
4097
4610
5379
5606
6142
4785
5182
4069
6848
5453
4088
4810
4522
4946
6106
5209
4585
4626
4838
5130
4033
4590
4519
4605
5136
4179
4094
6332
4796
5237
4629
4306
6934
6003
6135
4552
4765
4860
4617
5883
6880
5519
4019
4584
4460
4058
4004
3827
5611
4438
6178
5211
9004
5942
4792
5365
4594
4249
6309
4708
4965
4241
4947
4152
5971
4499
6473
6293
4607
5295
6431
4944
5523
4868
4897
4085
6154
4741
5439
10150
7690
6300
4312
4116
6320
5868
4774
4986
4948
3748
5556
5899
5668
5950
4448
4351
4418
5171
5403
4499
4742
5522
5347
4240
4888
5576
4806
6841
4757
4295
5618
7035
6923
4303
5045
4295
4557
5078
4904
4574
4404
5943
6044
5785
5161
4590
6262
4511
4263
6525
3962
5665
5421
4433
6388
4845
4531
5486
4986
4672
5534
4680
4799
5904
5551
4445
4527
4416
4796
7017
4225
4090
6669
4269
5852
4373
4637
4714
4549
4937
8940
4046
4339
3940
5179
4908
6802
4388
4546
5751
5472
5939
5310
7358
5348
4622
4471
4642
4620
5019
4687
5343
4346
5276
5279
4265
4242
4849
5173
4649
4945
3997
5379
6216
6471
4805
4598
4287
4596
4134
5338
4379
5073
5242
5025
4297
4868
4469
5729
4603
4585
4761
5361
5148
4201
7137
4959
5271
4304
4459
8157
4644
4969
4239
4925
4838
4673
4567
4902
5623
6174
6229
5066
5014
4483
6356
5078
3666
4469
6777
6225
4071
4491
5364
5142
5488
4508
4746
4120
4353
4629
4836
4800
5820
6433
7530
4654
4616
4970
4044
5462
4958
5193
5859
5048
4524
4245
4138
4875
5871
5392
5509
5340
4828
4425
4549
4411
4402
6457
4876
4500
3820
4510
5188
5320
4994
5622
7754
4378
8230
4789
4612
5626
5347
7400
5503
5087
5181
6117
5340
5745
4069
4715
5497
4624
3897
4096
5126
4771
5095
5200
5316
5833
5604
4201
4974
4746
5418
4892
4061
4747
5961
5034
4230
5500
6025
4193
5403
4555
4263
5830
5493
5525
4459
5553
4875
6211
4581
5504
5419
4525
5856
5950
7059
6511
4637
4828
5041
6664
5980
5756
6709
7599
5806
4465
5181
5300
4109
4327
5672
4534
4814
5950
5659
5861
5199
4595
5174
4990
6185
5871
5644
4330
5121
7443
4042
5717
5045
5612
5505
5711
4355
5646
4690
6079
5875
4457
6744
5279
5431
4908
4985
3994
4607
4857
5314
5396
6888
7405
4631
4769
5097
6615
5145
5892
5296
6916
5041
4505
4989
4474
5648
4599
4464
3982
4816
4242
5519
5187
5612
4848
3328
6233
5101
4364
4631
7673
4975
5057
4482
4705
5055
4584
4317
5174
4252
5329
5052
5052
4314
4783
5221
4613
6048
4893
5403
4957
5815
4294
4579
6834
6479
8617
6128
4487
5146
4426
4594
4562
5252
4247
4721
4866
5098
5075
3737
6577
6838
4589
4684
4990
5222
4637
6227
6616
4908
5121
4932
4991
4401
4996
5947
4515
5029
3946
4293
4815
4538
8570
4417
4621
5536
6583
4402
4746
6851
5278
5015
5160
5672
4293
4822
7019
5368
4930
4063
5654
6399
4429
3904
7324
4239
6343
4076
4870
5540
4402
5996
5400
4893
4694
7076
4010
4323
5603
5455
6410
4648
4691
6019
6039
6317
4747
5086
3980
5547
4220
3785
5074
4005
4443
4682
4469
6246
4879
5831
4187
6510
5454
4048
4513
5525
3897
5889
6000
4067
6185
3993
5606
4991
4512
5524
4481
5323
4211
6280
5689
5406
4280
5562
4895
4961
5077
5971
4531
4475
5071
4966
5034
5291
4182
4376
5825
4034
5745
4739
5748
4478
7009
5314
5086
5288
4676
5948
5707
5061
4103
5324
3617
5552
5645
4131
4651
4860
3875
5070
5592
5163
4920
4883
4794
4680
5094
4455
6131
5014
4329
5362
5154
4966
5497
3893
4719
5405
5709
4134
4777
4819
4481
5483
5241
4638
6724
5049
4820
4590
5812
4729
4932
4889
5222
4618
5261
4713
5395
6383
4830
6296
5965
5455
5250
5349
4312
4902
5019
5184
5341
4068
5387
6002
5639
5039
5344
4547
4996
4579
5639
5271
5758
5536
5077
5498
5223
3850
5467
5456
4387
5539
5423
3653
4510
9486
5254
4115
7015
4649
5773
4827
5463
4003
5026
6513
5037
5479
4540
4776
5151
4785
5471
5644
5215
5830
5692
5537
4913
4951
6104
5730
5986
5350
5082
4433
4955
6270
7017
3729
5687
4706
3944
4166
6179
5133
4780
4582
5363
5542
3935
4831
4472
5495
5683
4244
4376
4177
4031
6356
3896
4952
5786
5929
7139
5216
5484
4405
4607
4634
6931
6831
9140
4780
3960
5477
4534
5087
5567
11580
4782
5420
4874
6606
4127
4124
4914
6968
5391
5319
4590
6352
4346
4553
4323
6229
5226
4733
5012
6534
4755
4610
4260
6492
5831
4128
5554
4862
5809
5353
3701
6804
5410
3890
5890
4454
3842
4713
4869
5026
4275
4382
4505
4504
7043
5225
4433
4735
4122
6489
5732
4571
5089
4788
3893
4600
5006
4272
5287
4945
4835
5242
4874
5073
5691
7535
4659
4690
4619
5648
5200
4462
5164
4319
5163
5206
4311
4735
6269
4300
4638
4984
5010
4511
4760
3894
4379
4636
5543
4880
5099
5011
5556
4917
6456
4555
6996
5394
4388
4922
4604
4663
4415
5520
4480
5783
4434
5263
5830
4137
4316
4932
5658
5627
3580
5118
5274
6222
4428
4247
5466
5175
4913
4937
5248
7870
4115
5307
4993
4911
4961
4189
5667
4683
4244
5269
4806
3742
5141
3509
7019
5035
4821
4047
6689
6203
4883
7471
4339
4979
6460
5672
5228
4627
5386
5748
5652
4030
5893
3379
4277
6880
4972
5800
5539
5475
3782
5525
5632
4852
4416
6290
5311
5624
4534
6934
4558
6479
4039
4771
5903
3750
5407
5349
4157
4301
4925
4377
5699
5309
5101
5325
5457
4413
4719
4206
4101
4939
6475
5273
7560
5009
6632
5121
4804
5240
6327
4254
5094
4703
6537
4621
5776
4758
4272
4615
8012
5212
4454
4680
4023
4827
4580
5016
5043
6967
5179
4843
7145
4549
6271
6425
4137
4941
4725
4628
5640
4805
6148
4169
6506
6462
7888
6693
4351
4734
5272
5116
5977
5500
5869
5197
4825
4505
5580
5347
4440
5622
6492
4329
4349
4892
4709
4125
4554
4588
4487
5358
4733
4803
5839
4235
5383
4091
5524
4956
4132
5165
4736
5427
4670
5114
4645
4446
6092
5327
5999
4048
4470
4346
4620
7706
6786
4322
5759
4649
4396
5480
4634
4386
5174
4427
7201
5597
4803
4481
4342
4240
5809
6968
4240
4981
5915
6546
5997
5909
5096
4521
5359
4684
5934
5708
6361
4126
3831
6852
5113
4410
4945
6074
4128
4864
5857
5091
5933
6072
4356
5456
4619
6572
5096
4965
4357
5314
4742
5725
3921
5204
4563
5386
4655
5597
5799
3655
5171
5429
5140
4870
4630
3651
4247
6034
4713
3919
5180
4977
5051
5856
3903
5576
6634
4616
4664
4474
4820
4436
4698
4889
6085
5366
4902
4939
6078
5716
4653
5094
4305
4337
7574
5065
5115
6805
6723
4842
4497
4826
5051
4834
5127
5507
4925
5152
5470
7706
4570
4033
5635
5256
4719
4575
4710
5071
5211
6067
3772
7602
5901
5542
4269
4596
5940
4680
4646
6218
4692
4110
5215
5355
5766
5720
5398
5269
7229
4413
5929
4461
4993
6059
3710
4178
4980
4606
6205
4827
4193
5515
4298
4512
4563
4612
4933
4385
4101
5240
6094
4362
4311
4076
4835
5164
3626
5743
5522
4992
5121
4192
5188
4833
4526
5408
4079
4588
4715
6114
4594
4306
6547
4766
5781
4697
4892
4828
4173
4975
6191
5061
5441
4890
4738
5101
5092
6062
5562
4196
6094
5129
5246
5328
6207
4160
4344
4479
4389
4430
5538
4126
5348
4666
5081
5916
4473
6519
4204
5610
5242
4300
4852
5619
5522
5604
4909
4321
4717
5405
5494
5022
6593
6169
4968
5750
6259
4586
4355
5116
4521
4501
4798
5181
5318
4389
4979
5998
5332
5172
4440
4348
4772
5805
4898
6263
5923
6167
6112
4985
4870
5846
5825
5045
4785
5407
5125
4921
5151
7201
4614
7435
4625
5790
4183
4726
5009
4604
4243
6660
6048
5143
4105
7552
4465
5506
4722
4487
3700
5209
5219
3636
5132
4347
5164
4541
4993
5776
4511
3798
4582
4559
5979
4287
5102
4781
5179
4108
3996
6383
5539
4343
5950
4545
4557
4659
5270
4759
4729
5374
5373
4881
5815
4325
4869
4891
4161
4660
5257
5301
4368
6451
4365
5903
4899
5116
5313
8699
5085
8635
5253
5373
5872
4505
5305
6246
6119
6650
5567
5132
4210
3924
5068
5429
4552
6416
6506
3878
5009
4927
4330
5481
6033
4568
4192
5513
4090
4621
6415
5913
4594
5827
4948
4998
3883
5564
6027
5631
7139
5849
4895
6611
6177
4724
4044
5858
6362
4180
4255
4338
4774
5544
5681
4741
4751
3898
5955
5116
5616
4565
3972
4799
5205
5015
4150
5811
4215
4372
5085
5215
3812
4551
5109
5271
4013
5289
5635
4096
5516
5128
6489
4588
6994
5150
4757
4616
5683
4129
5103
3964
6111
5164
4577
6173
5722
8163
4796
5260
4173
4708
5382
4184
4922
5415
6988
5577
4020
5042
5086
4914
4392
4865
4062
4721
6428
5898
5254
4695
4241
4787
4243
3995
5736
6963
4854
5197
5573
5604
7817
4280
5785
4894
4798
5187
4966
5355
4509
4492
4848
4527
5945
5992
6090
4820
4369
4206
4420
4643
4342
4315
4847
6179
8633
4701
5141
4586
4485
5363
5393
4825
5062
4608
4366
4810
7248
5609
7673
5499
5410
5921
6008
4146
4855
4589
5490
5177
4667
4916
4990
4982
4337
5968
4063
4414
4634
5074
4900
5455
4643
5289
7087
5677
5538
4930
4781
4965
4263
4188
4593
7438
4035
4151
7767
5478
4977
5109
6667
5411
4257
4973
3868
4844
4934
4924
5284
3974
5577
4279
4718
4589
4960
5018
5085
5480
5153
5498
4126
5066
5800
4937
5667
4788
5117
5184
5045
4043
4941
7533
5197
4344
8331
5193
4238
6163
5660
4581
4974
6479
5121
5513
4203
4809
6492
6689
4925
5489
5342
4034
5326
5335
4457
3720
7736
5267
5930
5972
5664
4493
5790
5310
4197
5430
6290
7546
5020
4684
6259
6152
4896
5808
7939
4354
5609
6737
3677
5381
5757
3906
4477
5722
5355
4729
6898
5419
4093
5058
5589
5234
4156
6117
5169
4275
4676
4628
5060
5102
5612
7522
4754
3955
4939
4574
5472
4155
5525
5120
3884
4279
5997
3887
4965
5064
4649
5677
4697
4523
5196
4444
5876
6474
5828
5197
4966
5387
5096
5904
4500
4963
4825
4662
4622
4501
4365
5318
5244
4534
5922
5748
4400
3960
4205
5525
4716
4282
4108
4708
4977
5493
4292
3718
4738
4238
4733
6337
4935
7196
4361
4694
5453
5097
7083
4656
5225
4612
5222
4519
5088
5448
4604
4618
5407
4422
5119
5139
4502
4404
4200
5253
3952
4646
4145
8912
5056
4170
4774
4326
6686
6064
4913
5499
5726
5436
3981
5827
6931
4870
5424
5355
5089
4322
4205
5029
4178
5354
4767
3871
6187
5132
5566
4591
4323
5290
5564
5798
6508
3864
6070
5673
4972
6454
6952
4599
4579
4695
4625
6786
5984
4962
5097
4001
4563
4873
5483
6875
7100
6047
4170
5531
4356
7321
5885
5140
5356
5126
4841
4197
4951
4827
4351
5408
5351
4112
6747
6205
5030
4937
4774
4219
5025
4224
5203
4539
4007
4581
4247
4738
5767
5486
5278
4458
5020
4121
4740
3630
5170
4249
5157
5641
4649
4507
4223
4140
4949
5022
5209
4788
4981
3763
7362
4880
4226
6775
4316
5393
4624
5298
4481
5681
4957
4916
5209
4436
6836
6601
7363
5572
4373
6349
5266
4666
5395
4778
3907
5707
7183
5449
5047
4670
5368
4910
6264
3994
5621
4492
4661
5379
5240
8579
4198
4611
5993
4055
5807
5880
5682
4836
4778
4436
5636
4150
4378
4982
4608
5678
5420
4157
7650
4260
4881
4977
5874
5255
5346
5481
4560
5022
4297
4292
4528
8367
5150
5001
5592
5695
6350
5941
4536
5966
5820
6239
3978
4797
3938
5177
4718
4673
4198
4695
5242
5014
4718
6004
5508
5708
4841
4830
4792
3916
5358
6092
4951
4945
5840
5644
4235
5084
5522
5428
5373
4992
5620
4619
6684
4022
4836
5055
5636
5157
7184
5259
5645
4563
5113
5117
6789
4616
4785
6453
6727
6099
4343
5073
5490
6015
3546
4699
4295
4746
5036
4890
4869
5742
5023
4347
4619
5226
5221
4537
5080
4613
4443
4505
4604
4934
6443
4910
5385
5950
4283
4266
4933
4433
4999
4497
4586
4706
7261
4999
5593
4734
7157
7477
6040
6349
6868
6673
5127
4398
5114
4181
7072
5504
5529
5293
4593
5758
6728
4158
4773
5961
4477
4724
4565
5022
4502
5195
4192
4706
4778
5053
5601
5583
4003
4982
8032
5107
4337
7277
4361
4611
4824
4552
4973
4272
4793
5345
4789
4613
5270
5257
4778
6384
5936
6102
5102
5151
4720
5002
4398
5101
4351
5498
5653
4332
5876
5312
7280
4385
8169
5647
6985
4771
5333
7304
3689
6674
6895
4864
4690
4917
4212
8185
5467
5287
5381
4008
5809
6996
5086
4884
5605
4595
5704
6722
6756
5257
4432
4644
4418
5618
4301
5964
6536
4963
5265
5104
3593
5243
4579
5152
6082
7663
5539
5141
4803
4385
5129
4744
5839
4840
4989
4649
6059
5939
4158
4452
5287
5986
4270
6423
4681
4408
5396
4113
5616
5764
7057
5029
5058
5031
6171
3914
5928
4959
5524
4710
4538
5325
5363
5390
4981
5067
4572
8278
5314
4781
5071
5834
4755
4652
5050
4251
4789
7008
6166
4746
4641
3888
6447
5541
4809
4989
6995
4346
5356
5192
3763
6425
4613
5120
5695
5176
6680
4730
5518
4783
4551
6073
4146
3972
7965
4556
4627
4135
5209
6213
6299
4336
4373
4473
4948
4571
5662
5675
5066
4792
5944
4529
5612
4710
4590
4866
6450
4492
4360
5399
3912
5737
4819
4765
3911
5366
6366
5361
5140
5449
4951
5081
5711
5685
6458
5877
5509
6795
6717
4808
5850
5416
4448
5170
5991
4341
5029
7001
5229
6501
5795
4847
4887
4455
4199
4503
4937
7540
5729
4934
6216
4308
5142
4270
5252
6565
5270
5954
6259
3917
4808
6358
6464
5243
4359
4069
4185
4350
4999
5621
4877
5185
5802
4376
5100
5163
5743
8992
4448
4647
5209
4253
6093
5540
5561
4247
5602
5156
4976
4969
5429
4674
4559
6172
4763
6605
5459
5055
5432
4338
6771
7388
4670
5505
7288
4855
6133
4561
5468
6053
4128
3996
5822
3994
3983
3564
4935
4740
4480
4920
5473
5161
4230
4302
4466
4942
6739
4188
5598
4586
3924
4544
5420
5616
4449
4414
6119
4504
4884
5738
5349
5208
4937
10148
6637
4858
7093
4879
4067
6262
4062
5876
4441
4436
4643
5496
3935
5874
4996
4549
6192
4918
4592
3476
5384
5785
4620
4954
4567
5187
5759
5583
4460
5589
4528
4202
4162
6759
5179
4327
5528
6515
5947
3962
4152
5573
5131
4606
6907
5142
4823
4260
3442
5274
3893
5337
4588
6409
4785
4534
4339
5499
4583
8316
7226
5079
5702
5808
5187
4586
5004
5597
4952
4661
4222
4926
4816
5545
8492
5157
4311
5399
6108
6857
6217
4233
5486
5129
5314
4531
4598
5142
7685
3951
5876
4747
4927
3726
4477
4269
5042
5363
4699
4282
5202
4656
5702
5255
3733
6280
9206
5363
4809
5996
7615
5743
4186
5006
3960
5653
3838
5415
5589
5045
6128
6627
4604
5586
4583
5708
5473
6060
3936
5418
5517
4385
4917
5227
4462
5172
4803
4448
5373
5038
4470
4773
4816
6569
4755
3972
5056
5261
5097
4776
8368
4639
4440
4774
4951
5907
5182
5194
4849
3998
4438
9234
5905
4458
4636
5370
5615
5279
5334
4247
4906
5303
8019
4564
5067
6579
4740
5068
4396
5678
4910
5425
5232
4390
4554
3825
4296
5504
6129
5630
6759
5455
6198
5022
5827
5134
4892
4522
6025
5351
5169
6038
5514
4486
5424
4199
4354
5130
4791
4656
5456
4295
5253
4531
5013
5492
5492
4451
5538
4350
4966
4891
4279
5143
4334
5347
5238
4780
4999
4654
5119
5192
6041
4888
5284
4471
4720
4291
4429
4705
7921
5388
5286
5458
5465
5044
5268
4853
6605
3859
3836
4161
4758
4761
4454
7704
3541
4328
5389
5263
7905
4514
4771
4494
5043
4907
5786
6724
4778
4876
5776
4335
5390
4481
4090
4186
4521
4980
4027
4261
4256
4800
3842
4704
5622
4897
5459
6078
4669
5184
5024
4125
4181
6695
4091
4377
4857
5998
3992
6065
6290
4474
5203
4637
5195
4363
4681
5873
6154
5434
4009
3948
4249
4746
4817
4605
5119
4718
5858
5911
4161
5613
5453
4859
5478
4567
4859
5429
4448
4610
5378
4935
4890
4113
5140
5714
3575
5624
4488
5193
4328
6492
4841
4103
5434
6321
4679
5248
4742
4366
4444
4559
6635
4786
3971
4932
7168
4903
5086
4460
4333
4954
4677
4297
8161
4995
5975
5968
5150
7266
6168
6417
4795
4506
4233
4176
4639
3877
5092
6140
5357
5186
5514
5727
4953
5627
6400
5929
5382
5189
5056
4866
4936
4359
5186
4288
5270
5441
4611
4911
5430
4468
4119
4520
4393
5056
5209
4300
4745
5191
4675
4340
6421
5758
5209
4901
5609
5302
6762
5270
4888
5153
6766
4306
4377
5586
7670
4337
4495
4414
4558
5062
5911
4253
5638
5753
6214
4209
3958
5242
4468
5059
4765
4366
5018
3734
4386
4991
4836
5256
6325
4777
5410
5786
5158
5648
5662
7271
3953
4326
5615
4323
4225
5926
3932
5043
4787
4522
5308
4760
4765
6409
3766
4576
5477
4659
5426
6441
5602
5273
7005
5969
6040
5558
4405
6056
4579
5596
4543
4472
4199
4377
4843
4752
4759
4101
4606
5134
6219
4512
4074
4778
4828
4301
5114
4636
5040
4783
4528
5686
5085
5683
4496
5067
7307
6133
4271
5140
4258
5169
4811
8110
7901
3914
5276
4392
6051
5472
5107
6039
4797
4373
6317
5925
4494
4757
8085
4799
6503
5389
4189
5156
4487
5921
6655
4466
6483
4582
5306
5421
5125
5621
5522
5116
4187
6252
5282
5273
4071
8116
4081
6052
5703
7344
4145
6402
5651
6661
5217
4507
3807
4759
4210
4263
5699
4570
4319
5307
5711
5262
6195
4571
5976
4194
4295
6330
4948
4816
3687
4207
3926
5311
5992
5011
4655
4315
6031
3829
5406
5331
4690
4299
5710
6003
4049
4709
4998
7404
6389
5248
4561
4277
5619
4648
5739
4849
4610
4775
4460
5027
5554
4736
5892
4857
5978
5336
5024
6013
5051
5682
5939
4766
5290
3601
4646
4461
5099
4069
4578
5476
3866
4687
4380
4667
4537
3960
4435
4492
5462
4044
4002
4530
6146
4805
6165
5057
5259
3849
4377
4810
3632
5444
4681
6066
6427
5129
5407
6023
4970
7580
4659
5352
5015
5455
3820
4193
5922
5427
5057
4846
6787
6290
3811
4984
5288
7873
5651
4719
4124
4560
5138
5640
4233
5155
4537
4729
4324
3913
4014
4100
6506
5421
5042
5224
5637
4665
5140
5335
4952
6160
4113
4134
4385
4814
3744
5110
6723
4543
5070
5061
8205
4302
5964
5340
7990
4585
6859
4949
4981
5033
4222
4883
6284
5497
6632
5717
4216
5435
4162
6519
7182
5177
6231
5277
5139
5292
4458
4039
5370
5772
3924
5044
5210
4849
5161
6202
7189
6270
4711
3906
4372
7129
5710
5098
6982
6044
4135
4834
4369
4980
4869
4708
4768
5081
4310
5600
5927
4440
4841
5193
3952
5542
5438
3536
4682
3840
4397
5650
5193
5403
4177
4611
4167
4483
4601
6762
5337
4810
4293
4948
5431
4843
10041
6101
4925
5403
4425
5283
5594
8239
5032
4988
5799
5545
4596
4929
4607
4628
5786
4747
4816
5787
5032
4994
4316
4457
5271
6292
4020
7041
6160
5653
4826
5868
4739
4389
4939
6674
5296
4861
4183
6296
4501
5141
4707
5376
6773
5849
4470
5733
5177
5836
5330
5153
4610
6291
5633
5591
4360
5135
5667
4043
4130
5006
4655
3970
7237
4831
5824
5790
5460
4876
7057
6621
6571
5107
6014
6497
5856
5041
4706
5225
5239
3728
4736
5361
4805
4982
4115
4662
4782
4530
4745
4842
5231
4872
5971
5025
5618
4313
7578
4822
5159
5249
7101
6380
4223
4767
4685
5332
4611
4835
7161
4457
4068
4558
4593
4833
5157
8129
5938
5397
4757
6129
4133
4760
4979
6823
4587
5407
4781
4485
4362
6938
4698
4564
6214
4686
6295
5493
6588
4940
4313
4623
4536
4319
4630
5084
5026
4842
5925
4422
5805
4901
6766
4628
4971
7016
4503
4551
5101
4427
4287
5162
4651
5609
4135
6143
5101
4633
5985
4547
4876
4568
5168
4291
5037
3903
5046
4707
6020
5307
6729
5329
5032
4065
3744
5139
8235
3436
6062
5225
4425
4383
4587
5257
5679
4232
6375
6742
4920
4754
5420
4318
4281
5144
5937
4722
6127
4217
4463
5198
4652
4460
5304
5796
5872
5073
4376
4439
5030
4672
5343
4759
8188
5304
7421
6022
4579
5609
4389
4020
5828
5349
6732
4525
4588
5037
4720
6627
4210
4259
4385
4618
5426
5159
6930
4192
4478
5280
4444
4485
5701
4642
5760
5637
4134
5503
4661
4866
4195
3982
5918
4877
5993
4523
4651
5819
5679
5545
6385
5231
4265
5004
4664
5543
5657
4967
6522
8258
3901
4489
4638
5420
5779
4526
4602
7140
4861
8115
5410
5504
5580
4987
5184
4247
5647
5456
5359
6288
4681
4896
6498
5202
5245
5242
6156
4299
4053
3904
5356
5925
5255
4983
6203
4878
5356
4141
5046
5481
4463
4577
4710
4708
4884
4314
4593
6800
4265
4044
4398
5412
4254
4389
5943
4689
4842
5247
6320
4455
9150
4798
5850
4657
4696
4637
5520
4648
5238
4848
3756
4628
4693
4428
5370
4219
5761
5990
6070
5978
5198
4603
5280
6121
6467
4580
5171
5682
3702
4656
4345
4812
5395
5874
5232
5143
4471
4999
5034
4792
4659
3490
4874
4761
5492
4662
4301
5386
4233
6156
4538
5231
4935
6161
4055
4867
4976
4553
4412
4613
3998
4026
4502
5589
4017
6271
4106
5887
5270
4009
4339
5451
5854
5606
4390
4801
5707
6814
4961
4803
4773
5955
6908
5080
5010
6252
5321
4161
4379
6514
4886
6548
5379
4994
4182
4291
4781
4873
6122
5037
4741
4812
5502
4015
5338
4395
5382
4720
6120
5893
4696
4256
5035
5132
4301
5360
6990
4467
4438
5351
5597
4798
5124
4808
4824
5712
4608
4416
5348
5166
5545
3747
4986
6400
4704
4094
5060
4966
5588
5569
5845
5148
4521
5339
5381
7611
4540
5425
5203
5264
7299
5061
4204
5637
5977
4540
5097
4186
5015
6743
4736
5215
4740
4019
7468
5256
6270
4747
3579
5094
5656
4729
4827
6573
5041
5373
5472
5194
4935
6328
4849
4897
4341
4857
5827
5967
6766
4268
5752
4434
4712
4437
4353
6777
4190
5998
4766
4437
5220
5853
4187
4133
5054
6291
4916
5069
6889
4615
5619
4563
5114
4435
5788
5622
4128
4428
4931
6948
6420
6156
5686
4478
4057
4344
5419
5584
6247
5351
4205
6324
4372
4831
4898
5940
5088
4800
5407
4980
4618
8334
5675
7120
4493
5475
4416
4923
5796
5683
5827
5789
6402
5049
3940
4139
4308
6244
5265
5253
4174
4637
6057
4706
4300
6369
7027
5001
5095
4724
4837
5751
7420
5181
4941
5851
5760
5299
3869
5915
5300
4219
4829
5098
7590
4661
5026
5420
4564
4830
4321
5755
4336
4642
5764
4067
4228
5272
4986
4053
4588
4700
5507
5363
6073
6251
6269
5506
6462
5339
6243
4771
4917
4794
4539
5206
5558
4852
6156
4503
4806
5109
5734
4146
5096
6153
4698
4492
5076
5525
5418
5607
4901
4810
4667
5199
5567
5039
5236
4579
5109
4708
5972
4332
4992
5459
4907
5175
4689
4990
5232
4800
6957
3767
4639
6301
5146
4267
4853
4708
5318
4967
4983
5442
4453
5473
4238
4635
4458
3944
4730
6609
5351
5073
3979
5954
5460
4732
5188
8900
4547
5474
5410
7585
4885
7306
4443
5530
4741
4532
5036
4125
4534
5338
3859
4396
4588
5400
5222
4446
5096
5231
6034
4522
5992
6645
4700
7137
5012
4383
4185
6515
4408
6411
4697
4399
4272
5707
5063
4799
4611
4443
4735
5597
4264
4668
4905
5141
5717
4532
4860
5205
4730
5460
4811
6043
6159
5742
4955
5234
4869
4808
5191
4424
4793
6300
4109
5184
5688
4176
4498
5705
4930
5428
4690
5972
5949
4255
4726
6253
4425
4944
5352
5163
6257
4281
4869
4920
5494
5705
4059
5814
6618
4548
4065
6126
5925
4410
6983
4505
4157
5452
4758
6126
5030
4378
5091
5408
4862
5102
5111
5525
5586
6215
4994
4139
5470
4588
3995
5864
4551
5500
7765
4391
3706
4614
4797
5885
6032
4896
3949
5752
4297
5782
4890
6278
4433
3941
5471
5044
5088
4323
6829
4897
4750
5643
4078
5833
5062
6407
4863
4726
4870
4522
5703
5698
3937
3721
5103
5018
6550
5207
5532
3693
5493
5931
5548
3999
4570
4415
6603
5466
4422
5831
6473
4358
4962
6768
4495
5822
4930
4480
6595
4757
5760
5752
6163
4019
6071
4207
5889
5004
5321
6052
4509
4304
4398
6325
4544
5101
4292
5047
6231
4700
5613
6885
4536
4945
4316
4886
7248
5192
4818
5022
4787
4345
5484
4509
3635
4129
4620
5515
5604
5947
5489
4613
4532
7374
4807
4737
4772
5340
5301
4983
6984
4620
6090
6478
5491
5160
4928
4933
4922
4891
5532
4376
4788
6501
4812
3709
4123
5387
3856
6035
4143
4250
6177
4864
5671
4529
6485
4037
3858
4368
5180
5471
4494
4766
4031
5017
7719
5507
5080
6256
5496
4376
5198
4183
4530
4841
4262
4507
7007
4300
4751
6741
4863
4580
5031
6596
4604
4534
4740
4381
4815
5116
5631
4884
4759
4523
4886
6265
4446
4576
4669
5869
4975
5054
5877
4968
4498
5302
8091
4656
5845
4655
4698
4903
4505
4898
4995
4629
4314
4227
5115
6316
5675
4422
4364
4192
5610
5739
5460
5314
5388
5495
6119
4660
4430
7855
4057
4819
4383
5153
4387
5587
4542
5622
4963
4539
5531
4199
8427
5150
5037
5471
7569
4041
5081
6596
6341
4275
4411
5298
5051
4411
4524
4956
5786
6200
4905
6617
4434
5018
4329
5500
4910
5708
8144
4088
3663
5027
5050
3752
4688
4591
4674
4397
4720
4683
5816
4465
3772
5173
4223
4938
4924
5419
5655
6467
6426
5378
4536
4658
4625
5434
5734
5215
5237
4715
4755
4256
4407
5479
4325
5319
4501
5245
6486
6502
5786
4444
4957
4717
5574
4833
8570
4750
6356
5417
4105
5402
4021
3688
4358
4158
4186
6248
5886
4652
4035
4914
5518
4339
5086
5681
6583
4563
5375
5193
5001
5341
5471
5612
4940
4735
3647
4845
4955
5541
5161
5305
5364
5591
5024
5135
4945
5571
5119
4189
4753
5599
4572
4626
6108
4691
4724
4981
4082
4550
4885
4261
4370
5635
8093
6994
4557
5644
4921
5476
3913
5378
5003
4575
4757
4832
4907
5187
4635
5912
6652
5311
5686
4803
5666
7146
5132
4482
5374
4634
5862
5577
5695
6512
5701
4501
5573
4559
4649
5855
4477
4785
4846
5862
5454
4511
6327
4905
4198
4051
6330
5799
4868
4562
5899
6574
8257
6631
6082
4899
8044
4948
5334
6384
3506
4470
6440
4759
4034
4376
4674
6757
4863
4814
4493
6830
5247
5275
4047
4230
4791
6167
4004
8084
5034
6783
6334
6102
5061
5239
7436
3894
4256
5049
4807
5459
4413
4777
5276
4986
5029
6109
3402
5469
6153
7121
4075
5032
4131
5180
4807
7068
3944
4845
6183
5083
5548
4853
4118
5410
5603
4735
4032
5065
6538
6312
4662
3963
4445
4253
5558
5085
4416
5923
3879
6448
4357
5058
4749
4577
4839
7803
5933
4822
5659
5237
7370
5900
6067
6351
4755
4007
4668
4265
4431
5246
5956
6487
5474
6090
5519
4927
4682
6091
5891
5572
7869
5036
6420
5733
4603
5765
5726
5250
4039
6210
5210
5803
4303
6135
4424
4769
4786
4286
5927
5667
5459
5117
5173
5406
6282
4113
6880
4892
5945
4388
7681
4315
5674
6900
4525
6321
4427
6197
4261
7212
4453
4384
4519
4580
3962
5090
5420
4396
4335
5723
5265
4642
5064
8015
5848
5154
5208
6711
5507
5035
4815
4167
4486
5679
6983
4479
5137
4468
4589
6204
5350
4027
4365
5861
4951
4706
3390
4742
3892
5626
5453
4499
5540
5640
4727
4089
4629
4112
4783
5346
4662
6620
6053
4099
7990
6710
4779
4973
4718
4759
5020
3848
4535
6117
4963
4295
7562
5015
4247
5178
4935
3814
4703
6663
5029
5592
4816
5339
5332
5084
4959
4065
4297
5651
4612
7129
7559
4296
4030
4780
4944
5156
5523
5498
4283
5727
5308
4867
5232
5307
4961
4690
5071
4738
5866
4672
4474
4862
3963
5331
5588
5414
3978
7666
4039
4059
4143
4501
4996
6554
5893
5297
5858
5204
4568
5922
4101
5942
4902
7355
5285
5652
4338
5651
6311
5347
4755
5553
3801
4296
5638
4149
4500
4459
5373
4980
5984
5287
5690
5928
4515
5463
3988
4035
4968
6042
4947
4897
4741
5437
4967
5565
6339
5262
4584
6223
3870
5243
6180
5451
4337
6111
4186
4949
5120
4424
4213
4712
7049
4522
4678
4928
5015
5016
5908
5538
4888
4972
8068
5118
4637
4496
4537
4926
4518
5586
4119
5227
4855
5559
5601
4786
4479
5632
4558
5326
5068
4347
4737
4740
4867
4987
5355
5217
6656
5096
4679
4361
4052
4459
3939
4731
6748
5105
3974
5933
4425
4412
4594
4552
6438
4234
4928
4538
4996
5603
5852
4293
4220
6880
4337
4892
6425
5407
4003
4746
6134
6305
5010
4593
5902
4650
4921
5018
4613
4110
4415
5203
6736
4614
5998
9216
5852
4921
6053
5237
5362
5385
4550
5304
5239
6109
6230
5925
5085
4387
3980
5465
4532
6025
4599
4016
5978
4948
4402
7024
4352
5461
4871
5221
6013
4372
6846
6899
5306
6929
11925
5896
6600
4710
3865
5060
6149
7507
4506
4646
5334
6145
3801
8367
5173
5318
5874
4658
4676
5005
5224
5896
5487
4675
6940
4788
5746
4594
4301
4936
6527
5928
5562
5265
4929
4490
5105
5168
4029
5190
5857
6718
4081
4996
5825
3792
4468
5018
5556
4773
5078
5338
4100
7208
6229
5044
3868
4992
4689
4475
6188
5360
4584
5411
6122
5950
5192
6418
4134
4766
4782
4412
7323
3923
5483
5267
4413
6166
5002
5078
4788
7141
5575
5476
4935
4684
6245
5845
5106
5512
5762
3490
5332
5153
5504
4553
5386
6191
4764
5226
5203
5826
4769
6030
7287
4989
5156
4307
5843
5011
4828
5508
5177
5081
5073
6099
5412
4755
5662
6746
4525
4957
4432
4111
7054
4619
4817
4908
4116
4282
5460
4261
5570
5954
5367
4549
5416
4301
4583
4281
3946
4880
4139
4707
4277
5760
4907
6078
4969
5761
4842
4897
5368
4360
5767
4531
4611
6069
4496
4812
6084
5707
5307
4672
5659
3861
6907
4791
4405
4646
3979
5378
5029
4232
4747
5084
6325
5769
4093
4256
5298
4331
4718
4350
4036
4923
4747
4961
4557
5227
4826
3789
4185
3495
5413
4312
4359
4713
6232
6445
4985
5229
6817
6319
5732
6084
4856
5214
4700
5603
4253
4563
4656
4333
5766
4497
6189
8253
4657
4181
4669
4252
5360
5888
4179
5262
4556
4661
4757
4735
4569
4724
4975
5681
5030
5617
5111
4763
4669
5211
4598
5282
5522
4332
4919
5332
5021
7455
4941
4360
4408
5063
6771
5187
7119
5118
5598
4559
6179
4466
4164
4483
4772
4549
5033
5462
5358
5687
6255
4500
4045
6435
4347
6198
4630
5321
4771
7432
4504
4372
6385
5973
5533
6172
5611
5593
4765
5328
3931
4692
6022
4293
3815
4219
4681
4516
4692
4959
4501
6736
5909
5695
5327
5717
5343
4820
5438
5002
5550
5607
4745
3906
4674
5048
5961
5443
5188
6140
5084
4182
4651
5075
5993
6031
5396
4996
6800
6152
5755
5118
7158
6306
4100
4730
4869
5175
5266
4449
4811
6702
4666
5676
4847
4952
5915
5072
6131
5395
5047
5923
5099
4723
5548
4235
5864
5552
4133
5776
5193
4746
4398
6559
4893
7009
4537
6198
4478
4962
4175
5950
4397
5298
4683
4816
5452
4343
5920
5407
4527
4354
5522
7679
5692
8262
4111
6411
6095
4927
6254
6895
4507
6115
5580
6054
5109
5208
5019
3783
5305
4557
6205
5083
4839
4752
4485
5065
4697
5873
5267
4620
5347
3988
5609
5153
4727
5879
7486
4294
5080
7626
5776
5045
4493
7568
4658
4188
6296
4658
6682
6600
4246
4943
4393
5568
5076
6024
5540
4142
4326
4723
4957
4102
4884
5815
5582
4877
4119
5303
5096
4569
4550
5282
4517
4681
4264
6923
4110
4296
5617
4470
5575
4388
5269
5070
6056
5500
4451
6109
4322
5857
6253
6472
7140
5149
5921
4612
4858
5885
5595
4611
4577
5407
5213
4664
6108
4062
6406
5137
4458
4361
4468
4472
4489
5384
4822
4528
6988
5477
5143
4186
5455
4144
4962
3921
5220
5809
4338
6085
6427
5175
5845
4865
4952
4319
3787
5736
4545
3634
7124
4695
5025
7030
5551
4069
3552
5255
4997
4262
5463
6338
5854
4252
5151
5621
4853
5805
5209
5340
6835
5932
4739
6189
5058
4846
4872
5088
5165
4745
6684
4365
5065
4407
4686
5086
4393
5219
5516
4246
4955
5564
4520
3958
4676
5492
6056
5202
7625
6081
6091
5509
5388
5173
4765
4238
4455
5289
6711
4367
8445
4754
5784
5442
5208
4322
4482
4970
4470
5870
4168
4325
4094
4335
5161
4687
4536
5314
4983
6847
4948
6657
4516
5032
4348
4466
5499
4631
4923
5438
5047
5580
5235
4537
4593
7634
5181
5255
4633
5109
5252
5812
5568
5301
4041
4378
4586
5193
5012
5828
4214
4054
5398
5139
6376
4151
4085
6371
4781
6202
4692
6531
5584
5720
9159
4983
4162
4301
6222
4556
7353
5073
4564
4322
5562
5036
4811
4329
4217
4215
4890
4641
6410
4537
4904
6923
4603
5047
8850
5036
7400
6145
4179
5311
5012
4427
5028
4813
7550
5471
6550
5332
5155
5109
6370
3914
4032
4345
4987
4838
5214
6239
4105
5322
5329
5247
4487
4786
4555
4652
4196
4838
5227
4757
4060
5469
5424
4871
4602
5235
7363
4344
5662
4596
4629
4359
3909
4838
5024
4595
4790
5604
5120
4589
4758
5540
4597
5016
6114
5080
4943
4863
4154
5567
6000
4292
4488
5359
5442
4618
6042
4619
4459
7051
5316
5143
4565
4873
4770
4462
4898
4257
4106
6427
4401
4969
5895
4116
4139
3992
4490
4355
5388
5001
5100
3597
6500
4838
4425
5729
4231
4191
4622
5422
5378
4264
5342
4467
6308
6337
4646
7132
6015
4923
5082
6689
4636
5151
5214
5085
4084
4532
4301
4504
5473
4625
3869
4704
3959
8230
4164
4611
4346
4899
4711
4354
4663
4308
5236
4654
5597
5426
4206
5612
6431
4859
4898
7082
4763
5634
4681
6842
6802
4828
6316
4957
5616
4605
4547
3874
5511
4284
5980
5175
4480
4270
4426
3894
4462
4160
4665
4894
5552
4040
5037
5448
7130
5147
4783
5612
4929
6262
6652
5630
5079
4901
4379
5998
6675
6970
4868
4599
6097
5529
6108
6272
6019
5226
5542
6776
5746
4569
4046
5048
4351
5407
5242
4464
4835
4585
4535
4524
6896
4587
3896
6517
5404
4570
4422
5186
4264
7483
4863
4748
5334
5464
5031
5859
5843
6472
8619
5396
5676
4927
7158
6780
6647
4715
6120
4945
6639
4652
5067
4324
4080
4210
4513
4951
4405
4219
3850
4951
5310
5010
5906
5092
4820
4666
4886
4543
4978
6016
4473
4553
4691
5104
6874
5369
5435
5404
6126
5970
4709
6550
5778
5148
4374
5369
5273
6149
4729
5793
5613
4643
4919
4718
5018
3834
6086
4761
4400
5980
5027
4259
4155
5942
5273
4545
4701
4304
4599
5417
4538
4833
4214
5109
6122
4567
5094
5190
5096
5405
8459
4636
4652
4810
4119
6774
4192
5182
4973
4484
4406
4892
5188
4989
3899
4900
5250
5743
4745
4368
5638
4455
4319
6033
4346
6361
4266
5482
4951
6062
5732
3971
4430
5766
4631
5450
5083
5737
4081
5046
4934
6075
4492
4065
4348
7685
4433
5851
4343
5025
5212
6203
4621
5128
5008
4365
5638
3989
6729
4382
7040
5953
6555
5207
4379
5177
5913
4456
5006
4839
5410
4605
4781
4685
5342
6490
6290
4453
4205
5068
6054
4621
5082
4877
5394
5505
5884
4717
4196
5048
4421
4618
5111
4731
5220
4979
4660
4318
5463
4915
4622
4103
5358
4909
5649
5390
7621
6854
4155
6898
4903
4829
5459
6860
5079
6461
5715
5259
5682
5210
6033
4751
4452
6479
5749
6065
4755
5482
4186
5966
6246
4437
5106
6122
4580
4678
4933
4935
5108
4449
5358
5100
5308
4643
4826
7238
5462
4982
5798
6115
3943
7866
4575
6017
3682
5364
7763
4761
6732
4364
3901
3936
5578
5236
4700
6961
7718
4903
4660
5814
4344
5780
5495
5589
8474
4028
6024
5514
5110
5899
4520
4463
3532
4772
5201
6327
4836
4764
5131
4288
5975
5839
5026
6597
5681
5099
5324
6590
5380
5254
4266
4645
4904
5145
4555
5270
4564
4698
5076
6289
4542
5398
5576
5334
6377
7295
4706
4215
4654
4689
4779
4305
4845
4606
5594
4809
4281
4433
4971
4388
5867
6404
4317
5942
4710
4220
4618
5197
4391
4985
5098
4731
5641
5055
3776
5639
5668
5658
4620
4810
4740
8091
5283
6560
5668
4730
5962
5334
5406
4759
5051
6107
6593
4787
5032
6957
5315
4755
4579
4063
4493
4149
5963
6648
5101
4891
5285
5777
4570
5454
5702
4842
3954
4379
4334
5459
5956
4885
4316
4579
4016
4969
5851
5580
4811
5243
5540
4073
5779
4419
5260
4661
4377
5775
6428
5697
4266
5695
5278
4781
4531
4865
4451
5275
4574
6209
4324
4981
4722
5418
5305
4445
4643
5688
5415
5803
4230
5977
6110
4816
4741
7224
4950
4222
4828
5017
5454
4845
4862
4956
4148
5930
7679
4783
6013
4876
6543
7036
4751
5017
5506
4871
6414
5367
5686
5155
6846
4431
9044
5286
4776
4310
3906
6031
4376
5439
4837
5675
4819
5695
4079
3961
6895
4721
4430
5060
4202
4715
5085
5406
5083
4884
5730
4098
4360
4634
5803
5694
5274
4539
5349
5861
4773
5322
6505
4701
4692
4875
5113
4170
5726
5844
4020
3906
6251
7447
4421
5758
4367
6243
4071
5359
4915
5102
4188
6154
4517
5514
4890
4321
8843
4545
6702
4321
5316
5006
5433
6244
5354
4878
4391
6738
5003
4896
5161
4343
5441
4669
5993
4582
7024
4729
4603
4628
4473
5313
5047
5089
4522
5848
5878
4117
6932
5759
7307
5058
4508
5175
4300
4246
4931
4571
5664
4797
4890
5425
5204
4047
4749
6021
5273
4046
5000
5242
5373
6171
4844
6201
6163
4791
4184
4620
4401
4172
6873
5090
4423
6716
5152
6310
6135
4085
5135
7243
3611
5174
4629
5002
5612
4845
6943
4464
5449
5572
5761
4627
5676
4329
4134
5330
3726
5611
4172
4409
4421
5001
5741
4416
4655
4654
5029
5166
4898
4899
4998
4722
4987
6334
5664
4972
6303
4379
5323
4473
4123
6240
5559
5273
5210
5054
4156
5162
4994
4607
4314
3876
4095
4674
5286
4417
4581
4688
4696
4280
4491
4180
4365
5035
4143
5145
5045
4322
5247
5082
5398
8200
7149
6464
7179
4281
5194
4879
4499
4683
5234
8459
5278
4683
5306
6473
4376
4775
4663
5053
5082
4923
4009
4883
5959
3800
6709
8026
5236
5439
6288
6284
4402
4908
4789
5184
6942
4081
4684
4254
4449
5585
4313
4079
5013
4418
4838
4585
4811
5587
4964
4212
5962
4666
4915
5474
4323
4472
5398
4327
5080
5805
4587
4320
4616
4586
4281
4838
5722
4763
4721
5376
4287
4704
5571
4917
5640
6382
3741
5987
4550
5200
6443
5257
4412
4662
4765
4933
4819
5948
5097
5145
6083
4996
3819
4662
8251
5181
4327
4733
4545
5467
4793
5117
5492
4813
5000
4358
4534
6409
4074
4352
5589
5694
5163
4764
4397
5222
4262
4294
4808
5894
4230
5243
5921
5381
4849
4343
4679
5390
4876
5166
4517
4489
5186
6084
5469
5597
5276
6976
5557
4637
4668
4412
4909
5490
5917
5745
6032
4651
7198
4222
5657
5363
5921
6910
5005
3820
5713
5182
5290
5544
4544
4728
5580
4339
4590
5507
4813
4966
5017
5004
4683
4277
4699
6620
7399
5947
5728
6461
4486
4807
4271
5449
4487
4749
4059
3919
5411
5249
5357
4683
4389
5351
6335
5628
4684
4572
4526
4390
5159
5261
6062
4455
4848
5631
5941
5903
4830
3996
4124
6417
4135
4703
4258
3882
5410
4979
6612
4860
4318
6047
4908
4383
4718
4470
6093
5816
4060
5002
5762
6165
4607
5988
6570
5465
4640
5561
5374
5466
4759
4618
4280
4036
5164
5081
5293
3911
5343
4985
4297
4669
4457
4742
5828
4726
4931
6250
5092
4829
5610
4411
4366
5841
4321
4001
4846
4023
5224
5736
5830
4246
4700
3887
5430
7627
4093
6185
4466
4989
5456
6355
5646
6264
6086
5663
5301
4744
4058
6538
5476
5005
4407
5533
4371
4452
5978
3591
4303
5977
5203
4372
4897
4546
4922
4769
5732
5076
5467
6226
6936
4381
4577
5830
4096
4496
4704
5125
4427
4402
4245
5297
5481
4787
4722
4290
6438
4566
8610
4358
4291
6172
6662
4868
7648
5497
6665
5343
5001
5512
4057
4474
5187
4611
6240
3941
5054
5621
4284
4796
4181
4596
4342
5545
4390
5671
4598
6614
4325
5072
4661
4928
7401
4415
6088
5019
6000
5995
4821
4081
4045
4943
5164
4949
4312
5989
4847
5207
5021
5026
9794
5023
4579
5242
5548
5259
4950
4591
5652
5615
4314
4584
5009
4718
4438
4667
4361
4782
6390
5453
4643
4020
4630
4426
5917
4577
5635
4992
5061
5094
4638
4068
4315
5329
4173
4570
5923
4519
4209
4356
5198
4608
6323
5188
4754
4372
5779
5266
4983
4960
4679
5046
4612
4218
5314
5505
6557
5218
5636
6270
4443
4788
5687
4792
6379
5023
5193
6043
4547
4649
6263
4274
5630
4618
7011
5174
5185
4705
4561
5117
5937
9697
5318
5058
5387
6106
4660
4219
5653
4917
5185
4255
5085
7245
6133
6267
5317
4990
6493
6834
4800
3929
5067
5039
4886
6346
6429
4780
4263
4941
6989
6082
4704
5068
5006
5701
4458
5648
4242
7180
4868
4736
5332
5264
4854
6339
4803
4501
4981
4945
4419
5562
5751
5001
5693
6392
5871
6154
4612
5079
4502
7217
4296
4867
4360
5489
4324
4274
4961
5313
4906
5102
5488
5142
4528
4883
6829
4285
4625
4151
7257
5186
5610
4416
5009
6397
4786
4270
4929
5261
5040
5211
5903
5678
4590
5008
5508
5166
5474
5611
5352
4402
4576
5801
5719
4958
4692
4853
4257
5327
5894
5373
5607
4720
6168
3986
3915
6557
4137
5020
5280
5285
6450
4328
5164
4434
4885
8538
5909
6726
5755
6535
4843
4583
5194
4477
6279
6727
4174
5274
4233
4073
4957
4704
5372
4457
5336
5350
4343
4287
4525
4821
4175
5486
6115
6757
5329
5881
5531
5076
4184
5484
4518
5231
4789
5124
5474
4909
5045
4282
4884
5217
4966
4145
3902
4270
10126
4694
3744
7460
5759
6013
4001
4124
5179
5668
5069
4840
6098
3949
6584
5688
4807
5007
7688
5011
6682
6055
5300
4155
5614
4525
4116
5950
4497
5643
5232
7062
7157
4624
5248
5096
5664
5004
4495
6274
5712
5122
5627
5719
5225
5136
4837
8433
4622
5294
3850
5185
4855
5261
4313
4646
5122
4840
4531
4344
4167
5192
4801
5613
5073
4373
4725
4755
7447
4193
4399
4293
4757
4892
4837
3435
5088
5470
4537
4414
5886
4839
4982
4886
5998
5192
4182
7403
4585
4497
5390
5157
6019
5366
4753
5768
8388
6095
4700
4732
5756
4813
6455
6019
5948
4347
4031
5068
4787
6689
4755
4817
5043
5656
5845
5012
6789
5282
5089
4940
4924
4563
8695
4892
6868
5053
5002
3919
3889
4955
4886
5288
6019
5373
5011
5776
4413
5685
4637
4590
4609
4294
4706
4972
5494
5115
4908
3885
4606
4451
5051
5691
7061
6711
6116
5634
5022
3920
4121
4695
4509
4552
5144
4768
7140
5228
5247
5721
5600
6428
5007
5361
6917
5183
4312
4608
4365
4717
6470
4226
4671
5571
4412
4526
5355
4556
5246
4852
5251
5223
4211
5831
4294
4505
4906
5907
5154
8324
4994
4549
5846
5057
5938
6426
7440
4207
5104
4341
4605
5575
4186
5416
5653
5094
4507
5061
6492
5326
5078
4870
5959
4782
5207
7004
5525
4961
4878
5973
5056
6989
5450
5346
5430
5454
4874
4309
4431
5593
3900
6831
5674
4789
5888
4417
4946
4140
4625
6068
4318
4867
5633
5180
4492
6520
5246
3970
5004
4711
4545
6030
4328
4075
4016
6602
5039
6804
4974
6053
5006
5987
4379
5749
5134
3697
4121
5832
5034
5214
7761
5038
6287
4176
4021
4984
4613
6255
4898
5540
7380
4192
4250
5307
6852
6637
4222
4774
4790
5832
6155
5010
5131
5727
4656
5324
5282
6220
5902
4518
4470
5049
5242
5695
5522
4499
4899
4908
5274
4947
5517
4289
5406
5020
3700
5101
5040
5016
5050
6290
4394
5844
5859
5387
3994
4388
5285
6000
5183
5511
4817
5706
5070
5383
5327
4346
5691
5686
4941
4170
5919
4819
4104
4809
5106
5385
4543
5805
5271
5866
4981
4435
6569
5145
4709
5403
6055
4275
4745
4170
3994
5583
4836
5282
4929
5178
4526
5056
4518
5691
4745
4612
4749
4897
4884
5538
6109
4323
4514
4151
6034
3966
4171
4981
4948
5326
5061
5077
6190
4578
4905
5126
5529
5656
5757
7505
4536
3795
4782
4599
4932
5729
5396
5698
4486
4257
6228
5097
4470
5481
4611
4394
5373
4953
5303
5291
4362
3990
4262
3923
4551
5432
4821
4570
6041
4820
5518
6464
7868
5313
5117
5454
4137
5418
4257
5810
4826
5319
5268
5184
4289
4365
5522
5263
5561
4081
4541
6193
5762
4695
5358
4730
4681
4011
4473
5056
4562
5417
7044
4298
4394
3985
5536
4804
5415
6848
4543
5468
4649
4426
4058
5585
5249
4464
4549
4339
5650
4927
5432
5873
4212
5966
4271
5765
4708
5750
4608
4248
5383
4866
4904
4946
5199
5970
6307
4169
3729
6091
5448
4874
4798
5407
4670
6399
5561
4625
4777
5434
4464
4860
5291
4960
5183
4079
5621
6283
4540
6416
4044
4779
5590
4554
5325
4023
6125
6128
5538
4721
4052
4024
5432
5993
4352
4589
5029
4487
4176
3891
5016
4633
4845
5155
4282
4852
3642
3982
5530
4568
4691
4285
4923
5472
4228
4553
4973
6300
6077
5063
4815
4749
4434
6009
5040
5056
4414
4573
4543
4594
4662
4418
3724
6346
4722
6164
5289
4931
5250
4811
4510
4351
4356
4787
4489
6526
5287
4513
4446
5597
6482
5259
5349
4934
4888
4347
4100
4462
5177
4790
4276
5991
4705
4467
5729
5111
5686
4877
4330
4959
4330
5038
5200
5684
6002
5023
5700
4712
4457
8200
4852
4996
7534
5239
8676
5219
4719
5346
4809
5066
4905
4566
4152
4554
6864
5748
4394
4704
4417
4399
7496
5421
5592
4586
5097
4541
4787
5417
4803
4290
4177
4995
4822
6950
4758
5045
3975
5246
4990
6410
4611
5313
4721
5306
5761
5449
5579
4727
6121
5168
4726
4796
5716
6090
5801
3933
5030
7145
6156
5589
6396
6181
4869
5664
4789
5105
5601
5077
4351
4793
3923
4001
4733
5274
4145
5499
6075
8630
6616
6300
4750
6092
5116
4960
6237
6942
4951
3924
6765
5895
4709
4349
4510
4428
6591
4131
5135
4253
7110
5135
4398
4241
4995
5475
4342
4775
4442
5073
5401
6441
4174
5099
5121
4656
4871
6008
4586
4440
4488
5482
4446
5918
4081
6573
4309
4912
4619
4790
4582
5943
4158
5212
4478
3831
3883
4852
4578
6629
6330
4146
5143
4786
4154
4348
4716
7672
5078
4733
6198
4508
6455
4897
4929
4325
6544
5052
4147
5373
6656
6597
4530
5204
3954
4247
4789
3991
3828
4939
5063
5698
5727
5521
5006
5647
5937
4663
5430
4977
4904
4768
5028
5838
7010
5413
6650
4150
6096
3772
4201
5409
6601
5504
7959
4364
4457
4802
4227
4907
5220
4539
6102
4586
6105
4759
4548
4832
5244
4976
4278
4977
4440
4055
4145
4702
6000
5281
5129
5287
4512
5124
4796
6306
6130
4481
7177
5784
5006
4680
4386
4401
5354
4457
4896
5325
5242
5161
5088
4377
5416
4450
4300
6594
5925
7005
6463
4931
4158
4188
4606
5461
7208
5041
5238
4253
4781
7017
4704
4239
4231
4679
5439
6635
4776
5522
4665
4349
4320
6145
5009
4601
5086
5115
6002
5294
5896
4886
4622
7912
5793
5232
4848
4605
4222
4447
5521
4823
4667
4323
6778
4797
5793
4487
5210
4724
5327
4461
6451
5115
4929
4554
5016
6796
4670
4650
4565
5385
5618
4830
4964
5152
5094
4769
4708
4688
4395
4922
5014
3813
4772
4248
5008
5667
5460
4742
4496
4975
4596
5452
4320
10934
5051
5081
4432
6084
5772
4179
5001
6030
5156
5062
6016
9689
6513
6122
5703
4819
4540
5541
7737
4617
4561
4585
4077
4493
5045
5203
7666
6175
5058
3884
4009
4460
5267
5057
4026
4695
4250
4416
4872
5501
4972
4944
6056
5125
7313
4642
4170
5017
5509
4587
4802
6356
5916
4901
5391
4141
4933
3859
5031
5334
3644
4264
4370
4628
6663
6523
6153
4293
5805
5337
3899
4186
4102
6513
5839
5599
4906
4967
4545
5419
5259
6316
4746
5231
5391
4759
7125
4062
4753
4630
4477
4848
7118
4948
4877
4837
4797
5047
5602
4909
6127
4263
5791
5136
4592
4637
4722
5707
5543
5144
4265
5486
4157
4945
7832
4496
6067
5042
4027
5614
4587
4332
4909
4460
5828
4398
5438
4868
4750
5253
4581
5106
6030
5150
4181
3891
5014
4417
6331
6208
4979
4836
4569
5262
5782
5327
4941
4355
5443
3857
4443
6255
5124
5171
3855
6032
4903
4863
3715
7149
6831
5542
4104
5387
4670
5055
4775
5568
4586
4953
4715
5099
4837
5521
6101
6203
5461
4069
4747
5431
5217
4743
4418
6616
4874
4928
6535
5655
4672
5946
4953
4295
5477
5861
6918
5439
4967
6243
7208
4614
5157
3678
4935
5546
5705
5447
4497
6230
5903
5677
5034
5098
5391
5259
4667
5366
4682
5337
4401
4831
3945
4206
4691
4487
5863
4897
4295
4226
4702
7177
6248
5662
4321
4770
4216
5445
8054
5066
4809
4780
5269
5322
5999
8179
5422
4336
5088
4764
5355
4410
5226
5744
5071
4124
5115
5470
4310
5755
4836
5538
5807
4663
4846
5766
4310
7630
5150
6997
4431
5548
5397
4728
6091
5728
6137
4575
4597
4689
4771
4735
4963
5686
4372
3981
4574
4607
4465
5411
4307
5776
5142
5496
4331
7525
6051
4389
7046
7032
5889
4374
6416
4532
5235
5572
3973
3951
5056
4924
4490
4866
6121
4649
4757
4608
6461
4772
6249
4836
3990
4825
5002
5043
4520
7137
5428
5523
6049
4707
4762
5511
5983
4704
5552
5164
4733
6495
5890
6890
5119
4359
5135
4810
4932
7352
4731
4999
5370
7434
4752
4999
5414
5670
6347
4687
5686
4479
5142
4305
6909
5443
4325
4189
5192
6228
5460
5073
6060
4689
4484
5638
3822
4468
4279
4902
4139
4969
4681
4420
5358
7809
5029
6372
4754
5452
4171
4977
5679
4656
5285
5611
5323
5676
4245
4726
5430
5187
4124
6962
4963
5749
5063
4603
5366
4587
5991
6224
5623
4986
3639
4971
5120
5733
4173
4029
4698
5137
5586
4452
4071
6730
6378
4377
5105
5348
4738
5973
5664
4663
4374
6076
5034
4370
4989
4840
5099
6763
4499
6252
4607
4449
4929
6110
7726
5545
6271
5251
4602
5478
9701
4046
4929
5746
4570
5177
5524
6083
6205
5341
3848
5088
4122
4868
4111
5191
5140
4282
4386
6068
4879
4183
6490
6583
6403
4820
5490
6121
4803
5271
5612
4681
4168
4599
5119
5642
5971
4608
4727
5723
5633
6179
4681
5291
4324
5169
4403
5047
4885
4338
4241
4589
4831
5015
4334
4534
7246
4733
5566
3790
4770
3738
4317
4164
4928
4447
4416
5296
4522
5189
4585
12267
5154
5284
5311
3988
5406
5623
6224
4836
5848
4904
4603
5697
5366
4820
5330
4839
3993
4510
6436
5226
4654
7137
4164
4142
5832
5112
4836
4133
5193
6005
4620
4692
5850
5796
4488
5354
5458
4354
4688
4411
6344
4949
5243
5855
4634
5289
7662
4482
4351
4341
6219
4389
4739
4310
7921
5550
5632
4625
5863
6925
6114
5378
5556
6331
5722
4603
4729
4268
3947
4508
3724
5198
4795
4720
6042
5072
6049
4139
4120
4793
5887
4444
6283
4898
4731
4138
4891
4862
4904
5920
5330
4224
4520
4592
4184
6925
4903
4260
5053
5187
5554
4840
4178
5892
5355
4758
4530
5347
5689
4648
5612
4699
4328
6954
4969
4712
5305
4288
6316
4696
4138
4933
4739
4704
4500
4337
5862
5280
4320
4549
5416
4693
4489
4931
4655
4952
4915
4207
5966
4154
4908
5557
4014
5508
5932
4901
4712
3800
5263
4911
4427
4226
4310
4626
5402
3888
5098
4781
4511
4643
4319
4750
4833
4415
4193
5051
5322
6431
4570
4858
5482
6953
4442
4493
4551
5443
4722
4751
4009
4415
4824
4793
5058
5728
4935
5542
4535
5223
4763
5871
5162
4910
6692
5037
4753
4639
6254
6377
4315
5480
4590
5234
5680
4933
6368
5444
4326
5073
4857
4733
4720
5774
4735
4634
4392
6516
4431
4790
4824
4365
6933
6309
4152
4732
3966
7306
3977
6123
4892
4520
4321
5418
4382
5704
5211
3569
6236
5628
4691
4742
4238
4089
4674
6181
5445
7943
4169
5475
4640
4546
4506
3874
5004
5481
7288
5329
5785
5013
3983
5138
4879
4779
5687
4586
5499
5331
4670
4674
4774
5248
5324
5922
5843
5547
4611
4871
4861
5002
4627
3727
4377
4300
7810
5669
5159
4416
6670
4662
4957
4698
4181
3506
4057
4184
6092
4813
3936
6211
4585
4663
5199
4238
5181
6493
6048
4655
4605
4688
5060
4677
5069
5639
4724
5281
6522
7070
5310
5715
4839
4322
5260
4594
5881
4360
5302
6211
4501
5542
5308
5122
5660
6282
4484
5330
3982
5765
5250
4385
5599
5119
5553
4230
4797
6372
4379
5437
5335
4767
4872
4979
6600
4446
5345
3503
6052
5397
5533
4663
4378
5429
3957
5009
4584
5287
4935
5572
8487
5218
5237
4747
4540
5585
7199
5184
4704
4486
4605
5637
4787
4921
3651
5300
5466
4964
7597
5833
5653
4670
5828
5695
5647
5366
5747
4328
3884
3999
5886
4335
5139
5818
4445
4309
4533
3965
4720
4643
5880
4949
4948
5222
7018
4013
5552
6583
5390
4590
4582
5310
4213
5996
4215
4653
4065
5468
5416
5259
8742
5809
5876
4872
4740
5962
6560
6745
5111
4657
4743
5312
3915
5461
5879
4725
6599
6768
5330
6948
5636
5493
8486
4148
6073
5740
4014
5062
4929
4721
4885
6697
6116
6156
4788
4265
5242
7704
5175
4494
5212
5805
6068
4774
4546
5054
5315
4685
5664
5335
5774
5881
6264
4654
5047
5647
4716
7933
5350
4279
4481
5205
5106
4373
4768
6140
4736
4199
4545
7046
4707
5226
4610
4461
4583
5395
4722
4385
5672
4997
4174
5348
5724
7073
6698
5457
5121
5467
5175
4383
5069
4587
5314
6556
5154
5750
3976
5289
5062
4368
4676
5399
6679
4783
4437
4533
3644
4593
5061
4442
3706
4345
4879
6227
5709
5153
5032
4609
5968
5049
8559
6371
4958
4540
4439
5733
4928
6080
5799
6293
6176
5344
4267
5195
5076
5729
6211
4516
5023
5390
4394
7106
4674
4517
5256
5212
4841
6047
4818
4406
5600
4290
4781
4920
4549
5426
5134
4014
4531
5203
4823
5703
4784
5465
6046
3554
6146
4013
4490
5274
5090
4084
5357
5379
5035
9584
3734
4199
4848
4276
5774
6712
5000
6812
4626
4093
4322
4401
4756
4620
4807
5920
4639
6062
5139
4026
3744
5890
7911
5687
5555
4177
4212
4822
4950
3999
4875
4737
4736
4263
5350
5549
5359
4998
4885
4820
4396
5685
5250
4798
6732
5400
5518
3873
4963
6418
6477
5222
4674
4408
6170
9109
6920
5388
4010
4889
4822
4510
4274
4492
5916
5099
4203
4512
3944
5032
4672
4884
4671
4773
4920
4031
5814
5496
4537
5517
5437
5137
6266
4488
4635
7113
4940
5061
4191
6456
4828
4783
4739
5259
4086
4694
6978
4053
4868
4058
4954
4384
5802
3962
5032
6088
5768
4680
4874
5679
8076
6592
4671
4895
7096
6122
3859
5343
5598
6179
5245
4840
5365
4607
5039
3797
5861
5563
6239
6978
4632
4736
4394
5386
4896
7620
7161
5283
5328
5546
5240
4691
5000
5546
4292
4253
5541
4101
5830
4752
4898
5197
5358
4553
4404
4064
5622
4020
4465
7106
4551
5570
4900
5088
4182
4556
4673
3973
6607
4076
4828
4843
5076
3993
5735
5169
6635
4651
4224
4498
4336
5998
5007
6616
5891
5599
4621
5693
5268
5692
5429
4916
4870
6177
5032
4272
5462
6523
4778
6555
4715
4299
5203
4734
4583
5198
3853
4385
5429
4908
5321
6390
5557
5360
5256
6117
5091
4234
5568
3736
4195
6568
5914
6657
4196
5738
5947
5541
6112
5691
5944
6169
6448
4747
4939
4408
3875
4603
5007
4298
5637
4920
4526
4982
5012
4437
5590
5853
4218
4619
4625
4578
4625
4956
5891
4670
4592
5879
4214
6871
4708
4983
4445
6209
4687
4382
4110
5327
5272
4575
4395
4251
5929
7752
4125
5253
3979
5080
3774
4795
4609
5702
4060
5581
4653
5106
4733
6479
4636
5035
3701
4470
5146
5399
4393
5947
4444
4375
5105
4941
7194
4334
5153
5276
4157
4941
5771
4051
4199
7101
4141
5110
4216
5829
5375
4925
4841
5544
4964
5527
5466
5061
4582
5600
12212
4449
5985
7514
4154
5210
7725
5744
7367
4660
4158
4862
4521
4880
6619
4730
4952
4648
7003
3922
4502
6008
4747
5717
4687
6961
5775
7560
5544
3994
4916
7378
6079
5197
7457
5516
5987
5495
4753
5169
6882
4799
8850
4989
3952
5465
7376
4951
5048
5464
5325
6232
4490
5853
4593
5053
4946
5228
8860
6399
5317
4361
4856
6478
4191
4146
4624
4109
6037
5349
5768
4742
4821
4669
5158
6218
5057
4947
5770
4220
4745
4473
5162
4516
4189
5308
5205
5756
4401
5725
4613
5769
4980
4145
4427
5148
5182
4684
6031
5834
4739
5724
4903
4263
4348
6273
6251
5301
5255
5207
5331
5155
5067
4816
5032
4346
5899
3976
5729
5894
5680
5119
4753
5571
3986
5871
5516
4308
3731
5470
4758
4915
6029
5731
4210
5180
5583
6022
6043
5059
5211
10518
5752
4837
5582
4285
4553
5107
4964
5749
4823
4466
8089
4710
4375
5618
4425
6827
5292
8785
6563
7776
4157
4669
4852
5884
5214
7274
4783
5916
5074
6700
5418
6236
5767
4604
5744
4362
4651
5110
6448
4637
6806
6041
5631
4870
5055
5134
6036
4783
5877
4698
4785
4277
4409
5689
4598
7102
4427
6035
4581
4422
4095
4222
5959
5613
5663
4529
4803
4016
