380
398
362
366
435
454
353
365
383
363
361
457
372
348
420
467
377
377
360
389
420
419
393
362
330
426
382
407
344
423
480
407
362
379
492
424
437
383
373
508
397
405
431
390
281
363
389
488
454
371
420
418
601
359
381
378
377
377
409
281
553
305
324
454
410
374
327
384
333
417
397
523
511
413
374
463
317
371
400
373
408
409
428
343
393
321
304
352
397
322
512
335
406
364
363
348
459
395
419
454
396
364
405
431
411
366
370
487
395
383
379
382
380
377
371
442
418
637
391
401
364
340
376
403
321
396
477
354
362
385
378
398
459
386
458
448
330
428
492
602
475
366
329
386
283
413
387
322
418
446
325
333
352
375
426
378
308
325
402
306
464
408
664
372
503
1035
336
454
386
369
385
418
444
353
342
382
364
489
364
318
506
310
392
396
358
385
337
407
365
342
308
428
559
267
351
372
398
498
442
435
373
529
360
331
325
366
381
364
440
288
307
366
316
356
459
426
377
336
412
420
482
622
444
310
378
302
371
399
369
413
380
424
442
392
480
411
404
389
417
325
337
344
381
349
364
394
356
411
344
430
310
388
360
394
480
388
435
400
306
350
538
347
301
442
454
354
390
384
494
380
552
331
608
344
360
419
690
375
418
530
555
348
395
526
336
373
398
345
332
356
568
448
444
390
382
518
378
481
357
330
315
380
374
353
495
431
463
414
444
329
321
413
366
398
326
397
476
415
487
407
310
434
375
410
466
390
350
437
366
376
434
418
425
530
399
332
343
448
366
526
439
442
392
313
320
385
399
475
396
342
361
398
371
353
444
338
420
302
363
449
382
463
531
336
423
396
366
385
428
446
327
348
389
406
415
523
351
426
370
348
323
407
341
398
579
384
339
325
327
400
314
411
315
336
403
394
484
402
286
435
324
319
339
340
401
393
368
447
468
426
509
392
369
451
415
429
356
384
538
357
465
317
314
405
485
349
410
351
303
497
431
459
304
385
362
427
350
349
319
405
383
409
353
334
429
482
320
339
341
366
388
350
439
381
403
410
341
312
385
405
396
336
413
296
424
395
354
353
419
388
376
303
428
400
362
438
375
505
366
303
404
423
413
353
498
394
383
349
338
401
411
454
459
395
439
436
382
427
388
594
444
484
306
359
331
414
428
406
401
416
444
547
430
359
394
433
420
412
444
354
627
382
509
499
601
463
426
309
376
433
451
512
674
335
348
311
412
374
525
361
387
377
509
489
391
304
467
330
705
353
388
455
408
408
318
440
394
341
406
356
351
351
338
373
355
416
526
294
462
367
559
444
449
317
540
397
387
413
424
420
497
376
338
297
399
487
461
367
449
494
330
455
496
362
342
410
377
373
592
517
467
302
516
345
402
335
307
379
368
404
381
369
373
350
338
393
334
362
426
463
355
341
559
352
408
429
396
489
493
309
393
402
335
363
413
376
334
420
428
386
337
473
399
434
351
370
347
325
436
442
488
428
331
405
425
564
341
365
466
383
479
438
391
333
335
502
376
458
394
445
370
432
337
437
531
408
470
470
370
369
334
345
398
381
425
441
383
414
325
430
397
534
482
393
383
367
408
371
489
453
347
317
449
315
368
346
333
387
420
332
447
368
381
432
351
400
355
406
525
408
347
370
357
426
368
321
398
316
323
384
394
373
409
391
367
436
395
362
363
405
411
443
322
400
403
405
435
401
372
443
414
373
848
377
303
441
475
519
559
436
382
412
387
350
321
423
378
391
420
386
331
600
464
401
352
323
386
484
315
329
344
395
369
509
353
339
329
403
411
521
371
555
424
420
313
409
425
372
388
383
333
546
446
382
316
318
343
403
553
337
362
492
353
319
470
338
532
378
334
425
437
340
327
384
447
373
344
353
365
376
365
473
418
359
361
331
330
307
324
387
499
403
690
308
341
378
518
383
487
351
481
396
384
407
371
333
320
620
452
458
479
535
388
361
389
391
356
366
467
308
449
415
378
362
377
390
511
329
420
352
421
334
395
392
345
370
380
352
370
462
494
430
588
331
373
406
315
521
402
324
311
367
416
369
324
436
334
400
349
382
316
547
351
411
375
455
435
363
399
375
378
387
399
482
313
376
380
330
360
465
372
551
452
564
444
542
336
274
359
366
522
372
367
276
382
341
480
282
417
398
340
392
268
310
346
301
342
367
478
356
331
352
347
403
380
376
413
455
340
348
466
376
383
344
359
357
369
368
428
367
379
369
376
322
478
333
396
399
418
445
356
342
356
537
307
357
452
387
391
352
387
338
350
362
430
417
363
406
357
493
384
457
361
591
345
432
353
470
386
316
402
367
395
427
311
367
355
428
415
425
353
419
329
355
504
355
366
352
383
303
363
335
349
339
379
448
630
390
325
378
407
467
547
414
397
429
359
368
424
388
389
310
347
452
475
402
339
465
327
477
351
365
561
319
603
341
387
375
432
442
405
452
372
309
418
381
354
414
376
410
342
537
303
292
355
432
339
478
571
473
347
338
378
386
344
472
307
427
309
344
428
415
418
321
434
427
471
559
311
394
343
440
400
389
635
578
380
354
418
349
339
354
366
344
403
414
392
326
414
464
831
497
424
411
384
359
361
412
490
312
365
359
424
368
340
408
386
317
362
319
417
373
500
376
380
497
295
514
390
377
418
326
425
340
436
433
359
361
318
437
448
402
338
286
447
315
348
376
398
382
389
348
361
373
488
406
368
439
649
452
384
365
373
365
428
456
369
432
409
433
358
462
356
434
372
515
341
394
413
417
344
407
360
455
370
392
354
380
377
362
383
338
472
460
343
567
330
388
459
339
310
341
365
344
347
381
425
353
355
396
500
372
355
520
401
380
373
450
320
413
378
337
424
517
406
304
402
336
370
362
423
396
366
426
407
325
373
401
366
420
361
320
401
352
370
422
396
393
280
448
336
371
416
440
392
361
597
364
420
417
330
361
364
388
400
308
331
517
417
337
354
426
378
380
351
527
401
442
458
411
311
376
521
496
712
345
346
434
356
351
443
363
371
398
437
320
358
308
318
519
458
509
468
349
454
384
409
368
371
550
406
389
366
365
358
355
363
372
387
363
365
326
372
416
371
328
345
370
372
517
311
402
474
325
410
326
561
434
339
446
427
361
401
401
381
343
367
388
514
407
359
389
470
508
392
375
386
347
349
460
370
465
433
409
446
436
357
426
499
471
335
401
384
377
334
557
406
374
359
422
325
421
414
349
435
487
403
399
321
364
384
328
464
471
366
445
383
418
400
332
431
389
393
383
496
338
388
447
297
513
459
390
390
362
408
332
359
424
310
343
366
379
444
410
433
377
328
380
343
381
434
382
334
309
382
330
350
282
402
452
328
343
337
391
395
353
426
536
365
309
332
396
398
348
357
321
399
386
364
330
353
424
337
389
319
463
365
366
363
373
359
301
412
355
454
342
367
370
362
517
344
389
410
395
489
411
335
342
570
369
386
348
360
334
460
631
450
442
402
465
375
372
367
335
331
368
435
408
380
378
324
429
350
371
319
566
406
430
335
473
344
288
418
320
447
353
337
269
336
346
387
502
473
321
342
371
455
369
301
333
386
401
354
403
389
431
347
329
460
325
319
330
433
331
332
377
372
362
365
405
317
323
402
552
380
342
306
428
356
426
359
639
312
419
421
496
323
403
357
340
701
371
422
304
400
356
333
309
335
392
540
323
352
381
349
349
406
357
347
574
436
366
379
457
457
315
349
399
383
445
385
375
329
462
464
389
396
384
406
457
364
369
444
332
361
289
376
336
382
378
433
331
382
388
350
407
433
337
400
435
361
527
322
344
414
453
350
340
348
546
370
414
399
446
389
315
371
336
343
304
367
356
352
350
363
356
402
329
376
358
346
326
361
391
462
412
334
442
357
496
399
467
379
347
457
527
337
414
433
406
338
417
397
381
340
358
301
490
331
535
415
572
433
380
399
353
364
339
435
393
372
352
332
639
460
305
328
410
387
347
349
484
454
301
382
417
415
381
374
372
410
397
374
508
390
471
378
405
359
310
329
459
401
423
396
407
412
342
586
428
324
350
381
372
432
360
461
382
335
556
339
338
329
374
335
354
341
438
430
446
529
418
308
356
446
333
429
475
317
289
457
384
334
398
388
459
430
397
354
304
351
335
311
419
382
452
397
309
366
395
338
408
563
346
354
345
325
430
498
349
329
337
314
409
477
403
394
390
398
381
545
382
379
414
443
420
426
310
457
614
353
379
498
373
407
346
483
370
611
530
356
425
419
350
345
324
325
388
359
413
317
435
350
327
393
360
420
379
349
465
352
560
383
539
349
500
359
330
385
336
364
318
477
508
336
481
369
423
398
407
445
395
511
589
364
476
318
388
322
342
395
339
388
439
355
443
399
442
274
338
356
376
496
409
525
385
350
458
453
422
432
464
363
343
282
384
358
390
500
420
330
326
418
331
498
355
388
348
403
402
411
404
314
404
420
470
419
497
324
467
399
424
352
349
335
316
372
359
407
273
445
351
378
342
366
422
467
491
399
322
395
344
356
301
439
392
401
346
398
320
432
341
296
458
333
470
351
410
440
394
346
345
346
359
346
385
430
462
415
432
415
351
370
298
411
393
380
446
447
364
416
349
432
386
374
429
472
438
377
315
422
395
337
434
469
450
418
659
453
431
293
353
409
498
420
549
334
312
370
565
409
561
379
301
384
379
419
333
373
378
317
412
398
318
388
442
411
329
373
453
524
369
354
426
428
388
361
354
366
347
336
508
324
528
317
472
437
441
422
346
364
318
346
347
328
421
379
563
341
379
381
335
373
644
375
339
337
345
374
351
401
336
437
381
426
327
434
434
447
492
354
426
409
310
407
419
398
342
368
359
374
367
404
370
399
380
396
330
514
358
377
481
356
422
529
422
385
371
350
473
368
392
349
310
328
442
367
497
550
366
406
312
386
473
296
328
399
488
357
506
355
297
332
324
405
492
406
351
325
390
353
317
306
336
320
429
341
355
529
366
423
367
344
336
403
357
465
355
343
319
385
311
461
361
412
312
324
388
447
471
453
382
335
525
383
388
314
336
358
427
310
406
459
389
345
393
386
400
366
470
327
528
344
314
367
371
465
360
484
392
362
408
461
399
373
440
555
289
527
387
359
283
511
379
381
395
356
360
334
359
359
414
381
360
371
359
327
378
324
502
396
300
394
406
313
366
440
308
325
388
309
402
394
496
423
454
371
455
354
364
393
353
359
395
340
457
364
470
339
393
367
415
411
387
394
463
326
746
467
441
395
342
354
369
387
320
415
448
394
420
655
362
344
316
393
369
442
446
462
362
373
361
436
445
400
381
404
422
346
433
464
447
358
362
429
369
315
318
367
395
423
471
581
368
443
314
308
326
352
454
434
504
342
307
403
394
294
448
331
440
488
363
348
365
380
323
328
443
343
394
471
307
329
388
431
374
454
414
369
379
484
402
350
363
449
333
444
368
440
487
393
485
300
497
431
374
418
539
404
560
384
330
423
368
403
340
340
386
404
369
416
388
399
325
336
369
365
400
341
343
364
358
340
379
485
465
485
400
279
388
367
302
330
383
359
349
327
424
373
374
348
371
325
455
302
351
326
362
428
346
460
329
401
382
476
338
633
391
432
581
361
335
404
429
374
405
359
304
348
346
411
345
355
412
376
428
432
405
360
391
358
346
400
349
349
447
390
444
399
392
313
375
344
345
368
316
301
367
371
402
465
503
402
369
485
417
442
305
500
344
398
419
355
342
435
367
355
435
413
388
335
372
380
326
476
371
350
371
328
343
412
510
362
560
383
390
374
411
465
395
346
402
390
406
400
371
368
427
317
753
428
344
389
356
307
346
364
426
389
287
419
361
374
397
343
420
368
302
389
442
276
414
384
504
316
376
486
465
585
357
373
394
388
426
348
401
410
358
350
343
388
329
458
414
337
506
410
343
442
378
390
406
434
449
398
651
388
414
368
305
502
331
392
358
421
405
450
344
356
392
405
331
434
357
531
370
344
394
499
321
309
367
415
371
310
350
344
545
406
374
336
341
389
334
404
306
360
321
603
408
329
477
401
354
346
413
393
414
392
430
330
437
401
444
306
316
380
404
373
342
463
321
369
403
401
402
431
353
342
461
370
306
383
500
366
320
362
521
307
361
377
559
315
448
445
332
313
317
469
506
344
388
378
354
297
449
447
324
383
285
372
368
347
406
391
313
369
324
365
639
349
353
339
378
502
456
385
382
328
356
338
289
429
331
373
425
370
447
301
359
424
396
320
339
434
304
394
437
374
552
341
435
345
343
332
428
351
386
346
493
351
413
371
402
453
302
387
408
501
586
384
531
343
360
491
364
369
332
491
327
383
276
462
346
380
500
433
399
483
340
505
353
350
460
405
364
391
359
351
497
477
298
383
369
382
442
501
364
394
335
362
387
399
349
349
343
373
502
328
414
375
444
371
374
480
331
344
334
414
422
337
339
366
392
384
385
586
414
466
366
407
335
355
407
422
396
399
376
386
318
361
512
379
391
322
371
407
429
469
381
348
445
376
388
437
436
357
410
430
445
538
326
461
343
351
358
425
348
351
407
315
438
409
337
412
355
409
295
471
371
407
441
376
352
390
335
358
414
381
452
353
347
481
394
466
400
344
411
431
377
395
443
602
385
443
352
356
376
458
299
381
356
434
467
439
400
446
341
345
547
446
399
482
471
348
372
389
488
320
406
341
400
355
367
303
448
388
381
316
548
386
369
370
332
466
471
410
330
407
427
389
308
401
400
325
351
314
338
361
354
353
330
312
344
488
487
482
308
346
280
454
357
363
400
316
386
638
341
404
355
400
600
433
399
417
395
338
345
331
279
419
385
325
365
340
347
348
352
443
403
340
489
367
369
303
330
474
422
477
577
340
330
367
612
365
433
322
338
630
295
415
373
388
369
439
409
315
274
312
303
444
356
376
366
338
399
415
358
306
398
406
380
329
337
380
343
428
377
352
433
393
376
341
392
377
368
467
462
387
395
331
400
362
351
414
493
315
370
409
393
364
436
292
407
339
362
420
539
342
438
359
366
394
365
324
424
304
377
376
435
355
406
337
439
526
343
406
315
479
332
376
426
378
365
371
347
342
341
384
574
336
365
351
357
406
427
519
356
442
456
318
400
336
442
446
378
458
381
391
391
307
369
395
325
402
457
393
379
375
415
406
370
405
420
400
454
314
336
478
340
400
469
400
412
398
390
357
307
383
371
431
368
405
349
374
338
371
359
438
422
377
367
318
436
445
419
391
452
452
324
473
381
298
477
351
428
403
429
354
558
365
437
415
357
392
382
379
288
438
363
362
425
378
416
327
324
339
428
491
361
347
320
346
425
407
316
304
408
446
357
370
492
340
395
319
379
455
448
416
518
347
378
378
362
511
379
317
443
389
440
380
371
408
391
348
432
375
325
349
407
362
402
336
371
337
355
423
400
462
317
330
402
399
405
285
571
379
390
397
338
344
414
373
444
404
335
477
334
323
342
646
444
677
380
344
455
400
473
333
388
423
442
378
508
456
345
433
336
398
353
337
359
348
417
327
307
390
429
430
425
381
347
394
349
410
385
457
458
353
306
408
467
365
418
535
345
314
445
350
403
354
562
466
468
348
307
334
338
419
406
522
475
374
375
483
447
504
333
431
462
360
446
405
534
371
423
398
383
558
428
328
395
330
375
429
338
348
557
378
320
449
531
375
400
365
524
395
323
438
390
353
400
421
321
386
349
381
424
390
336
500
371
338
412
426
329
418
370
349
373
389
343
423
437
282
305
322
379
338
399
346
417
502
426
352
363
336
439
306
358
348
346
439
390
379
408
296
347
391
375
335
455
360
387
327
543
327
433
440
326
338
435
283
378
391
353
350
488
333
284
475
416
435
558
339
350
486
441
549
376
590
352
310
540
346
453
482
320
338
423
394
379
312
321
326
411
458
379
459
415
437
388
281
292
348
300
713
361
428
375
321
503
370
448
408
470
354
418
328
480
373
366
372
514
385
472
457
312
405
349
366
398
398
435
566
363
509
355
365
364
377
344
319
375
513
413
406
383
421
471
374
439
354
434
349
358
369
539
482
571
483
371
414
412
361
442
363
379
376
415
330
375
390
326
373
431
334
342
390
430
488
569
339
396
366
449
343
403
346
331
572
330
555
516
465
284
305
377
390
364
364
557
381
421
409
479
333
417
477
490
402
370
422
403
360
747
360
404
360
321
360
371
305
496
447
339
445
405
609
420
372
465
382
430
301
347
368
331
394
352
385
357
415
320
389
369
379
530
366
435
373
301
453
464
314
440
316
449
403
354
404
357
643
362
333
420
345
425
325
343
375
386
407
353
430
375
409
557
263
350
346
375
361
402
371
361
380
369
481
406
337
501
352
317
424
356
405
358
379
349
397
538
300
357
356
329
358
425
348
409
401
367
376
359
370
393
389
391
396
308
437
380
412
388
347
399
414
505
383
329
437
321
316
436
376
324
509
445
616
301
360
438
361
377
315
455
441
397
537
429
363
389
383
580
406
376
409
306
381
338
386
466
443
444
435
385
416
420
373
381
444
319
383
491
400
445
354
321
409
377
620
316
320
497
372
538
358
480
384
332
370
538
484
328
312
545
417
402
375
407
432
402
372
375
386
450
415
390
439
420
379
529
409
334
442
324
567
358
386
323
413
415
355
347
312
367
428
327
410
330
406
456
418
432
384
440
413
368
341
432
469
442
346
469
402
351
415
390
329
333
415
474
438
438
380
362
405
364
381
422
309
326
365
323
400
419
353
410
368
447
377
450
390
391
436
410
340
543
343
340
337
349
734
433
313
392
354
351
416
519
439
346
357
525
415
343
410
474
468
353
351
423
372
347
395
446
333
367
373
350
435
384
498
401
501
384
357
577
476
342
365
373
391
345
495
358
456
416
347
354
347
435
549
373
354
323
752
442
368
301
371
365
296
393
402
334
489
317
367
549
450
339
544
481
326
413
356
415
423
403
425
374
466
452
483
367
423
350
354
356
332
406
403
385
327
425
502
390
410
378
462
444
421
372
332
335
328
369
413
369
331
431
366
369
332
423
429
303
601
457
411
324
396
302
391
366
410
372
352
377
404
469
476
312
339
414
363
432
347
395
344
432
328
394
393
299
607
330
472
471
406
375
338
337
376
416
374
290
328
349
395
426
385
351
347
303
464
353
453
530
398
394
361
471
371
411
386
430
472
471
449
503
328
474
333
412
460
399
375
357
418
358
400
328
302
383
340
309
439
348
461
403
362
387
395
433
343
339
377
474
308
526
413
360
422
388
478
388
387
333
392
408
371
316
484
466
390
311
462
361
359
494
348
411
350
333
341
376
354
369
302
402
354
412
352
472
415
389
413
400
381
352
511
348
391
410
423
481
472
396
407
521
374
396
388
358
330
408
462
462
437
260
367
391
486
317
665
443
436
372
338
348
414
379
517
415
430
479
412
439
370
404
391
452
367
333
365
440
285
420
500
389
397
472
452
395
380
384
392
373
384
639
332
408
358
390
371
368
539
386
378
469
560
348
339
352
353
419
361
331
341
327
485
414
361
345
525
420
398
433
320
352
393
422
434
398
449
344
342
340
474
362
403
345
323
405
321
394
326
317
335
359
529
400
418
465
383
349
357
362
393
343
320
418
369
489
334
383
369
340
346
445
454
292
416
396
332
311
386
363
357
365
559
359
459
340
359
341
372
373
397
413
393
452
288
364
414
368
395
306
482
417
339
423
299
365
402
390
327
397
420
432
365
334
372
463
372
472
325
382
364
332
336
359
364
441
337
357
560
376
304
392
380
396
401
546
349
328
371
408
426
389
397
439
463
319
429
464
346
348
361
499
525
436
448
444
366
330
373
421
386
385
447
485
443
349
398
378
374
323
417
476
336
389
418
363
341
332
342
414
580
486
405
435
398
353
564
433
334
378
468
489
434
477
323
330
317
401
291
454
383
392
312
545
370
380
353
416
305
328
428
318
314
486
370
482
409
375
487
465
316
406
325
355
351
372
399
335
436
364
375
322
369
451
307
455
331
498
381
396
332
408
441
506
307
444
420
368
362
363
414
334
317
435
384
424
405
304
381
523
511
548
338
344
367
313
393
361
375
499
460
482
317
390
383
420
337
358
341
526
316
365
367
458
377
409
315
554
407
402
389
382
348
510
329
342
307
465
339
446
480
374
314
345
397
381
338
377
313
451
331
368
396
454
497
402
464
403
372
438
390
364
372
346
375
363
369
337
323
348
331
521
403
413
407
485
430
428
544
348
485
558
405
338
316
435
462
420
500
312
401
379
322
637
420
395
438
512
379
398
345
446
365
537
419
407
411
436
326
490
529
381
377
349
416
436
510
488
386
388
351
441
401
573
360
451
310
524
373
425
407
358
442
371
382
411
522
388
355
347
378
425
399
411
339
343
363
348
401
340
523
366
333
330
421
460
437
365
333
378
378
350
333
447
336
470
321
465
362
520
402
321
327
478
385
352
477
373
346
361
351
323
336
475
349
373
388
371
568
349
412
313
539
358
322
304
384
376
369
448
483
425
600
264
310
397
293
299
359
423
394
387
359
362
530
399
351
467
457
350
315
347
361
347
345
302
419
307
358
356
361
359
465
369
424
427
363
460
392
336
386
361
332
462
359
372
368
397
450
338
355
455
357
429
369
386
443
309
595
415
367
381
385
376
442
386
534
392
392
319
521
367
371
371
385
408
508
402
346
369
452
395
406
321
438
428
355
371
466
348
322
461
363
365
403
316
362
405
353
440
317
422
366
378
297
399
394
399
459
341
356
372
283
527
315
344
451
341
380
445
463
343
478
381
299
377
325
327
310
327
333
379
308
365
377
390
384
322
314
303
347
414
337
382
353
472
353
466
364
338
463
479
358
427
364
322
369
369
379
424
330
479
469
423
328
318
365
363
352
415
354
400
391
343
458
342
361
367
332
380
319
320
538
519
338
487
383
348
321
446
408
329
369
387
359
455
366
327
306
309
389
451
490
374
401
346
344
425
384
364
430
453
329
338
343
462
345
399
449
338
286
341
369
372
509
344
433
427
298
349
312
303
344
416
382
360
375
365
383
333
365
309
384
513
429
347
436
392
420
318
370
313
416
406
338
348
418
340
347
320
394
380
311
441
340
439
297
348
398
333
372
487
391
470
328
458
454
460
298
477
408
400
371
344
435
787
354
442
485
383
354
349
461
280
407
376
510
416
508
380
344
480
327
339
328
351
491
346
370
378
371
362
330
379
341
504
499
490
363
334
369
404
461
426
385
345
328
361
501
410
310
370
410
347
462
414
390
353
414
418
415
392
455
709
398
401
345
355
375
411
340
391
315
336
482
463
513
398
485
404
384
359
400
395
354
349
349
343
385
492
368
383
429
349
352
349
378
461
353
637
454
343
535
326
421
499
300
330
402
582
399
311
372
365
408
365
455
411
468
317
314
368
452
339
304
514
334
384
339
328
350
282
343
422
457
456
331
333
357
427
385
385
332
387
439
418
442
360
362
417
381
399
369
508
466
338
427
335
316
329
389
343
396
380
397
348
397
616
373
395
369
389
462
381
366
603
352
284
397
309
485
329
378
340
412
363
344
396
385
475
396
338
316
366
313
396
369
335
422
388
424
468
335
422
388
363
372
333
333
411
497
313
363
362
407
393
416
319
440
427
453
547
299
390
349
342
416
343
536
390
513
512
397
348
370
498
502
419
562
435
381
422
471
370
447
401
360
378
409
378
372
343
452
339
454
345
340
433
337
307
317
464
425
311
434
360
368
413
419
354
362
585
429
508
329
342
430
366
381
364
331
348
380
556
318
335
547
466
484
363
444
347
363
417
344
397
492
515
433
358
344
427
396
366
417
368
461
509
394
443
400
348
351
465
696
354
397
429
353
328
345
440
441
347
359
384
333
386
519
404
402
398
306
351
443
395
360
358
320
331
443
440
435
493
427
309
364
367
405
403
419
432
410
400
446
410
325
413
304
339
386
514
389
407
349
334
331
382
649
445
345
368
443
448
373
324
354
400
366
481
446
388
363
380
338
341
361
310
330
470
423
409
584
446
432
342
438
468
343
487
437
373
333
370
335
390
377
352
333
412
496
497
376
352
497
342
380
415
377
358
529
451
383
384
461
391
336
448
384
400
383
379
335
303
324
415
329
313
310
332
439
443
372
347
352
426
362
325
421
328
367
439
302
361
439
398
388
491
506
396
483
333
423
454
440
424
405
357
332
308
463
393
462
384
381
400
372
384
344
406
418
348
295
407
354
443
479
438
467
438
445
373
361
321
464
352
456
397
474
348
397
372
420
358
388
347
664
357
356
527
369
409
351
429
379
439
362
493
329
406
351
331
370
396
365
423
516
357
374
318
495
401
518
358
422
340
383
299
328
348
334
343
332
398
566
335
392
437
389
365
439
371
501
491
364
339
354
390
398
328
383
398
304
320
502
385
324
305
337
518
377
365
354
366
381
397
411
479
334
443
422
358
407
493
316
343
314
364
345
554
412
318
328
431
362
357
460
495
503
406
375
438
375
452
324
451
378
396
348
332
511
388
439
398
354
382
380
383
338
404
427
359
451
311
306
384
361
433
341
366
387
463
414
426
355
309
333
427
410
573
370
371
397
376
479
358
385
301
370
433
554
336
383
422
443
328
341
482
394
415
429
394
383
363
311
366
496
507
358
435
342
433
427
490
409
411
327
523
400
332
436
314
394
297
424
336
333
401
368
475
364
359
307
444
407
422
416
344
353
360
394
435
365
406
336
342
331
437
373
395
369
407
383
469
317
366
345
310
386
373
348
426
318
500
409
402
360
469
414
420
419
329
362
417
432
713
374
324
510
380
589
459
369
362
426
435
391
350
346
404
375
393
395
335
364
408
478
393
416
481
337
382
334
376
451
350
478
310
352
361
334
402
373
441
360
314
436
371
407
379
391
400
410
506
335
351
441
403
373
383
416
379
391
357
457
321
328
477
420
339
381
378
371
356
456
484
359
439
330
357
369
396
476
359
462
399
442
593
369
374
464
443
349
346
322
362
381
357
329
424
359
391
419
415
372
401
385
347
379
450
391
354
444
362
534
350
380
361
280
388
329
387
337
352
422
367
536
363
480
416
490
305
362
474
376
335
352
367
361
355
362
369
362
341
404
323
331
431
335
417
353
349
296
336
351
422
414
359
420
483
378
389
392
357
327
376
352
401
402
404
449
461
447
339
407
364
348
421
401
454
503
341
424
408
330
432
455
363
458
341
358
415
375
391
452
388
404
377
281
380
394
359
309
392
567
363
411
321
351
330
383
382
353
456
351
401
356
399
368
408
372
404
406
382
399
371
348
347
327
406
431
449
319
399
317
362
382
388
530
408
403
365
365
456
303
306
440
338
369
373
413
421
549
497
515
363
415
427
434
399
316
345
399
487
466
425
341
527
401
474
514
432
364
396
343
433
429
385
368
444
438
395
439
486
439
398
445
357
504
377
603
343
372
421
422
473
439
383
404
386
444
305
379
368
369
401
350
397
359
378
343
349
546
404
440
326
285
486
329
447
337
414
381
353
431
378
325
357
435
331
377
400
450
316
363
292
389
359
310
481
372
280
553
333
309
392
552
561
320
559
346
307
426
334
301
411
314
416
406
415
351
392
325
401
362
345
575
356
352
517
409
373
372
479
595
439
478
437
377
369
443
361
403
415
325
368
388
311
424
386
568
391
462
339
328
393
322
337
348
376
439
354
365
351
453
419
385
435
333
419
487
343
332
357
465
476
464
371
402
380
435
345
331
368
348
390
358
296
387
454
292
336
374
322
374
363
347
410
349
319
390
484
392
374
445
352
518
497
420
351
396
328
415
362
377
400
405
348
307
409
366
372
349
369
357
414
425
332
360
329
448
389
387
421
473
350
350
376
363
421
416
355
482
395
405
460
310
356
306
337
604
426
351
497
430
412
429
388
342
605
395
289
443
433
396
359
427
342
382
383
437
351
398
337
369
333
360
385
445
344
511
402
489
510
437
378
471
423
438
410
554
388
422
486
349
436
315
393
302
419
346
399
474
412
381
317
458
344
322
423
421
342
335
387
317
337
422
388
295
335
512
370
317
431
377
383
332
391
337
346
348
479
570
462
329
289
362
311
482
529
586
316
342
350
335
337
398
387
373
375
447
414
345
439
326
445
385
358
321
453
413
372
507
395
349
362
377
366
346
384
421
409
367
450
417
447
369
351
435
462
406
565
310
335
394
320
406
328
424
379
350
362
368
379
452
426
425
348
494
382
401
552
332
386
424
353
323
308
347
548
339
362
339
573
516
356
390
304
397
364
391
401
384
417
391
523
373
367
588
377
363
428
332
435
407
400
331
321
404
297
295
387
520
424
320
354
675
331
568
471
362
458
484
636
465
317
346
442
309
423
373
387
560
400
383
477
400
380
445
456
407
379
353
524
373
339
323
413
392
608
330
357
341
342
394
403
378
334
419
440
359
443
370
448
367
295
438
368
339
394
491
335
556
460
538
472
543
361
337
355
393
307
415
408
622
426
405
401
398
356
317
345
281
346
350
317
310
339
404
326
392
402
439
350
318
417
431
304
388
299
401
375
385
303
351
328
434
568
531
413
713
381
384
334
322
402
399
464
407
311
338
339
331
347
379
413
437
335
314
403
388
438
426
403
466
389
345
308
379
465
466
460
317
368
420
463
422
396
400
377
430
342
427
386
406
507
292
353
397
404
348
450
392
325
659
398
385
281
359
393
431
448
421
423
372
469
322
514
430
426
424
350
345
441
403
335
372
353
368
490
403
397
369
361
317
406
355
449
396
385
336
337
340
378
701
394
386
367
390
318
393
360
345
284
495
351
441
354
406
437
402
467
382
460
336
367
569
378
372
420
329
451
311
452
454
403
427
523
346
370
353
350
383
488
343
364
535
344
341
382
326
426
583
371
529
380
420
365
358
375
309
361
427
370
386
384
540
386
306
459
364
432
450
353
346
437
407
324
419
384
404
451
385
381
394
405
362
384
709
399
393
302
408
422
375
347
405
421
443
409
321
318
505
328
329
417
370
380
529
439
467
467
370
459
386
332
360
349
356
467
466
453
339
401
415
394
331
379
332
545
705
459
320
338
361
536
546
466
472
464
482
380
345
371
493
391
351
323
419
410
387
338
460
335
299
348
332
366
395
387
384
423
389
367
430
336
357
390
393
395
378
464
316
335
371
369
350
329
298
348
312
394
320
389
387
412
447
355
349
368
377
372
323
449
365
340
344
332
357
313
304
347
481
338
629
371
372
348
380
373
391
392
399
388
353
471
388
377
314
407
381
375
399
378
353
564
343
426
368
367
312
418
411
283
418
313
461
356
337
304
356
442
420
406
510
346
354
454
409
312
407
410
388
377
440
346
353
366
425
319
527
395
511
359
505
375
326
465
394
351
380
370
348
413
416
421
761
446
300
444
488
380
339
367
355
425
295
428
482
487
444
327
329
311
376
467
323
457
472
361
350
407
449
357
483
371
319
357
424
478
362
432
486
337
391
416
414
430
277
352
390
326
399
358
362
314
352
305
350
308
345
352
433
371
372
406
383
328
431
390
325
367
484
347
531
487
435
477
403
314
330
370
312
366
410
474
385
400
359
332
429
468
425
354
344
352
333
460
318
379
345
530
323
384
362
406
448
421
379
415
384
426
386
394
339
538
361
361
464
339
391
389
398
345
417
432
418
447
414
329
310
354
427
517
377
425
473
464
395
385
282
402
379
379
334
416
432
387
414
394
464
421
327
500
402
381
330
499
339
427
375
354
333
457
422
410
635
388
390
384
352
391
362
398
426
347
370
789
438
329
318
438
322
406
500
376
389
411
336
400
460
452
372
323
323
410
367
358
425
338
355
405
350
442
401
340
352
348
351
351
350
418
364
284
373
381
390
316
419
349
366
379
341
364
374
420
432
320
338
385
397
396
483
359
537
318
388
313
416
551
424
338
295
355
367
429
418
317
513
501
463
321
403
334
356
418
313
516
371
390
347
362
465
381
380
585
362
319
392
485
361
293
308
473
337
340
576
433
368
348
384
334
356
365
383
375
482
362
390
412
389
326
349
444
362
332
473
359
488
441
472
423
448
382
388
405
377
353
378
364
386
346
427
414
400
397
372
373
379
450
358
328
423
449
342
320
417
336
446
379
326
419
374
370
458
338
338
352
370
510
458
382
372
419
409
405
449
412
393
337
405
352
456
392
392
302
429
326
307
437
350
409
353
300
358
340
380
399
353
517
415
328
458
406
327
382
350
418
313
620
302
417
372
379
322
329
330
329
400
402
361
315
377
403
384
412
718
345
367
368
387
345
361
315
425
338
382
453
531
413
481
355
383
344
367
528
400
359
327
337
471
340
369
538
345
549
375
412
391
595
383
328
332
415
348
339
406
401
551
454
328
527
344
540
408
318
450
460
338
471
326
393
424
349
351
510
416
315
402
383
308
424
377
396
500
342
335
361
485
396
355
387
350
331
452
394
340
404
390
445
491
339
338
424
330
325
326
361
362
451
315
316
347
362
464
368
367
369
372
414
318
384
432
381
453
371
369
306
344
526
351
365
393
411
461
318
373
324
446
463
488
338
383
468
744
320
345
386
358
379
367
365
399
485
341
386
305
416
336
378
398
403
354
384
401
377
384
381
418
402
454
480
347
461
399
320
432
355
421
410
459
302
310
451
425
418
319
487
346
436
402
445
357
399
360
331
624
490
294
384
472
395
369
342
410
422
380
448
468
384
369
349
602
433
349
318
330
506
463
425
383
363
328
567
517
467
350
403
426
334
352
357
333
420
413
382
349
415
357
385
456
331
465
435
318
313
374
336
356
352
456
373
427
320
273
435
380
463
383
339
410
390
373
357
462
340
325
512
325
435
426
515
393
368
428
303
427
412
336
339
381
375
417
409
557
519
328
462
381
403
445
378
327
381
335
396
310
395
369
431
348
512
414
358
353
313
326
312
388
355
290
433
371
325
434
381
297
474
347
398
419
490
342
496
357
354
378
370
385
369
485
409
391
397
439
415
440
631
409
421
333
322
297
419
387
479
376
392
352
423
419
407
357
359
432
361
401
379
336
314
325
372
393
359
470
388
372
434
338
371
445
354
344
355
566
372
401
410
332
350
601
378
347
367
369
382
365
534
390
381
347
302
360
427
445
379
396
380
414
310
334
413
420
350
347
320
483
340
421
391
531
302
408
445
390
451
399
399
386
470
355
392
432
408
354
373
446
324
491
358
449
430
493
394
424
490
362
379
425
334
414
383
323
398
388
384
532
327
376
368
355
348
459
345
505
396
376
464
304
433
329
365
393
539
391
371
533
428
384
597
423
412
327
339
468
376
371
332
494
427
315
386
399
328
503
407
532
474
474
402
373
365
446
400
399
375
294
353
357
368
317
351
398
333
361
366
340
420
428
404
457
333
343
550
437
404
462
338
378
376
346
334
315
454
396
372
354
382
368
313
357
363
385
351
383
354
397
483
336
455
524
360
423
417
558
456
339
418
443
361
387
372
488
483
435
447
416
359
310
412
374
360
345
310
371
354
376
363
385
433
313
425
369
341
415
367
401
407
372
375
351
329
394
404
338
323
412
408
295
365
348
350
454
347
469
436
354
355
355
442
352
335
334
360
343
349
462
411
666
541
366
354
336
356
376
439
379
388
438
331
380
431
383
300
365
378
383
524
350
350
358
297
353
360
397
399
394
325
313
301
494
380
344
379
300
482
374
350
344
418
354
377
325
339
364
400
340
392
509
512
342
585
374
388
341
423
393
411
624
419
365
382
298
337
335
336
360
398
395
453
413
365
577
582
396
370
364
452
488
506
342
414
330
350
409
333
372
437
388
741
348
350
409
480
353
318
427
437
381
468
470
340
371
365
401
349
526
351
345
467
399
315
423
413
294
355
401
445
415
483
517
337
322
444
538
358
337
416
432
645
346
398
436
381
488
325
346
417
296
408
412
490
471
295
384
434
644
460
398
437
434
343
330
360
370
399
425
487
368
321
478
385
386
348
401
485
634
337
395
366
321
450
434
390
340
316
345
435
380
447
362
448
327
509
396
372
371
380
381
353
366
371
349
347
375
404
429
538
437
336
396
350
477
412
322
331
385
385
429
344
363
462
471
391
562
460
407
515
400
451
416
476
408
378
309
455
454
337
320
380
372
326
413
408
452
418
589
330
340
352
396
474
380
699
428
421
426
319
370
412
428
408
318
405
366
366
385
321
431
378
433
376
366
399
375
413
484
409
359
364
284
439
386
313
392
318
402
427
362
288
417
442
343
423
354
365
386
362
397
365
537
352
369
460
380
430
451
339
402
359
572
356
310
446
337
446
478
384
322
381
468
310
389
440
362
321
404
387
354
374
406
299
324
504
352
336
393
382
380
382
396
365
473
535
365
422
415
449
429
446
342
349
535
431
327
467
342
384
461
357
364
445
341
374
375
557
420
363
352
460
329
320
334
294
372
507
368
435
416
451
422
363
422
402
361
462
393
386
378
412
354
339
444
315
375
504
382
470
462
396
335
454
311
365
355
462
331
395
375
313
416
359
331
478
325
577
367
414
403
330
469
418
319
484
285
378
436
395
347
408
549
804
474
417
308
409
346
470
359
348
335
365
347
434
411
327
398
397
514
411
365
297
316
407
440
372
341
310
329
368
474
372
366
612
390
393
494
367
385
522
419
457
520
443
496
276
380
367
360
328
348
342
410
337
318
391
362
355
369
388
395
379
466
520
382
404
397
391
363
351
300
392
307
324
328
328
366
392
342
354
358
405
335
373
439
339
372
388
377
333
323
435
421
322
348
309
316
434
395
455
344
372
468
646
362
382
410
516
402
452
426
365
357
330
378
400
313
422
359
360
536
400
388
360
306
362
367
292
293
388
349
339
334
379
325
356
397
541
516
383
463
336
449
373
403
387
445
388
383
331
346
373
411
460
345
394
421
384
391
333
376
479
376
448
435
353
485
545
432
454
348
362
496
516
311
402
380
365
604
304
390
408
342
543
379
401
468
394
432
394
428
339
335
392
539
358
400
358
412
448
405
400
321
292
412
419
339
373
378
384
373
489
381
343
550
489
346
361
371
378
359
403
348
420
387
364
517
304
339
333
411
327
400
342
327
452
434
446
352
391
436
385
317
421
410
389
357
408
502
375
399
315
326
306
403
372
432
367
319
374
342
375
466
331
318
397
374
352
465
331
558
419
341
417
475
369
461
384
389
334
371
348
504
442
383
373
408
344
502
485
418
368
366
365
378
333
379
377
445
397
407
319
333
351
476
460
336
663
377
384
426
430
433
292
437
298
438
412
328
344
521
330
398
406
358
352
404
277
358
407
385
420
523
501
300
404
372
374
509
354
345
336
402
392
426
355
367
396
373
393
316
562
362
351
359
576
327
417
343
303
360
385
549
331
403
396
461
589
421
569
459
462
549
489
371
319
403
353
366
345
423
390
334
477
351
376
312
322
321
548
338
417
387
337
362
409
379
350
500
503
396
380
329
362
342
400
482
436
446
435
364
405
439
595
396
358
417
394
393
377
428
514
341
368
434
349
378
353
415
377
390
546
270
427
353
449
369
407
355
538
416
399
361
360
453
313
374
344
411
360
416
405
581
411
454
303
344
404
374
387
329
409
383
436
563
410
363
363
350
439
521
362
365
408
424
399
416
390
364
386
377
286
385
410
418
315
429
466
365
497
454
439
359
406
322
724
309
286
406
435
475
320
324
352
472
442
455
500
572
330
404
330
387
348
392
360
465
601
392
347
396
397
403
532
474
339
384
468
474
380
341
358
382
404
374
354
358
368
522
361
393
433
385
364
363
396
535
412
383
322
455
450
381
533
449
456
310
417
419
370
596
294
432
349
383
435
379
423
324
383
377
352
365
401
355
360
367
350
305
398
351
419
355
320
423
563
443
462
328
435
420
409
344
358
333
337
417
447
344
370
373
367
440
367
391
447
364
525
370
365
510
362
365
412
413
306
410
436
508
311
354
425
468
410
476
375
343
351
355
328
461
393
418
453
341
353
405
413
387
383
477
491
516
387
319
370
413
372
296
318
367
409
377
426
425
597
342
411
360
625
366
415
406
329
387
348
425
387
410
438
397
425
387
393
473
364
323
425
345
313
370
375
354
430
404
335
540
277
471
345
441
417
380
420
460
450
399
364
453
332
353
508
430
355
305
367
571
402
410
427
430
403
379
315
354
372
361
355
414
327
334
334
580
504
385
444
427
303
458
402
418
500
377
695
457
460
409
379
390
464
396
382
375
406
299
388
408
378
409
334
389
306
378
355
451
417
439
282
365
383
377
466
344
330
555
353
400
423
325
322
367
567
389
397
397
380
385
477
368
326
372
381
344
468
358
348
361
336
446
402
409
338
309
422
293
350
372
301
380
747
330
395
401
384
369
375
397
530
347
403
402
350
357
437
387
327
457
364
367
345
362
375
515
359
386
415
344
463
497
333
342
396
400
437
355
421
509
323
377
417
312
311
377
441
369
379
484
420
441
502
442
306
388
481
292
402
373
381
332
370
307
405
326
401
403
454
334
387
341
315
310
359
393
292
400
357
615
269
456
403
325
660
447
364
318
343
338
482
395
329
355
508
456
335
467
341
331
359
352
316
363
314
326
564
296
480
314
349
427
380
390
350
453
370
433
332
374
365
373
313
420
371
347
413
392
310
354
427
349
340
359
403
374
333
425
455
431
366
434
507
315
345
405
366
397
364
426
426
318
358
403
359
564
333
389
472
510
330
640
402
385
363
468
328
334
520
321
345
552
400
407
505
342
353
389
390
343
336
369
574
360
507
305
346
393
370
342
378
319
646
428
564
363
396
399
326
416
347
391
301
464
360
564
464
435
429
389
327
386
428
520
368
407
487
461
371
323
412
380
383
344
402
453
337
359
374
404
335
375
362
342
354
350
330
409
304
458
333
368
417
364
380
335
400
410
547
469
430
373
344
429
345
359
422
336
320
398
482
422
436
374
518
406
369
397
405
420
359
360
395
361
310
392
438
408
423
318
348
387
363
400
474
342
313
402
389
669
368
340
396
446
325
611
377
420
386
547
450
368
390
453
406
404
336
351
346
391
459
460
332
349
334
302
388
300
321
447
391
380
402
388
346
418
476
394
321
490
359
318
381
426
360
362
333
334
425
311
438
396
372
362
512
334
544
341
411
467
324
528
404
387
383
398
503
396
375
482
396
365
370
441
430
354
329
374
335
333
392
415
536
378
332
391
351
459
402
391
334
490
399
380
405
332
396
349
388
370
422
384
407
387
390
397
372
325
321
334
372
378
385
341
341
341
378
383
387
347
368
370
504
371
324
486
357
530
512
406
416
349
277
491
428
387
375
316
436
325
360
490
479
356
539
345
386
407
395
380
432
379
489
350
612
385
357
447
316
413
440
396
355
547
327
366
578
445
335
376
370
426
326
364
365
318
384
345
327
390
337
382
353
383
384
441
372
324
421
311
397
353
346
333
404
414
358
347
570
479
304
370
320
440
425
359
429
347
353
343
344
344
407
316
323
344
744
414
376
410
364
379
613
373
683
456
295
468
300
384
367
382
302
474
411
533
336
418
461
426
366
399
572
345
351
352
379
378
389
378
389
345
318
450
381
345
364
374
437
333
324
340
450
521
321
414
331
444
464
404
409
510
386
338
353
352
349
381
344
403
399
347
457
362
404
391
423
367
361
405
346
373
396
332
574
431
370
335
586
466
310
304
320
339
366
361
455
354
418
401
410
439
443
385
485
354
370
366
371
361
351
420
414
324
416
338
407
361
363
431
410
443
362
348
428
312
507
357
355
354
369
386
361
459
378
326
679
358
427
444
428
363
358
380
526
398
447
355
497
401
459
446
341
350
351
352
376
332
430
409
403
374
357
398
424
471
438
411
366
311
519
330
318
347
412
357
383
314
383
454
352
367
421
399
489
330
341
489
407
403
334
623
418
342
463
423
370
318
418
389
369
374
487
392
388
432
372
395
371
298
475
329
382
330
652
342
359
399
551
497
319
366
366
422
443
370
383
328
806
363
444
384
417
352
411
312
354
422
348
339
328
330
439
305
463
313
365
523
355
412
407
521
389
396
407
432
393
521
366
407
474
406
453
377
401
353
420
404
381
364
425
443
485
369
342
348
385
452
401
396
337
466
415
356
529
328
382
319
405
376
419
396
367
324
345
377
338
447
470
372
377
339
425
403
446
416
332
364
437
423
405
349
391
350
445
379
351
389
416
377
552
329
412
393
427
389
402
397
346
417
365
374
361
396
464
409
367
320
402
634
441
333
373
444
397
356
340
392
481
383
352
401
358
444
352
491
329
446
352
397
336
350
334
328
349
375
497
545
350
313
472
339
389
345
404
427
485
376
388
472
332
421
354
352
338
339
336
407
351
540
326
557
489
562
323
374
447
475
305
407
371
389
338
408
392
318
393
319
438
352
395
461
420
394
332
375
330
367
402
347
568
379
328
334
561
421
367
383
398
350
379
471
321
325
375
416
308
360
390
333
444
466
645
441
560
379
388
468
400
382
333
402
327
325
390
373
393
449
572
357
354
293
367
