305
286
182
338
201
216
259
206
220
161
150
230
217
190
254
276
172
210
218
207
171
212
384
353
281
276
281
203
319
188
257
227
291
269
247
356
224
207
287
225
170
311
224
226
220
199
226
169
164
299
260
233
190
213
279
251
316
231
183
183
412
262
204
144
246
242
313
238
164
254
184
195
429
190
367
217
282
258
209
174
209
195
225
235
352
324
226
186
213
174
232
318
186
220
240
215
178
306
222
229
282
248
226
256
167
184
198
166
234
202
293
351
164
207
197
255
211
164
241
369
244
206
237
259
250
177
329
188
227
278
199
254
242
290
212
184
220
214
383
171
228
206
201
178
248
180
268
221
219
227
196
254
175
253
170
194
248
335
303
199
328
187
191
294
174
337
252
293
212
201
173
229
222
267
219
283
322
176
357
199
229
171
213
213
164
192
195
229
219
238
185
468
273
215
279
254
245
216
250
208
281
180
205
196
189
258
193
218
215
257
156
214
260
173
194
220
319
249
296
226
360
223
228
168
271
271
183
214
286
229
184
226
252
316
197
229
331
242
233
280
210
166
267
240
343
156
371
249
214
203
234
245
257
265
253
320
193
202
186
213
302
180
225
161
248
293
186
260
162
279
279
153
383
190
185
225
259
200
280
237
412
295
252
258
196
220
217
335
148
164
207
181
207
257
345
315
341
363
168
201
317
235
372
207
205
164
280
216
307
254
198
396
335
245
261
381
173
219
259
298
154
319
449
184
254
226
243
191
150
187
216
198
197
216
216
378
225
240
183
325
168
161
265
259
211
250
222
200
379
199
170
209
290
211
210
171
221
165
242
187
218
164
213
246
380
192
208
217
203
349
310
284
254
192
278
190
209
289
233
244
192
268
303
252
203
165
165
195
223
241
189
242
230
190
183
287
206
322
201
169
279
221
236
386
219
246
306
277
153
269
192
202
214
244
151
353
210
166
239
419
211
214
246
258
173
341
205
262
192
299
220
294
265
188
242
192
375
359
235
179
215
179
299
251
210
161
198
325
229
160
272
332
214
305
256
166
231
169
170
217
234
241
259
209
313
215
194
236
187
187
232
264
275
234
203
183
196
309
277
262
295
323
247
251
281
174
202
265
251
307
298
201
238
246
191
147
219
241
209
282
206
231
374
352
162
152
266
199
228
199
220
189
230
195
234
251
330
291
264
275
260
247
296
143
228
263
321
178
272
185
273
220
235
277
197
265
197
174
192
188
281
242
204
196
238
198
192
269
244
208
393
183
164
397
278
266
242
251
364
214
270
199
201
191
316
327
219
146
200
218
266
284
284
330
231
271
278
160
286
279
186
358
273
308
340
240
398
143
291
188
426
161
261
243
220
279
209
275
266
301
175
247
191
283
192
218
219
239
206
292
228
242
245
301
317
263
288
204
300
367
238
202
190
273
247
158
179
179
249
160
256
229
292
252
341
227
281
197
216
246
192
276
197
141
268
260
171
245
243
139
186
297
180
259
215
251
178
199
266
237
256
170
319
231
204
260
232
267
244
476
329
231
182
165
300
262
280
264
258
278
262
213
260
277
199
223
199
195
269
353
311
278
333
193
329
200
171
300
268
321
227
211
184
288
203
268
237
299
168
248
177
254
185
189
234
192
227
275
224
278
332
237
195
363
467
211
175
296
195
225
231
320
336
197
279
173
207
254
155
223
316
256
250
176
281
179
195
262
382
345
248
186
309
183
182
289
135
206
210
321
210
218
252
136
222
230
196
205
309
204
224
301
144
259
219
226
306
189
248
257
252
322
251
189
221
197
245
224
192
326
385
224
295
186
251
233
146
196
281
202
439
196
204
228
174
202
310
235
255
235
314
386
257
184
191
223
200
269
268
197
146
212
179
226
208
249
263
247
296
337
154
209
240
403
223
233
236
236
167
264
230
169
204
145
230
231
277
175
201
204
249
198
407
243
318
243
173
385
170
291
336
257
364
215
223
224
218
285
158
195
174
198
211
190
334
179
175
319
251
178
325
187
228
158
263
300
344
338
224
195
199
271
239
274
221
212
176
281
385
228
213
229
187
187
190
234
288
190
212
180
157
218
327
338
300
287
181
234
202
251
261
209
248
197
290
157
226
325
173
242
196
285
196
228
237
194
243
363
216
262
288
238
211
404
177
200
218
136
210
222
313
324
201
152
194
179
312
235
206
256
218
246
338
321
222
441
279
191
255
216
169
179
248
224
198
246
276
171
242
258
295
252
162
153
259
236
454
172
162
222
165
214
197
221
412
204
273
210
264
220
256
285
213
179
290
211
232
254
226
298
232
197
227
267
238
173
358
173
203
208
212
183
195
255
207
247
247
208
234
187
217
285
166
264
315
223
300
432
451
289
194
403
321
397
288
199
238
174
224
200
253
192
239
214
458
342
278
249
267
360
199
306
182
318
209
198
247
304
204
206
271
266
252
225
185
255
289
305
167
270
184
252
216
180
240
283
377
205
203
224
271
368
409
155
259
207
183
193
189
273
167
166
213
183
258
325
409
147
282
241
216
230
221
217
171
178
253
274
269
245
244
268
279
243
185
159
163
261
147
274
194
263
165
177
275
505
217
179
217
304
193
286
182
198
225
258
298
263
238
175
140
151
253
210
193
290
232
251
167
175
209
195
172
193
178
183
288
279
271
182
200
248
156
182
244
375
264
219
213
205
227
258
238
316
172
189
251
192
263
243
372
138
153
193
327
154
213
281
244
198
184
211
185
224
322
272
259
196
205
291
158
230
313
261
269
230
149
203
224
209
217
177
275
169
253
211
280
258
314
190
316
223
258
222
177
170
201
238
282
175
250
211
257
280
180
220
277
186
230
310
186
321
313
311
177
224
248
181
273
266
276
212
222
284
256
226
193
234
288
535
212
284
212
214
171
181
177
212
317
235
237
250
270
250
196
211
220
236
232
207
159
151
173
287
190
179
246
217
176
262
189
254
321
328
302
204
167
438
219
219
311
197
257
199
296
224
240
262
227
191
269
178
200
188
246
298
244
242
240
251
272
305
196
166
256
200
256
276
219
208
232
218
247
185
306
379
144
225
291
212
169
204
211
400
330
187
272
301
229
155
194
236
249
366
193
239
291
226
237
165
165
260
229
274
162
192
192
214
251
393
191
234
280
174
221
217
245
261
224
204
239
222
233
297
230
426
201
153
238
215
385
284
224
325
231
338
230
263
377
255
382
197
211
368
206
190
236
305
223
206
156
357
254
199
252
176
242
167
175
283
202
245
217
186
211
146
324
266
221
222
222
171
217
187
192
261
184
195
182
238
320
295
311
335
183
155
195
375
296
213
252
246
179
149
188
186
164
243
288
174
381
342
223
196
229
268
275
204
318
270
280
202
219
179
261
161
229
333
218
204
335
174
358
245
190
214
318
393
354
223
255
255
210
298
175
167
164
224
239
200
187
280
216
296
342
229
233
345
334
397
202
215
207
193
186
297
237
267
292
207
239
247
297
261
201
282
238
156
239
256
233
192
218
215
282
378
335
219
241
198
323
183
357
307
235
228
191
317
185
275
221
206
228
299
186
285
229
206
201
189
263
234
207
221
288
248
354
227
206
288
331
213
167
224
341
202
180
287
147
243
460
201
282
229
200
386
235
186
194
271
362
282
213
278
155
289
231
157
274
215
231
305
198
219
180
239
259
316
294
264
159
257
247
172
323
235
215
201
191
210
340
247
171
183
239
370
224
196
326
233
241
205
230
364
176
167
262
226
275
212
181
230
258
184
273
178
243
294
310
282
204
200
182
184
193
302
254
289
278
277
185
212
237
208
197
214
318
296
274
237
268
389
210
225
155
166
289
371
305
183
327
198
183
216
257
302
250
161
194
214
371
284
218
189
182
253
307
289
166
178
205
267
229
215
181
255
192
221
245
256
235
340
181
221
231
235
190
185
251
171
302
158
366
282
244
269
311
364
317
234
198
236
230
211
275
167
225
236
206
204
191
278
268
162
278
213
210
310
352
194
156
289
197
280
388
222
287
236
205
223
288
234
205
184
249
317
247
288
211
256
246
277
260
232
199
205
231
312
170
271
262
311
249
167
200
180
394
265
225
305
180
221
257
330
230
339
182
204
217
227
298
183
225
230
281
235
216
183
210
314
308
185
343
274
271
237
231
222
262
171
291
219
165
262
212
203
192
416
215
230
192
289
277
208
298
230
189
282
273
196
273
270
238
196
221
169
281
261
421
253
322
202
332
254
246
231
208
182
233
239
235
166
286
212
167
224
284
244
195
454
305
379
231
232
203
235
325
232
216
268
166
261
231
437
225
319
263
194
174
197
184
178
199
274
221
137
207
268
176
195
231
293
288
283
288
166
201
182
247
199
199
317
193
207
239
251
292
390
138
280
187
295
492
257
185
139
292
247
253
195
247
193
202
185
223
237
177
287
239
291
162
265
279
290
218
183
202
190
179
230
257
246
257
181
260
241
245
203
424
152
244
196
228
198
195
157
332
224
301
377
286
220
349
315
193
317
256
308
213
379
323
230
274
248
295
168
236
204
234
280
282
256
307
207
236
386
142
243
333
204
377
228
375
204
253
360
166
195
187
181
189
187
220
229
225
200
177
261
219
214
237
277
264
220
196
328
151
282
259
154
180
292
224
218
335
245
181
227
336
210
165
321
176
335
239
168
186
300
337
395
293
295
230
230
288
211
294
225
187
290
418
217
149
261
201
232
238
172
203
297
242
257
232
222
369
213
206
201
166
441
164
251
267
238
185
178
239
243
308
179
167
278
264
183
278
220
249
568
178
177
166
190
222
223
223
187
245
146
236
181
202
245
193
218
250
268
284
258
158
203
189
202
248
177
224
206
205
300
292
170
233
222
209
214
329
299
256
169
232
214
217
251
229
233
204
232
211
171
165
275
251
203
260
235
244
204
258
214
286
199
191
338
164
300
201
229
240
285
231
210
221
266
243
211
197
255
198
266
175
305
248
267
220
169
196
192
270
302
250
215
434
226
209
273
184
198
267
228
241
399
274
190
219
186
173
153
328
215
181
193
294
254
343
421
201
180
233
234
198
210
248
205
290
307
213
235
180
250
174
234
154
187
185
190
282
256
233
240
247
217
224
300
233
142
241
200
220
297
330
261
174
291
146
196
303
462
208
268
243
494
246
241
299
161
239
211
176
229
172
204
362
277
214
313
339
203
323
234
279
185
162
222
184
210
208
185
165
160
224
337
278
286
243
250
207
179
310
294
235
217
220
203
254
261
150
237
210
172
212
158
266
253
185
249
203
265
304
136
287
209
240
214
234
184
240
213
355
218
323
218
181
239
231
167
347
268
164
332
183
229
327
226
196
219
295
325
249
326
257
287
319
277
158
270
209
248
542
207
425
141
190
266
172
140
222
239
246
271
200
143
214
232
155
249
283
234
344
290
177
240
228
190
302
145
249
324
312
234
316
243
167
278
189
204
292
284
334
242
283
259
213
261
273
227
425
156
217
198
251
220
229
150
256
219
365
172
275
269
270
246
322
200
205
264
269
333
230
255
271
284
234
212
213
188
345
216
284
236
186
251
230
235
187
168
218
234
351
381
305
222
282
240
239
219
347
242
314
231
196
184
281
331
359
172
178
173
180
198
162
204
353
241
163
216
268
176
229
277
238
228
180
205
179
321
297
192
289
246
288
187
239
266
178
248
275
163
229
288
217
255
218
282
246
397
332
166
191
204
308
321
195
210
396
285
230
177
185
207
237
265
244
358
288
309
170
228
214
211
353
363
268
172
221
209
243
214
272
257
306
297
194
399
153
215
146
164
181
246
152
229
180
298
234
237
430
210
234
224
167
240
177
351
269
166
194
269
225
209
177
229
203
184
293
312
213
233
203
211
203
360
384
242
234
228
175
205
303
239
221
396
253
168
241
166
286
436
239
191
319
201
394
322
268
214
269
274
132
227
187
168
204
206
325
216
232
160
175
257
293
218
232
212
274
237
253
203
200
242
204
186
227
186
187
395
218
194
230
362
235
215
310
290
179
233
260
250
270
243
246
178
222
236
204
246
210
251
208
206
357
179
237
265
222
269
220
217
231
238
186
169
238
307
231
367
263
191
211
262
408
212
231
180
188
311
240
206
230
187
244
173
176
257
226
263
203
243
213
148
272
363
281
282
345
326
197
167
224
214
243
326
239
237
407
194
275
184
323
341
267
192
171
234
213
275
199
266
171
269
389
222
288
242
249
201
191
260
215
183
169
205
171
227
295
343
192
278
161
261
181
373
181
164
177
250
352
229
200
220
202
210
243
356
258
223
216
245
426
208
217
219
187
209
202
141
216
252
389
193
184
175
253
308
217
165
180
237
322
188
189
288
257
278
338
216
221
212
266
224
226
269
262
300
232
299
202
266
194
228
293
237
249
221
209
357
180
277
304
166
229
185
215
258
237
307
270
200
325
195
155
197
361
228
190
185
221
259
178
227
181
218
216
315
207
256
348
246
168
251
324
237
285
170
286
152
212
328
297
296
244
266
246
208
312
206
198
166
265
480
247
165
306
275
213
229
236
209
281
400
302
321
176
132
205
204
261
170
206
203
298
192
214
269
355
221
265
173
226
248
182
299
196
237
182
232
186
319
252
174
313
184
198
319
257
313
199
261
251
290
275
433
216
218
235
178
177
304
188
211
286
147
230
209
254
321
172
197
157
218
218
231
220
185
274
213
317
213
232
318
172
189
192
195
338
272
241
192
242
265
232
261
221
353
208
206
234
383
356
186
336
245
218
260
246
283
267
293
245
257
290
271
418
232
318
280
290
324
180
177
271
179
229
268
169
289
280
213
337
352
186
274
217
155
235
275
221
269
239
306
325
213
251
210
347
151
282
218
252
336
265
231
204
210
235
200
302
159
221
173
176
145
227
174
163
269
208
244
166
279
211
182
214
265
236
361
239
239
216
302
247
300
247
191
200
246
297
177
191
252
186
226
187
218
222
230
268
163
141
127
274
172
220
221
203
400
196
256
252
285
248
249
207
359
229
165
276
150
312
213
211
230
188
202
172
201
232
155
189
269
325
151
167
153
307
150
198
194
247
304
231
219
253
228
188
180
314
187
357
204
320
204
188
183
229
268
217
196
288
189
208
215
197
232
202
239
240
201
257
220
490
234
303
205
187
209
249
219
269
258
303
288
235
204
210
205
378
335
200
193
192
295
181
281
409
155
194
229
203
219
237
200
259
249
144
295
237
194
221
312
273
285
210
335
220
264
311
251
304
172
263
174
197
213
273
203
190
207
174
215
241
237
258
305
244
304
235
185
266
211
273
259
197
208
271
278
239
316
190
217
189
220
336
151
220
227
224
295
281
188
169
290
235
202
273
166
206
203
279
183
229
221
183
174
245
338
187
200
304
328
303
274
244
203
368
306
278
299
245
206
200
197
296
284
315
171
191
214
235
259
159
310
229
216
254
265
269
259
259
155
259
282
158
254
257
165
193
328
211
252
238
161
200
276
206
168
275
179
187
234
179
378
233
183
189
246
325
256
201
253
194
280
324
263
314
324
274
258
239
244
204
178
183
219
161
224
234
184
293
204
374
252
339
177
215
179
240
285
228
367
296
241
387
291
188
328
230
405
217
191
148
228
253
231
256
203
268
246
158
218
295
209
328
244
223
211
285
184
229
196
209
206
197
217
329
335
261
218
237
222
410
197
315
181
256
266
229
254
374
317
215
118
335
192
234
333
191
203
187
223
205
219
345
230
181
224
301
195
195
342
296
282
188
230
194
174
213
221
245
432
260
202
198
334
306
222
337
262
222
184
175
316
206
217
226
323
197
292
242
153
307
223
252
207
359
235
328
187
252
167
292
245
190
220
183
231
412
192
283
266
194
291
207
289
220
206
218
333
267
340
271
292
327
247
222
319
236
192
208
205
244
237
292
219
237
280
328
203
177
255
207
259
246
227
220
222
222
326
194
242
179
235
176
499
237
248
179
247
251
187
301
247
205
175
283
287
266
274
177
282
177
232
270
216
228
216
167
170
232
207
249
379
202
252
180
212
306
233
259
232
180
245
200
211
279
239
233
254
254
284
300
271
323
193
324
225
378
469
222
136
214
336
185
218
160
158
186
236
317
216
212
308
287
270
197
244
168
177
226
251
172
227
230
293
234
288
187
200
155
163
170
233
337
211
296
233
355
216
212
166
200
392
200
214
189
258
162
325
203
193
164
161
231
204
193
248
232
399
179
263
382
166
218
212
221
196
246
277
215
273
284
132
245
156
207
200
247
181
224
239
305
190
182
289
171
200
199
288
223
210
221
233
164
192
374
267
235
312
265
381
262
236
231
314
301
302
236
175
180
243
235
220
242
158
241
257
313
328
226
182
224
277
283
185
203
208
314
328
260
307
246
252
215
212
174
245
297
279
178
208
285
170
149
266
208
213
288
249
238
182
217
183
231
202
191
243
203
256
380
300
401
389
194
207
207
178
192
169
211
326
221
312
255
203
262
289
241
213
186
251
267
310
320
333
181
204
211
289
200
212
188
246
246
154
233
226
248
303
205
209
200
178
184
171
167
300
242
204
209
205
202
268
171
158
174
219
142
275
226
211
218
246
261
203
200
179
182
186
230
184
269
240
306
186
227
287
305
186
283
271
189
237
142
203
273
206
140
242
187
185
137
205
198
250
315
261
129
219
352
167
227
220
194
339
154
265
179
200
204
330
186
217
248
175
200
183
160
306
200
230
178
315
327
236
238
324
256
232
262
305
213
353
193
189
142
194
232
200
272
232
201
192
205
237
241
265
351
164
356
290
245
237
262
199
181
267
199
238
199
353
194
357
447
246
238
258
197
257
208
216
450
183
267
305
187
274
192
176
297
284
192
191
439
181
207
232
195
263
370
188
242
185
218
264
191
213
175
259
198
240
354
159
185
221
230
168
343
192
175
247
199
189
165
338
165
237
255
264
292
170
206
217
212
314
288
168
293
251
156
206
312
211
320
156
161
187
289
271
203
180
272
161
246
255
171
252
169
352
338
424
359
225
297
232
229
206
303
256
252
299
274
194
244
211
371
187
222
203
307
230
210
251
179
265
253
184
238
205
262
283
216
270
224
312
241
240
236
260
202
193
185
304
305
188
220
202
197
252
215
206
243
192
133
270
249
161
231
268
301
280
225
251
177
414
409
240
202
260
163
206
331
229
245
191
265
278
419
233
263
308
465
224
306
177
319
203
242
205
193
190
310
254
180
199
298
355
295
188
162
278
206
241
260
193
272
241
309
199
225
243
244
220
166
191
213
220
216
173
382
276
182
246
237
216
311
248
306
322
164
234
266
226
207
180
227
257
234
294
226
215
202
215
275
189
320
221
291
188
190
214
178
279
246
227
198
208
207
175
234
208
245
287
219
225
314
241
195
280
174
375
228
230
194
249
515
201
251
262
274
323
260
230
192
274
173
283
310
222
293
306
236
225
181
253
254
209
153
155
256
168
281
237
218
195
293
279
259
299
231
206
218
255
308
292
215
194
223
307
234
286
297
188
204
222
172
173
281
205
253
281
186
208
185
174
287
193
321
341
240
198
182
274
170
225
227
210
247
241
167
223
248
181
193
197
196
184
179
246
238
264
389
294
257
192
241
281
297
187
262
273
451
444
255
237
328
331
270
226
221
209
172
432
259
155
280
291
164
245
156
271
208
210
256
209
254
163
155
188
242
195
277
221
283
197
255
266
187
228
224
248
154
294
433
347
216
204
227
344
142
232
254
176
274
203
305
258
183
266
220
303
248
479
260
195
186
176
240
250
145
261
247
187
176
177
609
220
184
146
308
474
161
236
563
229
317
247
258
182
175
143
345
258
269
208
314
299
285
266
278
323
242
167
352
306
196
167
255
294
175
236
159
168
180
230
206
204
203
222
190
182
257
236
238
190
470
272
168
165
256
294
199
389
169
271
273
163
249
271
386
257
175
221
227
246
186
188
246
298
177
215
275
239
317
227
253
234
215
198
165
270
203
169
377
207
226
193
181
215
248
219
293
264
416
274
196
240
258
205
326
237
296
194
163
286
312
223
233
216
243
292
331
199
223
268
183
162
236
279
162
304
190
151
202
328
242
265
242
377
258
225
270
214
181
199
219
349
212
356
259
218
378
303
304
302
246
184
410
277
232
281
166
156
273
209
175
161
303
187
200
179
216
184
225
230
257
303
204
201
302
160
203
195
351
172
216
275
266
219
240
220
166
328
170
246
214
149
321
341
262
181
196
266
288
198
405
190
187
295
210
194
199
271
272
192
222
250
179
261
180
187
181
233
315
262
257
272
145
308
169
160
251
224
302
341
185
233
284
269
311
363
263
209
207
244
269
181
225
223
215
225
340
245
207
288
261
163
251
174
360
188
185
405
308
210
182
281
263
179
202
168
229
174
168
262
308
262
237
266
318
354
182
214
228
225
172
264
293
292
274
195
242
211
217
180
189
236
174
280
402
219
210
281
296
271
290
188
204
174
148
250
209
284
232
188
183
184
286
238
208
327
211
243
141
293
212
246
284
295
359
240
232
212
189
223
226
252
307
199
181
206
201
473
242
195
204
150
199
380
299
208
199
247
242
178
228
272
241
235
223
173
246
303
292
205
150
222
153
278
171
174
205
199
267
260
261
287
234
220
224
217
262
204
212
211
168
168
260
190
340
201
225
177
313
224
216
245
181
253
200
280
136
216
217
268
285
233
199
253
245
163
317
188
288
281
436
341
332
281
203
202
206
209
241
220
224
212
209
325
201
209
213
231
231
463
208
175
215
209
210
260
224
287
275
326
186
196
282
195
278
254
197
269
219
200
213
224
195
261
181
157
257
220
146
261
231
238
222
213
211
230
177
143
152
271
295
226
222
250
248
162
306
173
192
242
315
122
298
183
259
382
204
215
177
161
327
246
194
267
189
259
218
389
212
211
398
309
183
287
152
201
228
226
209
324
270
294
192
358
269
237
230
242
170
298
188
262
315
230
364
190
265
240
250
216
195
198
205
273
236
289
313
162
330
210
182
308
265
172
322
404
221
174
260
216
205
284
241
217
259
376
269
247
273
232
266
262
257
183
237
266
237
177
277
277
333
218
259
177
261
336
257
165
216
260
304
205
296
211
233
210
223
207
206
220
282
359
208
222
327
237
207
335
294
321
292
216
225
211
175
210
206
194
261
281
259
202
215
232
257
409
164
201
186
184
233
148
268
353
144
256
147
189
253
224
307
167
211
194
225
245
271
173
275
191
193
216
189
352
231
264
213
170
315
238
205
250
161
262
202
520
273
166
331
253
200
224
288
245
256
154
410
236
217
230
207
186
262
164
232
267
209
353
184
209
244
261
257
167
326
266
164
236
293
177
244
182
359
243
315
224
220
185
234
206
263
175
177
285
201
201
180
242
251
237
193
213
160
216
239
255
314
311
216
190
252
263
318
218
265
355
303
162
157
177
247
259
143
259
247
242
287
248
205
227
240
216
223
237
248
256
213
175
290
283
179
253
238
244
266
318
277
223
265
324
301
183
395
306
269
418
272
228
208
196
181
231
252
254
216
148
178
267
180
209
228
232
220
196
247
248
262
291
220
240
251
310
321
190
224
230
285
241
291
181
274
227
173
293
157
212
296
171
274
243
237
466
347
283
264
150
386
398
187
170
338
246
244
218
177
265
236
253
201
181
257
302
206
212
273
230
223
199
306
233
316
175
223
217
186
267
243
234
232
194
345
255
246
331
287
255
200
206
260
250
274
204
170
249
219
248
253
223
285
265
193
233
213
207
196
241
162
275
260
191
210
241
304
216
183
212
157
213
217
348
223
291
237
243
205
186
287
179
208
184
226
269
272
269
276
306
283
199
294
304
189
326
216
253
336
238
258
147
181
156
270
204
259
257
285
305
263
177
339
304
160
289
260
190
224
202
300
346
197
183
259
302
309
278
166
208
298
177
269
392
241
236
220
228
197
219
203
183
206
310
329
290
297
193
241
215
216
198
263
208
260
240
266
222
273
300
307
239
212
264
266
223
186
300
548
229
211
173
465
328
281
191
258
352
207
362
380
199
246
207
328
198
197
235
247
201
226
230
210
183
187
201
215
280
351
329
285
220
129
304
193
222
297
254
248
260
261
359
281
261
229
242
335
238
217
303
284
254
174
279
191
216
205
150
209
196
183
249
303
169
198
237
254
193
213
223
207
181
228
173
223
299
421
220
200
322
274
206
181
305
235
186
259
323
263
175
272
341
155
296
335
169
336
282
316
263
189
210
332
176
157
235
205
230
233
278
228
199
165
174
170
190
275
184
239
271
197
223
243
256
299
185
199
226
209
160
223
181
198
212
288
225
393
168
261
164
218
264
185
329
303
362
304
241
328
289
178
186
286
210
248
316
214
182
315
147
192
225
305
271
207
324
290
195
302
157
227
258
205
181
314
307
250
192
197
197
167
283
294
205
230
217
188
259
233
227
362
243
165
346
202
361
157
174
246
177
181
255
238
233
183
304
296
235
176
282
201
295
220
170
157
278
311
221
179
228
252
355
210
398
214
347
181
162
309
233
200
380
201
182
226
184
243
210
260
206
175
166
213
228
262
272
294
361
253
217
220
209
180
227
167
188
233
241
230
192
362
305
206
260
243
222
294
223
195
164
187
213
393
273
256
184
171
223
301
219
246
229
342
392
286
179
186
237
268
233
351
304
179
171
281
219
368
166
318
282
206
144
190
229
187
241
207
305
289
297
263
268
217
202
294
255
205
242
149
208
238
282
250
349
203
297
166
171
249
211
214
247
335
274
276
186
271
416
240
282
218
227
170
257
271
175
217
307
187
198
188
453
214
277
184
210
139
209
254
232
180
189
225
213
312
227
334
258
187
310
276
174
256
173
315
276
191
246
244
405
258
263
236
343
356
189
212
220
215
243
237
366
252
189
223
408
242
203
253
170
184
229
178
313
260
343
233
263
181
201
311
215
230
156
286
241
193
211
237
224
289
191
230
275
172
285
325
196
218
184
277
227
260
276
254
286
196
275
191
190
199
190
214
209
248
299
255
250
166
290
330
172
343
191
307
234
299
265
160
286
259
282
221
206
224
225
210
222
250
232
231
276
244
170
344
299
242
173
325
230
228
230
223
238
307
417
177
173
238
272
235
235
235
248
173
233
191
336
228
239
295
209
182
220
235
383
386
244
211
184
381
185
205
236
295
197
381
210
298
202
200
338
338
290
197
198
228
277
149
215
168
311
320
224
307
264
246
220
310
227
264
250
315
441
209
257
427
298
213
261
273
209
315
228
343
236
162
285
277
200
420
327
309
199
171
234
188
212
220
229
193
266
232
159
186
206
278
218
206
209
191
406
225
215
216
193
267
214
169
345
254
296
202
208
219
200
187
185
196
216
242
160
308
142
298
279
330
239
235
297
201
143
232
327
220
173
204
203
243
199
265
167
192
188
204
245
282
251
310
194
213
198
248
230
214
198
248
216
303
453
193
299
203
187
160
232
278
291
203
236
242
251
243
212
284
163
262
261
194
258
300
188
270
249
301
223
265
203
163
172
414
270
199
215
379
254
230
194
172
238
219
182
252
239
261
255
307
215
313
301
229
255
195
235
234
304
232
189
218
220
270
172
198
265
176
453
315
219
368
314
216
200
212
298
209
246
267
206
248
210
276
241
257
218
256
162
203
164
257
152
384
180
287
234
224
202
326
345
233
267
303
359
265
293
187
147
182
195
259
180
235
210
180
288
230
309
236
256
318
223
220
197
293
223
204
151
277
294
213
286
191
230
180
263
300
365
243
285
250
200
251
187
224
182
272
186
292
251
270
229
240
224
174
198
226
244
189
323
245
272
235
219
294
228
250
159
163
233
366
219
214
201
257
272
260
203
297
247
296
273
254
185
301
356
261
216
146
179
217
277
257
293
190
242
353
215
209
216
213
238
364
288
184
206
172
241
273
330
237
252
277
199
219
233
339
269
191
240
155
336
257
192
269
187
232
290
241
358
233
184
223
247
211
258
276
212
248
204
240
331
311
185
190
213
339
142
182
218
279
193
226
207
359
225
257
227
187
184
253
181
274
238
180
309
192
287
348
180
189
165
263
266
243
222
179
358
306
213
177
335
249
220
313
229
216
242
219
180
167
210
183
249
243
325
184
229
177
259
306
308
217
225
173
194
222
238
277
276
292
288
222
219
292
280
392
213
205
220
263
221
225
191
195
213
220
453
219
166
307
252
363
179
189
174
219
275
179
298
225
283
236
289
320
234
246
196
331
212
155
166
209
336
288
361
397
337
177
396
297
209
235
196
250
208
149
169
254
334
258
232
286
243
318
266
271
219
325
194
347
248
222
219
316
174
240
192
293
247
239
316
176
171
265
278
205
254
214
222
253
201
276
182
277
187
220
168
173
198
267
183
167
257
307
172
215
180
241
187
414
234
183
206
172
155
274
418
214
166
241
279
246
191
227
169
194
188
280
225
186
371
282
219
258
213
235
265
398
254
230
318
284
183
202
163
301
354
272
227
201
221
203
175
249
202
196
220
205
218
325
236
304
215
345
259
243
278
221
309
262
178
277
208
257
226
242
280
277
170
170
227
249
201
397
212
231
307
174
247
311
252
183
256
215
301
374
177
210
286
245
208
246
227
207
305
197
155
208
204
228
338
200
223
297
195
208
259
245
182
274
201
273
254
237
189
216
175
322
166
253
353
240
214
207
244
290
257
288
239
204
232
275
197
170
313
228
217
173
213
265
270
401
391
197
326
245
207
333
224
313
190
222
249
242
269
205
388
248
265
207
219
271
187
179
205
225
285
200
252
308
160
304
281
195
182
225
145
298
204
471
188
238
242
206
234
227
232
236
315
268
256
207
185
367
219
188
197
173
260
227
233
327
204
282
294
221
249
205
175
209
200
228
265
191
166
355
192
220
195
176
287
217
239
197
273
213
284
216
231
225
203
186
191
260
387
192
317
195
235
282
231
215
216
224
250
212
221
337
255
196
195
327
185
229
183
327
153
186
186
197
216
168
206
254
244
212
201
166
199
182
189
301
257
270
291
316
201
343
336
302
222
253
206
178
178
258
238
187
216
306
207
212
174
337
212
253
211
229
218
161
269
314
218
255
288
334
354
178
220
278
212
204
246
310
217
192
249
199
366
284
219
265
339
334
225
196
165
212
325
282
158
193
240
240
228
268
189
198
253
245
416
148
182
144
270
357
326
255
301
245
219
188
176
242
146
147
191
231
245
206
260
164
172
221
315
277
199
258
291
196
292
376
210
204
315
222
214
305
177
362
211
194
233
199
279
196
230
257
304
186
251
215
279
211
241
183
208
302
183
209
232
342
191
416
283
249
190
199
215
205
228
242
189
203
535
244
319
168
163
250
220
272
268
185
210
270
252
228
349
335
241
239
236
213
228
278
222
154
236
176
129
305
302
230
188
379
203
291
236
209
163
257
186
337
218
253
260
244
180
163
233
193
185
251
275
207
298
175
272
242
378
296
222
184
233
284
166
366
217
212
163
214
295
232
286
281
333
186
234
173
196
365
315
310
296
253
212
210
153
263
190
171
204
234
172
315
358
217
288
274
188
264
256
170
251
223
202
275
305
227
167
229
246
163
279
288
267
249
217
322
364
221
199
313
171
194
202
310
250
268
175
142
313
184
212
324
193
213
225
239
215
280
382
184
220
224
184
275
245
267
226
187
282
199
162
206
265
218
191
212
174
182
252
193
246
309
232
174
220
179
240
299
351
219
201
292
171
168
281
195
279
372
309
276
177
158
155
181
271
207
319
269
327
183
306
232
339
238
239
189
261
391
217
190
240
146
198
188
251
295
210
247
235
265
269
308
240
240
166
209
159
243
272
244
189
206
230
220
263
242
231
183
443
267
191
166
219
217
183
199
234
175
281
289
355
452
203
257
169
127
146
268
198
258
216
336
234
164
224
235
380
167
286
239
197
337
215
279
240
190
238
249
222
180
130
294
158
210
219
239
246
170
324
331
206
224
250
193
181
223
213
236
272
208
241
436
255
285
164
230
211
194
233
215
140
277
159
272
154
208
281
240
215
202
230
142
339
272
234
189
296
189
216
190
419
254
256
262
275
226
313
170
274
264
277
185
210
224
253
234
293
257
369
192
226
286
155
160
305
260
333
262
255
300
282
295
223
175
231
319
199
186
226
231
207
266
316
200
200
372
262
164
221
195
200
301
195
170
455
220
305
196
295
260
257
487
344
305
192
214
274
209
205
143
266
171
311
301
235
329
233
251
379
251
178
297
205
203
227
272
282
272
232
283
227
309
211
179
314
219
261
279
241
171
241
205
223
208
223
232
218
182
173
218
200
290
291
246
212
384
400
263
254
206
354
259
189
176
194
419
259
245
345
147
272
186
273
282
205
214
188
152
286
278
456
235
296
132
224
352
214
183
211
180
192
349
241
216
179
206
289
317
323
330
240
251
248
182
221
246
314
218
157
173
247
226
243
255
268
203
214
293
180
180
202
209
226
205
213
270
193
260
201
243
212
177
197
258
163
236
253
237
205
180
254
256
215
254
253
292
170
326
320
236
245
361
165
183
299
328
198
266
198
245
158
159
176
241
230
229
237
289
375
271
250
232
213
374
252
273
229
170
202
224
226
149
268
253
286
300
296
188
240
209
179
161
239
202
281
191
249
232
240
151
262
160
153
414
184
242
233
298
255
184
246
166
182
307
224
256
237
187
253
194
218
250
202
232
206
159
165
222
212
202
237
183
319
213
207
223
145
187
170
229
209
280
221
296
212
153
210
193
270
223
263
244
242
179
182
187
401
173
167
199
175
176
174
289
171
203
191
189
179
222
284
233
221
283
291
313
283
237
293
364
279
189
228
383
227
283
214
319
169
282
238
273
252
268
157
265
188
258
217
359
189
282
238
169
258
269
220
215
280
235
238
285
205
195
192
269
299
232
257
320
185
209
275
170
161
153
243
186
337
199
221
271
193
213
224
207
251
210
214
283
205
247
253
192
288
267
299
292
265
191
274
233
225
199
163
270
223
267
300
226
249
314
201
268
296
188
233
271
240
290
164
296
230
219
249
204
243
227
268
249
217
261
195
181
219
317
227
194
283
323
185
244
224
153
258
341
232
204
310
181
235
191
228
407
230
227
216
169
188
148
250
211
182
228
274
263
374
204
218
355
229
250
225
224
163
233
263
215
178
208
291
285
237
229
240
169
247
261
322
219
194
250
271
198
330
411
341
147
245
230
192
275
237
216
248
175
235
174
232
166
199
314
265
181
259
196
259
263
309
208
151
183
288
373
334
277
180
177
189
340
373
240
191
202
253
214
158
199
180
197
185
278
189
334
212
254
166
248
215
264
206
242
335
229
160
309
186
227
177
210
176
163
207
172
281
214
284
245
249
240
173
245
225
333
292
347
349
250
257
278
267
323
206
246
198
159
221
188
268
172
239
262
324
168
187
243
210
186
265
264
267
204
248
288
347
192
209
279
214
175
220
249
185
172
176
201
212
309
316
249
280
256
226
265
302
257
320
184
186
203
212
258
317
271
186
301
216
281
255
222
272
160
318
212
249
171
246
237
224
271
199
227
153
205
203
214
284
164
238
201
185
262
253
299
201
239
296
254
263
204
217
422
133
188
215
291
231
237
225
190
251
309
225
218
203
254
279
199
328
265
219
278
278
184
233
168
225
237
240
210
218
245
282
261
305
221
340
225
293
192
213
165
207
213
191
273
299
404
188
202
215
265
241
255
259
390
187
161
400
235
178
290
228
225
275
205
243
236
205
224
245
173
275
260
227
218
308
227
237
287
204
262
224
259
237
511
255
188
233
235
335
242
245
228
325
150
178
170
186
466
250
239
181
279
296
302
334
259
362
256
298
266
153
296
235
208
177
223
279
181
208
259
269
270
187
234
155
173
232
173
269
332
236
196
293
188
290
216
275
367
219
253
180
199
293
194
268
229
206
274
282
184
181
183
214
351
208
228
276
286
380
273
224
227
320
177
256
306
251
334
406
174
449
314
131
265
318
201
272
384
316
230
296
171
296
276
176
175
269
262
196
247
202
258
230
302
178
214
218
168
314
162
299
169
197
236
218
182
254
386
187
306
253
190
374
352
190
382
219
202
241
317
213
168
225
276
227
223
131
208
151
288
216
228
310
175
278
252
173
264
181
419
179
233
228
263
261
263
220
223
241
320
221
265
396
261
174
196
187
216
224
221
173
172
273
274
238
229
328
264
228
298
189
213
286
199
216
221
175
254
218
276
187
301
331
164
232
249
374
183
279
221
232
171
196
183
178
194
240
246
247
289
227
337
245
214
195
153
247
247
188
214
265
191
264
262
246
212
274
235
166
232
179
191
378
238
205
312
187
260
243
194
223
175
343
480
241
288
150
292
276
282
242
271
150
218
317
250
190
240
301
198
254
187
214
202
313
256
339
243
310
196
234
214
180
208
246
336
240
237
166
205
171
369
139
250
356
236
184
370
269
442
229
173
216
188
286
266
246
203
284
205
296
242
206
223
264
377
313
234
192
312
196
250
240
199
213
214
272
274
213
250
205
191
187
214
268
228
259
246
219
207
217
341
232
219
188
229
406
440
363
325
365
149
203
253
232
217
481
274
293
232
232
200
298
293
264
361
396
379
220
228
177
200
290
249
359
221
153
312
186
190
246
335
387
212
325
157
218
317
258
225
389
252
144
221
199
302
175
264
276
232
136
188
348
277
351
245
269
325
192
352
233
254
197
218
262
207
223
244
275
296
244
196
282
145
220
419
243
190
183
233
200
211
241
206
209
289
230
168
293
256
276
224
298
242
239
161
251
280
170
259
296
373
268
238
286
145
226
153
204
231
244
259
216
183
245
199
192
150
218
266
232
254
355
277
267
266
471
219
234
244
390
175
244
218
244
163
318
240
270
207
291
248
191
370
370
238
259
195
215
295
209
254
251
235
199
266
189
180
207
255
193
289
171
348
183
263
293
296
257
237
204
258
246
243
174
218
364
264
326
172
364
153
195
227
183
190
301
235
209
267
187
165
193
349
202
239
182
220
224
244
187
190
226
206
628
307
254
226
213
223
132
251
247
213
225
318
216
254
233
296
330
299
239
208
207
238
277
155
238
259
311
295
399
305
289
388
189
229
268
291
255
280
208
253
217
166
360
292
259
259
248
220
361
262
264
215
272
279
381
296
397
179
240
179
222
255
225
231
215
386
297
247
270
183
230
175
242
307
276
208
246
167
290
179
258
200
196
271
356
227
341
221
198
177
228
233
243
195
251
264
308
185
222
305
239
249
247
194
216
233
218
294
295
307
201
316
194
217
240
231
220
273
270
290
248
181
216
244
273
156
179
390
163
219
195
184
253
262
234
192
153
277
270
251
210
183
277
283
293
144
222
222
279
197
210
275
177
180
201
221
201
375
226
214
263
285
244
185
214
293
222
267
273
266
186
235
199
250
323
236
213
253
283
225
237
199
257
172
224
275
248
186
187
203
228
302
178
224
218
171
280
338
299
243
351
297
216
193
297
194
244
352
293
248
154
251
238
185
347
165
169
182
281
312
236
315
182
220
313
216
221
244
165
238
207
228
217
200
187
227
269
319
215
167
245
209
184
258
228
253
217
241
242
211
296
277
206
210
166
265
186
166
196
286
375
241
206
217
176
232
268
277
198
335
332
198
179
207
338
189
338
197
202
156
242
279
331
210
258
254
223
159
341
260
247
214
323
206
236
243
198
186
248
290
304
245
171
244
177
213
212
205
286
226
243
236
241
272
312
244
238
235
219
302
252
213
285
215
253
344
268
211
218
162
190
224
261
259
334
231
219
259
187
233
226
368
213
531
236
260
249
221
281
302
165
140
304
189
208
216
176
267
237
237
283
268
235
162
198
273
204
218
213
309
238
132
239
204
186
165
293
204
252
231
258
224
175
261
252
229
244
229
363
289
305
214
181
152
266
286
326
230
136
183
301
273
204
216
252
289
277
216
404
221
184
235
336
278
261
318
243
237
240
229
183
303
240
182
251
247
253
213
271
356
272
280
370
180
230
269
256
190
281
204
183
151
323
319
289
182
300
177
240
315
289
188
224
322
182
173
452
151
319
184
341
219
335
344
212
307
359
196
244
247
222
196
278
219
254
289
197
246
176
290
204
222
282
205
262
261
223
214
234
304
202
259
189
249
190
217
167
272
286
353
174
215
163
166
256
221
241
197
246
288
165
204
261
222
163
278
198
265
310
204
301
250
195
167
194
330
237
286
242
236
293
233
264
175
234
251
282
195
323
307
283
266
276
200
156
175
193
227
180
207
225
227
207
231
327
261
278
201
286
164
307
191
288
177
246
224
195
137
219
271
228
237
350
299
263
177
348
285
280
311
182
265
177
235
221
231
254
228
150
197
238
256
225
232
254
248
165
251
244
289
233
317
211
295
279
220
181
283
190
260
275
268
169
289
372
196
184
215
225
249
276
237
220
284
271
299
199
281
258
268
216
445
244
204
189
239
198
333
226
210
149
337
199
251
278
183
223
350
188
243
249
244
193
159
177
224
372
275
356
170
254
213
152
245
316
187
210
239
177
479
244
240
190
212
210
277
345
254
201
223
214
203
221
259
190
215
261
191
179
229
316
176
260
426
333
220
213
187
199
314
318
282
238
235
260
309
405
274
159
198
216
227
157
409
236
198
216
345
261
224
229
227
185
253
214
286
267
283
215
356
186
259
237
180
276
235
246
309
279
266
279
283
462
220
159
315
182
236
228
292
206
273
272
225
279
151
295
304
252
222
211
262
210
175
315
231
250
189
233
286
139
264
182
199
268
186
219
224
201
359
228
162
340
284
227
198
376
239
196
260
232
183
351
229
294
229
298
313
209
235
197
225
198
198
224
215
226
162
323
152
145
166
221
304
208
198
325
212
306
215
209
191
247
205
274
301
281
179
340
178
220
221
247
200
281
262
192
279
323
219
227
270
260
157
299
405
289
173
232
185
285
253
199
286
422
174
250
285
227
174
222
204
189
425
184
189
301
239
220
267
266
197
249
187
295
141
162
233
194
293
243
202
236
267
193
294
292
260
286
274
164
221
212
239
196
258
234
202
231
220
387
175
189
199
254
311
371
286
235
227
217
201
129
193
181
279
336
312
171
224
253
270
268
302
245
358
176
225
250
194
340
423
363
278
223
446
292
209
382
177
193
245
206
212
185
201
300
327
251
304
336
202
227
172
181
333
238
308
196
265
244
184
224
306
217
239
238
226
172
251
271
197
206
174
216
264
252
190
217
173
186
302
290
300
239
252
284
294
226
292
282
215
253
270
187
200
145
216
173
210
235
409
227
205
350
255
289
233
257
258
260
201
144
257
253
234
214
305
288
155
254
214
234
277
200
220
218
280
274
221
207
322
295
220
316
234
172
349
193
326
237
259
297
199
316
180
208
332
204
287
178
256
234
233
208
173
235
220
159
287
196
146
211
156
233
281
197
203
236
243
187
217
261
305
183
269
298
265
255
269
226
264
220
162
255
265
269
218
331
336
207
233
211
160
313
225
260
362
166
233
274
226
183
364
173
192
261
291
298
194
274
237
194
293
323
221
235
302
229
241
249
326
189
223
317
264
185
237
183
187
176
212
338
187
252
337
168
371
263
215
176
260
214
200
276
253
197
349
213
279
200
325
194
210
286
180
404
196
208
218
252
193
395
321
162
194
258
233
161
307
314
267
262
256
176
360
243
208
282
283
236
382
182
237
328
235
251
349
211
196
220
342
254
194
385
219
197
291
184
324
181
187
257
233
238
174
210
272
232
224
317
249
183
282
239
256
194
299
281
290
161
214
283
179
212
232
186
210
212
201
218
307
217
232
263
229
198
242
231
286
283
225
313
250
292
234
187
429
174
187
273
260
195
219
191
201
244
218
330
206
186
227
184
242
200
198
188
202
189
234
271
250
252
211
263
253
228
275
361
219
158
317
229
204
389
265
167
149
216
254
237
427
245
231
175
229
148
213
252
204
271
194
417
197
204
224
174
234
286
217
239
238
221
230
250
151
226
174
194
254
179
219
244
205
309
172
167
208
220
345
253
189
310
197
236
193
240
295
199
294
151
267
253
165
215
339
220
224
390
225
190
198
126
186
267
200
282
278
206
232
202
230
221
262
182
190
200
244
192
168
230
332
291
230
247
187
291
240
387
240
338
261
253
181
225
323
181
261
190
180
229
293
311
280
219
278
216
190
215
264
153
216
220
219
275
213
349
305
189
213
158
216
289
252
285
194
210
297
287
340
198
274
235
186
218
251
268
197
168
242
177
206
210
384
292
316
240
211
271
166
222
266
287
176
332
324
372
136
185
216
203
189
209
239
228
220
260
214
249
237
227
337
221
244
189
171
151
238
205
333
333
244
199
279
223
159
252
300
196
270
173
186
213
169
238
236
240
195
185
272
417
219
218
254
254
178
243
236
242
254
189
211
197
340
252
209
250
193
232
186
189
201
189
258
268
319
311
189
149
265
256
301
196
233
234
355
405
293
229
242
222
257
307
166
198
270
200
363
317
340
179
242
164
224
195
205
239
198
190
499
303
193
222
285
338
200
229
192
364
173
231
207
233
311
161
277
274
226
226
266
228
165
256
229
201
198
261
225
233
158
361
317
249
