856
1290
1213
1230
1387
1428
1302
1029
1052
1204
1186
1129
1241
986
1788
1669
1524
1689
1241
1260
981
951
1373
1548
2057
1521
1493
862
1335
1310
1073
970
1730
1391
1178
930
1383
1338
1135
1342
2058
1239
1558
1372
1008
1226
1838
1392
962
1624
983
996
1410
1333
1237
1270
1071
1420
1243
1460
1120
1118
1126
1513
1033
1256
1129
1807
1476
1410
1104
1193
1388
1711
1613
1194
1198
1330
1060
1669
927
1360
1163
1080
948
1230
936
1175
1342
1472
1373
1380
1199
2021
1200
1299
976
1097
1096
1405
1477
1518
1305
1357
1020
1209
1407
1634
1206
1164
1032
1462
1069
1403
1289
948
1011
1574
949
1309
1340
1157
1070
780
1120
1367
1505
1348
1398
1461
1136
1663
965
1037
950
1108
1250
1688
971
1397
1367
1049
819
1157
1130
1392
1073
1558
898
1330
1078
1194
1047
1034
978
1950
1425
1208
1271
1338
1808
1056
1005
1178
1178
1223
1138
1351
1206
1012
1102
1335
1414
1203
1206
1459
1309
1426
1313
1119
1254
1537
921
992
1018
1461
1712
1364
1342
1168
1226
1132
1598
1181
1071
1602
1058
1024
1422
1963
996
1418
1112
1494
1346
1601
1754
1153
1079
1381
1117
1138
1400
1499
1278
1167
1011
1019
1820
1074
1041
1308
1128
955
1078
1363
859
1013
1013
1472
1029
930
891
1433
1297
1664
1069
1884
1284
1076
1313
1216
1053
1259
1276
1094
1250
1130
1509
941
2004
1083
1379
1128
1126
883
1288
1046
904
1125
1219
1228
970
1339
1613
1368
1342
987
1877
1192
1173
1123
1020
1229
1302
888
1396
1034
1225
1087
2295
1134
1283
1219
1442
973
1043
1506
1521
1392
1261
978
1594
1559
1383
1207
1128
1200
1312
1392
1192
984
907
1332
1378
1248
1175
942
1159
1272
1088
1235
1050
1391
1435
1064
1107
1290
1230
1209
1019
1103
2082
979
1503
1187
1399
1050
1344
1234
1156
1201
1225
1506
1477
1338
1055
1103
2108
993
1084
1266
1186
951
1205
1079
1226
1697
1422
909
1235
1775
1259
980
1469
1106
1164
1446
964
1129
1255
1091
1221
1696
1197
1380
1310
1161
2029
1144
1619
1228
1357
1092
1557
1536
1132
1309
1879
1402
1186
929
909
1159
1190
1096
1367
1247
1064
1068
1312
1330
1347
1002
1220
1286
1172
1063
1846
1073
1025
1321
1109
1496
1818
1192
1182
1626
1115
1296
898
1417
1728
1459
1109
1178
1736
1055
1198
1524
1221
1130
1094
1467
1159
1309
1332
955
990
1292
1229
1404
1195
1295
1338
1276
1499
1042
1456
892
884
1000
1179
1584
1714
1581
1009
1738
1655
1118
852
1082
986
935
1610
1219
1249
1234
891
1244
1209
1110
1210
1407
991
1062
1554
964
1015
1412
1590
1849
1163
1258
953
1159
1126
1215
1067
1838
1159
1325
969
1130
1692
1514
976
1352
1480
1579
1559
1035
1344
979
1223
1325
1077
1797
1272
1074
895
1183
1402
1209
1316
904
1134
1143
1293
1160
1438
980
1319
1243
1007
1589
1224
1124
996
1170
1154
1343
1209
857
1195
1527
1206
860
1902
1884
1502
1159
986
1348
1269
1189
1340
1595
1181
1174
1270
1502
1291
1421
1325
1750
1216
1091
1389
1216
1150
1072
1248
942
940
1081
1180
1702
1009
1358
1198
1166
914
1314
1116
1276
861
1321
1879
1466
1412
1474
1172
1078
885
1027
1136
1117
935
1028
975
1239
1049
1333
1631
916
1529
1211
1334
1113
944
1333
1149
1422
1127
923
1462
1152
1234
1166
1722
1172
939
1251
2227
1296
1590
997
1122
1481
1602
1467
907
1463
815
1261
1334
1269
1728
1056
1101
1289
1358
1773
1280
1657
968
1225
965
1469
1591
1295
958
1486
1225
961
1047
920
1371
1493
1626
1279
1060
1225
1091
1375
1389
1664
1037
1387
1125
1508
1341
1022
1808
831
1070
1083
1318
923
1140
946
1435
1820
1411
1006
1231
1426
1556
959
1534
893
985
1002
1061
802
970
1317
1181
882
1080
1281
1068
1349
1252
887
1242
1436
1168
1423
1809
1662
1076
1457
936
1561
1011
1106
1089
1160
1320
1171
946
1166
1547
1575
1201
895
1811
1333
1142
1078
1346
1707
1336
1159
1155
1103
1073
1028
1285
1525
1068
1575
1229
1076
1538
1131
1087
1192
1087
1663
1097
1339
1009
1261
954
1251
1149
1261
1404
2321
1052
1103
1091
1123
1571
1194
1301
1205
1205
1026
1688
1321
1672
1499
1434
1187
1508
1170
874
1393
1402
1107
1524
1456
952
1464
1248
967
906
1140
989
2233
924
1066
1206
1563
1135
1377
1237
1156
1914
1170
1734
1637
1282
1213
998
1131
1232
921
1396
1217
1049
1104
1171
1650
1342
995
1074
956
1394
1223
1297
1340
1262
1020
1321
1242
1347
1135
1152
953
1607
1227
930
1209
1338
1011
1555
1267
1147
1368
987
965
1289
1154
1198
1768
992
1156
1010
1419
1197
1208
1249
1003
1399
1419
1107
1195
1120
1081
1336
1245
1130
1409
1361
1169
1105
1055
1282
1413
1032
1952
1079
1253
1512
968
1166
957
1026
1958
1314
1248
1395
1078
1233
945
1348
2125
1379
1220
1101
1734
878
958
1626
920
2073
1615
1086
1329
1107
1105
1172
1431
996
1562
1179
1488
1133
1741
1154
1658
1185
1106
1433
1407
1598
1129
1080
1195
1171
1957
1003
1512
922
1220
967
842
1751
1345
1012
1251
1248
923
1267
1513
1258
1768
1089
1044
2086
1110
1068
1272
943
1350
1111
1344
1236
1231
1240
1515
1179
1606
1323
1319
1026
1105
1147
823
873
1044
1029
1413
1030
1091
1116
1330
1020
1234
1172
1204
914
920
970
1244
1052
947
988
1025
1223
1675
961
1100
1092
1281
1010
996
1388
1125
857
1153
1013
1527
872
1140
1368
1323
1136
979
887
1286
986
892
1583
1502
1219
872
2007
1267
1386
974
1259
1059
1159
1194
1065
1186
1399
1054
1140
1159
1124
1209
974
1125
1414
1205
1590
1554
1183
1075
991
1351
1064
1175
1278
1713
1436
1555
1639
1094
1484
1097
1334
1519
1187
1806
1295
1116
1080
1332
1067
1216
1359
1165
1169
1111
1459
948
1515
1040
1392
1413
1319
1028
916
1332
1296
1259
1182
1260
916
758
1336
1937
1509
1264
1017
1388
1643
2064
1635
1265
1214
1218
1058
1507
1578
1154
1048
971
1286
1340
1059
1620
1063
944
974
1248
1485
979
1348
1238
1109
1170
1115
1345
1297
1154
1493
1035
1200
1195
1490
1018
1101
872
1062
1123
1451
1148
1145
1060
2193
1480
1362
1439
1223
1245
1397
1149
1711
957
938
1246
1284
937
1143
1277
1190
1264
1539
868
1323
1364
1369
1299
1185
1513
1031
1213
1062
1130
926
1418
1652
985
1469
1311
1285
1216
1600
1530
1107
1322
825
1059
1229
927
774
1317
1646
1140
1264
1019
2757
1058
1174
1119
1141
1168
1051
1120
1011
1123
1014
1258
1075
1217
1789
1332
1113
1033
1448
1444
1739
1196
1657
965
1808
1018
1198
1568
916
1242
1158
1647
956
1204
1213
1097
1122
1054
933
1187
1598
1506
1295
1537
1025
1519
1166
1900
1193
1177
1271
1082
1177
1022
1081
1372
1086
1172
1098
1003
1023
1072
982
1124
1063
1075
909
1324
1175
863
1198
1277
1567
1205
1467
1416
1337
1218
1244
1217
1129
1163
1079
1114
1813
1386
1291
1277
1187
1748
1696
1320
1297
1629
1028
1342
1192
1344
1177
1246
1550
1573
1090
1215
1170
1493
1034
1373
1512
875
1149
1157
1379
1202
1489
1197
1243
1277
1419
1217
926
1200
1281
1269
1022
1118
1089
1144
1212
1412
2363
1525
1113
1201
1613
1336
1184
1198
1096
1018
1309
931
1161
1348
908
1102
1037
1492
1033
1191
2238
1062
2173
1068
1069
1089
1104
896
1154
1387
999
1223
965
979
1014
1455
1487
1241
1243
1036
1113
953
1153
1058
1057
905
1253
1149
1331
999
1452
1288
854
1319
1348
1206
957
894
1100
957
998
1104
998
1213
1236
1148
1384
840
1290
1218
985
1487
1236
1018
1069
1285
1089
1116
1108
1764
1609
1123
1026
1060
1010
1577
1248
1145
1152
1711
1664
1518
1060
1207
1498
1303
1333
1115
1199
1611
1222
1497
1112
1362
955
1212
1012
1147
847
1537
1350
945
1025
890
1203
1124
1017
1105
1308
1298
1009
1415
1161
1458
1683
1225
1128
1056
2115
1185
1048
1372
1301
1557
866
993
1120
1049
1213
1411
1342
1107
1049
1117
986
1124
1019
1133
1160
1345
957
1035
1227
1407
1656
1751
1005
1268
1795
1194
1636
963
1162
1146
961
1544
1909
1274
1188
1265
1035
1733
1624
908
1490
1230
1421
1099
1144
1231
1039
993
1214
1091
1061
1658
1005
1450
1623
1218
1272
1011
1348
1325
1425
1238
862
1048
1525
1545
1375
1607
1020
1073
1279
1244
1303
935
1122
1000
1044
1001
957
1096
940
1084
1221
1106
1232
1365
1646
1666
1157
1013
1074
1300
960
1082
1301
950
1214
1535
882
1391
1272
1591
1055
1333
1144
1147
1144
818
1287
1415
1058
1034
1236
1151
960
1002
1337
976
1790
1446
1508
1510
1075
1111
1196
1070
1351
1200
1489
1303
979
1218
1069
932
1845
1351
1056
1282
1166
836
935
1169
1315
1069
1190
1142
1256
868
1073
1381
1050
983
1154
1643
1021
1165
1044
1308
1156
1042
1537
1824
1387
1671
1121
985
1358
1225
986
1313
1623
1125
2475
1438
1304
819
1348
1886
1890
885
1939
1286
1696
1242
1271
1145
1095
1143
1073
1442
1345
974
1171
1701
1263
1527
1290
1497
1384
1115
1294
1460
1276
977
1541
865
1138
1152
1246
1469
1405
1499
1093
1347
1511
1276
1087
898
1576
997
1311
1598
1442
1055
1052
1050
1044
1932
1283
1384
1011
1182
1607
1813
1139
1231
1010
982
1181
1073
1083
1263
1611
1184
1220
1210
1359
1285
1170
1295
2268
1167
1100
1362
1121
981
1277
1082
1067
1082
1140
1079
1002
1461
973
1137
1216
1802
1020
1352
914
1110
1278
1187
1280
1210
1193
1394
889
1084
1320
943
1062
1499
1147
1197
1306
1113
1179
969
1365
905
1193
1028
1228
1243
1051
887
936
859
1451
1419
1402
1253
1430
1227
1668
1099
1071
1076
1100
1128
1064
1625
1152
1097
1212
1148
1311
1145
1073
1336
1101
952
1212
1243
1092
1318
1039
2520
975
1082
1326
999
1239
1368
1796
1227
1292
1191
1722
1263
1391
1599
1138
1084
1249
1010
969
1103
1557
961
1222
1008
1216
947
1300
1312
1461
1202
1780
1323
983
1224
1075
1260
1476
1432
1350
913
1069
976
1421
1385
1390
1142
1273
1103
1118
1380
1208
881
940
1065
1197
1334
1036
2073
991
1106
1402
1113
1623
1558
1560
1065
1206
1084
1181
1200
1089
1527
1168
1226
1147
1162
1505
1383
1502
1907
1008
1214
1339
889
1592
955
1106
1235
1379
945
981
1239
1244
1084
1474
1152
1282
1247
1990
1076
1694
1160
1232
928
1500
1061
1263
878
1066
1179
1028
1015
1179
1102
1078
1085
1285
1352
1248
1150
1155
938
1182
1326
1410
1108
1081
950
1912
1405
1083
892
1597
2012
1237
1497
913
1529
1322
913
934
1119
1310
1052
1400
1701
885
1126
1084
1411
1011
1648
1143
1086
1111
1181
1248
949
1688
1183
1455
979
1533
1403
1064
834
1878
1280
1239
1564
1097
1210
1024
1296
1010
1359
1106
1323
1446
1004
1094
1007
980
821
1134
1298
945
1001
1030
1770
1441
1263
1108
1079
1306
1527
962
1111
1270
1360
1207
1461
1114
972
1011
1119
997
1431
1192
1215
1588
1144
1434
1207
1066
1364
1282
1172
963
1876
1089
1072
1813
1382
1483
1461
1200
946
1181
1237
1628
893
1122
1094
1708
1056
1341
1403
2356
1148
1215
1475
1115
991
1229
1309
1274
1587
1366
1749
935
965
1087
1548
910
1383
1510
1162
1359
1426
1417
1187
1099
1209
989
1225
1557
1463
1285
1254
949
1396
1435
988
1364
1021
1092
1015
1073
1191
999
1473
1064
1276
1134
945
2201
961
1699
955
878
1131
1257
1053
1153
1515
1117
1360
1654
1078
1131
1502
1042
1027
1391
1379
1441
1063
1362
1663
1258
1120
1465
1332
1714
934
1021
1291
1149
1870
1220
1264
905
1049
1986
878
1071
1187
1038
1451
1259
1414
1413
1215
1119
1550
1059
909
1156
1233
1024
1495
1059
1181
913
1079
1790
1008
1242
919
1704
1423
1712
1030
1266
1057
1104
1106
981
1332
1177
795
1007
1122
1197
1428
1344
1172
1389
1391
1138
951
1238
1235
1536
1161
1095
1046
1482
1049
1545
896
1108
1622
1220
1056
952
1210
1131
1236
1355
992
1357
1003
1062
1379
1156
1054
1380
1608
1082
1321
1453
1110
1286
1004
1178
1056
1135
1650
1292
1445
911
1286
1041
1369
1491
1509
1781
1174
1167
1341
1307
1085
971
1214
1172
1150
1762
1058
1635
1442
1300
1158
1534
1425
1246
910
1451
1643
1583
1013
1295
1067
1465
1396
930
1121
1079
2564
1144
1215
1555
1351
1118
963
1332
1315
1294
1239
1366
905
1460
1513
924
1336
945
1274
978
1164
927
1395
1999
1185
1514
1102
1275
1037
1237
1336
1380
1293
1076
1171
1718
1193
1089
1236
1055
1174
1349
1589
1274
1557
1031
1363
1279
1264
978
1588
1019
1215
1150
1023
882
1185
1048
1018
1256
1536
1096
984
1008
1444
1463
1199
1016
1041
1016
942
877
939
1233
962
1286
1154
1537
1022
1007
1140
942
960
1856
1346
1151
952
1264
1471
1045
897
1359
1257
937
1277
1288
1326
1589
1108
1062
1845
1020
1035
969
1144
1005
1238
1001
1420
1015
1021
1270
1276
1478
1442
1133
1047
1637
1408
1142
1025
1317
876
1352
945
1751
1325
1140
1706
1680
2500
1274
1062
1231
1362
1001
1347
1157
1185
1438
1067
933
978
1475
1248
981
1310
1001
1186
1210
1814
1093
1044
1617
1071
1433
1140
1060
1366
1127
1124
1132
1195
1138
1198
1284
997
1456
1081
1117
1211
1007
1264
1110
1129
1371
1252
1448
994
1030
1283
1157
1687
1636
1307
931
1286
1257
1205
1197
1331
1081
1170
933
1650
1096
1242
1725
1138
1275
994
1487
1365
1149
1150
1408
1262
1064
1041
1205
1298
1066
1190
1266
1173
1074
1129
1793
1092
913
1184
1651
1266
901
1336
1076
1654
1204
1858
1365
1321
1361
1166
1113
924
999
1078
1121
1309
1217
1052
1182
1192
910
1216
1226
1132
999
1232
1257
1008
1174
1871
962
1182
1401
1133
940
887
1419
1102
1369
1556
1722
1573
1167
1144
1037
1057
1023
1352
1549
1262
1245
1297
1329
1534
1244
1405
1552
1290
1329
1012
1674
952
1479
1124
1445
917
1130
934
958
1281
1057
1065
1067
1419
1246
1142
2031
1037
1456
1213
1601
1145
1016
1263
1230
985
1445
1205
1426
808
1392
1145
998
1252
1038
1327
1209
1572
1337
951
1358
1176
1056
960
1265
1557
1010
1418
1202
1282
1052
1308
1746
1325
1268
1730
1222
1560
1133
981
1814
1372
952
1393
1307
1107
1188
1219
1311
1481
1123
1396
992
1268
1028
1011
999
1375
1339
770
1298
965
1100
1154
1037
1710
1149
991
1167
1468
911
1327
1284
1196
1260
1344
1056
1203
1146
972
1206
1294
1120
925
1045
1274
1235
1256
1374
1286
938
1407
1416
1138
1280
1055
1145
1193
1370
1253
1134
1273
979
1346
1100
1344
1101
1310
1244
1083
1269
1221
1228
1143
1252
1159
1270
1548
1174
1196
1301
1027
1288
1144
1336
1375
1374
911
2789
1190
1176
1100
1056
1114
1154
991
1352
1094
1451
1678
1307
1143
909
1475
1395
1537
1315
1105
903
1479
1102
1115
952
1063
1231
1089
1433
1583
937
1129
1214
1004
1094
1534
1126
1020
1373
1093
1309
1396
1360
1004
1406
1484
1718
970
1247
1032
1248
1375
1088
1736
956
951
1527
1075
1526
978
2217
1592
1483
1099
1551
1961
1395
1244
1051
1133
1166
1290
1797
1299
1223
1254
959
970
1999
1138
965
1690
1141
1037
1391
1103
954
1054
1091
1222
1170
1425
1190
1322
1163
1133
896
1230
1530
1591
1319
1272
976
1181
1343
982
977
1299
1940
1105
1273
1388
1679
1550
1322
1151
1238
1132
1007
973
1300
1418
1013
1379
1057
854
1244
1648
1111
993
1016
1238
1456
1399
1060
1495
1008
1010
960
837
1267
1642
1198
841
949
1151
1276
889
1055
1082
923
1554
1634
1616
1568
1328
1154
1197
1153
1169
1160
1129
1698
1236
1216
1109
1171
1114
1185
1218
1190
1528
968
1268
943
1238
1088
1211
1103
1031
1378
1190
1233
1187
1239
1408
978
1115
1156
1028
984
1374
1227
1086
947
1086
1618
1008
806
1461
1307
1316
1412
1094
1184
1026
1127
1474
1478
1444
1258
1372
1202
1227
1005
1125
1123
1499
1555
921
1244
1426
1134
1026
1213
1223
1365
1418
1150
1287
1440
1499
924
1128
1457
1104
896
1405
2000
1039
1037
1155
1102
1117
1059
1037
1119
1059
831
1080
853
986
1126
1403
1116
1050
1609
1062
1273
1257
1557
1446
1552
1488
1137
1258
1067
1314
1591
1072
1264
970
984
1245
1032
1490
1253
1219
1208
1061
1607
1251
1881
1233
1041
1551
1226
1194
1231
1194
1563
1604
1297
995
882
1320
1206
1271
1032
1255
895
1303
969
1072
1274
1748
1105
1625
889
1114
1623
1033
1302
1496
1193
963
1292
1433
1018
1891
1622
1047
1280
1090
948
1251
1140
1085
1053
1193
1105
931
1518
1238
1273
1524
1159
1112
1558
1282
1788
976
1213
1247
1050
1171
1064
1281
1543
1192
1250
1080
1197
1321
1196
1548
1002
898
1052
1169
1356
915
1098
1435
954
1713
1337
1184
1190
1468
1063
1424
1103
1532
1021
1168
1766
1250
1149
1569
1073
1164
1187
1395
1151
859
1332
1457
1767
992
1263
1346
937
959
1151
1376
1707
1326
1276
1637
1304
996
1081
1233
949
1048
1277
1336
959
1925
1350
1277
1517
1310
1165
1126
1390
1228
798
1243
1089
1671
972
1349
893
1469
1137
1587
1073
1335
939
1284
1130
1041
1014
1025
1221
1335
1678
803
1009
1165
1223
1296
1429
1704
1052
1409
1001
956
1024
931
1095
1454
1467
961
1032
1430
1182
1577
1224
1308
1293
1769
1040
1177
1098
797
1878
1023
1118
909
1018
1257
1100
1019
1093
979
1258
1254
1335
876
1324
1343
1058
1640
1597
1272
1193
1086
1008
1116
1047
1159
2002
1184
969
1035
1238
1236
949
1453
1296
1026
1175
1366
1183
1163
1266
1361
1178
1270
1082
1163
1397
1474
1154
1031
935
885
1708
1277
1041
990
1322
1112
1597
1433
1369
1664
1131
986
1197
819
1079
1773
1218
1289
955
1383
1259
1179
1151
1109
1307
1651
1161
1049
988
1666
1279
924
1146
1027
1465
922
989
1321
1179
1231
1280
976
996
1201
1009
1087
1182
1429
1107
984
1470
1103
1512
846
1038
1551
1362
1020
1088
961
1400
1293
1229
1133
1122
790
1189
1053
1415
1234
1160
1254
1648
1027
1474
1129
966
1209
1116
1273
1058
1228
942
1369
1014
1144
1382
1663
1352
1378
1506
1159
977
1238
957
1177
990
1028
1449
1198
1023
1314
1830
1237
1196
1216
1323
1086
992
1296
1230
1377
879
1135
1017
957
1863
1540
1134
1911
1013
939
897
1159
1138
1617
1173
1072
953
1134
1072
1400
1081
1207
1047
1530
1163
1293
1993
1095
1390
1235
2187
868
1344
1366
1185
1080
1083
1285
1259
1021
1056
1259
1064
1599
1353
1078
905
860
940
1434
1466
1115
1029
1061
960
1205
987
1049
1067
1341
1104
1186
952
1415
1368
1094
1567
1286
924
1167
1254
944
1208
1213
1429
1236
961
1320
1194
1075
1019
1092
1483
1233
1259
1048
1760
985
1080
1410
1831
1084
1252
1372
1135
1114
1270
1308
1751
1215
1135
1117
1046
1442
1041
1006
1568
1101
1215
1396
1572
1107
1401
1259
1315
1363
1415
966
1194
990
1301
1428
1822
1171
1569
1112
1202
929
1105
1030
1266
1047
1020
1269
1183
1379
1370
1372
853
1218
1259
1285
1120
1041
1034
1227
1136
1295
948
1889
983
1220
1047
1002
894
1153
1268
1140
1173
961
1066
1039
1130
993
1117
1085
1118
1284
1127
1196
1151
1704
1220
1096
1347
1143
1086
895
1275
1744
1405
1096
1083
1050
1270
1317
2101
1262
1090
1346
1098
1712
1065
1104
944
1169
975
983
1241
1235
1680
1010
1306
1128
1015
1071
1222
1474
958
1191
990
1150
811
1145
1023
1146
1245
1125
1095
1020
1360
1428
972
969
1133
875
1342
1482
1563
2131
1168
891
1223
1406
1073
1108
1345
1273
1116
1218
1832
1366
1911
979
962
1147
1292
1050
1030
1136
995
1091
1115
1055
1324
1320
915
1238
1191
1856
1288
910
1327
1355
1128
1167
1353
1334
1666
1248
1233
1422
1079
1615
1058
1064
1198
1185
1169
1214
1015
1276
999
1453
999
1538
1125
1218
983
1508
1633
917
1133
1017
1589
1125
968
1595
1538
1804
1122
1181
962
958
2430
1365
1113
1330
1353
1149
1017
1417
1199
1110
1111
1043
1326
1560
976
999
1509
1084
960
1051
1171
957
953
1283
1341
1056
1377
1585
1165
1466
1411
1336
1865
1046
1347
1039
1440
1104
1075
1981
1110
1304
1056
1108
1080
1455
1073
1384
1035
1989
1057
983
1580
1034
1248
1840
1006
797
939
1757
1126
1138
889
1016
982
1210
1013
2154
1125
1584
1599
1188
1513
1247
1255
1058
1096
1036
1066
1145
1305
1471
920
1921
1085
1149
1069
1286
1023
1880
1035
1082
1216
2550
981
1622
1089
1187
1126
1339
1531
1751
1483
1058
1197
1198
1023
1312
1032
1445
1247
992
1142
1141
1419
1038
1574
1317
1077
1198
1228
1601
1331
1304
1020
1010
1120
998
1259
1164
1157
1055
1113
1208
1838
1989
1575
1027
905
1247
1067
926
806
1341
1247
1198
1358
967
954
1114
1129
1204
1029
1733
1195
1343
1468
1851
1024
1004
1210
1105
907
1144
1344
1132
1414
1249
1246
1014
1215
1405
1231
1968
1392
1209
1302
1045
1385
1200
1233
1567
1026
1084
1011
1323
1541
1240
1082
1788
984
1232
1230
1213
1406
1207
1171
1147
1190
985
1017
1128
1548
1466
1397
1671
1635
1357
1456
1151
937
1182
1026
1383
915
969
1030
1112
1001
937
1037
1118
1117
1274
1217
1404
1240
1505
978
1147
1673
967
1074
1031
1036
1321
1111
2248
1079
1270
1122
1243
1081
927
1318
905
1000
1151
1122
1424
1327
1659
1066
1118
1002
1021
1045
1594
1364
982
1092
1448
1266
866
1130
1332
837
1164
1749
1018
1615
1217
1245
1402
2274
1042
1017
953
1278
1360
963
1122
1008
998
1116
947
859
944
2017
1226
1202
1315
1595
1422
1100
1507
1087
1341
1611
1084
1212
1737
1176
1359
1170
1030
1186
1254
1078
1559
984
1654
1217
871
1474
1395
938
1382
830
1013
915
1376
1583
1070
1418
1664
1263
1062
1284
1257
1076
1417
1047
1409
1142
1430
1148
1072
1092
1260
999
1215
1582
1353
1056
1135
873
1286
1481
917
1145
1291
1323
1170
1272
1106
2311
1759
923
904
1301
1042
1227
1061
1208
1473
1249
1353
2052
1508
1468
1396
1180
1225
1550
1335
1601
909
1145
882
1211
995
1429
993
1021
1096
1209
1326
1408
1240
1350
1321
1150
1443
1115
779
1463
1585
1416
1116
1466
1201
910
1511
1077
1516
1521
1476
998
976
1326
1135
1088
974
1737
1500
1111
1527
1190
1247
1274
1104
1005
986
1220
1143
1045
1159
1114
857
1189
1274
1048
1129
1028
1132
1332
1187
1934
1393
1271
813
1017
1105
1277
1222
1269
1311
1915
1559
1709
1148
1070
1001
1183
1140
1038
1558
1524
1352
1099
1445
1332
1111
1108
1342
963
1103
1835
1033
1167
1119
1561
1089
1085
1327
917
1444
1247
1185
1177
1288
1131
1341
1098
1145
1102
1052
1218
1331
1349
1125
1150
1215
1655
1189
1121
1307
1233
1352
1034
1668
1149
1573
1477
1038
1690
1210
1148
844
1421
1562
1706
984
1323
1229
944
1770
1012
1816
1529
1549
1126
863
1349
1245
1036
1359
1160
925
1271
952
857
1388
1087
1454
1416
1205
1167
1184
1045
1773
1227
1228
1078
1228
938
1361
1433
1108
997
1122
963
1309
1026
1200
1310
1374
1841
1550
2258
870
1280
1140
1266
1127
1039
1281
827
1399
961
1076
1223
1162
1163
1239
1873
973
927
1272
1059
1152
1110
1398
1708
1090
1259
887
1401
1078
1040
1065
983
1184
1609
1547
1039
1184
1555
1307
1225
978
1015
1627
1005
1165
1219
1045
1136
1157
1836
1024
1260
1060
937
1567
1108
1188
1010
1745
1212
1420
1150
1077
1235
1293
1054
1226
1157
1349
1036
1258
1206
850
1303
890
1031
1318
1754
1078
1708
1520
1077
1228
1292
1325
1573
1388
999
1480
1352
1765
925
1249
1147
1386
1647
1045
1358
910
978
1436
1271
966
1523
1407
1555
1037
1179
968
1347
1159
1307
1447
1081
1136
935
1158
1231
1055
1268
1099
1108
1624
1229
968
842
1471
2171
1276
1147
1353
1149
1155
1229
1208
1102
1133
1424
1071
1263
1436
978
972
925
1139
1379
1106
1201
1353
1318
1087
1090
1489
1623
1038
1284
948
1335
1165
1069
1257
1028
1037
1490
1530
1510
918
1136
1017
1084
1013
1052
1661
1040
1232
1366
991
1864
1027
1194
1312
1487
2075
1608
1170
1499
1155
1096
1268
1161
1478
1384
952
1116
870
1132
1076
1286
1192
1316
1091
1156
1313
1123
942
1719
1062
1034
1177
1020
1294
1393
1282
1203
1054
1184
1434
1146
1090
914
1223
1726
1152
1073
1188
1026
1068
1525
929
1417
1516
1249
1611
1128
861
1367
1134
985
1031
1390
1515
1135
1073
1280
1136
1153
1429
1170
1349
1029
1313
1061
1694
1723
1324
1073
1116
1264
1352
1107
985
1290
1120
888
1660
1604
1141
1243
1121
1164
1198
1316
1654
1634
1263
1389
1214
1457
1488
1342
1333
1979
1374
1203
1590
1277
888
1413
1175
1119
1091
1402
1219
1435
1181
1030
1101
1410
936
1480
1447
1770
1204
840
1339
1120
1366
914
1018
1100
1189
1440
977
943
769
1349
2275
1025
1214
1335
1290
1263
1009
1283
1219
1299
1732
1857
1384
1177
1550
1101
1214
923
1349
1367
1204
1140
1134
1289
1145
1075
1453
1305
1482
853
1080
1158
1349
1047
1424
1164
1091
1437
1374
1158
1495
1337
1540
1082
1175
885
2257
927
1000
1672
1108
1292
1276
1336
1566
1179
1210
1318
971
1215
1030
1140
1186
1191
1356
894
1028
1692
1024
1309
1298
847
1051
1130
1534
1067
1216
1048
1595
1297
1191
1266
1278
992
991
1079
1387
1087
1538
1264
1027
999
1844
1156
1091
1693
1055
1033
1655
1227
1705
1197
1337
1153
1007
1127
1326
1757
1404
996
928
1029
1252
1281
922
1184
1109
1302
1416
1349
1240
1676
1197
1129
1304
1412
1244
944
1366
1119
1175
926
1006
1448
1237
1150
1000
1214
1156
1096
1558
1644
1530
984
1161
1227
1140
992
905
1111
1341
1116
1057
1026
1157
1081
1434
970
1056
1710
1222
1303
1097
1046
1062
1679
1213
1434
1427
1286
1240
1309
1160
1246
1126
1260
982
1238
1234
1284
1541
1148
1222
970
1054
1302
1385
1108
1366
1033
1328
1065
1065
1163
1491
1144
1346
1219
1255
1532
891
1165
1118
1783
1675
1086
1027
1234
1011
1137
1188
1439
1743
1151
1351
1611
1101
1461
1098
1529
934
1563
878
1569
1326
1114
1117
1077
1082
1634
1092
932
1099
1001
2075
1172
1564
1336
1303
2018
974
1586
1013
1275
1655
1435
1161
960
1688
997
1355
1645
982
1117
1736
1119
1106
1056
1011
1073
1146
1465
1015
1160
982
1321
1039
1118
1217
1102
1145
1174
1147
1443
1194
1207
1140
983
1724
1201
876
1143
1330
1211
1168
1239
1767
1688
1042
1848
1276
1194
1679
1146
1208
1081
1168
1080
1134
1257
1136
1101
1137
1361
1241
1108
1245
1037
1526
1388
986
1082
1291
1221
1501
1066
1128
1148
1219
1155
1093
1037
1142
1136
1171
1266
1194
1242
1125
1672
1276
1241
1286
1314
1678
1077
1731
1041
1224
983
816
1528
1085
1279
1086
1087
1109
1108
1344
1117
1129
1183
1535
904
1234
1057
1265
1158
1097
1009
1049
1617
1033
1101
1179
1063
953
1500
1038
1103
1583
917
1457
1403
2162
1909
1213
1307
902
1310
1371
1422
1223
1590
1330
1259
1402
1284
1942
1720
1410
945
1287
1317
1416
1327
1565
1463
1128
1378
1331
1195
1513
1589
944
1468
1389
1159
1143
953
1415
1466
1491
1110
1882
1359
995
1465
1037
1325
1674
1975
1301
1401
1193
1411
1241
1062
1500
1041
2393
1868
1195
1000
1115
1260
1402
1065
882
1052
2175
1410
1053
856
1463
1281
1629
1196
1153
1067
2289
942
1182
1159
1415
984
1589
1374
957
1556
1322
905
1644
971
1395
918
1394
1153
891
1308
1076
1089
1053
1483
1055
1197
1888
1339
1455
1491
1067
1413
1174
1332
1422
1144
1148
1076
1497
1470
1192
1254
1293
1071
1064
1693
1132
1162
1156
1130
1612
1252
951
1209
1307
1177
1014
1370
1301
1206
1219
1225
1182
1026
1005
1024
1412
1021
1017
1194
1056
1125
999
1232
1381
1143
1194
1234
1029
1295
1066
1220
1307
1023
1048
1116
901
1071
1191
1125
981
1162
966
1256
1175
1050
1028
1276
1056
1287
1186
1296
1940
1056
1073
1129
1128
1445
1031
1110
1311
1247
1200
1126
1187
1981
1071
1170
1114
1447
1185
1643
1055
1158
827
1700
908
1215
1054
1068
1275
1652
1132
1090
1919
1121
1513
892
1301
1265
1038
1217
1227
1063
1618
1288
1025
932
954
1459
1147
819
1151
1303
1152
1028
919
1376
1387
1498
1217
1131
1492
1284
1108
1605
1324
1263
1593
1555
959
1336
1653
1096
888
1189
842
973
1048
1286
915
1334
1434
1477
1211
1059
1106
1070
788
1035
1045
1386
1118
1300
1581
1843
1326
1160
1013
936
1045
1241
1423
1084
1535
1071
991
1178
1078
1182
2064
1282
1106
1091
1223
1054
978
1278
1444
1124
1021
1169
1186
901
1319
1173
1237
985
1743
1036
1121
1312
1130
2040
1229
854
994
1336
934
1246
1535
1414
940
1100
1547
968
1022
1424
1171
1280
1402
1298
981
1492
1292
2024
1012
1117
1670
1128
1213
1236
1055
1028
1071
1248
1223
856
1083
1309
1114
1042
1060
891
1127
1302
1181
1894
1023
1262
1158
1235
1740
1507
1472
1139
1310
1222
1239
1018
1459
1211
1177
1364
1062
1122
1116
1129
1386
1265
1592
1008
1370
1151
1039
1110
1626
1133
1566
2041
1384
1276
1097
1394
1054
1264
1244
1249
1061
1262
1140
1352
1627
2239
1182
1241
1106
1685
1335
1455
1060
934
1003
1099
1302
1436
996
1607
1124
992
1257
1164
1067
1953
1329
1070
961
1674
1167
1482
1309
1237
1094
1459
1277
1277
1093
1353
1232
1225
1355
992
1205
884
1189
1161
1208
1139
1132
1201
1496
1310
2129
1454
1784
1297
1109
999
1081
1192
1026
977
1221
1282
1094
911
1419
1494
1316
1410
1172
938
1037
900
1213
1157
1188
1113
1195
1503
1168
1314
1311
1295
1177
1544
1035
1663
1090
992
1546
1130
1071
1188
1280
1536
1252
1486
1288
1006
1465
1050
1373
1231
1304
1059
1223
1263
1034
974
1072
1238
1116
1100
1438
1420
1513
1918
1046
952
1534
1154
1226
900
1386
1355
1215
1575
818
1149
995
1028
1264
919
784
1250
918
1783
917
981
1401
1102
2420
1477
1409
1222
1239
999
1084
1515
1321
1266
1363
879
1336
1479
1357
1066
968
1145
1084
1293
1012
1177
1419
1129
1281
1689
1083
1150
1376
1345
1635
1000
949
1201
1202
1020
1206
1168
1038
1349
1169
1133
1145
1122
1194
1413
1239
1164
910
1025
1420
1212
1569
1067
1012
1239
1206
1623
1345
1409
1154
1524
1252
1179
1079
1288
1424
1113
1394
1153
1596
1100
1040
1142
1304
911
1445
1293
1198
1346
1354
1374
1013
1273
1488
876
1366
1667
1307
1457
1539
1687
1990
957
1794
1591
1109
1249
1038
1236
1017
1021
940
1320
934
1198
1139
1148
1203
1078
1590
1124
1097
1235
1342
1206
1115
1218
973
859
1012
1405
1688
962
975
1110
1588
1447
1143
939
1211
1222
1115
1049
1557
952
1526
1157
1535
1524
1302
1115
1284
985
1479
1432
1060
1113
1102
991
1178
1568
1346
1405
1299
1235
1223
1322
1273
1126
1013
1028
1352
1503
1526
1534
1532
1638
1144
985
1064
1027
1139
1166
1241
1649
1093
1097
1528
1064
1264
856
1128
958
1594
1042
1494
1208
1215
1095
895
1096
1479
961
1747
1081
1477
1066
979
1136
1155
1362
1024
1233
993
973
1110
1761
1632
1173
1023
1468
1121
1561
1538
1207
1007
1000
920
1564
1353
1380
1366
1078
1367
1246
1050
1270
1029
1141
1033
1150
1321
1289
1275
1078
1288
858
856
1103
1112
1027
1194
1191
1060
1531
936
918
1350
1110
1373
1087
1022
1113
1116
1187
1254
1381
1232
1296
1174
1213
1153
1359
1273
1188
1212
1021
1240
997
1242
1352
1041
1260
1509
1426
1230
1682
987
947
994
1473
1107
1473
1077
1230
1297
1051
2057
1119
819
1397
1257
1171
905
1650
1123
1160
1334
913
1112
1177
1405
1440
1429
1239
958
1005
1030
1117
982
1294
1042
1042
1678
1036
1085
1164
1212
1221
1215
1243
1207
884
1260
1081
1202
1319
1122
978
1419
1045
1356
1165
1266
1053
1003
1050
1217
845
1676
1392
922
1388
984
944
1115
1185
974
1223
958
951
1519
1544
1522
1188
1565
1000
1080
1323
1235
896
1138
998
1186
1173
1763
1666
2390
1379
1690
1300
1442
1459
1388
1474
1003
1795
945
1095
1194
1864
1571
970
1244
1462
1105
968
1498
910
1030
950
1209
948
1492
1069
1222
1065
1369
919
1784
1523
1363
1578
1009
1450
2045
1239
1210
2183
1188
944
2026
1092
1394
914
1477
958
1361
1231
1137
1626
1508
1086
1444
1207
976
855
1304
879
1290
1168
1646
1367
920
1594
1474
1354
1310
1154
1367
1108
1365
1112
1114
927
1526
1219
1037
964
1139
1114
1330
1183
967
1103
893
1622
1324
1437
1016
1180
1802
1015
995
1997
1842
1027
1079
1114
1236
1026
1131
849
1082
1467
1019
1170
1090
1014
1160
929
1129
1908
1119
1145
1052
1425
1003
1455
1594
1749
1498
1947
1244
976
1373
1249
1463
1158
1077
1548
1288
1247
1344
1326
853
1483
1233
1059
1471
1335
1834
1253
1483
1634
1158
947
1040
1157
1120
1284
1886
1327
1451
1006
1105
1193
1341
1239
1173
1551
921
1103
1497
1200
1125
1342
1557
1173
1014
923
1027
923
1227
1192
1008
1101
1225
1396
1062
1000
993
1255
1624
1360
1234
1183
920
1586
1408
1643
852
1157
1173
1220
1267
1100
1528
1334
1124
993
981
1198
1221
1330
1009
1456
1038
1210
1344
1570
1306
963
1147
1048
1382
822
1366
1215
1425
893
1228
1184
1123
1231
1024
1299
1395
968
1039
1102
1009
1081
1484
1221
892
1004
1396
1689
1064
1219
1261
1330
1049
1380
1146
1910
1148
1184
1352
1254
1301
1169
1015
1437
1283
1234
944
1372
1091
1524
1462
1721
1291
1402
1272
1455
1321
1316
1657
1300
1188
1472
1093
1114
1204
971
1562
1080
1208
1437
957
1239
1295
1119
1188
1574
1056
1282
1415
1187
1572
1244
1534
1721
1231
946
1212
996
1020
1157
1031
952
1492
931
1706
1185
1261
1152
1687
1226
1187
1455
1501
1078
1185
1563
1420
1184
1056
1032
1038
1136
1192
1284
1235
1241
899
1479
1621
1543
1321
1174
1441
1816
1227
956
1192
1004
1119
991
1731
1474
1365
1316
1289
1175
921
1124
1122
1097
1676
1397
1141
1173
913
1233
1372
1066
803
1290
937
1212
1105
1493
1016
1047
1210
877
1703
1139
1598
1420
1413
1207
1102
914
1083
1311
1338
1042
1095
1019
1059
1149
1283
1029
1466
1460
1217
922
1192
932
1196
1330
1253
975
1392
1824
1221
1246
1118
1414
1813
1402
1124
1149
984
1336
1183
1312
1375
1660
1393
1658
1009
1253
1338
1502
1289
1270
1436
1276
1748
1612
988
1682
1199
1162
1426
1044
1733
1308
1627
1237
888
1263
1103
1277
1184
1287
1184
1062
1157
1159
1754
1345
1191
1333
1192
1319
1207
1105
1387
1164
1261
1198
1119
1487
1156
1497
966
1204
1248
1077
1299
1216
1025
1289
978
1263
1235
747
1447
1514
1378
1654
1144
903
895
1095
1358
1096
1159
1461
1567
990
1108
866
1007
1823
1122
1749
1117
1312
1187
1508
1058
1119
1195
1195
1730
1631
1264
1501
1402
1244
976
1196
1371
1173
1379
1118
1017
1894
1249
1486
948
1762
1282
1081
1364
1614
1450
1383
938
1097
1505
1069
1508
1620
1288
1308
1106
1160
1824
1330
1495
2062
966
1473
1349
1055
1210
1018
1044
1040
1482
1210
1206
1277
1671
1032
1508
1384
1822
1107
1463
1089
1192
1170
1041
1188
1467
1126
2038
1342
1422
901
1409
1782
1121
1537
1435
1011
1321
1452
1129
1031
1534
1083
1222
1251
1389
1234
1552
1103
1140
996
1092
1124
1061
1653
910
1348
1157
1159
1722
1151
1150
1187
1593
1163
1243
1049
958
1125
978
1492
1163
1140
1332
1204
887
1218
1150
1053
1048
1458
1103
909
1630
1173
1178
1644
1537
1158
1243
1039
2105
1386
1219
1161
1522
1297
1111
1130
1141
1371
1109
1117
1110
1450
1337
1718
1330
1167
1155
948
1094
877
1194
917
1635
1140
1150
1749
1185
1181
949
1128
1250
1333
1150
1548
987
1138
1442
1056
1302
1421
1064
920
1158
1078
963
1140
1122
1269
1187
1100
1465
972
1269
1312
1041
1363
1031
1031
1379
1261
1417
910
1064
1259
1174
1721
1348
1431
1463
932
1107
1112
1789
1064
919
961
1057
1525
1180
1054
1116
1143
910
1178
1046
991
1183
1294
829
1104
1204
884
1357
1154
998
1091
1277
989
1306
935
1121
1399
1192
1235
1064
1210
1053
1307
1898
1063
1325
1112
1670
1050
1398
1176
1433
1063
1256
1009
1264
1188
1764
985
1293
1786
1049
1278
1234
1424
1232
1195
1334
1141
1467
1176
1424
924
1533
1004
1089
1099
1349
1128
977
1263
1318
1403
1659
1422
836
945
1080
1456
1571
1193
1191
1396
1249
1069
1109
1270
1235
1205
1201
1282
1052
1153
1431
1589
1524
1410
907
1272
1393
1192
1946
1161
1333
959
1108
1509
1052
1164
1314
1143
1301
1438
935
1577
1609
1087
1298
1519
1121
1076
1137
1257
1069
2144
949
897
1106
1329
1162
814
1376
1127
1168
1061
1091
1063
967
1172
1424
1125
1166
1421
1074
946
1051
1189
1537
804
1344
1354
897
1535
1079
1094
1048
1461
1133
1014
1206
1465
1176
847
1029
1554
1083
1194
985
1135
1153
1461
1444
1060
1008
1071
1269
987
1141
1238
1376
949
963
1026
947
1108
1804
1307
1597
1008
1211
1798
1369
1579
1243
931
881
1375
1097
1195
1190
1457
1147
1083
1003
1607
925
1222
1534
1366
1089
1299
1097
1747
1267
1319
1348
1363
1208
1497
1223
1173
1031
1089
1185
1327
1302
1324
1040
1144
1506
1857
1145
1055
977
1064
1261
1501
1103
1284
920
927
1577
1550
1196
1466
1122
915
1598
1373
955
1129
1083
842
1226
1403
1176
1459
1054
965
1159
1203
943
1040
1960
1443
944
1427
923
1178
1078
915
1151
1027
1443
934
1127
1037
1541
1298
1460
988
1776
1107
1714
1369
1314
1415
1597
1093
1418
1870
1151
943
1176
1397
1002
1183
1132
1166
1488
1566
1401
951
1177
1204
864
1303
1218
1187
1232
1220
1092
783
1387
1756
1396
1167
1463
1543
1078
1188
939
1374
1174
1036
1092
967
1223
1256
918
1000
837
2014
1144
1402
1459
2061
1593
1197
1543
1197
1614
1120
1265
1442
1596
1762
1715
1599
1260
1343
1618
1386
2066
1136
1148
1535
1439
1345
998
1643
927
943
1126
1131
1333
1322
1155
906
1302
1256
1016
1047
1039
1219
1260
1295
912
1548
1622
1264
1203
1021
1033
1935
1958
972
1189
1150
1160
1272
1467
1415
1338
1110
1059
934
1304
997
1563
1036
1055
1309
1410
1222
1346
1068
1528
972
1712
1304
1188
1228
1050
1191
1240
1325
1070
931
1422
935
991
1283
917
1173
1510
1161
990
1586
1178
1267
1651
1059
949
1246
1010
1123
1117
1282
1941
1431
1180
1287
1376
1025
1402
1204
1157
1169
1117
881
1558
1383
894
880
1387
1645
1228
1086
1076
1038
1183
1016
1005
1654
1515
1093
1142
1615
1276
1232
860
994
997
929
1025
877
1666
1185
945
1498
1183
1002
1220
1267
1009
987
1423
1618
1112
1138
1198
1088
926
1290
991
1208
1661
1071
1154
961
1267
1449
1061
1590
1272
1188
1330
1058
1250
922
1145
1351
1435
882
910
1409
940
1271
1036
1505
1251
1625
1258
1188
1657
1206
1426
1015
1038
1054
1058
1467
1476
1074
1182
983
1491
1086
1316
1457
1305
1316
1577
1133
998
1077
1095
1156
1329
1595
947
1910
1697
1072
1152
1277
915
1416
925
1023
1071
1208
847
1249
1430
921
1341
1205
1261
1315
1299
959
1436
1200
1110
1145
1327
1074
1139
1183
1025
1290
1008
1454
1260
1346
1093
1458
1416
1429
1516
1542
1534
1409
1388
1326
978
1232
1016
1246
1197
1114
1001
1108
953
1215
1255
1117
963
1027
1024
1235
1856
964
1623
935
1320
1094
1150
866
1157
1053
1466
1045
1065
1194
1053
1207
1368
924
1231
1022
1139
1162
1433
1214
1204
1334
1578
1116
1281
1197
946
1206
1051
1190
883
981
1159
1619
965
899
1153
1530
1064
1116
1449
1352
1185
1097
1144
1016
1127
1255
1240
1345
1175
883
935
1805
875
1352
1220
963
1258
932
1128
1042
1517
1138
1027
1423
916
1534
853
1082
1070
1397
1679
1302
1462
1206
1707
1265
1720
1618
1231
1527
1275
1408
994
1085
1076
1218
1125
1089
1025
1005
1490
1252
1377
1199
1184
1074
859
1109
1193
1492
1043
1374
1161
1175
1398
1211
954
1225
1368
1379
998
1358
1240
1174
1397
1211
1104
1472
1048
1238
1393
1151
1132
1053
1268
1036
1350
1361
1003
1246
1065
1564
1264
1227
1010
1523
1145
1126
1267
1141
1169
1476
1134
1225
1060
1111
950
1127
1104
1354
1084
1110
1248
1404
1416
1060
1915
1147
1217
1031
1474
940
1361
1510
1151
1143
1300
1521
1030
951
1277
1218
1067
1175
1279
1574
1223
1139
1368
1042
1073
1134
1079
1090
1505
1166
938
1722
1129
1544
1019
1878
1343
838
953
1290
1470
836
1228
1554
1691
878
1345
1175
1940
1482
2099
1180
1804
1121
1270
968
1031
1601
1002
1304
1418
1129
1121
1223
1140
1024
1172
1010
1545
1384
1025
1501
1030
1406
1471
986
1074
946
923
1117
1175
1261
984
1135
1265
918
1045
1103
1001
1113
1122
1033
1071
1346
1198
1081
1698
929
1187
1878
1201
1026
1095
1173
1461
1673
1147
1368
1785
1044
1100
942
1134
1092
1301
1151
1411
1019
1030
968
1073
1214
1635
993
1408
1403
1179
1275
1932
1102
1362
1159
1022
955
1497
1351
983
1742
1111
945
1194
1202
1203
1038
1263
803
1192
1149
1266
1089
947
929
1508
973
974
935
1082
1039
1460
1630
1512
1382
1095
1092
1044
1207
1050
1376
889
1576
869
1187
1894
1025
983
1068
1413
969
1090
1168
1147
1305
1098
953
1218
985
1226
1217
1568
1539
998
811
855
1009
1372
1421
1116
1114
1381
1294
1100
1254
1060
1204
1049
879
1139
1662
1031
1259
1256
1103
1062
1872
1427
1176
1479
1379
930
1727
1251
1020
1260
1306
1263
1007
1594
1165
1105
1091
1535
2350
1375
908
1187
1191
1279
1183
1228
1299
1442
1148
1190
822
979
1641
1145
882
1717
1213
1343
1475
974
1460
1027
973
951
1212
1076
1357
965
1754
1368
1204
1039
1045
1349
1111
1372
1166
1100
1858
1492
1194
897
963
1303
1308
1332
1415
1670
908
1090
1280
1231
1018
1147
1253
1104
1343
1729
868
1424
1060
1517
984
1747
943
1580
1409
1075
1654
1242
1102
995
1337
891
1515
1348
1014
1132
1004
1546
1540
1222
1021
1701
1218
1158
1700
1089
1493
1153
1020
1611
1324
1249
1073
1069
1156
945
1075
1260
1105
1206
1146
1455
1324
1510
1200
1145
1016
1451
1319
1825
1556
1077
942
1055
1493
1319
1612
1198
1381
1047
918
1142
1154
1921
1432
983
1523
938
1285
1026
1589
1040
1460
1401
1490
1139
1300
1156
1049
1033
1385
1104
1457
1308
1141
1123
1375
1066
1654
1500
1263
1365
1050
1312
1714
1098
1053
1431
1517
1709
1266
2131
1097
1456
1259
1258
1000
1113
1161
1447
976
963
1104
1067
1382
1611
886
1024
1372
1119
1775
1038
1170
985
1285
1165
898
1549
1455
1210
1191
1360
1278
1130
1340
1252
996
1331
2174
1208
1534
1417
1370
1029
1050
1329
1352
1407
1018
1710
1322
1406
937
1207
973
1393
976
1146
1230
1314
1162
884
1165
929
969
1116
1240
1541
996
1267
1119
1281
1177
1097
752
1181
1363
1065
1208
1232
1379
1113
1544
2420
1060
1042
1034
1459
1188
1260
1727
1003
1662
939
1568
934
1170
1248
1340
1018
1422
893
1181
1379
1101
1129
1284
1127
959
1463
1042
1333
915
917
1021
1189
1331
1258
1348
1146
896
1056
1337
1626
1063
1151
1107
1518
1026
989
1271
1267
992
1220
933
1389
1187
1193
1175
1098
1156
1221
1071
998
1534
1426
1267
1323
1120
1312
1496
1044
1431
1390
1487
953
1417
1178
1623
1198
1029
1528
1781
1185
1354
1046
1278
1155
1249
1037
907
1565
1376
1086
1422
1023
1205
1655
1301
1292
1363
1124
1023
1273
1212
1215
1169
1264
1227
1135
1885
1222
895
1213
1179
1108
1625
1173
1151
1238
1568
1111
1306
1260
1234
979
1300
812
1001
1288
1444
1526
1279
895
1713
1416
1092
1299
1705
1258
1141
1582
1200
1536
945
1041
916
1080
1084
1375
1966
1300
1328
1063
1127
1115
1056
1137
1342
1710
1439
1225
1320
1373
1604
1300
1113
1518
1150
1567
1395
1290
936
1219
1140
1306
1038
1388
1198
1310
1047
1393
1163
987
1173
1201
1555
1154
1144
1073
1739
916
1669
1167
846
1578
1022
1109
1090
1083
996
1022
1681
990
1131
1286
1111
1502
1186
1484
1054
960
1110
1277
991
939
903
1627
1585
1347
929
1086
1585
974
1162
1295
981
988
1016
1431
1202
1065
1160
1135
1631
1054
1016
1549
1131
1620
1263
998
1141
1163
1670
1216
1724
939
1551
1243
953
1068
1117
1586
1473
1196
1172
1016
1185
991
1291
1272
1117
2507
996
1496
1550
1586
1225
1081
1370
1418
953
1513
1257
1126
1405
1083
1077
1300
1365
1546
1136
1228
1110
1028
1397
1123
1189
1270
1440
1549
1173
1119
1239
1107
1228
1142
1320
1321
1076
1135
1092
1088
1206
1305
1108
1295
1283
1802
1056
1014
881
1504
1037
1673
1105
1103
1212
1328
1145
1017
1268
1213
1067
1383
1183
1223
1621
1231
1910
1381
1220
961
911
1150
924
1044
1298
1267
1311
1478
1121
1038
1149
1481
1325
1523
1039
1324
1237
1565
1527
1173
1146
1523
1396
1379
1368
1340
1192
1587
1291
1342
876
1229
1489
1212
914
1424
972
1452
1496
1105
1184
1017
1236
1046
1336
1233
1060
1119
1111
991
1106
954
1020
1196
947
1182
1452
1313
1165
1107
1023
1188
1515
1708
987
1169
1359
1066
1910
1473
1023
884
1084
1037
1306
1433
1314
959
1134
1453
1198
1311
1220
1476
1129
1252
1670
1249
1226
1134
1820
1361
1285
1032
1316
998
1129
905
967
1439
1234
1110
1485
1074
1459
1086
1401
1256
1003
1140
1095
1122
1013
1525
1417
1283
1415
1104
1032
1287
1110
1233
1141
1135
1271
1523
1136
1540
1119
1452
1575
1195
1226
1165
1023
868
1218
1151
1153
947
1011
1328
1370
1070
993
1458
1390
1757
1422
1141
1221
1369
1009
1190
1094
1300
1084
1333
1661
1074
1402
1149
1568
1347
1265
1283
1426
1367
950
1165
970
1517
1009
1210
1436
1497
1471
1044
996
1153
1224
1029
1171
1459
1089
1018
1390
1129
1193
1470
1368
1092
1400
2021
1040
1355
1132
2013
1356
1239
1195
974
1238
1167
1430
1498
1107
1041
1109
1488
1285
1581
1054
1162
1331
1345
1197
1010
1645
1130
849
1235
1201
1766
1344
1341
849
1014
1157
1575
1220
1739
1381
1271
1524
1112
1105
1017
1050
1376
1027
1118
1130
1253
1170
867
1135
1264
1188
971
1319
1025
1455
1077
991
1417
1437
1056
1301
1256
1083
1167
1211
1793
865
1501
1254
841
1072
1080
1297
1398
1150
1085
1468
1178
1265
1181
1768
1514
1075
1273
1704
960
1349
1488
1912
1304
1372
1132
1211
1903
1372
1390
1038
1442
1090
833
1028
1225
1127
1029
1453
1055
1265
1092
982
2064
1290
1513
1363
1186
1247
1145
1353
951
954
1134
876
1266
1230
1203
1196
902
1385
1198
1068
1594
1311
1736
1141
1570
1737
1322
1058
1208
1504
942
1351
920
1941
1171
1219
905
1699
1048
1174
1393
1307
1059
1139
858
1442
1327
1107
1369
2028
1104
908
1367
1470
1156
969
1813
1127
987
1916
1380
921
1318
1049
1478
1497
2044
995
1415
1330
1256
993
1248
842
1117
1520
1169
1515
1573
999
1317
1145
1161
1083
1116
1297
1685
847
1124
2141
1087
1356
1264
995
1077
1624
1479
1249
1159
1834
912
1364
1145
872
1148
1554
1255
1069
1052
959
1060
1042
1352
1512
955
1868
1148
1624
1563
1335
1193
1060
1478
1033
1446
1242
1484
1132
932
1157
1379
1419
916
1351
1465
1583
908
1022
1023
1097
1436
1291
1151
1763
1669
889
1030
1353
1521
990
1908
977
996
982
917
909
1541
1224
1238
1121
1146
1094
1155
1261
1411
1121
952
1377
1456
1847
1178
1232
1579
1114
1121
1187
1220
1030
1112
1784
1458
1373
1433
910
884
1225
1051
935
1089
1578
1230
1382
1157
937
1025
1301
1186
1031
1397
1965
1453
1882
1206
1142
1453
1256
1060
1955
970
1661
1693
1164
1238
1703
1112
1016
1720
1347
1019
966
1396
1164
1278
969
1026
1199
860
911
1267
1192
1253
1043
1046
1063
1241
1473
1395
1152
1342
956
1236
1600
1034
1157
1406
1424
1203
1274
1240
978
1279
1717
1040
1362
1030
1621
959
1319
1231
952
1454
954
1386
1170
1179
1226
1514
1625
1203
970
1223
1307
855
1432
1073
2100
1229
1253
1583
932
1008
1122
1672
1078
1202
1058
996
1306
1233
1152
1577
1452
1211
1572
1283
1182
1278
1277
2117
1100
1426
1448
1089
1905
1200
1194
1171
1088
1392
1572
1362
1313
1016
1082
1239
1073
1114
964
1893
1383
1255
1167
1370
1233
885
1168
1308
938
1097
1418
1003
1037
1455
1162
950
1423
1060
1075
1281
1525
1243
1995
1264
1380
935
961
1336
1154
1051
1202
1729
1196
1147
1127
1459
1210
1502
1247
1108
1446
990
1102
1037
1387
1179
1319
1561
1499
1395
878
1130
1035
1583
973
1514
957
1589
855
1232
982
1006
875
1088
1430
1349
1328
1626
1052
1257
1881
1482
1175
1275
1527
1628
1249
1519
1040
1353
1270
1595
1109
999
1038
1048
973
1337
1179
1426
1304
1431
1176
998
955
869
1146
848
1069
1571
1566
1131
1616
947
1250
1384
1000
1318
1368
1264
1316
1201
1919
1078
886
1044
1052
1567
1080
1133
1131
1360
1177
1233
1097
1675
1075
1314
956
1147
1387
1049
1325
1268
1187
1289
1200
1248
1085
1609
1384
956
1156
1005
1262
996
1187
1063
1044
1138
1862
1379
1466
1773
1145
1093
1021
1090
924
1066
1033
1104
1348
1514
1207
1028
1382
1371
869
1542
1297
1242
832
1246
1288
953
1008
1169
1604
1256
1359
1004
1175
1369
1459
1314
1344
1278
1264
1191
1310
1286
1455
978
1236
1105
1262
1029
1275
1873
1243
1052
1709
1264
1183
1042
1184
1826
1086
1151
1195
1490
1364
1281
1082
1584
1264
987
1234
1688
1437
909
1490
1025
1501
1400
1542
1086
1146
1256
1179
1284
977
1806
1070
1575
1172
1045
1424
1019
1298
1056
1066
1131
1902
1404
1221
1284
1196
929
1367
1205
1542
1156
1145
1147
1528
1013
1211
1420
1117
1802
1035
944
1339
904
1657
1359
929
1260
1388
989
1339
894
968
1146
1132
971
1382
1156
1379
1217
1144
2033
1232
953
1676
2300
2248
1156
1113
1014
1363
1125
1068
1457
1036
1111
1085
1288
1329
1018
1419
1256
1162
1131
1278
1746
1586
1502
1093
1636
1021
1053
1502
920
1177
1175
1474
1384
1483
1180
1110
1369
1802
1610
985
1190
1058
898
847
1545
1345
1248
1209
1585
1185
974
963
1619
1218
1900
1017
1026
1919
1656
1124
1083
1099
1147
1305
1216
1446
1108
913
1087
1255
1226
1222
1456
1104
1017
1369
999
1805
1634
1673
868
1038
1415
1475
1243
1291
1172
1010
1627
966
945
1178
1363
1028
1876
1045
1371
1072
1674
965
1004
1280
1132
1130
1038
953
1003
975
1108
1362
1660
1034
1621
887
1136
2352
1114
1295
1117
1798
1455
1162
980
1291
1459
1354
1387
1689
1479
1086
1280
1850
1190
1846
915
1716
990
1166
1046
1064
1340
1241
1284
979
1574
1161
1022
1507
1390
1379
1039
1276
1180
1220
1587
1176
1201
1122
1096
1324
991
1039
875
1424
1375
888
1077
1112
1246
1396
1332
1037
1126
996
1311
1834
1108
1050
885
1125
1054
1069
1170
1118
1204
1010
1177
1135
1195
1548
1478
1087
1470
1434
933
1237
932
938
988
785
1107
1397
918
909
1028
1060
1100
1017
1255
968
1528
1143
1685
1315
1276
1081
1117
1043
1215
1191
1038
1224
1107
1087
1630
1056
1146
1371
1301
1594
1461
1227
1537
1536
1394
1078
890
1073
942
947
1025
1048
1982
935
1208
1284
1736
1013
1431
1311
1263
1103
1231
1291
1147
1104
1530
992
1304
1041
1156
1433
1374
1602
1464
1615
1101
2051
1114
1168
1192
879
1232
1062
1539
1661
1237
1114
2046
1709
1763
1087
1279
1108
1096
1176
962
1052
1182
1425
1002
1186
1072
1228
1243
1074
1089
1450
1365
2062
1020
1496
1004
1117
1007
1174
1764
951
1518
1193
1150
1182
1486
1345
1263
1230
1202
991
1035
1157
1539
1456
1131
1231
987
1314
988
1264
917
1505
864
1089
1018
826
1307
1288
1675
1138
1464
1030
1235
1170
1443
915
1037
1159
1442
949
1148
1353
1679
1488
1261
899
1300
1086
1778
992
1092
1595
1151
1357
1274
1428
936
1581
1360
1772
1240
1090
1529
901
1032
1191
1182
1309
1081
1029
967
898
1262
1291
1187
956
1234
1270
1076
1165
1429
1167
1372
1359
1143
1326
1897
1321
1263
961
1855
986
933
1552
899
1110
1134
1152
1344
1622
1282
1326
1003
1046
896
1242
967
1285
1625
1117
1593
1418
1233
1432
1221
1231
1101
1592
1234
958
1278
1796
1032
1486
1423
1324
1269
877
1432
1183
1275
960
1304
1266
1430
2758
1110
1546
1282
1199
1372
784
961
1030
1014
1371
1040
1532
1056
1281
969
1165
910
1101
1170
1904
1447
933
1470
1133
1285
1450
1186
1353
1214
1715
960
1374
947
1283
1322
1209
1074
1493
1149
863
1176
1344
1235
1313
1120
1734
969
1452
1173
1488
1501
1290
1317
1113
906
1480
947
1207
950
1601
1003
1906
1387
1422
1174
1287
1178
1020
1021
1238
963
1744
1226
1039
1496
999
1358
1704
1485
1377
1012
1722
1238
1703
1139
1339
1445
1704
1508
1081
1118
1301
1515
1225
923
996
959
1106
1419
1481
1308
1069
1780
1195
865
1112
954
1188
917
841
1435
857
1358
1290
953
1184
1490
1612
1089
1258
1221
1027
1210
1002
1065
1309
917
1031
1594
1034
1207
1465
1301
1118
1258
1167
1043
844
913
1255
1755
947
1211
1349
1454
1359
1112
1434
1198
1143
1081
984
1229
1221
1273
1188
1501
1130
1479
973
1058
1080
1047
1237
1579
1243
1203
1270
1196
1382
1128
876
843
1858
1602
945
1638
1125
1303
1266
1809
1252
1318
1676
1324
893
1390
1279
1078
1142
1067
1497
1365
1141
1275
1220
1323
1458
1175
1278
1218
1017
996
1337
2028
1062
1131
1314
1228
1166
933
1042
1372
1118
1397
1302
1268
1209
978
1225
934
1052
1486
1679
1235
1118
1064
1037
1208
1400
993
1244
1140
1425
1115
1093
1207
883
1126
931
879
1268
942
1117
1562
1108
1250
1073
2127
1166
947
1118
1543
1409
841
1213
1126
1263
1436
1244
1103
1322
1220
1158
882
1414
1017
1440
1075
1637
1174
1354
1376
1132
1343
786
1103
1298
1107
1292
1486
2178
1004
1049
966
862
1165
1388
1386
1177
1024
1043
968
1498
947
1392
1167
970
999
1031
1049
1302
1170
1248
1083
1214
1618
1173
1131
1673
1198
1606
1310
1106
924
1633
1239
1064
1172
1077
1115
1177
1633
986
1188
1072
1722
1175
1055
1114
1513
952
1146
1403
913
1308
1254
1636
1398
1135
1177
1149
1395
867
1179
1415
1232
949
1029
1246
1157
1345
908
1058
1003
1156
1163
1361
1370
909
1456
1158
1593
1844
1420
1081
1149
980
1285
1402
1104
1078
1464
1073
1477
1499
981
1300
1597
938
1279
1032
1342
1333
1246
1414
1749
1193
2051
982
1244
1600
1442
1218
1464
1018
1504
1573
1233
1137
1007
917
1158
1256
1044
1026
1245
1259
1140
1362
1239
1101
1475
1381
1470
1497
1436
1326
1810
1511
1159
1181
1080
1233
1060
1182
1790
1074
909
1458
1484
1415
975
953
1109
1159
938
1202
1589
1156
1448
1182
908
955
1092
1112
1581
1206
1086
1431
1274
1155
1202
1040
1202
1012
1430
1923
1068
1391
1148
1111
1325
1240
1300
1180
1158
1175
914
1713
2086
1107
1667
863
1189
1276
1460
1173
1806
1502
889
1267
1111
1536
1418
1175
1259
1605
1215
881
1206
1025
887
910
1045
1604
1080
1105
1089
941
1472
1268
1305
1410
1343
1512
1095
1043
1139
739
1090
1123
1021
720
1129
1175
1302
1410
1160
1438
1286
1111
1176
972
933
1228
1105
1142
1007
1335
1298
997
1027
1045
1368
1366
1228
1564
1204
1420
898
1259
1691
875
1188
1027
1684
1117
1566
1371
1163
1162
1040
1061
1268
1278
1446
1058
1154
1477
1151
1389
1137
1049
1262
1126
1285
1333
1464
1615
1417
1290
1049
1223
1831
1355
1517
1347
1352
1155
1385
910
1288
1349
1152
1211
1483
1722
935
2211
1537
1195
977
1291
1440
1700
1119
1210
765
977
1122
1158
1503
1315
1434
1118
972
1218
1700
1110
1368
1290
1472
952
1373
1361
1605
1227
1244
962
1371
1515
1173
