34
67
45
20
53
7
77
11
12
10
40
25
15
14
19
51
19
26
45
56
35
37
20
17
7
48
226
3
37
32
3
1
67
12
23
53
36
14
36
2
16
67
86
45
35
4
25
52
25
134
86
33
16
34
44
90
3
31
72
189
32
67
81
137
5
21
5
43
3
7
3
53
21
1
21
29
45
21
21
99
9
30
7
108
116
57
73
71
28
39
22
8
34
10
144
36
53
2
38
9
5
57
68
16
19
18
6
37
38
29
37
47
6
2
63
7
11
8
19
2
31
10
4
33
175
19
70
22
42
29
16
3
44
7
3
47
42
3
17
82
4
12
23
22
48
35
3
35
9
8
7
38
13
24
5
18
14
5
22
9
28
32
16
68
28
26
59
29
37
1
25
10
3
105
15
83
28
6
94
5
9
10
3
54
102
28
53
42
35
58
30
3
50
10
20
12
7
47
4
14
47
62
11
1
12
23
27
4
31
5
2
2
40
11
32
2
41
8
114
8
68
38
7
11
26
94
67
42
41
26
24
27
7
69
25
8
26
19
17
62
69
4
15
9
27
22
50
9
9
11
26
1
8
12
60
30
18
12
47
54
20
10
22
9
17
9
39
38
42
18
41
5
25
74
8
2
5
3
40
13
45
45
43
2
22
6
16
13
15
25
7
9
62
20
34
44
11
8
13
12
69
42
14
46
99
44
99
29
23
10
26
79
58
53
10
16
6
13
4
11
14
27
118
31
6
69
100
46
6
33
4
23
17
25
1
53
39
11
81
1
1
33
30
82
22
8
1
22
86
28
6
13
10
21
36
6
25
7
11
8
35
13
10
53
19
2
13
16
27
114
30
20
40
7
53
58
14
11
84
2
50
19
51
35
30
48
10
91
82
14
5
69
97
20
1
6
11
6
11
20
35
3
3
25
13
5
33
14
159
25
65
9
54
36
68
13
24
7
3
4
52
14
14
4
78
15
17
3
3
5
7
8
8
15
21
10
30
52
29
25
40
19
1
56
3
2
64
53
1
8
13
25
2
43
29
24
4
4
3
5
44
25
14
3
30
16
48
18
4
76
3
27
9
1
7
62
11
15
87
18
55
6
53
21
103
17
7
37
7
63
12
76
14
10
67
4
5
26
25
14
43
3
58
29
42
25
5
21
10
4
11
49
15
11
29
7
9
4
51
12
6
9
27
8
19
1
13
13
143
17
12
45
4
43
77
9
33
24
6
34
16
20
39
87
39
7
72
27
26
3
3
11
4
57
11
29
39
63
52
16
9
57
7
181
4
30
61
24
26
8
26
30
6
47
3
3
12
27
5
25
15
54
8
9
14
20
1
6
7
77
18
10
20
34
52
14
153
17
105
9
8
14
34
19
36
7
4
29
229
4
7
18
81
20
55
40
25
2
6
2
33
40
17
2
3
6
19
2
12
14
13
45
7
3
12
7
20
20
49
20
31
75
2
98
17
18
50
28
75
36
26
66
8
19
5
85
68
41
18
34
41
21
37
10
10
24
68
24
38
6
3
15
35
1
30
22
43
64
106
1
28
16
11
165
13
24
56
54
43
5
12
144
23
7
37
9
16
23
36
14
89
6
20
42
40
7
15
11
11
7
71
12
29
8
20
25
11
1
5
28
22
60
38
32
18
4
78
21
4
72
39
44
18
24
10
78
51
42
12
20
2
13
70
72
6
10
18
52
35
36
33
43
1
20
5
17
5
2
64
47
9
12
18
56
23
81
65
9
30
16
25
56
36
19
6
5
44
6
51
14
59
6
4
5
15
88
35
20
91
92
18
2
29
6
3
28
1
20
6
57
44
5
7
39
24
13
9
43
9
48
18
49
124
21
4
10
11
31
15
51
8
40
7
5
12
13
5
59
17
8
7
12
10
2
20
25
13
2
14
11
35
48
1
12
34
58
98
39
1
7
6
4
22
9
4
3
5
6
33
29
57
12
34
82
77
71
24
9
19
25
21
37
14
73
16
6
6
5
3
34
40
5
13
18
25
19
50
9
33
85
18
4
32
142
47
54
16
37
33
30
14
36
46
33
142
43
66
1
94
56
12
20
4
51
33
5
13
57
1
23
34
28
57
8
34
36
91
15
26
1
4
33
59
56
34
13
47
26
9
14
26
34
15
11
16
32
2
29
83
17
2
3
60
6
91
50
32
82
5
16
13
105
13
15
4
7
3
6
114
10
9
25
9
15
6
18
2
108
16
44
109
24
48
31
28
20
13
11
11
9
38
48
34
2
79
20
21
9
111
15
