29
18
128
69
15
79
16
186
36
88
94
115
106
138
6
107
85
283
74
170
18
316
38
21
38
15
129
165
123
71
22
196
178
150
22
58
236
15
200
98
130
5
119
103
40
185
109
144
270
43
35
55
37
174
64
233
52
49
73
205
166
155
35
97
10
65
93
51
247
178
35
4
9
126
2
397
104
41
112
140
86
309
159
119
143
111
151
128
13
70
204
21
67
69
118
29
147
38
61
119
8
112
234
43
249
49
170
104
249
88
227
74
215
243
219
2
187
69
224
158
207
5
200
325
48
51
143
163
74
4
15
168
78
98
139
242
137
180
4
95
165
134
101
18
103
148
290
141
109
14
159
162
121
57
144
165
272
10
67
47
58
21
368
98
231
315
44
158
15
25
349
159
145
56
99
167
114
74
40
84
182
38
198
106
120
33
324
11
231
20
10
43
238
66
156
77
169
138
92
49
51
55
59
1
193
589
76
119
192
75
96
2
87
91
5
40
201
129
79
63
14
16
164
5
97
347
16
64
122
243
25
141
77
72
222
1
221
104
60
78
3
258
141
23
275
71
116
102
60
53
194
180
47
175
45
2
8
49
17
266
61
150
51
207
105
145
100
95
53
140
14
26
8
220
121
28
447
136
138
115
86
206
18
172
158
125
109
65
145
10
88
49
90
14
48
74
391
176
33
340
225
41
106
49
82
7
167
133
24
25
29
54
163
28
100
174
150
17
16
18
350
135
161
48
131
53
9
155
337
228
7
87
143
112
40
311
209
54
2
98
135
11
45
21
31
98
33
144
103
32
58
12
71
51
70
76
193
71
82
204
112
134
83
129
22
21
361
172
157
13
219
34
131
131
350
130
27
245
9
33
47
179
103
117
42
126
91
171
168
114
98
14
31
199
324
127
12
181
149
50
192
215
9
137
213
248
70
164
34
3
313
27
118
358
23
93
86
195
355
24
11
72
85
64
191
120
22
100
55
69
520
264
25
14
46
46
35
127
55
45
168
211
158
2
3
29
150
124
346
105
11
83
183
135
205
58
105
161
25
4
318
49
74
267
185
66
77
95
224
51
123
74
129
91
465
95
4
88
210
110
80
196
116
119
82
43
204
4
145
76
151
288
47
82
34
3
131
157
139
146
15
49
129
9
52
53
79
221
232
37
24
114
239
98
377
321
149
149
12
37
84
207
265
33
34
121
79
14
354
74
85
104
157
20
30
78
202
10
200
218
89
183
135
44
195
202
40
198
87
70
42
71
207
82
39
10
313
133
241
82
95
19
12
88
14
8
17
193
90
27
23
62
161
113
113
310
17
52
22
256
27
92
8
101
33
295
347
156
455
277
51
237
43
105
288
20
99
271
34
225
118
12
58
141
145
8
274
72
102
160
3
140
303
90
51
102
61
123
27
341
49
22
66
56
44
93
67
388
123
218
11
31
19
17
7
235
58
1
153
23
216
106
124
6
21
121
30
45
59
5
273
36
40
288
53
148
101
208
268
152
129
52
180
264
104
19
263
40
88
59
113
157
59
203
81
283
100
143
315
38
96
62
104
158
87
86
298
245
51
75
25
58
67
104
19
144
19
165
56
266
3
22
125
114
165
57
34
43
262
188
110
63
79
175
190
27
208
76
50
78
178
95
32
117
290
99
150
159
67
35
63
146
54
48
75
307
64
118
19
138
182
61
32
48
21
187
292
246
21
204
206
76
86
18
103
447
247
170
118
119
38
38
267
14
98
130
95
154
161
153
20
50
83
173
72
47
41
119
56
158
95
68
119
51
173
119
11
385
55
98
152
58
54
93
130
17
70
30
41
120
9
216
188
39
49
26
25
71
157
174
40
7
32
99
18
19
165
72
253
238
265
95
65
181
16
26
131
101
327
644
193
40
106
112
70
160
89
61
145
75
41
27
203
35
142
194
7
217
120
12
28
119
32
115
26
131
87
12
88
197
93
106
175
219
179
190
41
28
256
212
107
83
21
11
10
78
155
98
9
238
210
80
55
146
43
366
47
269
23
316
14
44
202
24
114
89
27
22
42
8
17
83
50
269
235
129
201
114
58
294
134
23
379
161
90
124
187
122
135
47
102
165
238
17
509
214
4
62
40
234
177
201
231
31
71
117
20
152
7
181
148
313
134
198
31
73
115
332
202
270
129
7
95
43
154
194
172
13
3
126
61
36
26
46
100
45
12
22
217
128
94
4
26
15
449
57
146
60
8
130
212
163
31
57
314
346
213
120
42
291
1
79
143
100
105
34
69
308
63
51
39
94
164
27
135
63
86
158
59
36
111
30
58
16
38
168
205
40
12
145
159
23
59
66
115
36
150
65
65
337
41
63
76
272
40
65
89
157
13
212
107
2
56
127
20
14
201
126
6
86
329
30
99
2
153
37
247
185
14
54
207
126
12
28
173
25
69
161
34
423
104
160
32
130
356
1
46
45
168
116
170
71
56
92
97
2
187
42
151
98
4
192
130
17
108
60
204
121
202
122
20
212
61
90
33
69
367
117
73
177
269
19
103
61
264
203
11
18
434
120
41
74
38
25
52
16
103
25
191
21
140
275
346
282
71
20
62
136
140
3
1
203
82
203
86
34
114
62
98
305
367
174
26
156
121
90
272
52
103
507
246
20
21
43
37
113
96
207
108
94
139
125
156
200
117
46
124
14
24
4
69
21
26
143
124
194
202
9
41
313
223
23
102
15
250
85
72
202
105
68
261
35
64
183
481
200
395
2
107
29
194
80
175
185
99
132
163
290
241
111
161
325
25
191
248
21
27
61
369
38
60
44
73
21
185
100
115
83
65
85
56
54
116
33
136
47
32
272
116
23
245
68
90
538
6
16
75
1
114
74
306
83
74
25
164
11
158
197
87
33
299
250
184
22
218
24
193
154
154
144
44
135
52
138
39
33
34
88
269
191
138
54
11
265
30
359
98
170
41
276
254
101
84
179
86
66
194
21
386
63
379
2
33
3
94
28
6
137
133
216
123
171
33
56
20
261
33
87
30
153
86
18
10
16
64
373
280
111
237
127
120
65
104
51
49
227
7
198
105
28
93
259
49
34
105
282
8
91
38
87
217
12
50
12
38
227
125
25
34
35
9
63
191
59
33
233
85
236
71
29
42
87
144
180
251
90
38
35
138
5
73
29
143
38
283
105
110
291
6
110
17
94
115
39
488
71
31
98
134
101
14
85
77
182
95
116
42
164
149
83
100
64
87
59
39
311
57
5
9
89
45
181
95
32
159
177
64
154
186
78
172
212
9
130
52
13
4
36
47
221
50
150
82
111
46
43
196
38
384
39
228
23
33
217
59
92
2
33
4
300
87
123
73
193
61
130
196
73
315
135
336
1
2
98
66
33
133
457
26
173
9
149
229
9
117
207
15
125
92
22
289
79
174
197
11
45
17
57
98
70
147
655
295
181
93
26
13
57
49
149
156
2
309
126
66
82
159
48
194
444
115
42
23
94
73
142
203
30
71
41
131
84
191
204
52
132
105
130
226
10
188
210
30
385
237
328
47
66
43
223
106
497
229
8
155
8
19
98
151
155
284
138
26
119
209
42
163
80
49
88
77
153
81
71
43
37
97
133
99
70
48
12
43
239
55
7
119
571
141
61
175
183
1
41
154
93
114
103
166
47
25
10
107
90
161
71
82
221
228
227
60
95
1
104
210
55
242
41
111
118
63
103
80
12
350
49
98
12
44
68
102
241
60
64
54
24
340
124
5
251
122
59
411
4
19
45
18
100
1
17
115
405
114
149
80
59
8
82
23
35
1
155
175
60
240
181
190
101
234
171
103
73
198
360
18
246
196
12
86
97
134
109
64
219
31
23
346
166
82
108
15
113
93
106
116
82
10
28
89
164
136
52
103
14
121
47
44
48
9
22
30
117
106
310
20
84
74
142
24
153
302
100
126
145
117
78
132
57
38
120
43
253
102
12
152
93
190
94
20
109
61
81
24
328
104
79
14
6
177
37
199
223
71
138
12
171
43
3
81
32
213
1
173
200
172
212
181
61
156
61
76
36
303
360
394
78
92
42
73
86
89
286
53
10
13
129
11
120
234
104
28
51
37
24
76
87
294
13
191
123
151
15
41
104
446
10
46
68
17
210
39
165
90
75
47
91
20
245
130
77
156
30
55
228
134
98
67
126
186
64
21
40
85
468
148
45
121
89
133
53
5
105
211
36
97
224
152
158
180
119
282
113
136
101
300
195
285
2
165
29
55
4
26
137
56
320
128
7
167
163
360
287
149
11
64
63
17
353
194
2
260
29
130
276
274
84
85
14
377
303
26
32
117
34
123
294
39
107
31
78
99
247
268
91
39
395
158
1
78
261
155
109
74
231
211
36
61
235
46
88
13
141
64
133
42
38
166
63
68
120
315
135
134
206
164
38
205
44
2
198
70
218
120
86
20
130
69
105
136
119
30
79
212
42
59
168
282
158
45
37
44
29
219
122
374
112
40
158
76
200
109
79
147
65
101
222
113
192
110
283
382
187
383
254
52
244
85
175
60
2
120
110
318
8
57
33
100
107
101
135
95
240
293
25
52
80
103
82
95
21
192
105
54
52
11
335
261
73
36
19
49
47
201
85
36
384
72
53
222
211
30
116
68
25
119
210
44
291
237
91
165
8
222
66
140
6
160
101
4
196
210
207
257
48
2
45
30
25
95
85
89
48
266
219
224
277
24
241
336
364
175
22
130
236
9
179
273
218
56
50
30
151
189
441
28
136
139
11
54
417
100
67
199
72
267
53
2
352
157
27
151
200
180
10
6
119
10
50
113
61
20
149
162
82
13
107
18
111
44
240
188
120
63
268
95
52
77
180
39
33
41
330
70
258
57
52
19
97
42
33
130
75
152
8
174
20
43
163
127
19
12
192
35
223
9
135
68
110
165
4
124
40
197
79
70
85
9
106
174
250
152
55
313
68
76
148
153
149
142
101
44
133
61
302
173
190
54
62
87
62
84
88
245
60
21
187
206
109
134
187
215
80
49
106
112
176
70
7
36
25
59
108
62
24
130
81
321
110
137
171
74
73
138
430
87
42
29
205
157
67
134
195
201
16
46
115
131
213
160
131
44
40
116
208
21
11
144
177
240
65
227
9
95
6
175
59
251
71
114
166
21
42
158
71
9
220
2
17
245
130
19
20
149
266
39
78
99
96
72
175
324
32
124
186
218
159
280
56
4
48
12
210
158
53
58
22
288
66
129
147
87
269
64
54
130
45
83
52
57
238
80
45
83
206
71
2
237
37
169
52
122
237
157
2
228
43
70
121
279
159
30
163
37
152
10
288
94
202
320
20
56
59
130
129
32
105
213
121
236
42
12
14
4
50
135
55
36
21
59
99
50
2
11
62
176
205
179
57
69
23
6
174
52
35
59
195
108
29
153
101
207
240
12
22
177
18
215
12
36
85
123
46
308
63
3
53
258
227
132
11
71
231
42
81
108
239
273
123
75
26
45
7
196
275
86
198
181
54
175
104
153
135
8
27
4
59
116
148
10
354
91
29
38
14
125
20
19
19
91
15
23
108
571
41
39
93
39
296
35
269
227
86
76
27
143
1
36
337
81
81
61
59
74
70
96
283
600
124
54
34
58
457
43
37
54
39
214
124
163
199
256
210
72
87
4
109
113
129
121
96
39
54
4
104
233
26
150
32
111
213
389
258
24
368
30
119
66
17
440
64
82
456
223
34
284
36
124
47
92
87
57
230
146
19
107
23
58
4
88
71
137
91
157
14
237
292
144
85
286
57
184
21
81
193
126
54
205
68
423
178
172
133
36
166
5
37
213
55
7
117
48
63
84
73
140
162
114
114
99
373
203
39
67
33
17
236
211
90
85
78
82
96
26
18
23
24
49
5
128
68
64
42
98
64
12
172
110
112
9
6
123
7
313
38
36
56
121
111
141
36
150
120
136
84
12
137
77
163
107
41
172
35
20
61
62
20
92
17
106
71
387
70
8
132
8
55
21
124
13
130
166
50
116
89
32
107
48
188
104
94
53
58
62
119
496
63
207
102
158
119
583
43
41
130
10
121
3
66
30
34
66
25
109
91
126
44
16
33
5
226
28
167
136
46
96
110
167
159
15
250
146
148
28
27
141
241
38
30
134
51
28
99
140
31
480
15
51
24
252
280
310
173
151
11
75
290
123
141
331
148
32
62
8
2
71
38
110
111
54
60
48
66
122
45
72
226
84
73
288
120
66
262
110
35
56
51
11
246
278
65
6
160
19
7
2
87
564
11
106
196
85
86
10
149
86
97
149
33
140
48
182
89
156
186
66
93
112
345
60
8
44
275
541
134
120
308
48
226
3
81
100
40
110
27
394
116
112
40
200
249
77
207
54
122
31
224
156
65
12
46
27
90
2
15
29
290
128
302
68
116
70
125
4
85
130
31
160
207
157
78
142
61
60
69
126
113
100
7
10
207
154
90
227
67
85
64
222
88
122
106
86
177
161
27
21
57
77
99
17
127
60
48
118
156
239
189
217
70
49
56
141
151
107
34
86
64
8
3
49
148
125
199
81
108
235
139
87
122
27
75
159
56
3
35
84
10
257
294
1
172
355
18
65
232
43
205
53
92
34
215
37
4
187
70
242
18
130
86
42
116
30
85
5
105
55
13
142
25
6
59
82
51
168
299
64
8
212
97
93
61
194
172
140
59
164
78
43
132
156
41
276
396
83
93
295
274
187
20
209
14
9
34
25
15
303
230
88
42
353
77
12
193
81
154
268
100
7
100
422
175
13
67
261
126
201
131
136
63
292
61
226
71
36
92
141
69
140
179
225
23
93
53
188
112
278
97
94
9
120
15
185
144
108
264
267
220
16
259
82
3
120
251
177
32
112
58
45
101
118
73
85
114
172
14
76
58
101
29
128
181
108
296
127
128
121
160
99
72
119
112
129
102
50
30
46
35
70
114
160
17
87
120
44
391
47
58
227
41
145
114
51
99
9
47
13
269
174
198
113
91
206
2
192
140
19
42
38
20
74
260
31
140
274
12
59
10
17
44
215
138
139
119
55
132
86
105
267
209
16
58
315
311
1
144
108
40
22
448
113
175
153
118
101
73
166
31
234
27
256
239
188
92
228
1
13
122
70
147
62
192
347
125
163
79
29
346
11
30
129
368
148
9
155
22
50
153
50
155
41
73
16
176
85
151
56
222
309
147
104
6
85
93
12
61
73
110
74
105
88
85
106
168
10
75
216
48
17
47
27
149
67
149
257
23
49
95
22
86
26
104
299
193
3
307
21
118
166
5
38
48
171
58
98
37
10
67
64
296
151
109
449
33
117
54
31
14
30
372
106
236
203
131
74
309
91
48
12
260
334
162
10
236
17
379
218
52
26
132
28
20
26
29
172
66
98
29
43
291
13
68
60
315
183
36
124
270
68
148
556
198
170
31
84
104
551
52
106
74
236
57
48
172
56
28
196
264
8
72
170
291
106
202
78
89
72
65
19
33
86
34
146
7
103
165
26
438
337
20
65
312
67
90
28
243
157
45
13
57
33
116
120
23
289
75
155
168
78
2
83
93
2
160
144
198
29
112
86
22
44
283
98
139
45
37
237
28
158
300
75
321
57
394
299
60
108
42
38
5
8
190
430
130
106
95
148
12
31
177
56
146
273
8
165
29
108
181
66
98
53
125
23
128
32
51
100
188
66
189
25
49
172
2
110
123
188
96
47
60
40
19
148
32
30
20
6
74
33
469
129
451
51
180
85
34
62
104
188
68
233
34
131
44
164
22
93
11
44
22
101
203
164
33
24
76
206
99
121
113
191
19
298
4
272
4
48
92
68
29
128
54
9
233
29
504
141
143
60
137
18
6
192
109
349
120
23
47
74
11
21
61
95
33
95
127
128
96
210
91
74
34
47
12
61
38
19
49
125
114
55
45
24
60
143
22
60
268
71
186
63
71
54
178
37
87
224
123
160
112
171
140
18
61
66
33
19
35
104
80
170
17
11
27
46
176
34
225
117
62
181
37
113
80
118
45
30
115
99
271
42
145
7
37
49
151
46
13
36
69
64
99
106
100
213
152
137
33
48
43
147
111
147
221
152
7
32
210
62
85
253
190
71
161
124
86
62
11
51
2
203
89
145
21
76
146
1
230
121
93
186
99
65
142
80
39
158
118
47
95
183
230
24
69
19
43
351
82
159
18
73
71
34
33
25
88
113
33
18
31
173
42
138
65
3
156
130
51
46
130
51
45
10
152
146
73
87
120
212
311
267
32
4
143
144
102
23
210
99
84
18
163
284
25
194
38
108
216
238
288
158
106
232
277
1
95
182
17
141
21
91
81
366
131
11
63
114
146
76
48
17
24
124
59
254
54
270
248
28
24
66
18
34
38
52
92
80
163
352
319
154
152
51
232
84
103
173
31
325
124
39
258
40
109
177
2
69
75
243
134
155
23
15
117
312
68
204
441
121
27
35
47
173
25
117
16
79
3
8
22
36
211
96
97
178
116
73
403
47
31
39
205
83
20
102
99
147
47
215
10
199
36
225
207
215
7
57
190
82
4
130
23
82
77
431
4
41
36
450
216
3
22
20
174
1
125
86
104
149
6
81
57
141
21
125
187
95
105
505
30
146
548
75
88
28
116
55
64
206
60
96
45
52
125
33
86
98
175
188
51
293
26
54
35
258
148
28
2
68
150
14
247
68
80
62
95
9
52
267
378
209
71
40
110
45
156
156
183
48
2
178
108
298
5
239
36
32
163
92
115
265
182
35
103
154
27
22
38
104
117
57
160
63
294
73
144
193
5
169
51
13
41
191
158
37
53
61
20
21
11
41
303
39
46
244
118
84
245
24
125
117
17
148
132
110
86
321
10
298
126
149
25
232
63
45
121
42
93
9
273
126
222
189
2
5
41
44
100
42
11
45
64
73
217
38
19
191
65
143
69
209
77
136
120
38
128
126
45
201
320
109
352
37
37
225
116
170
211
223
199
137
31
134
254
141
290
169
176
45
115
29
91
152
39
48
123
4
58
14
164
143
227
66
130
68
221
32
13
151
83
91
18
248
275
335
105
166
168
112
26
71
5
49
36
14
373
158
33
69
54
287
128
46
68
336
21
183
33
102
31
73
59
6
111
55
121
60
290
29
59
28
58
8
84
31
105
73
25
162
110
114
223
8
4
166
198
30
33
180
96
2
20
117
137
68
121
233
201
18
98
114
77
21
233
225
287
65
123
21
43
26
127
345
82
3
128
36
20
146
33
393
139
150
27
161
65
95
22
22
32
35
176
55
180
317
7
254
65
74
15
58
27
74
309
12
168
18
167
8
76
178
26
132
130
187
37
43
198
88
47
138
184
19
155
56
179
219
80
97
167
180
46
116
20
207
181
46
65
112
98
226
166
87
56
185
32
90
40
55
287
64
32
9
235
65
3
152
121
31
68
134
148
24
62
231
61
198
93
71
198
61
171
16
277
60
127
105
26
59
165
341
118
160
173
211
36
38
245
12
55
86
102
154
56
135
249
280
299
24
196
102
262
52
81
181
19
27
88
160
23
59
18
161
16
107
119
96
177
59
7
143
142
149
5
263
201
223
299
180
158
94
24
306
3
21
53
28
61
79
98
62
135
69
10
85
224
115
167
53
24
232
82
42
122
84
165
183
61
83
20
104
392
84
96
247
73
230
63
368
1
228
46
81
322
252
213
125
78
90
85
52
104
138
418
207
16
204
35
46
71
229
80
6
60
121
48
60
57
141
294
143
16
166
480
112
164
81
112
83
100
112
35
37
73
171
198
39
1
46
47
28
29
20
17
191
15
273
2
74
106
24
131
102
66
116
278
207
153
71
39
89
163
129
13
343
234
90
62
122
206
133
195
68
3
120
83
50
27
51
153
297
138
50
58
81
108
34
36
79
102
31
35
195
217
81
43
158
131
86
254
88
209
314
11
39
69
207
33
56
55
215
41
43
19
47
143
152
255
45
110
207
1
282
11
116
105
145
123
24
165
220
198
137
123
76
223
94
33
84
106
18
47
2
65
237
159
107
150
77
72
9
99
40
123
28
40
113
204
130
137
156
92
167
19
107
104
91
46
66
118
5
129
64
178
143
34
271
63
18
6
47
88
18
100
299
66
85
150
23
313
20
42
19
84
2
287
113
1
76
52
219
164
24
152
66
201
77
1
331
193
143
230
88
198
3
20
248
419
189
56
242
185
51
5
446
58
214
62
58
361
9
77
131
6
1
159
96
138
59
130
34
261
224
6
86
54
72
62
22
67
63
179
173
201
7
15
136
228
32
4
22
113
67
63
243
29
32
39
103
22
108
45
90
13
263
106
121
71
17
79
226
146
113
96
110
162
21
185
33
232
25
91
15
166
97
53
202
43
68
11
13
12
135
102
54
101
3
173
7
94
120
31
64
117
257
16
47
62
41
100
233
3
61
18
210
173
240
119
36
16
43
455
126
207
201
95
223
27
41
70
183
30
81
119
131
174
95
126
119
82
103
90
37
41
6
271
56
77
142
131
128
31
101
39
17
38
21
49
228
57
294
62
217
110
15
64
81
195
133
8
213
24
150
104
122
70
39
123
310
3
62
209
159
19
135
30
115
157
113
11
5
144
28
318
22
22
70
197
109
81
293
93
47
62
142
219
34
35
90
127
36
311
333
4
46
7
235
30
36
35
89
123
64
173
24
4
97
42
117
173
114
57
49
170
68
41
16
141
69
189
20
175
9
100
163
39
15
17
262
63
440
73
288
56
24
15
143
207
368
18
78
27
8
187
60
271
66
69
167
166
73
307
29
167
82
31
56
40
343
228
38
102
15
22
56
319
126
510
4
75
267
40
278
108
317
319
54
187
66
110
21
45
239
300
241
340
103
74
9
135
203
109
92
64
82
224
67
66
122
93
76
61
47
26
75
215
125
49
393
101
155
96
185
14
123
302
175
23
92
300
11
86
75
53
55
296
275
16
62
138
243
93
52
143
4
34
19
101
34
65
46
221
83
140
164
73
300
170
3
32
63
259
55
51
43
191
111
56
60
6
144
61
87
180
269
34
8
126
48
6
164
99
131
48
102
101
35
146
155
130
40
1
54
17
167
103
24
143
31
20
267
190
199
160
76
232
115
74
72
155
188
25
337
94
128
105
67
274
6
247
135
38
15
116
75
8
187
84
21
52
99
73
143
2
24
46
11
2
19
173
25
23
37
2
420
43
135
186
520
88
11
174
57
9
58
131
11
39
73
183
4
106
48
116
45
30
121
15
59
33
214
258
26
51
267
62
5
95
112
45
37
52
130
37
209
76
56
1
95
156
17
210
42
213
347
252
50
184
31
92
243
216
170
284
289
75
484
173
142
431
197
271
170
76
142
24
179
83
86
43
10
45
20
32
235
14
75
487
91
40
330
193
23
202
94
24
31
139
13
1
86
38
76
22
125
22
141
84
31
14
303
101
35
76
161
238
89
57
50
81
125
116
155
92
107
28
21
120
125
123
300
15
99
69
31
30
125
25
49
77
219
41
189
22
52
144
63
54
47
242
35
264
145
156
109
6
85
54
15
76
162
17
50
88
93
5
81
109
29
95
119
211
4
88
65
274
127
26
55
110
121
187
186
95
144
80
82
1
104
137
95
72
5
122
133
230
61
187
183
44
54
40
182
3
6
6
165
34
22
178
142
119
28
48
83
169
44
177
7
90
105
95
114
183
19
27
357
52
25
109
112
71
107
15
170
80
105
208
25
126
23
45
117
285
89
100
34
101
193
32
154
64
387
135
122
81
116
88
219
244
96
170
68
72
83
11
41
195
150
65
18
16
47
33
34
117
71
283
79
124
39
43
165
417
73
326
126
6
63
17
30
15
303
140
111
1
105
193
153
57
60
100
193
59
13
51
90
359
99
95
115
144
70
32
116
91
129
111
10
89
149
16
212
53
128
42
179
35
330
204
75
83
7
15
205
161
1
37
114
13
130
95
42
44
46
43
62
160
36
213
28
16
107
279
290
150
55
34
12
119
42
58
27
69
173
57
133
93
218
6
100
73
81
88
24
111
63
41
284
48
55
102
61
351
169
83
30
90
88
66
29
6
57
221
195
229
4
64
96
199
527
62
45
29
51
342
166
134
190
65
91
62
214
177
58
35
197
92
316
30
61
32
178
36
13
56
121
20
63
125
43
38
132
15
49
143
49
13
17
285
78
37
251
58
184
187
67
86
116
146
370
200
1
72
201
37
304
82
162
96
81
28
13
364
165
132
74
119
8
64
19
141
59
396
173
28
66
139
53
165
76
294
96
184
83
174
202
36
35
103
110
110
137
189
55
124
3
47
120
163
114
116
293
22
181
113
39
24
13
17
86
167
145
70
4
240
23
221
263
131
77
3
124
87
56
40
274
164
69
23
117
92
154
386
246
83
10
165
50
113
255
376
51
184
120
40
214
2
76
85
57
311
166
143
66
68
304
113
1
66
64
197
128
322
167
110
132
207
68
101
226
136
77
121
160
52
21
76
73
3
219
24
62
19
230
62
53
1
19
132
306
137
394
87
46
11
23
168
204
9
132
50
27
200
11
83
115
107
127
101
123
319
562
77
157
237
60
279
16
3
45
256
45
137
98
200
127
158
39
98
86
72
4
47
19
88
127
190
102
248
121
79
159
136
116
56
51
8
318
89
38
578
103
129
22
50
5
87
99
2
29
212
289
190
184
146
204
151
37
53
59
2
349
121
378
193
161
119
1
120
163
81
114
50
51
76
41
24
7
38
14
94
58
178
184
214
169
109
68
101
9
21
98
164
51
47
152
34
134
59
127
55
101
257
93
242
122
79
271
62
138
34
194
238
4
227
68
31
102
31
88
202
183
55
50
1
201
57
357
159
63
41
147
22
138
43
191
58
46
67
100
9
52
41
140
135
414
4
91
81
204
379
82
123
158
276
206
39
63
165
354
10
194
54
133
43
63
122
272
50
97
13
100
123
31
96
97
270
126
54
9
87
11
52
273
57
23
242
93
29
59
131
137
110
177
34
97
282
2
21
44
56
75
90
45
105
34
21
53
127
46
90
1
92
40
211
74
127
53
66
19
53
56
54
224
148
170
1
221
108
181
68
394
181
204
140
70
112
228
83
287
94
83
152
64
101
130
57
2
290
96
61
68
21
132
117
97
23
3
58
79
126
201
204
12
12
79
98
223
379
9
114
134
107
33
173
282
2
70
71
47
301
5
164
181
28
61
16
259
192
247
224
53
235
142
103
161
200
19
32
14
77
322
1
232
4
109
3
28
11
211
49
56
216
83
95
184
137
92
117
100
183
58
229
57
76
65
325
218
16
20
6
117
152
223
40
105
327
82
168
90
11
86
265
4
44
126
286
82
37
80
124
93
67
18
40
213
216
125
91
241
110
102
22
119
89
46
25
58
178
43
134
113
54
113
50
24
16
96
91
96
185
94
186
300
230
11
3
2
37
18
49
128
10
10
35
238
115
29
46
57
197
276
146
205
379
220
120
116
97
687
72
7
6
19
239
218
118
220
30
140
2
280
9
12
141
51
395
97
111
29
94
105
217
270
166
359
100
39
131
50
149
25
43
7
7
72
152
161
59
68
330
8
170
248
56
117
102
112
3
33
189
43
399
114
16
37
230
83
145
99
175
67
221
528
131
80
115
154
11
282
18
328
29
34
239
10
212
44
14
414
147
296
55
206
60
159
48
176
69
120
32
24
22
9
21
316
71
10
179
400
171
148
52
20
77
44
218
233
9
275
27
83
139
18
60
14
103
3
158
16
78
116
25
51
57
128
194
132
40
289
29
90
225
264
111
133
28
51
15
93
97
183
67
110
264
33
98
239
256
54
210
59
238
98
11
3
32
53
219
30
45
110
287
52
139
106
104
70
89
246
55
77
72
93
8
159
61
1
188
18
30
163
56
22
373
89
51
17
289
95
41
86
60
177
140
33
70
174
72
190
33
70
35
71
277
26
79
69
84
28
9
77
204
255
350
39
10
35
34
12
20
142
40
88
30
152
59
96
7
60
114
163
57
148
53
81
20
152
196
32
79
348
319
86
90
27
65
123
22
56
64
189
78
30
117
101
71
119
12
20
62
212
158
2
163
51
108
151
18
109
41
31
13
122
15
44
136
111
212
10
143
81
29
45
70
18
44
230
223
170
168
36
191
32
148
302
150
14
38
52
135
60
17
76
32
6
121
34
114
159
56
50
103
60
20
121
43
93
24
27
44
29
219
135
86
160
61
15
92
181
171
26
45
87
449
26
47
63
2
173
72
272
109
220
36
195
120
116
155
108
359
97
277
47
223
183
239
66
45
92
145
2
8
189
12
85
133
75
10
10
226
272
16
180
61
31
58
56
88
72
9
26
41
54
81
118
309
234
66
157
137
212
124
34
110
174
16
129
198
66
10
77
145
67
88
17
68
285
62
50
185
161
19
55
6
281
132
9
25
187
148
22
88
245
87
103
29
63
70
120
179
19
4
47
181
16
39
313
33
158
191
70
202
25
213
174
179
219
125
22
176
1
211
69
239
187
32
13
30
252
135
83
69
13
129
179
274
15
59
51
179
134
13
42
266
22
38
45
341
87
65
245
273
49
15
113
206
208
113
50
410
285
53
54
24
163
11
71
343
245
205
28
40
41
60
25
80
89
196
100
107
5
15
184
190
8
95
91
61
102
63
137
100
55
302
48
9
124
51
153
287
79
52
77
19
161
185
113
44
156
8
299
273
97
128
111
255
186
103
397
101
112
125
12
9
10
95
244
56
74
176
34
112
105
173
202
24
78
86
40
19
124
298
15
19
107
74
115
99
95
97
44
69
35
35
297
40
137
143
286
182
84
97
198
57
192
91
225
81
21
242
111
95
17
32
111
101
136
283
11
10
96
154
58
104
222
172
375
72
59
144
214
180
61
270
85
73
223
20
8
134
40
149
26
7
44
301
28
213
64
301
28
44
143
63
24
37
64
1
218
165
27
63
109
108
141
66
234
72
62
294
13
46
129
4
111
81
58
85
230
67
60
112
191
259
247
62
43
151
73
210
248
232
5
105
39
7
117
183
182
191
71
36
73
283
120
208
314
23
23
37
13
76
236
103
112
453
35
78
108
150
157
140
136
150
180
12
15
59
40
22
118
187
66
107
237
13
16
53
438
128
17
47
201
141
20
123
229
21
18
57
16
81
32
341
114
281
257
242
7
209
231
84
364
46
89
232
32
39
253
125
77
40
159
269
160
2
92
37
292
38
27
101
251
12
15
159
121
114
202
236
270
72
103
185
146
39
98
42
4
92
92
13
110
128
24
374
48
50
154
179
56
30
63
11
32
176
173
121
166
2
52
33
208
197
106
9
108
136
380
8
250
24
31
72
72
15
86
14
31
24
123
232
107
39
162
354
134
263
12
173
295
133
214
191
13
46
324
177
56
23
165
303
360
20
51
68
175
146
99
466
3
105
19
294
125
35
50
111
59
31
119
18
16
45
61
46
202
16
42
265
52
118
51
4
31
185
66
7
28
252
137
143
102
1
145
198
348
77
25
72
56
82
206
146
377
426
58
111
295
169
190
301
300
23
113
34
11
48
104
85
189
23
39
132
13
63
6
164
143
122
86
6
86
60
9
89
34
122
23
86
135
63
57
85
191
2
61
101
116
22
245
87
13
121
442
11
15
138
110
99
106
80
177
16
188
173
339
227
124
71
82
248
52
14
69
147
85
18
113
42
81
127
48
30
28
193
5
58
68
132
238
22
6
122
17
125
350
192
226
124
207
26
62
100
149
56
54
268
163
50
30
132
460
3
201
154
116
485
32
245
26
62
73
28
98
7
67
140
73
7
138
125
71
192
81
16
39
26
17
116
218
30
55
19
52
35
68
38
67
15
17
468
9
40
103
69
76
129
90
70
48
54
75
28
33
96
138
100
245
58
59
137
136
74
205
221
54
43
59
80
50
10
31
216
112
6
77
22
262
221
242
36
120
134
74
403
43
65
111
85
174
7
78
40
175
183
38
39
1
75
78
136
24
143
9
285
216
240
136
24
67
31
151
6
74
105
149
14
2
8
110
78
176
63
114
184
92
125
44
136
505
282
116
2
77
30
121
141
101
102
134
56
242
99
140
38
268
6
25
172
221
61
103
87
70
231
3
251
106
118
119
92
188
136
340
109
95
25
85
206
21
53
34
486
61
53
181
160
34
21
69
136
87
14
31
390
123
276
30
190
96
123
186
348
37
258
200
345
108
9
320
135
76
106
29
28
284
111
161
335
99
236
121
137
89
61
220
86
134
159
22
40
254
143
42
63
45
67
95
30
420
108
130
129
325
134
130
91
122
302
309
69
27
163
51
109
249
24
6
21
86
64
22
242
135
11
8
141
4
183
119
275
97
155
127
248
67
24
67
223
309
81
199
239
160
58
178
25
26
158
53
38
263
92
20
63
176
50
16
58
25
113
16
266
249
91
298
171
112
161
32
13
63
119
55
76
164
7
409
114
77
31
3
82
144
11
191
131
148
307
77
1
123
6
131
25
63
57
198
73
54
20
21
119
60
1
47
74
222
194
68
168
1
103
38
120
26
10
69
115
523
191
70
134
30
218
116
6
194
55
25
66
359
53
67
203
51
192
194
97
193
160
9
385
200
187
166
131
143
66
6
277
110
138
99
3
27
36
39
11
202
36
62
60
258
47
13
291
184
98
121
89
44
28
175
68
11
49
196
184
102
73
28
137
166
37
314
81
52
174
1
27
268
188
138
458
12
21
175
89
154
224
79
36
75
182
59
144
318
37
162
289
45
56
196
209
88
97
267
307
106
58
80
59
215
209
161
75
51
161
75
3
71
64
125
72
60
43
108
209
109
50
12
36
29
60
115
168
393
141
53
274
42
77
85
78
39
57
280
129
155
244
93
65
220
50
152
4
60
70
47
63
183
276
83
98
60
40
271
128
535
56
263
194
40
54
29
95
263
79
22
258
156
374
154
91
43
49
135
21
214
130
282
109
248
42
320
187
42
110
84
99
136
89
72
53
198
7
11
194
178
108
48
115
149
161
225
9
36
6
82
180
150
130
261
133
362
264
283
9
69
75
11
117
5
187
7
224
13
117
38
69
128
59
51
52
64
44
40
32
46
195
105
131
49
189
186
97
229
51
27
81
10
187
30
19
41
334
225
70
115
143
40
65
147
159
130
49
28
105
280
107
90
156
246
182
115
176
17
27
189
90
76
62
69
78
77
56
65
260
147
205
136
186
262
208
165
195
29
135
237
75
32
89
78
129
158
330
314
132
32
385
81
104
329
97
160
71
116
98
125
456
65
20
28
210
18
46
56
9
99
80
190
28
117
90
37
171
41
89
74
45
31
210
150
103
26
161
144
175
29
148
44
29
214
28
101
102
125
264
103
49
172
157
6
25
79
140
170
108
278
48
295
145
136
169
172
322
16
33
55
144
73
118
188
35
296
43
115
193
50
50
186
63
43
9
99
17
33
26
40
116
424
148
73
50
95
164
152
126
13
138
6
84
204
121
269
148
162
37
16
27
44
56
102
166
130
255
78
47
36
31
32
27
212
124
99
225
36
42
56
63
156
95
121
8
51
157
163
319
121
196
168
285
275
218
45
20
249
177
59
288
74
32
153
269
34
40
16
28
435
74
135
87
219
61
48
33
300
160
123
42
51
29
47
87
179
14
124
7
70
57
164
25
92
169
76
44
71
176
13
8
262
26
21
349
57
74
43
21
146
202
99
235
26
124
15
352
21
122
35
121
25
258
116
12
130
183
12
156
18
92
30
61
189
224
108
100
145
240
243
7
42
319
29
37
136
51
86
38
144
54
162
78
182
174
217
18
244
25
13
280
44
194
228
184
76
32
111
89
47
337
149
31
117
18
197
203
22
54
72
39
159
129
77
309
157
179
122
86
284
89
39
10
215
37
48
132
11
116
150
211
283
161
54
99
424
20
49
353
61
168
75
158
23
53
44
182
31
24
110
86
98
34
22
111
64
154
253
43
236
154
18
134
26
230
157
107
10
10
181
38
41
42
32
48
83
28
174
60
197
248
113
13
48
267
44
93
11
120
42
54
419
184
55
103
214
11
64
67
60
44
111
33
147
19
1
217
110
135
78
395
16
10
88
144
119
75
23
205
422
83
113
162
338
148
312
224
169
11
243
155
267
177
28
25
123
162
133
187
315
165
43
253
31
265
13
98
152
37
230
61
139
286
36
181
122
31
63
98
15
41
46
89
180
22
163
134
131
288
117
124
155
208
111
58
116
147
163
257
35
146
340
34
131
9
274
97
128
279
33
12
211
216
134
68
182
30
361
50
23
223
291
84
233
463
182
121
347
22
45
169
129
76
26
220
91
225
28
73
301
94
47
13
70
64
175
247
319
44
63
76
38
42
44
78
3
142
67
1
39
142
445
373
333
26
238
201
22
7
214
142
115
68
108
53
364
9
37
66
95
80
321
99
6
91
367
168
185
149
38
274
110
334
214
215
35
141
6
81
79
14
56
30
28
253
154
6
77
105
35
10
47
24
286
151
168
39
135
292
86
138
107
95
286
13
132
155
122
247
214
85
266
65
84
156
19
29
168
96
143
137
314
58
233
10
118
44
69
349
86
258
73
5
183
64
94
435
145
75
413
40
149
140
293
3
250
44
177
78
246
8
109
137
126
44
86
16
185
266
42
99
106
8
24
24
14
158
365
6
112
9
123
234
19
293
106
237
88
45
147
99
103
163
7
38
21
79
65
19
334
144
56
54
83
175
324
12
136
252
65
119
175
17
152
13
36
13
38
32
4
58
132
154
3
176
166
260
108
150
226
8
389
154
65
51
45
53
157
266
241
87
93
75
94
58
139
49
52
38
250
89
108
45
152
97
219
227
115
28
66
26
240
117
416
172
24
96
93
180
17
32
180
343
100
259
305
204
129
44
292
117
25
155
7
120
407
162
27
27
121
98
5
131
107
35
303
102
107
206
162
9
202
20
18
45
98
42
62
295
151
10
213
84
64
127
101
70
312
168
33
46
48
288
232
60
116
108
70
54
20
106
8
122
69
17
239
126
80
197
32
169
136
87
307
146
186
206
186
244
19
78
91
38
198
244
232
217
165
156
4
10
127
76
251
9
129
72
34
75
107
86
82
63
78
95
91
226
180
385
80
190
126
338
4
164
18
8
3
364
203
125
11
2
41
205
14
1
170
16
94
2
269
26
401
289
12
159
255
217
261
14
60
159
124
203
94
160
128
115
28
46
48
9
23
92
521
15
255
128
166
73
154
206
123
62
63
43
187
138
57
146
84
36
308
84
52
52
39
207
186
235
405
180
143
31
11
176
67
90
320
43
152
140
12
12
197
220
33
123
6
81
12
254
7
17
162
73
307
102
99
117
109
144
21
88
20
179
45
82
271
132
63
274
5
109
230
6
37
12
194
255
190
206
64
20
82
85
134
38
161
23
1
43
73
39
20
59
227
135
23
213
205
407
144
36
381
10
218
34
167
168
92
7
145
441
91
1
66
182
13
46
19
55
229
149
239
9
116
10
41
22
81
56
127
138
26
79
172
25
47
170
9
79
11
22
114
39
160
111
48
24
81
55
317
110
356
81
83
26
175
69
16
146
152
91
109
79
24
232
99
38
40
46
1
10
283
328
13
99
137
158
119
199
36
1
228
92
96
14
5
67
142
93
286
11
130
46
6
44
217
111
105
59
236
12
63
53
156
49
61
111
175
75
81
146
12
110
38
161
126
466
68
49
256
106
80
250
276
90
100
3
185
8
33
181
166
204
232
185
153
168
298
1
125
76
204
113
108
35
20
111
39
279
21
153
16
52
312
189
71
163
53
48
218
100
40
4
57
41
1
22
176
144
126
11
64
95
232
11
89
48
16
134
342
151
109
109
83
79
75
237
11
50
20
3
198
226
2
14
30
12
106
71
579
108
272
37
81
262
67
45
114
34
221
213
8
114
184
123
225
58
134
205
153
7
23
52
236
138
4
281
67
44
113
70
6
102
50
121
53
92
7
387
42
313
7
302
17
18
50
169
251
122
10
69
41
16
86
3
203
54
14
70
80
143
48
22
51
211
74
42
141
27
246
158
28
308
18
133
214
254
23
34
75
110
336
4
119
44
97
4
1
10
278
85
15
77
36
21
355
48
45
104
3
301
2
126
92
111
41
193
58
41
114
151
90
108
80
12
138
103
12
66
33
17
18
156
222
53
285
108
122
24
239
367
143
124
215
334
146
121
93
18
189
235
119
123
109
180
95
60
82
189
101
300
142
29
72
12
191
356
160
70
10
199
185
15
31
72
73
19
2
84
94
82
7
202
153
60
85
240
103
47
98
290
52
185
130
39
198
105
4
169
50
185
215
102
169
146
29
161
180
399
88
8
49
185
48
7
87
73
66
157
80
164
412
16
134
144
37
62
135
237
9
143
59
113
150
56
257
101
146
227
125
22
102
49
174
109
327
61
157
12
286
57
175
133
95
75
81
36
84
46
107
178
14
9
5
191
283
42
7
33
22
39
231
119
118
226
127
360
45
220
175
156
91
82
254
156
40
146
18
64
24
38
180
64
28
171
158
138
158
118
284
10
29
47
128
62
43
7
112
114
181
41
226
190
122
159
190
99
194
124
159
73
91
43
81
27
108
167
128
95
217
219
124
28
105
60
13
167
49
234
46
29
5
276
57
42
166
324
145
174
45
130
19
23
1
56
56
78
159
148
84
190
42
52
100
165
4
422
76
232
45
176
314
46
83
73
63
83
138
128
12
68
25
55
6
149
35
185
64
85
112
71
37
238
131
57
56
217
42
81
35
63
154
127
62
26
141
53
187
209
16
32
7
47
46
12
118
125
173
65
178
10
101
36
178
8
178
185
59
154
222
68
235
126
205
6
181
49
29
146
195
75
169
57
99
103
89
393
69
61
2
288
105
109
322
35
160
66
14
437
220
101
167
15
47
193
160
81
57
57
526
13
171
111
46
45
41
160
63
11
13
55
154
94
234
138
125
135
115
28
187
69
225
284
1
64
192
84
37
130
145
292
183
85
10
124
86
166
61
104
40
25
60
10
106
137
205
285
220
23
43
25
170
110
156
29
147
283
138
249
74
210
39
6
26
213
368
186
56
42
26
111
14
179
105
45
295
223
79
68
122
260
72
157
72
143
115
300
102
118
40
412
108
39
158
39
180
34
21
8
127
11
105
13
37
83
192
146
110
158
362
109
22
45
35
378
162
115
520
38
196
157
1
29
191
83
85
94
143
4
222
58
156
227
117
33
47
42
166
73
239
85
11
130
43
69
37
373
98
131
102
118
64
106
138
186
72
77
4
27
202
226
182
35
101
135
54
8
56
22
131
138
84
139
17
127
42
29
165
46
37
86
248
54
37
180
78
68
88
55
10
189
27
19
1
13
78
37
56
20
139
14
76
254
98
89
94
161
139
187
109
67
309
39
42
49
135
163
55
104
8
259
48
13
24
276
69
35
5
13
61
48
404
208
142
32
83
305
184
243
188
204
51
115
104
51
82
10
54
162
263
205
133
178
81
73
102
116
220
78
35
12
42
109
45
131
119
125
59
29
263
135
108
248
20
315
61
33
101
32
198
103
35
66
231
142
21
101
111
37
132
39
45
11
2
272
63
34
65
109
83
23
180
159
52
98
53
274
247
164
243
197
96
182
91
117
39
27
37
16
237
100
93
70
14
75
51
29
42
55
68
64
164
62
277
129
173
160
36
23
186
190
71
63
207
35
52
38
38
249
96
124
47
103
25
140
103
4
134
90
327
350
403
256
91
29
160
253
61
84
213
95
53
161
137
233
143
24
18
54
47
7
23
185
88
148
95
162
164
175
60
266
185
63
4
12
61
99
208
180
20
244
125
165
100
94
62
102
121
1
115
54
104
107
53
166
31
1
9
117
54
138
81
103
84
299
292
47
69
203
40
120
5
228
126
17
70
78
114
48
57
202
14
218
350
203
278
79
10
14
120
113
114
16
218
158
125
189
42
107
42
10
31
341
35
8
132
69
16
166
66
63
156
108
20
66
1
136
120
119
147
29
52
68
92
183
102
87
55
89
87
54
613
154
1
58
66
192
88
205
35
19
318
238
531
239
200
94
142
45
79
149
30
16
47
115
115
49
46
156
67
8
83
132
182
28
34
10
142
324
14
115
51
67
81
54
147
19
13
131
237
341
90
171
7
95
287
205
12
14
17
62
287
27
17
45
55
145
148
134
113
228
248
71
105
129
281
119
142
315
156
49
131
71
12
247
342
41
29
26
15
205
33
27
16
67
246
418
218
129
277
178
36
402
55
130
120
12
200
32
155
225
49
130
152
28
59
181
56
24
21
77
176
246
113
33
8
183
215
4
63
8
246
173
56
89
38
108
56
26
79
18
52
110
51
94
107
113
51
143
118
282
313
244
109
25
205
93
193
115
93
116
103
84
249
27
57
151
30
117
276
41
52
114
80
144
61
75
59
9
111
48
55
55
80
155
56
43
35
26
82
31
236
219
18
92
135
41
55
15
46
41
40
35
140
79
6
82
335
11
80
66
4
45
157
105
258
43
4
96
120
5
64
86
104
44
74
8
57
333
16
39
17
219
171
86
