12
41
20
6
15
7
37
1
121
25
73
40
4
21
4
10
5
25
10
16
2
3
9
19
32
15
40
66
73
52
11
45
23
41
37
37
21
6
24
12
38
11
46
102
5
38
35
11
21
17
11
3
10
56
29
61
32
37
11
25
9
14
6
42
20
6
8
54
3
6
60
60
13
16
5
23
7
13
5
44
7
26
71
33
20
10
19
29
41
27
29
23
13
105
2
25
55
49
1
31
21
7
14
7
10
14
45
112
7
15
3
54
17
31
95
26
23
1
102
45
43
33
3
9
8
38
38
7
3
16
16
135
39
16
35
32
38
13
41
49
74
25
39
38
28
1
76
6
10
26
77
84
18
3
8
26
15
21
21
8
12
50
7
40
8
33
23
33
10
9
4
46
34
39
9
32
16
7
28
9
12
46
18
2
113
26
30
51
37
26
12
21
48
2
7
3
20
14
23
48
11
27
40
23
89
22
8
62
2
28
26
105
26
13
37
74
3
38
18
31
28
71
15
24
39
62
19
38
1
14
62
17
15
26
7
4
6
15
159
23
40
47
15
16
4
4
20
17
88
12
14
1
14
13
63
54
9
23
89
90
22
12
45
63
37
47
9
30
82
163
10
23
32
102
14
19
49
12
8
61
47
13
23
12
24
14
7
16
40
8
64
32
1
5
2
24
32
1
11
4
144
28
54
71
41
21
2
14
74
1
28
52
7
44
2
42
29
101
37
110
67
31
73
9
4
44
8
25
33
17
35
68
5
95
30
5
135
20
26
36
24
18
47
40
26
11
22
2
23
49
18
30
23
7
32
15
24
98
76
67
2
35
24
3
32
45
49
3
59
7
2
7
10
2
92
59
10
6
30
52
77
11
35
6
3
17
17
51
17
22
20
18
35
64
63
6
6
32
19
7
16
49
128
6
69
44
9
8
35
4
4
34
18
8
26
70
11
12
16
10
45
7
34
46
51
59
20
34
11
3
25
96
46
13
8
9
4
16
4
2
24
27
106
12
2
1
4
62
12
100
46
21
5
90
8
34
7
3
33
14
22
22
50
91
6
13
1
36
11
19
6
3
14
8
3
10
17
22
40
48
20
22
31
4
7
18
5
10
1
15
12
1
119
55
12
30
26
37
7
24
24
25
58
25
5
15
11
12
32
81
12
2
24
31
62
18
16
18
31
34
108
22
24
32
69
31
16
13
47
7
11
31
8
11
6
7
50
1
3
11
39
42
3
23
55
5
33
38
19
11
15
4
19
61
15
12
55
15
8
89
23
18
87
67
7
34
2
51
28
31
2
53
2
6
5
29
1
15
12
15
40
38
102
28
26
53
4
66
12
9
59
7
14
28
5
68
10
35
54
6
27
44
45
11
21
54
27
95
20
17
19
21
19
13
4
9
11
23
2
29
9
38
1
72
7
37
47
28
1
3
4
85
92
7
70
7
48
45
54
22
13
14
9
4
8
44
3
7
11
19
3
115
38
3
47
16
26
5
41
29
143
14
6
91
1
15
2
45
31
31
14
2
35
1
4
6
22
11
5
8
5
56
7
21
106
20
44
68
37
13
27
10
10
10
29
54
59
44
4
5
13
13
49
15
53
15
24
39
31
16
12
5
25
13
29
13
4
67
43
77
25
25
19
11
4
19
41
13
29
10
1
101
70
5
19
24
41
33
49
21
6
36
24
58
8
23
7
37
17
123
48
10
27
10
44
68
20
19
21
24
6
63
33
33
43
43
20
20
34
7
40
63
27
23
34
3
16
132
6
72
21
13
25
1
6
1
15
118
37
14
4
34
2
4
2
22
18
1
8
41
23
5
75
6
4
13
92
16
115
13
78
31
79
63
5
27
67
46
12
65
15
25
15
9
3
10
7
21
75
22
17
67
21
14
3
37
15
53
55
71
14
57
27
35
16
42
13
62
33
66
22
34
50
46
4
53
71
12
44
9
3
23
30
14
3
23
30
1
28
41
18
6
1
19
72
28
43
35
18
30
31
125
102
8
7
81
12
45
18
65
16
17
49
40
133
12
5
9
16
36
29
122
12
3
3
3
34
29
13
72
17
61
55
37
11
23
23
21
5
52
4
24
12
59
18
37
45
85
32
12
7
54
8
14
148
59
3
73
42
8
55
48
4
55
8
72
44
49
2
17
31
21
32
14
41
11
90
46
40
55
51
76
83
25
39
45
4
80
31
4
5
61
16
18
31
16
37
9
11
15
9
28
39
55
3
105
51
12
5
1
41
69
1
4
27
47
24
16
47
37
