125
55
17
24
716
877
15
258
425
1078
378
38
1000
613
59
1696
39
173
270
213
39
254
26
338
537
353
39
358
445
483
102
101
199
508
28
968
25
524
743
678
77
1177
822
32
507
1797
325
569
245
333
403
666
204
240
15
139
45
241
499
128
222
267
110
1017
16
217
464
218
678
74
221
958
149
1169
198
1131
171
50
342
203
187
377
200
189
295
143
58
989
390
317
674
647
77
20
573
269
294
31
30
376
83
124
336
316
289
260
1140
46
407
120
533
988
1253
766
75
395
114
247
864
188
338
645
525
63
311
321
215
282
446
662
520
318
33
188
953
323
49
197
969
55
1335
325
411
1146
4
147
492
562
34
164
92
863
1126
166
593
319
172
1048
26
52
72
402
231
449
105
261
524
62
264
649
289
81
139
188
260
130
505
446
16
365
29
573
2061
7
130
159
90
49
1005
273
917
858
1475
622
543
112
824
185
90
438
966
53
62
317
883
876
168
308
314
1536
112
30
25
326
276
84
512
79
458
1395
350
512
787
680
19
1185
483
1312
117
187
39
498
1297
1050
572
173
122
82
591
582
684
865
855
114
324
509
64
838
900
8
67
385
385
385
77
58
26
249
412
29
567
362
135
1000
59
49
1011
161
4
139
738
210
1271
1633
179
277
296
548
81
83
315
349
3
1335
474
75
37
406
151
1406
1027
1041
466
57
519
696
276
957
407
82
951
7
1108
1112
803
269
277
574
19
1038
647
219
267
546
781
111
174
28
121
38
1405
539
511
848
138
1024
422
434
1230
118
601
601
694
43
153
216
302
1193
840
137
192
31
281
40
78
83
35
44
260
13
64
524
723
1156
1
464
227
842
648
237
56
91
434
345
129
131
122
359
98
235
53
1258
1165
57
454
1551
177
155
58
166
426
516
62
217
418
775
352
713
45
347
650
915
429
21
204
573
257
95
1739
179
428
413
187
386
1952
1625
345
567
374
91
605
64
69
28
292
1562
84
458
654
90
966
184
570
169
114
884
96
251
1027
369
4
702
852
3
76
647
350
1156
1452
482
1136
96
1129
1202
877
670
312
765
397
970
601
146
752
1172
468
1311
1704
736
113
287
31
563
487
297
752
183
345
316
122
797
713
119
1
124
1210
232
360
653
110
217
108
237
1569
96
30
58
192
32
196
603
323
121
135
90
363
58
1679
738
917
331
126
37
61
559
9
478
30
259
217
1113
94
1351
412
561
208
764
2864
384
65
227
67
76
2402
147
326
189
843
39
1
554
344
451
66
243
1211
57
2213
16
216
667
416
298
306
1844
46
141
311
722
408
214
336
404
1110
293
251
320
183
19
1058
1212
537
778
484
102
839
259
1838
413
1041
4
279
503
480
941
78
161
19
1121
1240
187
429
563
422
417
90
597
318
487
1045
101
336
479
52
203
886
986
233
86
171
168
460
646
1484
249
185
1137
94
592
870
434
353
180
558
93
396
50
925
233
932
653
3173
35
64
66
956
748
102
79
76
606
402
84
533
684
268
57
31
77
62
144
201
212
144
159
62
493
987
152
1029
155
339
962
31
81
709
71
478
665
1094
927
175
144
591
12
574
1207
105
1042
237
132
64
16
105
366
167
20
1193
487
166
2487
34
2269
407
173
179
904
241
1565
297
349
127
28
649
371
767
569
174
61
552
774
37
547
571
570
375
444
883
212
131
128
23
2452
104
195
190
26
67
1125
40
274
169
1281
626
1030
2682
560
194
1022
510
798
9
262
224
256
555
318
20
200
316
130
236
378
142
1209
40
722
179
461
222
2251
1547
363
1626
109
106
54
374
570
96
732
43
1052
231
441
326
47
13
30
2262
513
564
177
380
101
279
582
391
694
291
197
105
10
578
162
206
163
376
90
709
177
2004
21
1093
944
253
1554
812
148
243
311
462
1486
485
24
1270
163
260
188
506
526
585
823
920
246
277
4
14
154
375
986
576
680
180
190
326
767
288
837
2
123
13
31
1318
550
442
1031
476
399
269
61
370
1276
65
159
17
202
427
561
693
706
608
385
629
123
30
587
700
724
646
1882
171
122
1268
46
171
49
743
103
305
211
74
1213
815
1135
920
154
820
260
147
977
682
358
1205
40
84
161
594
665
182
389
110
127
51
426
619
47
202
794
910
75
1209
271
62
42
85
30
5
169
279
373
269
171
107
1269
539
1233
19
342
170
110
795
318
461
981
1275
1049
322
234
100
69
251
245
850
707
160
73
590
67
541
276
330
34
517
591
62
608
663
284
467
664
87
1110
468
43
1201
2404
859
203
50
155
255
357
394
861
111
74
973
165
4
224
171
827
948
265
112
1
223
69
592
132
393
86
507
19
568
454
787
710
379
51
1343
326
154
285
10
127
148
233
592
113
109
36
1550
89
76
427
124
321
395
833
1520
12
329
182
829
211
603
482
169
734
649
44
71
241
222
1140
153
262
249
45
285
93
332
208
48
227
1173
1031
53
132
1410
316
1268
208
352
313
1151
570
290
1037
470
58
579
282
202
1176
163
108
34
286
69
836
762
161
49
1541
807
200
36
261
76
95
49
13
49
67
389
28
111
1358
819
36
845
137
140
904
149
493
2209
968
462
600
251
629
144
1978
665
820
404
1108
852
94
235
3
144
533
59
18
1068
1205
750
2542
215
576
359
254
14
259
172
199
902
62
388
244
45
135
1142
600
178
361
249
868
395
255
268
392
864
345
286
162
240
36
891
417
90
173
684
123
1170
930
245
177
210
1222
424
103
491
1790
267
132
1587
149
139
345
689
527
971
94
63
487
246
884
2634
24
517
590
29
288
255
127
278
184
141
6
923
1145
63
914
64
166
70
175
8
57
124
690
335
624
65
587
722
318
654
710
518
781
75
103
176
1046
40
339
330
350
1037
301
109
568
192
588
1100
412
84
173
755
1735
262
394
43
72
786
1027
463
125
409
1511
340
179
11
1195
106
40
235
504
94
946
479
292
489
1859
912
118
105
732
707
1714
182
410
503
117
356
131
371
45
201
1146
498
272
146
1036
536
234
1290
1845
2182
122
250
255
615
928
327
48
1639
6
640
595
453
385
96
694
1
25
470
7
81
70
76
263
99
2225
1161
132
61
84
466
1593
144
560
110
456
141
220
964
148
121
126
1837
70
374
555
1034
345
64
236
275
673
740
169
12
366
255
7
364
173
1085
86
6
320
418
577
357
328
109
151
1156
132
918
699
584
183
63
79
334
36
2261
244
907
288
293
896
26
313
549
205
133
69
160
179
137
106
165
1066
200
1559
956
227
302
51
402
1311
980
664
145
193
234
186
26
1138
2602
176
87
1134
1100
933
229
860
220
296
175
269
159
10
281
417
202
118
550
233
350
435
31
1330
275
518
1073
1139
142
40
42
268
468
562
317
306
518
163
578
317
1588
165
483
676
713
556
38
105
71
131
204
1421
165
1772
650
471
1091
243
427
623
82
881
355
896
1194
27
458
138
90
149
459
148
551
168
267
257
1318
496
419
159
1
930
51
149
548
601
77
42
137
345
1481
18
321
372
177
540
535
522
521
342
190
788
242
868
37
13
914
62
293
793
172
243
821
180
58
407
638
234
364
563
388
32
448
21
187
1282
346
194
202
349
553
1792
268
143
141
1126
80
574
499
213
591
145
277
226
685
445
71
877
549
304
209
1106
468
599
960
72
257
1496
148
793
471
322
701
210
628
222
471
642
969
1694
1001
440
134
40
1209
172
152
261
311
493
183
167
907
340
349
1069
891
327
205
120
40
308
263
710
74
51
558
1158
269
100
49
678
30
42
190
5
322
567
203
369
60
293
207
211
408
378
380
20
1148
679
255
1
399
744
190
751
313
171
538
10
232
825
375
229
40
115
21
1930
545
76
250
921
139
1806
43
775
131
26
517
293
444
1173
561
529
877
504
1012
1706
99
69
920
166
691
789
97
805
11
767
842
50
80
1262
338
8
979
475
62
1027
1016
347
449
956
295
543
96
216
242
1312
837
535
1
29
1722
63
92
288
75
246
145
1812
101
22
298
955
26
11
1436
26
392
170
371
207
58
221
910
3300
1089
187
252
123
985
55
176
21
362
41
1247
157
1108
79
101
796
202
144
1046
490
446
203
367
1129
471
175
177
274
842
110
312
203
493
32
3
713
110
114
63
1337
112
176
682
1013
400
56
230
443
302
898
61
179
822
175
435
1241
1392
138
107
368
369
264
89
71
447
468
557
675
63
689
387
258
170
309
1091
48
20
31
252
909
46
217
61
582
55
1353
239
1592
101
779
22
1014
796
177
544
146
834
677
84
103
420
1230
417
771
56
566
2171
404
603
117
832
235
251
308
83
89
63
749
955
1172
546
206
20
646
181
409
953
728
397
176
218
936
478
1373
12
1041
187
546
538
781
897
175
64
1441
117
205
36
73
19
89
332
608
352
268
847
238
268
555
1325
708
100
747
414
629
32
623
31
98
1791
340
587
176
33
383
523
174
28
29
107
427
241
374
175
1028
79
63
51
981
202
66
100
1
409
1739
409
1411
36
272
1274
330
967
239
400
384
631
272
252
439
434
101
1455
115
755
74
1177
857
423
1197
184
131
480
124
111
1391
44
88
19
797
489
329
226
577
1239
267
996
702
732
443
300
575
72
404
237
288
397
462
369
64
143
524
124
83
228
343
802
151
1008
13
293
351
579
157
582
509
214
157
177
370
186
17
146
90
50
585
11
259
454
118
744
101
26
191
943
141
501
460
131
446
318
3375
546
575
2111
509
529
94
707
1980
158
255
403
289
830
373
495
1018
604
222
85
892
581
835
33
184
998
212
330
35
122
83
52
154
418
767
197
20
525
59
27
233
1238
527
935
369
66
1465
1698
666
137
639
188
218
1121
424
50
382
474
123
302
1564
99
6
172
1083
1089
300
1279
870
1179
9
102
660
164
909
175
420
670
739
173
68
1368
953
248
561
441
302
291
114
348
268
63
156
406
332
104
1296
305
599
194
1
109
633
431
465
515
188
329
1038
283
43
35
211
25
27
145
1261
1027
1250
423
569
423
377
50
446
116
1047
17
159
499
689
17
1345
143
1455
20
322
1166
277
225
968
1144
853
6
293
60
67
523
49
989
1634
4
227
467
1404
1122
390
1253
131
191
297
856
469
794
749
511
169
45
353
958
702
1639
51
653
78
123
87
243
104
224
268
328
130
325
94
205
61
986
945
382
202
1115
223
726
627
656
498
351
383
248
51
178
377
343
84
498
1010
141
147
198
118
502
469
437
98
262
682
441
1216
27
122
87
289
695
1037
846
1603
83
192
887
175
799
345
136
276
457
127
341
76
894
80
1645
111
186
1305
156
278
128
544
187
678
1411
513
429
129
1949
394
1557
334
207
423
1507
86
134
567
198
185
934
106
374
190
1164
1859
20
693
338
1395
4
70
596
15
413
441
629
58
232
460
370
21
16
787
258
1218
719
840
1070
371
338
218
643
914
90
963
153
7
1409
1062
760
972
243
798
865
648
896
519
64
385
93
30
415
1028
2175
1351
81
723
59
681
95
512
376
445
1736
1162
259
795
948
587
165
938
474
188
382
132
864
644
130
196
1858
226
405
190
438
2230
687
971
47
780
326
68
187
318
901
166
661
97
233
283
325
510
1056
268
335
937
339
96
379
645
483
406
710
414
977
1431
460
148
3460
494
203
432
211
453
892
740
773
638
1394
224
1492
157
97
263
32
160
785
154
826
1562
666
111
154
160
114
284
322
36
804
658
490
402
800
455
778
237
69
209
404
235
67
702
1783
210
169
503
206
25
475
1123
326
162
353
44
1062
861
1099
321
297
172
467
332
1391
524
78
121
70
287
217
33
40
26
467
817
23
265
1214
547
84
82
44
108
233
251
339
782
929
402
227
572
415
214
65
701
390
791
2621
2041
64
585
25
5
153
106
453
442
187
680
113
198
218
14
719
610
700
310
546
936
15
721
71
420
56
650
65
25
665
117
246
321
237
1199
5
637
310
24
324
908
46
311
48
117
348
1021
194
233
19
966
86
116
495
471
555
741
862
170
1669
244
413
373
336
1301
904
581
352
970
425
664
933
66
167
168
152
432
253
21
75
279
987
37
130
12
116
761
1043
368
592
618
226
799
191
137
289
819
484
837
1218
1631
1607
371
1258
208
571
187
523
1068
1058
680
74
1348
476
232
260
189
838
661
205
546
581
1268
567
1226
169
574
330
102
644
1345
323
267
752
88
298
301
309
321
212
1121
270
149
30
574
281
666
155
652
136
360
541
910
188
1035
71
19
20
994
374
224
2103
482
940
409
231
812
492
64
397
1208
38
208
596
683
83
93
467
361
276
214
143
96
367
665
765
95
356
1089
311
149
130
103
488
28
98
971
497
1928
81
863
1090
842
369
889
142
1042
90
50
487
159
188
30
750
511
452
935
557
1404
850
208
257
459
714
1181
634
201
44
903
1128
71
193
123
1130
59
759
95
190
26
322
29
395
47
231
745
339
79
1876
404
465
137
41
51
522
608
264
350
784
31
1372
244
695
231
551
106
242
71
881
113
220
317
988
155
1321
539
61
232
415
721
1664
41
48
285
28
717
349
86
29
239
374
1410
203
89
246
362
1018
805
1135
111
58
3
146
564
162
468
278
426
254
422
70
685
139
507
344
77
153
30
531
818
29
866
954
529
190
267
182
301
238
400
39
1645
408
167
19
258
40
1285
294
117
47
534
169
466
314
1097
461
63
1643
497
80
588
587
125
409
69
238
634
300
60
262
66
7
27
2135
9
258
316
510
91
47
338
569
4
169
80
884
908
188
66
193
580
1125
212
353
481
330
26
482
778
242
146
269
94
47
604
77
4
22
232
233
843
149
53
317
1470
124
25
400
49
153
85
72
141
122
59
824
151
464
101
63
454
438
497
165
81
753
157
268
88
575
140
434
1057
179
229
407
25
584
33
46
265
18
843
308
575
265
166
326
318
650
127
309
1074
50
596
584
395
62
86
1131
1905
272
128
569
25
898
265
414
377
168
682
562
156
204
185
839
851
1117
175
691
458
174
886
171
62
262
962
136
297
993
717
417
215
282
299
825
1111
95
660
30
265
1264
771
592
164
318
418
553
556
1384
349
89
108
1474
2391
1133
461
61
1307
207
346
103
449
451
403
252
841
655
1284
68
737
92
583
1125
165
798
314
214
38
19
519
2931
195
56
158
223
801
345
213
452
93
789
378
233
1193
465
565
433
934
389
1294
152
775
431
462
123
1198
211
85
263
453
1240
598
241
249
275
641
559
1014
17
289
802
1545
41
455
477
465
117
323
171
197
977
414
117
750
4
532
295
348
1195
141
611
6
116
1810
70
85
160
476
733
362
1544
682
84
811
177
1712
20
666
51
1185
263
420
627
408
219
956
508
570
146
302
105
430
379
24
723
301
31
410
154
857
392
2034
1401
1672
402
185
1249
471
93
797
88
853
289
518
466
75
671
1278
719
553
119
267
750
740
621
1704
334
1018
9
860
309
474
545
262
138
1302
530
127
581
522
124
69
64
260
806
28
191
56
749
273
328
395
510
71
781
34
916
248
120
686
606
126
1316
654
407
63
486
536
268
399
143
227
50
28
624
392
209
251
206
59
1142
547
963
73
644
542
595
869
485
357
162
71
431
1556
187
77
279
760
298
250
529
36
494
148
189
35
386
93
103
1999
129
58
818
863
259
525
780
22
542
136
286
89
8
232
47
243
176
261
173
174
562
133
35
103
160
998
1210
1041
2135
1096
14
242
32
187
242
144
97
109
404
572
17
269
456
573
430
239
347
1
79
504
1068
10
31
1323
777
1574
1307
509
446
101
81
1013
539
24
595
100
166
253
89
973
302
270
226
953
21
42
687
97
655
349
324
1232
196
16
1241
94
107
308
200
1296
17
118
60
1961
486
680
613
367
1229
575
972
978
360
310
237
215
989
686
294
13
213
542
156
69
125
182
182
268
66
565
411
203
5
1272
60
262
316
45
1391
104
16
570
125
1156
41
125
254
58
842
118
240
12
853
194
38
641
860
859
235
591
576
349
630
311
68
483
1000
1020
894
2293
469
107
2187
201
195
1466
12
916
303
780
239
34
643
260
100
216
386
304
75
163
366
681
842
75
298
113
55
2047
43
229
858
206
761
237
335
375
414
218
164
181
779
151
221
868
335
169
68
53
2
169
284
171
278
152
238
224
81
48
1621
364
812
181
1
633
242
322
306
443
1301
473
176
445
582
70
162
135
249
372
1880
300
33
312
71
33
757
111
277
666
269
316
365
47
273
332
318
1173
25
461
784
461
116
215
228
164
466
624
280
240
319
586
1358
927
2638
915
77
580
256
1856
540
1157
52
67
541
948
278
779
562
209
265
1172
259
173
161
498
1670
26
465
363
679
268
92
593
390
347
1227
978
495
457
688
85
1033
26
799
77
1046
207
1292
838
43
495
38
2474
181
327
116
15
92
1202
205
36
537
1
146
71
1389
207
167
247
228
196
573
38
2006
331
359
1341
85
435
357
610
224
218
67
139
295
11
48
324
17
314
2546
231
119
186
260
38
72
886
768
144
33
27
1497
306
256
246
1039
1190
905
482
828
215
656
80
1532
52
353
12
308
869
282
536
85
1476
515
1174
885
15
613
706
141
570
374
829
279
197
431
352
550
808
50
686
25
225
73
598
68
789
438
308
1540
714
1
1541
847
112
606
8
635
32
631
911
511
664
319
47
646
727
72
532
746
276
61
387
187
839
112
55
240
122
1151
1106
1324
373
844
58
1861
161
64
71
375
823
108
171
597
11
223
83
243
263
227
76
714
508
4
26
1175
797
1455
718
13
127
556
404
560
844
59
498
435
28
80
444
526
276
74
1622
362
1019
1012
20
1606
838
437
271
184
476
63
852
646
537
391
305
271
435
998
7
210
538
154
526
149
75
461
471
542
253
237
1983
1328
23
53
827
318
965
396
90
408
814
262
356
1384
3
1402
463
1431
151
70
231
485
133
831
29
132
239
955
154
163
281
155
96
938
351
1299
89
228
598
581
1638
567
416
543
1486
505
421
647
107
127
1348
2344
147
510
1318
24
544
221
290
373
293
365
425
253
100
42
13
204
273
1
160
1150
209
516
143
1148
111
56
26
246
1128
1298
278
389
181
448
2
274
61
3
122
2293
587
324
589
422
655
383
345
397
385
1040
282
85
805
23
71
4
848
331
1494
58
415
29
1642
59
54
434
601
95
10
194
671
146
5
500
124
971
877
778
3
127
365
1198
1047
67
1242
784
307
120
235
1090
122
1199
436
1365
565
322
1122
540
1143
595
733
51
74
581
77
356
657
406
735
6
471
75
236
167
23
498
26
1060
518
2034
323
8
237
1783
173
157
341
168
55
1216
803
198
17
538
32
2610
345
424
146
693
1074
456
343
306
51
648
16
1422
245
1285
111
20
1
372
142
392
192
799
159
32
406
201
199
67
172
607
1070
425
49
282
980
532
385
469
4
364
576
275
338
638
1296
892
492
1497
148
630
8
231
31
1
492
190
863
314
1062
671
31
58
30
719
1239
68
166
1290
109
76
51
170
466
205
71
26
218
63
939
63
1256
341
690
117
335
288
338
780
35
304
632
42
73
331
83
507
1049
310
188
693
244
769
462
197
674
275
2547
201
112
292
671
110
48
47
1007
562
339
543
737
13
244
59
61
43
923
268
505
819
188
483
487
705
410
106
674
128
1132
917
3
159
639
193
491
185
53
281
528
30
848
22
257
20
572
275
525
729
89
398
506
285
615
1041
83
1316
218
788
77
262
50
485
1158
3
104
348
920
538
327
258
204
338
222
206
427
686
373
359
136
158
106
510
3
135
234
454
552
326
270
103
524
616
138
973
94
364
617
131
945
237
938
211
83
673
227
553
815
101
56
167
77
718
176
473
1347
1328
91
266
232
277
163
212
1053
1647
426
3081
117
147
28
384
38
122
1127
254
120
207
245
815
234
326
461
228
825
299
1258
85
801
1379
654
12
209
94
321
789
542
468
1569
62
521
182
81
975
114
218
78
748
140
283
419
432
29
1161
457
855
570
191
111
1966
208
34
251
288
527
1454
1230
1015
1301
677
140
83
195
938
834
31
511
1180
179
1374
256
1842
273
273
86
53
905
1363
696
252
600
203
231
40
1025
531
1280
98
119
432
2500
1061
153
753
190
346
98
24
31
109
132
15
272
222
328
217
38
57
113
284
21
306
19
239
658
955
722
252
465
641
431
424
41
336
374
538
478
933
273
551
469
9
453
553
869
832
664
311
18
86
263
296
178
544
449
294
298
11
76
259
107
718
294
101
442
244
1409
1499
61
122
775
729
224
235
134
485
602
113
415
371
36
39
308
86
677
697
142
72
178
209
843
653
60
192
723
44
621
2212
989
316
563
1172
763
385
524
810
109
130
1489
641
1694
1426
234
418
123
1393
1117
224
918
262
125
539
183
525
1255
917
34
139
1250
227
276
296
221
414
45
33
811
1408
305
68
368
449
997
788
2133
414
1005
184
1222
385
90
848
204
973
114
618
502
305
155
72
733
390
1047
371
1062
61
45
328
620
79
170
1007
96
458
70
74
84
487
660
593
382
342
397
431
98
1598
68
156
84
450
1033
485
95
143
74
1316
42
238
50
964
382
1237
31
9
588
486
291
649
80
767
190
395
484
1817
484
230
1245
285
721
1405
1139
33
397
1165
1219
584
64
934
171
434
69
961
231
81
55
715
423
827
253
121
503
1136
996
91
56
297
1113
318
1475
302
524
179
1651
306
190
478
846
103
80
982
110
1198
761
202
369
358
421
207
799
2131
772
412
421
264
17
606
87
146
400
7
205
864
499
340
56
575
1160
318
380
33
2
1425
259
201
41
38
486
1136
222
1293
225
59
697
420
635
276
130
27
249
1055
532
1012
761
67
594
280
130
1598
609
1227
589
1387
89
443
21
131
785
103
954
148
1213
1509
359
504
127
55
63
998
229
142
108
59
287
1081
1160
990
88
431
391
566
3871
1647
96
128
1420
218
584
420
125
1752
106
981
471
136
1108
724
310
94
62
128
122
292
807
1301
1074
768
232
1805
1695
178
795
142
1366
12
2091
958
53
420
357
275
813
78
148
63
35
641
264
330
214
1214
601
898
73
347
392
99
65
148
1270
552
247
207
342
9
95
476
426
139
37
304
81
41
186
654
295
77
21
114
104
210
394
26
1037
449
1670
94
714
251
259
327
677
705
781
23
634
877
330
1383
180
120
100
296
217
388
16
569
41
11
78
383
2280
175
531
1877
890
157
395
1060
158
913
78
942
832
740
314
60
763
1692
1401
300
1295
772
474
1602
67
368
316
921
947
39
82
1158
138
854
19
238
701
720
515
504
266
667
113
936
79
160
488
11
441
256
1145
258
170
209
56
695
444
176
2121
42
340
355
356
159
304
133
710
771
401
45
1298
87
442
409
140
163
47
633
57
81
37
479
418
870
255
228
477
490
1093
41
648
1075
925
438
163
36
460
699
37
20
125
159
54
541
274
159
204
67
55
1077
760
239
53
78
724
890
530
897
389
130
1080
747
136
16
692
250
119
65
414
462
219
76
585
285
69
747
1205
210
834
214
278
579
219
195
496
346
44
527
52
114
1294
793
305
808
545
109
1221
168
2698
473
47
1
239
369
38
9
255
222
428
780
877
111
1108
1009
256
193
849
719
420
507
921
166
1316
112
854
361
711
420
263
209
766
539
153
359
34
1851
72
241
370
107
136
223
1107
280
257
355
217
149
25
1824
123
54
771
889
192
32
965
96
270
561
306
211
735
281
114
349
497
7
756
33
138
169
686
932
16
104
73
24
417
20
533
563
169
1532
20
996
168
845
654
152
520
561
94
416
554
809
950
1044
1414
850
48
319
229
127
70
12
542
126
209
961
1358
94
1270
666
1153
132
204
9
244
328
740
301
173
1279
305
515
222
750
906
223
119
1594
559
1350
9
217
207
211
311
201
257
495
147
1652
733
1148
17
534
581
15
179
57
101
157
219
1007
102
7
310
1070
3
121
1020
1167
95
276
115
225
1120
153
1068
12
376
1130
166
122
798
159
116
220
507
412
354
596
507
692
253
489
92
213
52
1152
2
152
8
149
170
890
2
43
248
166
45
2178
739
158
103
439
412
131
1025
700
219
131
1088
155
336
426
70
202
830
441
1858
923
110
439
808
385
1006
73
161
226
73
162
423
45
201
132
160
1019
677
89
271
278
39
1421
331
506
1219
1711
239
426
410
830
698
479
1397
180
274
238
389
930
872
1109
139
178
578
1669
28
627
870
4
216
614
861
787
560
87
910
426
60
269
497
1308
764
346
74
216
764
616
56
795
230
412
190
247
586
1029
98
52
610
97
189
122
273
542
46
240
386
1425
23
801
77
105
492
528
247
1104
384
546
520
411
1747
85
103
987
268
14
89
263
1142
572
567
171
86
1917
1904
522
594
72
584
719
65
347
517
190
82
50
517
133
508
375
1497
298
20
689
315
599
113
516
590
185
199
658
997
331
1421
443
34
556
7
251
119
819
179
552
106
135
256
286
60
51
208
402
412
956
16
124
195
48
549
73
108
101
38
136
85
733
39
930
236
297
1113
193
564
419
77
1147
530
5
263
183
1147
561
343
1571
1151
475
18
321
33
360
795
268
244
105
104
229
19
501
667
303
172
537
315
1102
298
274
18
733
449
2352
88
538
327
24
898
41
386
153
229
513
442
367
226
1430
210
2
320
223
1172
1068
318
373
22
1073
263
888
57
285
361
400
417
474
258
248
675
109
1000
834
13
44
1175
1337
41
1153
585
581
246
14
95
363
575
152
1384
46
603
22
123
140
282
190
1895
29
158
1589
400
67
848
281
182
73
39
1135
284
537
125
172
298
266
107
32
266
651
665
80
635
269
232
1041
181
608
207
551
1371
422
203
741
668
1119
435
270
63
236
763
423
610
388
83
1500
350
1696
149
101
1291
650
367
217
160
632
818
163
138
396
1398
509
27
215
409
626
36
149
294
1142
8
56
45
498
118
455
321
542
209
873
183
2494
94
163
60
315
247
340
230
39
45
172
694
864
508
534
937
488
207
428
56
929
302
442
374
385
380
51
747
47
754
467
195
1228
644
263
4
729
733
252
103
320
64
362
344
1120
255
472
248
625
1327
358
489
119
152
252
422
714
943
283
64
915
1124
74
1378
211
367
1988
37
1007
754
904
217
72
538
1590
11
56
332
378
734
763
723
352
92
1194
1066
1256
90
415
120
312
281
1
2053
245
146
955
105
67
613
64
518
99
652
507
577
265
407
229
1619
666
884
738
406
2288
980
119
71
277
1223
203
27
477
697
435
186
778
202
1020
43
211
313
362
307
277
285
1700
732
170
670
853
85
87
74
105
212
6
189
1030
751
1393
439
34
118
46
216
28
209
2084
447
103
244
1111
363
238
210
970
842
373
788
59
768
262
448
1068
43
161
464
96
153
187
113
23
227
56
312
1217
68
120
28
294
463
930
57
485
791
503
402
30
768
1113
1458
81
34
504
61
55
189
881
330
1471
117
108
1293
373
360
665
206
887
376
328
264
208
873
1357
244
683
490
88
41
1468
399
195
814
9
27
491
45
1446
611
597
771
517
254
473
777
1276
1085
81
1361
723
760
754
400
225
871
1018
671
610
946
1661
267
1109
1277
505
673
507
35
390
1163
177
211
375
278
921
402
352
830
500
982
272
507
62
1334
487
450
2158
79
31
44
29
285
169
15
38
43
348
9
891
176
1541
3275
464
92
38
838
155
132
19
29
327
1281
219
649
1436
8
112
201
492
435
904
554
560
105
11
1096
419
747
199
139
8
409
560
969
330
153
734
198
857
14
1
228
168
5
420
339
457
43
116
31
660
158
143
632
592
28
785
3393
519
323
77
111
274
322
547
231
284
306
172
624
789
120
1795
1098
253
1364
766
1300
1948
666
7
290
183
182
2104
1244
777
446
193
187
313
1181
155
541
546
203
205
766
60
582
689
419
194
118
2151
589
282
502
272
61
302
76
666
951
292
98
797
169
148
702
1137
62
215
119
313
6
473
508
60
2028
111
15
280
311
177
239
182
79
107
30
53
257
50
353
160
256
553
115
539
479
65
586
534
263
448
846
191
398
328
786
269
1613
486
22
647
126
1072
171
903
128
967
548
362
566
2432
52
425
2071
870
23
672
57
168
71
1244
16
136
1599
162
420
86
364
273
430
1337
3
1565
906
115
739
752
56
1340
998
673
555
114
379
563
92
618
380
295
898
74
312
276
57
1089
462
1691
350
103
79
79
4
177
630
583
7
531
1129
93
604
287
280
586
5
288
101
73
440
54
317
9
71
352
537
660
55
309
120
145
486
84
142
761
253
122
233
580
258
38
3549
189
458
571
373
640
234
1844
1317
2644
135
98
257
174
701
212
67
558
264
33
633
99
34
214
98
469
254
224
173
61
560
75
354
126
1666
335
575
393
285
799
826
482
1020
32
171
266
841
344
536
325
129
398
150
426
1250
1042
434
35
519
373
483
278
98
122
459
734
172
101
609
36
435
1415
1733
441
324
189
71
289
153
631
1482
94
637
1282
63
576
452
804
533
1
118
91
753
2304
544
752
813
228
274
471
1004
201
57
645
594
342
258
1001
644
4
19
399
514
913
679
6
416
185
423
179
197
13
1093
75
516
41
95
379
1667
154
367
124
230
742
290
218
511
135
202
1002
163
1193
1142
106
757
91
260
420
45
279
625
848
215
124
1028
1165
261
1604
1301
464
326
502
207
61
230
295
363
766
338
1164
430
116
238
42
1714
239
51
92
288
95
96
183
204
146
1175
218
416
226
200
197
13
220
1051
742
66
194
1339
1564
119
1069
215
302
1071
622
106
646
457
82
23
33
837
145
450
87
54
141
16
40
71
1676
77
314
11
31
1606
113
40
337
792
25
1193
996
1403
501
223
144
1201
218
436
392
951
1618
329
337
563
47
169
677
1374
91
234
2340
596
388
227
36
1446
399
110
4
106
243
47
723
61
2324
1317
314
436
41
58
548
422
674
135
708
1332
1
14
678
1175
177
88
168
510
592
171
41
436
1513
26
138
751
134
70
521
782
161
773
485
470
1358
1059
710
775
452
1136
658
34
734
765
913
500
2048
260
161
18
152
712
58
621
1
59
144
150
1456
86
157
791
838
63
319
330
1244
169
843
1844
268
28
372
190
153
510
1182
567
43
1023
1349
259
376
195
282
29
417
152
122
399
502
281
1028
519
184
363
293
483
231
61
686
899
259
264
727
159
131
271
279
1407
104
633
396
25
295
209
1326
341
443
51
124
158
96
379
98
577
331
145
364
327
150
286
21
57
390
522
354
11
26
465
477
184
739
445
1105
303
1160
1882
990
141
106
349
414
710
194
1517
234
165
540
101
391
646
9
170
457
1556
637
261
22
263
499
438
792
191
826
66
245
137
1999
1603
352
149
1929
771
675
316
333
502
251
274
656
537
49
1209
578
12
221
172
449
427
397
53
650
325
322
536
543
342
2091
684
6
338
459
126
530
275
1138
478
218
425
37
632
45
114
2250
114
60
133
1255
952
226
16
1205
153
153
29
562
84
703
28
240
505
535
362
1907
68
225
328
157
186
118
204
33
474
303
25
315
195
181
428
129
240
29
451
3
470
216
17
706
533
421
1588
138
213
2150
1076
393
649
275
125
896
376
282
264
950
125
543
107
333
245
1265
284
515
324
87
325
327
153
819
962
838
618
59
36
549
38
251
640
142
711
366
906
99
1786
491
461
380
286
220
19
703
1547
1361
63
941
685
58
675
686
891
387
1923
192
101
158
86
77
19
122
217
30
23
334
569
110
1722
126
520
561
1083
135
673
164
244
331
452
913
255
263
770
933
611
1121
84
600
253
93
514
1509
52
633
1522
432
304
313
61
719
209
1219
1540
270
123
341
260
434
582
1056
988
171
338
152
409
345
26
529
10
601
86
9
857
383
478
388
210
1065
96
1358
137
371
35
262
434
2504
122
1322
240
135
443
38
394
157
482
504
1213
663
265
284
298
1782
205
270
70
41
231
573
335
338
36
16
121
237
481
20
162
27
95
310
1047
121
21
579
466
281
56
478
1937
397
201
592
1556
26
86
19
688
1232
25
715
638
92
483
1066
221
1162
268
1054
681
64
91
77
1702
3162
617
473
126
1219
438
1124
10
743
351
1249
408
21
59
229
318
316
476
306
116
604
33
107
1327
92
275
114
814
322
15
2678
937
926
195
66
377
406
9
230
367
899
10
96
130
186
351
254
105
807
132
37
583
23
67
166
530
689
834
561
128
180
449
253
365
56
173
6
512
214
4
65
90
59
89
1615
665
209
719
999
134
709
89
151
119
134
194
513
36
247
103
833
124
1204
23
219
54
422
103
251
339
696
20
120
818
451
38
44
8
281
172
137
616
594
109
1113
265
29
390
359
975
299
90
3651
295
391
78
475
936
222
211
35
853
306
116
199
319
840
516
389
175
90
118
1773
259
120
5
390
444
93
196
153
207
84
448
1527
678
84
120
156
39
608
346
763
11
325
627
48
412
648
646
12
193
149
779
1731
172
472
509
621
64
101
118
634
93
385
230
2686
820
58
337
515
139
1388
2620
250
1069
929
133
2484
476
13
427
40
199
276
46
410
69
242
107
625
568
34
96
124
246
61
71
114
375
580
653
395
108
972
83
169
214
63
71
1824
279
498
74
645
227
142
339
302
195
183
57
71
126
259
708
840
15
468
649
139
647
35
1596
88
1597
532
108
500
2330
117
142
101
195
747
44
1522
403
481
42
894
184
282
8
124
549
1704
848
53
63
33
80
366
90
420
152
498
775
206
2297
256
14
542
271
1377
1711
160
80
81
652
760
642
263
727
344
605
97
174
159
392
290
144
218
440
313
218
159
187
303
58
799
93
526
626
813
747
1495
1462
311
60
726
666
139
1201
616
17
744
698
411
108
128
228
353
394
296
223
417
474
842
696
193
717
816
383
1361
57
52
67
577
12
365
89
599
1158
1217
1219
10
14
167
530
426
270
46
333
474
854
226
260
299
102
929
538
42
380
305
800
975
342
206
1264
2329
258
359
38
361
86
127
192
313
669
1371
285
382
233
366
206
372
505
27
1534
331
849
130
362
443
326
1309
829
1829
462
902
646
2
627
94
254
2033
140
107
831
1328
13
107
1090
371
285
696
292
236
273
231
823
243
8
12
293
23
717
810
420
359
193
451
182
116
73
15
233
456
36
49
349
1336
12
848
890
177
189
423
2102
3
222
1012
39
78
484
1030
454
314
603
220
429
4
538
412
652
256
343
326
703
268
177
970
79
329
497
50
690
1098
285
802
49
95
25
177
45
279
368
278
2
11
640
85
141
539
280
255
491
86
216
334
11
18
769
276
1548
632
160
886
371
551
279
41
64
68
110
893
180
367
52
364
506
75
6
1148
276
1370
3022
1212
829
62
969
904
162
59
669
42
658
540
836
218
666
423
455
515
731
1230
367
4
308
1447
85
675
5
68
229
80
110
1228
3675
72
32
42
102
1161
23
815
296
739
90
294
301
1124
777
764
69
1044
307
135
650
475
536
53
135
119
710
398
139
401
565
570
166
127
519
686
686
382
306
5
4
100
519
481
960
252
263
250
564
858
95
1186
133
353
372
27
915
1806
53
95
543
272
1679
21
1042
1084
260
322
208
504
65
6
128
179
45
1135
32
264
132
2051
604
76
784
39
41
1133
568
643
331
541
124
139
1636
2499
122
1112
837
325
618
814
614
433
682
207
97
758
553
181
214
171
602
187
1307
156
112
124
288
103
2116
44
314
316
255
817
67
164
305
1813
202
178
661
31
964
580
468
171
556
843
974
1372
131
501
100
254
384
24
99
315
687
49
369
435
202
762
815
228
92
152
520
223
510
18
211
131
283
1948
519
188
383
92
286
463
882
138
280
145
403
670
262
137
494
899
635
141
728
83
643
746
60
394
36
193
237
539
85
65
428
377
1475
726
10
1298
612
968
41
1699
778
1131
352
509
182
238
100
83
1791
47
1357
147
287
563
235
397
59
4
179
812
378
91
138
550
17
181
1278
510
584
1071
767
243
581
280
841
586
3250
61
208
313
118
328
227
741
446
215
261
244
36
1255
126
624
525
653
415
255
93
557
789
355
21
53
717
98
539
873
716
896
99
55
32
1079
514
1845
56
938
124
389
444
402
41
849
593
488
63
218
1168
138
144
393
96
568
125
215
568
82
591
696
34
221
160
27
620
284
231
169
39
425
37
72
496
91
742
274
316
557
25
129
492
444
188
188
845
46
781
98
108
58
1005
1280
138
127
1452
562
1563
194
725
1047
29
602
869
178
99
395
238
435
101
359
429
1152
754
104
70
326
451
81
88
280
656
135
114
350
135
407
190
930
18
471
617
558
764
256
118
343
232
1255
224
328
251
563
986
417
31
1684
607
8
626
196
290
444
18
1569
46
75
467
982
70
455
1117
431
393
377
48
377
360
446
83
502
1215
240
109
328
457
301
48
395
2
10
9
35
114
186
1962
403
60
285
493
587
1335
192
293
379
411
596
500
2331
431
97
94
410
1072
384
43
407
452
189
1598
452
579
119
576
56
36
55
323
928
1100
230
10
788
712
1034
67
417
310
398
283
348
1054
1365
4
3
531
3
634
351
350
1686
635
203
425
81
109
307
64
301
211
203
157
331
245
194
1929
481
297
273
430
438
768
255
226
610
346
443
2
150
662
1032
388
227
867
238
736
1218
80
725
888
537
51
738
67
265
1178
148
40
729
709
79
346
470
48
445
47
219
262
62
6
17
58
365
510
1252
589
21
755
189
47
184
451
26
8
12
937
178
93
956
1032
43
401
1407
625
307
234
69
1070
403
149
206
153
156
513
289
799
1037
472
318
1183
86
39
656
291
555
152
1745
182
501
56
91
72
273
219
635
452
504
1437
59
757
478
1187
131
192
76
4
723
197
234
276
919
848
328
1229
448
248
753
60
409
19
117
339
190
312
110
1415
1001
854
223
752
1402
136
713
525
141
662
178
28
243
80
340
468
519
265
155
314
511
224
8
152
337
897
288
452
255
345
191
141
249
40
119
54
299
277
105
162
62
1468
21
663
609
479
1401
187
613
39
427
232
306
167
254
1997
294
233
111
184
313
541
137
238
119
650
367
998
1727
149
180
1906
846
218
137
884
146
264
1013
482
45
272
497
654
680
352
544
376
657
865
886
123
152
981
137
199
258
40
149
898
346
138
22
391
146
195
8
108
629
317
73
252
253
92
365
1833
432
1311
1452
392
64
111
4
57
904
654
433
110
639
632
9
703
1667
27
344
85
47
127
241
15
142
523
164
75
126
813
768
813
98
279
889
655
496
227
3
454
68
96
555
973
1595
94
348
656
236
199
87
43
603
82
255
395
386
200
233
366
429
38
30
811
985
51
185
662
259
34
36
1228
299
27
205
255
172
139
56
110
380
498
4
1053
137
1801
80
206
1565
2150
153
296
87
746
286
535
819
1582
334
234
707
278
1960
726
163
61
1481
658
1429
1929
563
176
125
53
226
139
103
1174
1053
1014
716
1291
191
349
36
1461
67
344
184
282
50
399
175
209
99
372
827
210
334
1338
7
285
547
368
99
139
14
122
34
1053
525
26
85
61
137
1313
439
133
1299
879
8
275
334
201
1685
965
711
246
465
127
52
806
121
117
240
240
557
565
465
91
614
641
295
1464
166
55
198
168
637
242
178
85
12
523
696
289
1202
159
121
1475
453
501
163
531
226
355
976
135
477
83
173
670
7
273
459
2
395
1048
11
527
499
33
381
86
976
620
176
123
206
692
119
1850
84
189
103
119
217
2
175
755
908
766
646
1499
94
299
295
158
325
202
454
160
609
222
84
13
226
992
143
847
96
13
1006
1049
119
283
254
249
132
109
47
222
484
644
142
286
96
191
1053
550
38
432
102
80
156
993
330
124
216
74
92
391
436
589
442
77
1021
585
399
1199
35
108
167
1185
1092
374
46
1502
139
594
185
258
448
168
452
860
476
379
128
1246
419
559
431
617
494
180
1408
60
46
398
804
12
134
66
294
134
76
242
1525
258
209
671
254
191
1722
43
102
2006
1332
964
260
303
254
161
961
436
96
120
17
251
3235
319
184
1606
294
95
272
1194
179
248
167
809
783
325
506
65
338
397
357
1046
189
230
514
333
32
424
295
326
648
409
456
1488
316
17
987
194
591
265
113
50
281
622
193
971
60
735
95
80
1110
9
836
979
131
12
1225
1229
659
1026
22
165
601
492
37
124
76
253
504
357
56
1108
130
1157
860
122
241
119
807
658
187
30
91
213
1421
872
34
495
350
453
1047
181
527
93
442
281
59
11
329
202
597
981
179
621
102
48
192
526
34
229
57
733
690
228
136
38
392
722
199
70
133
36
871
1265
482
356
75
1108
992
257
126
424
276
502
30
11
14
404
182
651
712
301
150
489
362
722
1011
699
202
827
259
967
395
239
561
579
21
1294
787
692
848
11
297
296
1256
567
392
1281
406
230
248
72
1477
96
1446
492
441
43
31
189
1317
49
7
279
281
269
440
1117
714
91
89
744
161
952
1557
125
1687
1174
150
1290
42
394
786
321
274
484
1211
419
367
799
1051
255
236
382
10
155
291
959
558
433
508
1336
238
263
144
223
251
247
254
1618
332
918
321
988
70
10
44
42
5
543
10
415
594
1676
485
490
300
46
229
648
1045
172
790
252
18
185
12
219
171
350
603
383
119
79
956
480
743
270
1376
60
117
35
372
47
314
1939
466
215
1370
49
520
355
2437
86
88
665
372
72
109
901
575
330
154
58
109
394
7
710
117
191
1829
581
164
49
1093
311
71
165
564
659
1899
1727
188
260
292
454
459
90
7
1052
300
205
365
214
425
192
149
55
411
349
434
536
893
122
238
678
21
718
559
449
362
485
100
190
39
398
2334
354
1185
728
822
368
29
348
308
761
237
525
921
239
45
1511
53
241
759
619
316
169
1429
283
461
466
273
180
357
269
88
496
779
173
2035
227
902
99
167
1006
1548
344
570
476
434
80
1718
159
48
1045
378
181
628
663
412
522
663
565
109
302
91
1140
182
1344
246
932
105
218
663
372
59
1442
164
147
288
18
243
101
1480
112
1003
437
671
51
461
134
11
522
24
3
86
434
155
1145
170
219
191
139
320
13
246
155
56
266
1033
82
440
1159
750
883
1138
16
352
339
1313
245
318
403
341
234
435
47
295
154
161
449
416
25
1843
127
326
10
664
252
112
209
182
175
521
715
334
1278
399
579
112
54
286
469
1233
850
1479
413
174
509
818
960
376
296
407
358
33
95
310
815
137
508
1248
418
51
181
1017
645
299
381
39
464
118
775
445
43
972
647
1034
253
1589
802
853
254
380
767
1033
2879
194
731
524
44
115
323
1165
171
149
753
167
33
39
222
48
292
246
275
350
332
112
1211
557
1152
361
6
595
659
274
83
172
267
275
436
162
1069
68
158
206
204
474
221
55
730
240
273
1492
1317
287
5
224
104
355
406
559
721
54
356
1028
2734
263
407
772
427
166
169
55
137
109
1682
86
411
355
52
453
352
311
182
313
97
346
11
149
60
1288
837
344
351
369
121
1189
1020
1554
1161
10
186
56
186
215
347
961
231
623
212
291
314
638
670
461
402
270
666
326
352
160
794
8
215
165
345
393
348
161
897
106
19
501
688
56
544
117
153
1543
561
65
163
126
118
221
523
215
752
324
322
248
824
2532
49
714
61
647
57
284
521
915
1086
171
622
435
113
709
1743
369
193
528
370
1904
909
32
737
339
199
610
742
85
293
429
101
444
342
388
1178
441
384
111
49
19
213
1065
433
1042
272
67
51
117
40
60
138
2280
2569
736
50
199
721
989
641
277
20
119
432
44
89
74
15
544
248
1124
96
215
16
600
353
127
15
123
254
1035
518
305
2113
1208
65
777
397
678
171
171
342
667
372
792
82
612
672
255
237
1456
424
728
12
262
1336
226
61
168
1672
304
47
556
1263
59
953
1455
920
205
241
119
335
161
828
454
1560
258
109
353
231
513
165
125
982
78
154
188
983
385
985
53
4
1
58
285
131
1551
175
357
37
149
531
232
61
1088
45
575
531
487
135
560
190
106
573
507
207
1397
767
167
443
1462
133
210
127
689
717
155
1155
447
99
1058
46
144
195
108
114
1130
70
331
842
1034
283
861
25
34
323
135
249
830
62
598
299
708
368
942
413
270
111
1342
2108
560
107
375
275
159
285
476
778
300
136
391
38
532
559
528
377
19
906
104
422
1085
65
157
1001
1341
225
86
230
115
228
456
413
572
141
286
500
24
62
315
127
246
1493
118
422
66
149
103
390
191
71
313
606
136
658
662
73
244
262
3021
322
1663
164
165
62
1523
60
582
5
68
922
919
31
383
1219
39
475
117
586
400
576
2061
88
499
6
463
243
24
155
311
519
938
70
964
568
118
276
956
198
178
108
152
1269
1253
107
13
330
242
474
321
327
459
721
21
512
10
348
246
129
185
1945
467
17
309
321
132
100
395
158
1101
1182
58
286
13
251
68
643
693
607
142
109
914
237
175
120
37
154
451
73
64
585
253
717
148
323
248
407
102
1660
150
334
498
243
436
9
709
50
427
175
150
292
510
461
486
138
244
800
193
58
664
797
221
365
357
313
584
936
541
40
430
159
813
548
361
236
214
48
917
83
514
1297
449
206
748
379
299
733
780
82
448
899
885
347
248
20
339
561
1006
73
527
1585
14
437
1303
411
1043
40
974
424
51
629
20
425
136
472
506
63
39
41
201
91
411
1532
627
108
523
371
1571
145
144
187
366
401
1140
819
315
478
42
130
114
230
477
428
50
43
138
253
970
436
1328
462
735
213
972
1731
85
140
126
375
1022
450
832
577
194
66
705
247
59
580
126
1055
120
263
29
1230
5
236
517
44
241
446
588
374
32
377
210
39
12
597
443
1077
388
250
980
1029
319
88
23
157
477
21
1360
197
360
416
68
219
1022
51
301
1149
7
157
543
17
368
220
49
128
9
131
912
412
864
594
1701
681
541
426
2511
745
371
103
131
351
84
172
135
652
8
227
429
492
556
42
157
427
355
216
641
12
884
723
274
1385
1080
245
88
875
734
1385
18
213
483
4
513
753
278
122
476
484
1357
651
984
511
78
409
879
1575
457
392
184
718
675
14
463
381
1194
122
138
1423
173
313
381
290
303
530
297
528
214
84
171
101
314
594
198
442
318
46
142
381
315
11
647
31
170
133
475
1256
264
44
227
23
814
39
315
430
454
648
458
777
42
19
677
153
155
790
11
525
141
763
360
8
986
137
221
156
129
548
405
984
868
276
558
99
3237
771
1071
363
14
523
369
42
1217
1469
93
689
771
987
204
752
353
329
314
791
115
222
332
168
91
90
85
464
113
205
792
1240
524
513
725
475
128
23
498
157
772
762
851
54
194
507
1222
38
632
299
248
15
768
488
153
2468
32
608
379
1530
215
400
438
1558
299
1131
581
122
579
469
10
426
1185
778
23
195
1715
459
15
155
1681
466
464
1626
140
72
479
348
365
841
728
470
326
35
13
61
234
7
366
818
455
403
200
604
470
160
92
1350
41
125
177
176
257
40
569
1808
1093
128
238
107
941
170
448
49
1406
987
34
982
226
256
168
148
563
709
113
384
225
101
387
717
130
207
392
153
291
586
2
14
113
165
746
637
170
519
1344
336
69
934
1375
1510
1054
108
44
499
601
198
