4
1
2
45
6
1
77
1
30
1
9
9
10
35
38
31
41
4
7
41
35
16
75
14
8
28
42
66
16
70
3
4
14
9
27
14
42
26
85
45
49
23
26
55
32
20
16
2
7
22
18
36
9
5
16
16
86
15
11
24
6
67
24
17
23
2
69
37
39
29
49
59
15
5
12
29
16
9
44
23
14
33
44
43
5
32
185
77
19
1
84
35
16
4
46
29
3
8
38
88
10
17
11
5
27
36
6
11
7
5
46
58
62
28
42
26
28
1
42
50
30
22
26
19
36
1
59
14
7
7
28
14
4
32
39
24
135
72
13
8
36
28
30
32
23
4
82
17
3
48
92
7
24
34
42
34
5
7
37
29
18
64
5
18
12
106
60
92
32
3
5
141
36
12
5
8
20
1
40
9
5
2
35
42
4
6
48
16
66
23
58
28
3
64
29
72
3
67
3
35
10
12
78
4
4
40
12
17
77
1
35
75
3
28
39
17
1
41
61
56
4
54
16
17
16
18
40
18
9
18
8
46
29
25
43
20
28
26
106
17
1
9
40
13
18
12
26
1
28
15
69
44
12
16
22
7
4
24
3
40
4
76
33
14
4
13
22
29
3
16
30
35
13
99
23
16
64
32
20
2
99
11
11
34
23
34
4
7
5
17
30
6
22
66
8
56
109
29
10
59
47
26
9
85
12
7
45
80
6
30
5
7
2
57
9
7
31
6
64
6
11
1
12
6
3
57
19
18
83
25
7
7
12
31
54
4
38
7
19
156
6
42
28
14
1
13
51
2
19
41
7
17
33
20
71
41
35
22
17
9
9
6
24
1
109
43
15
2
23
70
37
36
42
68
6
95
63
9
47
23
33
41
36
20
12
19
8
51
3
26
57
49
18
73
17
44
6
36
46
29
1
22
94
50
5
33
49
26
5
27
48
13
34
6
8
5
3
14
22
23
23
12
63
11
44
2
11
75
16
16
17
4
35
32
16
19
1
65
4
17
31
68
48
40
35
29
70
11
20
12
16
9
4
81
20
1
4
10
7
5
54
27
128
100
12
19
25
53
2
4
15
87
21
47
8
54
31
2
16
2
10
20
74
83
4
32
33
6
64
14
11
47
17
3
107
24
24
7
74
33
16
4
14
15
4
6
2
38
59
14
36
6
39
12
4
37
28
7
9
27
83
4
16
9
81
91
157
7
5
46
56
82
27
9
4
6
63
36
9
3
28
31
18
143
31
47
11
21
13
15
8
7
60
16
19
29
16
24
30
74
4
17
4
32
69
88
3
94
45
36
84
15
29
18
19
15
65
13
11
62
5
72
29
18
60
35
71
48
8
23
4
17
62
89
29
41
64
41
14
29
96
56
60
37
49
38
7
30
53
17
87
93
4
11
8
16
68
2
34
78
31
43
26
8
7
38
37
15
74
30
12
13
24
1
84
36
29
30
34
44
16
26
28
86
49
159
2
38
35
7
10
27
78
35
23
6
27
25
40
6
29
18
6
6
11
99
46
30
51
51
1
28
12
5
23
144
16
10
52
30
45
14
23
44
72
20
65
49
103
85
15
4
110
30
1
7
2
11
48
20
58
45
5
15
44
13
22
28
30
26
20
9
6
25
85
45
3
32
46
52
39
7
7
16
90
6
86
28
41
32
28
173
37
25
30
27
61
19
2
55
1
1
33
50
136
54
37
44
9
53
72
29
34
11
19
24
55
74
25
18
14
4
12
81
56
25
12
12
31
15
67
11
18
14
38
4
36
29
38
17
33
15
22
30
30
28
6
23
10
22
41
49
87
87
33
42
4
12
24
33
12
15
35
2
45
82
19
22
17
11
14
62
1
2
16
11
13
2
5
32
30
40
36
25
26
47
1
30
14
10
134
28
20
47
16
61
18
72
10
25
21
11
31
32
24
2
4
39
105
126
43
10
44
25
1
34
12
3
55
37
45
30
29
36
2
50
5
76
6
33
6
2
32
15
17
5
12
7
36
24
12
16
4
51
48
67
49
43
23
46
2
9
22
11
27
12
32
8
37
45
31
10
41
48
4
47
37
45
84
1
16
32
6
5
77
13
17
26
59
11
42
42
3
14
3
13
31
8
4
49
53
164
24
16
11
12
13
13
5
17
1
3
85
16
43
97
89
39
13
32
14
12
40
117
33
17
13
10
23
5
69
100
60
13
17
25
13
36
43
16
27
38
10
17
13
6
22
43
14
57
4
75
12
94
15
2
56
43
12
12
8
49
70
6
66
53
18
1
28
8
