62100
67500
69100
64200
69100
69100
69000
69000
68900
69100
69000
69100
68900
68900
69200
69100
69400
69200
69000
69500
69400
68900
69100
69000
69800
69300
69100
69200
69100
69300
69300
69100
69000
69000
69200
69000
68900
71200
69200
72000
69400
68900
69000
69000
69200
69100
68900
69000
69000
69000
69000
69000
69300
69000
69000
76000
69100
68900
68900
69000
68900
68800
69000
68900
68900
69100
69000
69200
69000
69300
69100
69200
69000
69000
69000
69100
78700
64700
69000
94800
70700
69100
78100
69100
68900
68900
70100
67600
69100
69600
70900
69100
68900
69400
69100
75700
69100
69200
69500
69000
76400
69000
67500
75200
73400
69100
64400
72800
69000
70500
69400
69200
69000
69000
69200
69100
69100
69100
69000
69000
70600
69100
69000
69400
68800
67400
68900
69000
69400
69000
69500
69400
69500
69000
69000
69100
67400
69000
68900
69200
70300
69100
70300
67500
69200
68900
69400
69000
69100
69000
67400
69000
69400
69000
69100
69400
68900
69000
69000
72200
69000
69100
69000
69000
68900
69300
67500
69000
69100
69000
69000
68900
68900
68900
69200
68900
69100
69400
69200
69000
69400
68900
69000
69000
69100
69400
69400
69000
69100
69000
69100
69300
69500
69000
69000
69000
69400
68900
69000
69000
68900
69400
68900
69400
69400
69000
69100
68900
69400
69100
69100
69300
69200
69000
71200
69400
69000
85400
69300
68900
69000
68900
69200
69000
69000
69100
68800
69000
70500
69300
68800
68900
69400
69200
69000
69400
68900
69000
69400
69400
68800
69200
69000
69000
69200
68900
69100
69000
69100
69400
70300
69100
69100
69200
69300
69000
69000
69200
68900
69200
69500
69000
69100
69000
69300
69200
69000
68900
69100
70900
69100
69100
73200
69100
70400
68900
69500
69100
68900
69100
69000
68900
67500
69000
69000
69000
68900
69200
69100
69000
69700
69000
68900
69000
69100
69000
70400
68900
69100
69500
69300
69400
69200
69600
69000
70300
69000
70400
69300
68900
69100
69000
68900
69000
68900
69400
69000
69400
70600
67800
70400
69100
68800
68900
71400
68900
69000
69100
68900
67400
69200
69000
69200
67500
69000
69000
69100
69100
68000
69000
70300
69000
70500
69200
69000
69000
69100
67500
69400
68900
69300
69000
69000
67400
69100
68900
69300
69000
69100
69500
68900
69000
68900
69300
69000
69100
69000
69100
69000
69000
69200
69200
69500
70900
69000
70400
68900
69100
69300
71500
69000
69400
69100
69000
68900
69200
71100
68900
69400
69500
69000
68800
68800
69500
69100
69100
64900
70500
69200
68900
69000
69000
69000
69300
69000
67500
70800
67600
68900
69100
69100
69000
69300
68900
68900
68900
69100
69100
68900
70500
69100
69000
68900
69000
69000
68900
69000
68800
68900
69100
69000
69000
68900
68900
71500
69100
69400
69100
69100
70600
69100
70500
69000
69000
69200
64600
68900
69100
69000
69200
68900
70600
68900
69000
69500
69000
69000
69400
69000
69000
69100
69100
69000
68900
69000
68900
69000
69400
69400
69100
69100
69100
69500
68900
69400
69000
69200
69500
69400
68900
69000
69400
69000
69000
70400
68900
70500
67400
68900
72200
69100
69000
69100
69000
69400
69000
69000
69000
69200
69000
69600
69200
69200
69100
68900
69400
68900
68800
69600
69200
69100
69400
69000
68900
67300
69100
69000
70400
69000
84400
69000
69200
69500
69000
69000
69000
68900
68900
69100
69100
69100
69100
64200
69500
69200
67400
68900
69000
69100
69400
69400
68900
69000
69000
71400
69000
69000
69100
69000
69100
69000
68900
68900
69100
69100
68900
68900
69100
69100
69400
69000
69300
69100
69100
69100
69000
68900
69000
69000
67800
69100
69000
67500
69100
69000
69100
69100
69000
69400
69500
69100
69200
69000
69000
69000
69000
65000
69000
69000
69500
69100
68900
70400
69100
69000
69200
69000
69000
69000
69000
69000
69300
68900
70700
69000
69100
69000
69000
69000
69500
69000
68900
69000
69000
69100
69000
68900
69000
69100
69100
69000
69000
69000
69400
68900
70400
69100
70700
69000
69100
69000
68900
69100
68900
69400
69000
69000
67600
70500
67600
69000
69000
68900
69100
69500
68900
67400
69100
69000
79100
69100
69300
68700
67400
69000
68900
69100
69100
70600
69000
68800
69100
69100
69000
69400
69400
68800
68900
69000
69000
69000
70500
69200
69000
69300
69200
69000
68900
69000
69100
69000
69500
70500
69000
83400
69000
69000
69300
69000
69500
69400
69000
69000
67500
69000
69300
69500
68900
69100
69000
69000
69300
69300
69100
69700
69200
70100
69000
69100
68900
71800
69000
69200
69100
68900
70300
69100
70300
68900
69100
68900
69100
69000
69400
69100
67700
69200
69100
68900
68900
69000
68900
69200
67500
69100
69000
69100
69000
69000
83200
68900
69000
69100
69000
69200
69000
69000
68800
69500
69000
70500
69100
69000
69100
69000
69500
69100
69000
69100
69100
69100
70200
67400
70800
69400
70800
69300
68900
68900
69000
69400
68900
69500
69000
78600
90000
69000
87500
76800
82400
89900
69000
73700
69100
68900
87100
71000
92700
86100
85000
83600
69500
69400
69300
64200
69300
93100
93200
88900
68800
69000
72200
71800
69000
69400
68900
67500
69100
69200
69100
69200
69000
68900
68900
69600
69000
69300
69000
69200
69000
74000
69100
68900
68900
69000
69200
69100
69200
70200
69000
70600
69000
69000
69000
69400
69300
69500
68800
69100
69100
68900
67600
69000
67600
68900
69000
69000
69000
69100
69000
69000
69100
69100
69100
69000
70400
69000
70600
69300
69100
69300
69500
68900
68900
69000
69100
69300
69000
68900
69100
68900
69000
69100
68900
69000
71400
69000
69200
69000
69200
69100
69800
69000
69100
69400
68900
69500
69200
69000
69100
69200
69100
69100
69300
68900
69000
69100
69100
69600
69000
69000
68900
69100
69500
69100
68900
94100
69000
70400
69200
80200
72100
88400
69000
69100
69300
69100
69000
74100
94800
69000
85300
71000
89100
78900
69300
69000
69000
68900
69600
76200
68900
94200
69200
69300
69400
67400
69000
68900
68800
69400
68900
68900
69300
68900
69000
69100
69000
69000
69000
68900
70500
68900
69000
69000
69000
70500
68900
69300
69000
69100
68900
68900
69300
69400
68800
67500
70500
81400
69000
77900
69100
68900
83500
69200
69000
69000
68800
69100
69100
69000
69500
69000
69100
69100
73900
69000
67700
68900
69000
70700
69200
70700
69100
69000
69000
68900
68700
68900
69300
69500
69400
81600
79100
83300
69600
69000
68900
79000
71500
75600
82100
98500
66000
68900
69100
73600
81900
78800
74100
72800
84900
69000
70200
69000
69300
90700
74400
69100
73800
93900
95300
100000
93000
76000
68900
104400
78200
90700
68900
73600
69000
73800
79000
68900
95100
101000
86200
70900
95700
85900
88900
92100
76000
92200
69000
69200
76800
84400
84600
68900
79500
70600
69100
69000
69100
69200
80700
78800
78200
79900
64600
86500
81600
73500
81000
69300
76500
69200
69300
69100
69200
85200
65500
69500
83000
68900
69100
82200
83700
69000
68900
90400
94300
69100
74400
74900
75200
81700
81700
86500
77600
73000
69100
73000
69400
68900
73600
73000
69000
70100
82000
69000
69000
77600
69500
68900
64600
84900
81800
69400
69400
72300
71200
69800
69100
69400
87100
69000
69100
69000
69000
74900
77100
68900
69400
71700
70600
69000
67400
71200
69000
69700
69200
69400
69000
84900
69000
69000
68900
73800
69300
70600
78600
68900
83800
69400
77500
69200
82300
68800
69300
95300
72100
73000
69000
69300
76000
71200
68900
69000
69100
69000
68800
82300
77900
72800
68900
96300
82600
69100
74400
69400
74300
69200
69100
80200
78600
79200
79600
73500
69100
69200
69000
73100
71700
77400
77300
77600
81600
77600
78500
80600
79300
78900
81400
77600
74100
75600
64100
74100
80100
73700
82500
79900
74500
79400
68900
68900
69000
85600
69100
78200
77400
90500
72200
69000
64600
80500
69300
67400
75700
71600
78300
70100
82800
69400
69000
72100
72300
69100
69100
71000
69100
78400
78100
77700
69100
68900
69100
70400
74100
71400
83700
84000
78600
85700
82800
80000
86500
1508900
97800
78400
86900
69000
72100
96200
69000
69000
87700
69500
71200
77400
85300
77200
95000
86800
98300
81800
78800
83600
93000
81800
85000
81800
90100
90700
79500
72900
69400
69200
69100
72500
69100
71800
75900
75500
64900
69100
80500
80700
72800
69300
83800
69300
80700
69100
89200
69000
81400
74200
69500
69000
69500
69100
74500
77500
69400
76300
78200
89800
73300
69000
73900
69200
73200
69900
79200
74800
67600
69200
73200
79700
84400
77400
100900
66900
69300
91500
74400
97600
83600
70300
76000
87200
80400
76800
86000
89800
69000
68800
67300
80800
69100
72300
92500
75300
88500
69500
69000
97600
69000
74000
70000
69300
72400
72300
73400
74000
81200
69200
76100
85900
80100
75500
77500
68900
69100
75500
74900
72500
69500
73000
80700
72100
92500
69000
85700
81600
81700
93600
68900
81900
92300
81200
73500
64300
84000
75500
75000
69300
69000
88700
80800
69000
80300
68900
69600
68900
79000
74400
68900
91100
69000
68900
69000
69200
77700
96700
66200
84400
67700
70100
69200
69200
75800
69100
69100
76500
69100
69100
79100
73800
93900
68900
103300
94700
87400
70400
69700
72400
69500
78600
74100
69100
86100
90200
69100
104700
77800
75500
100000
78000
73500
69000
69000
78900
69000
73500
69400
70800
69100
64400
69000
69200
89700
67200
69500
88800
73400
82900
69100
69100
73700
72900
69000
69000
69000
69100
76400
86700
117800
69200
69000
72400
79400
69400
73900
72800
81400
88900
69000
73500
93900
75900
70500
69000
97300
69100
90900
79500
76700
93100
95600
78000
82600
83000
86400
68900
96400
90700
96300
86600
80200
89900
89000
69400
74700
69100
76000
92100
69000
69100
71500
63000
74400
77300
69200
69000
69000
69000
69000
74200
73300
70000
69400
80800
69100
69300
69000
70800
69200
69500
69100
69000
69100
76500
69000
69000
69100
70400
69100
69000
80600
69200
69500
69000
69700
69000
69100
76600
69300
70100
69000
67500
70500
69000
70700
72400
89400
72600
67100
75000
69100
74300
69500
73500
104000
69500
69000
72300
69300
69100
69100
69000
69200
69000
68900
69100
69100
69100
77200
69100
69100
69600
70400
69000
69100
69000
69100
69000
69200
68900
69500
69100
69000
69000
69100
69100
69100
68900
69100
69000
69000
69000
69000
69000
69000
69100
69100
69100
69000
67000
68900
69300
68900
69000
69000
68900
69000
69400
69200
69000
64800
70700
69000
65200
69100
68900
68900
69000
69100
69100
70900
69000
69000
75900
68800
69100
68800
71200
69000
69300
69100
69100
69100
69300
69000
64400
74900
69000
70400
69100
80200
68900
68900
69000
69500
69000
68800
69000
69400
69200
69400
69100
69200
69200
71900
69500
70800
69100
69000
69000
69600
68900
67500
87400
69100
70500
75100
69100
68900
75500
69400
74000
75100
68900
69000
75300
69000
68900
73300
71500
69100
69000
75100
68900
69200
73500
74300
70400
74900
77900
69100
69100
70900
69300
69100
62800
75400
69100
69000
72800
70100
68000
70300
72600
72400
69300
69100
69100
69200
71000
69500
69200
69100
69100
75400
68800
75600
69200
64000
68900
76600
74200
68900
70600
68900
69100
69000
69100
69100
69500
69000
69100
71200
77800
71100
69000
69500
69100
67500
68800
69200
68900
69000
69000
68900
69000
69100
69000
74600
69000
72000
69100
69200
69500
68900
69000
69200
69100
69000
69000
69400
69000
69100
69000
68900
69000
69000
69000
69000
70100
69400
84300
69000
69000
68900
69000
69000
69000
69100
68900
69200
70200
68700
70000
68900
69000
69200
69000
72500
69200
69300
69000
71600
69000
69200
69100
68000
69100
69000
67400
69100
69100
68800
69300
69000
69000
69000
69000
69100
69000
69200
69000
67700
69000
69000
69100
68600
68900
68900
67700
69200
69000
68900
69400
69000
69100
67800
69000
69000
68700
69000
69400
69900
69100
70500
69100
69100
69100
69200
69100
67700
74800
69000
73200
69100
69500
68900
69800
69000
69100
69000
68900
92400
69500
69100
73100
69100
69500
69300
78400
70700
69100
69100
69000
72700
69400
69100
68900
69100
69500
69000
69100
69100
70000
71800
72700
70900
68800
74500
69000
69300
74000
65000
69100
69100
69100
64300
69000
79600
69500
64900
71200
69100
77300
68900
69200
69000
69200
73800
69100
68700
69000
69000
69100
69000
69000
70200
69200
70300
68900
69100
69100
69000
69200
69200
69100
69100
69900
69000
69100
69100
69000
69400
68900
69000
69000
70300
69100
68600
68800
69400
69100
69100
69400
67400
69000
68900
70500
69500
62700
67900
69500
69300
69900
69000
69100
69600
69200
70500
69000
67500
69500
69000
72600
67600
69000
68900
69000
69000
70300
68900
70400
69200
69000
69300
67500
69000
68900
69200
69000
68900
69000
69000
67500
69000
69200
69100
69000
69000
69000
69000
68900
69500
68900
69000
69100
67600
68900
69400
69000
68900
69100
68900
67500
70900
69200
69000
69100
64200
69400
69300
69100
69200
69000
69100
69100
90300
69200
68900
77400
69300
67300
69100
69200
69000
69100
65300
69000
69000
71500
76500
72500
69400
82100
69000
68900
79900
69400
69000
69200
69400
69100
67500
69000
69000
69000
76900
70500
69300
79200
69300
69400
78900
87200
69100
69500
73700
69000
62700
69500
69100
69100
69000
69100
69100
67500
69500
68900
67600
69100
70400
69100
70300
68800
73500
69100
69000
69100
72300
70300
69500
68000
69100
71300
70500
69100
68900
69100
69000
69100
69500
69300
69100
69200
69000
70600
69300
69500
69100
69000
69100
69600
70400
69200
70400
69300
69400
69000
69000
69200
69100
69100
67500
67600
69100
68900
68800
69000
69500
69200
69000
68900
74500
67500
69300
69500
69100
69000
69000
75700
69400
69000
69000
69100
69000
69500
69000
69000
69100
69400
69000
69000
69000
69300
68800
69100
69100
69100
69000
69100
69000
69100
82200
70500
69100
70900
69100
69300
87400
69200
85700
86500
69200
68900
68900
69100
80000
68900
69100
86200
69100
70300
69100
69100
69400
69200
78500
70000
69000
69100
69100
69600
68900
69000
78900
69300
70600
73500
75000
87000
87100
78100
71700
69200
69200
69200
71200
69100
69100
76700
69000
76900
72900
68900
74800
72900
69500
69100
69000
69500
69500
76900
69400
64300
67600
73200
69000
69300
67500
74800
73000
68900
68900
74000
69000
69100
69100
69000
69400
77700
70300
69100
68900
74100
79900
69100
69000
69100
71100
77800
69000
73400
69000
70500
69000
69100
69100
69000
69000
69000
69100
69100
71500
69100
69500
69000
69000
69400
69200
69000
69200
69100
70200
69000
69200
69200
68900
69100
69100
69000
69400
68900
69000
69000
70600
68900
69100
69500
69400
69000
69000
67600
69100
70500
69200
70700
69100
69000
69500
69200
69100
69400
70500
69000
74700
69100
69000
69100
69200
68900
69100
69200
69100
69100
68900
70300
69000
69100
68800
67400
69500
69500
69500
68900
69000
69300
67600
69000
69000
69000
69200
68900
69200
69000
69100
69100
69000
67500
69200
69000
69400
69100
69000
67500
69000
69000
70800
69000
69500
69000
69000
69000
69000
69100
69300
69200
69200
69100
69100
76300
69000
69200
69000
69100
69000
69500
69500
69000
70500
69400
70000
68900
69100
69000
69000
69100
69000
69200
69000
69000
69100
71200
69100
69100
69100
69100
70600
69200
68900
77100
76300
69000
69500
77600
69200
69200
75300
69100
69000
69500
69400
69300
69000
69000
69100
69100
69500
74100
70500
77300
69100
73300
69100
69300
68900
86500
71600
69000
64800
69100
69900
69000
69000
68900
76700
69300
69100
68900
68900
74200
75800
69200
69200
69100
69200
69000
73200
89300
69100
81400
69500
69000
69000
69000
67500
68900
69300
69000
69400
70500
69100
68800
68800
70100
69000
68900
69100
69200
69200
69100
87600
69200
68900
69000
69000
67800
67900
69200
69000
72800
69000
70900
69200
69100
69500
68900
68900
69100
69200
69000
69500
69000
68900
68900
69100
69000
69000
69100
69100
68700
69000
69000
68900
69000
69300
69100
69100
69000
69000
69000
69000
68900
69100
67600
69000
69200
69300
69400
69000
69000
69100
69300
69000
68900
68900
69200
69100
69000
69300
70000
67500
69000
69100
69000
73300
68600
71600
69900
70900
68900
69100
69300
69200
69000
69000
68900
69100
69100
68700
70400
69000
69000
69600
68900
69100
69500
69000
69200
92300
69100
69300
68900
69000
68900
73700
69000
69100
73300
68900
69100
68900
73000
69100
72700
69100
69200
63600
71500
71400
68900
69200
68900
69000
69100
79400
71400
69300
69600
75500
79100
69100
67700
76800
69400
65200
69200
69200
69300
74800
69000
79200
69000
69100
69000
69000
69100
69000
69000
69100
69000
70000
69000
69000
68400
69000
70600
64600
68800
69000
69100
69000
69100
69100
69400
68900
69100
69500
69000
69100
69100
69000
68900
69100
68700
69400
68900
68900
70700
69100
68900
69200
68900
68900
69000
69200
68800
69000
68900
68900
69000
68900
70400
69200
67600
70200
69200
69200
68900
69300
68900
69100
69000
67500
69100
69000
71900
69000
72000
69500
69100
69100
67400
69000
68800
69100
69100
68800
69300
69300
70000
69400
71900
71800
68900
71200
69000
69200
69200
69300
69000
69200
68900
68900
70500
69000
70600
69400
69300
69000
69000
77400
69100
69200
69500
69000
69000
70500
69000
69000
69100
69100
69000
69300
69200
69100
68900
69000
69100
67600
68900
67600
70000
67500
69200
90100
69600
69000
69100
69000
68900
70100
70300
69000
69900
74300
78100
69200
69100
72700
69000
69900
67400
69500
69000
69000
70000
69100
70100
74500
69200
69200
67500
69000
73600
78800
93900
69100
76800
74700
91900
76000
68900
81300
69000
85300
91300
93400
82400
95400
80100
91300
98200
90500
101900
84000
75900
89000
69200
69500
85000
75300
88600
82600
87000
99900
95000
68900
90200
88100
95000
89600
82200
87200
77700
91500
84100
80700
69100
69000
69100
69900
69500
68900
69000
69200
69400
69200
69000
67600
69000
78000
69100
69000
69100
71300
69000
71400
68900
69200
69000
69000
69100
69000
69000
69300
69400
69000
69100
70500
69000
70700
69000
70500
69300
69000
69200
69000
69800
69000
69900
68900
69100
69000
70300
68900
69100
69000
69100
69400
69000
69400
69000
69200
69400
78900
69000
69200
69000
69000
69300
69000
69000
69000
70300
69100
76800
69100
69200
67400
69100
69100
69000
69000
69000
69400
69300
69300
68900
69000
69300
69000
69000
67500
69100
69100
69000
69400
69000
75600
72300
69100
69300
69100
73500
68900
69000
72200
68900
64700
68900
69000
69000
68900
67500
73000
69200
70500
68900
69300
69000
69100
69200
69000
69000
68900
69200
69000
69000
71800
72800
74200
69200
74200
69000
68900
65000
69000
75100
69300
69100
69000
68900
74000
69100
69000
78800
69200
69000
69000
69000
69000
69100
64300
69100
69000
72100
69000
69100
69100
72200
69200
85100
83200
78600
80900
83900
69100
69100
75700
75500
87000
71400
69700
69100
69100
69000
69100
69400
71100
71300
71200
69000
69000
69100
69000
77600
69100
69400
69100
70100
71100
71300
71500
69100
69000
69000
69000
69600
69000
69500
68900
69400
68900
69000
69100
68900
69100
69000
69000
68700
69100
68900
69000
69100
69000
69100
69400
67600
69400
69200
69500
69000
69000
69000
69100
69100
69000
69000
69600
69100
69000
68800
68900
69000
69100
69000
69000
69000
69000
69000
71400
67500
69400
69000
68900
70400
69100
67500
68900
69000
69100
68900
69100
68900
69000
69100
69500
69000
69000
69100
69000
69100
69200
69100
69600
69000
69000
70500
69000
69100
68900
67700
69000
69000
69000
68900
68900
68900
69200
68900
69100
69100
67600
68800
69000
69100
69000
70500
69000
65600
69300
79800
69200
69300
69100
72300
69100
69100
69000
77400
70500
68900
71800
69200
69000
69100
73300
69100
71300
69000
70000
68900
69800
69000
64500
69000
71000
70700
69600
69400
64100
69000
76100
72400
69300
68900
75300
69000
69000
68700
69100
69200
77000
70300
69500
69100
69000
68600
69100
73700
73400
69000
69100
69400
70600
68900
73400
69000
69100
76700
81900
69100
69000
76800
69400
73400
64800
69000
69100
69100
68900
69000
69100
69000
69000
69000
69100
68800
72100
69300
67500
69100
69100
69000
69000
69400
69100
69000
69200
69000
69300
69600
69000
69000
69000
69100
69000
69000
68900
69000
69000
69000
69100
69200
69500
69200
69200
69400
67300
75200
69000
69000
69400
69000
69200
73800
69100
68900
69200
69100
70900
68900
69300
69100
64500
69100
69100
69000
69000
69000
69700
69000
69100
69000
69100
68900
68800
68900
69000
69000
69000
69000
70500
69400
70300
69000
69000
69400
69000
68800
69500
69000
68900
69500
69500
70500
69200
69000
68900
69400
69100
68900
69000
69200
69100
69000
69000
69400
88500
69200
69000
69500
69000
68900
69000
69000
69000
69000
69000
69000
69000
69000
69100
69200
69500
69100
69000
67600
69400
68900
68800
67400
69000
69000
69200
69100
69400
69200
69000
68900
84500
69200
69000
69100
75700
69000
69100
69100
72300
69000
69000
70700
69000
74200
70600
70800
68900
69100
78600
68900
78000
69500
69400
68900
69100
69400
78000
69200
75000
69000
69000
69500
68900
69800
69200
69100
73700
69100
67400
72800
69000
69400
69000
70200
69200
69100
71900
71000
68900
76600
68900
69200
74500
76800
74600
69000
67500
77500
68900
77400
69000
67400
68900
69000
64400
69000
69100
69300
69000
69400
69200
69200
67500
69000
69000
69300
69000
69000
69000
69600
69000
75600
69200
68800
69100
68900
68900
69100
69000
69200
68900
69000
69000
67500
69000
69000
69000
69000
69100
68900
69200
68900
68900
71500
69500
69300
69100
68800
69100
69000
69100
69000
70600
69200
68800
68900
68900
69200
69000
69300
68900
68900
68800
69300
70000
70500
69000
69000
69400
68900
68900
69000
68800
68900
69400
68900
76500
69500
69000
68900
68900
68900
69000
69000
69200
69000
68900
69000
69100
69000
68900
68900
68800
68700
69000
68900
69100
68900
71000
69300
70500
69100
68900
69000
69100
69400
68900
69000
68900
70500
69100
69100
69100
69000
69000
69000
69000
68900
69000
69100
69000
67800
70400
69100
69000
69100
69000
68900
69000
69200
69100
74800
69000
68800
69000
68900
69000
69100
68900
69200
74200
73200
70100
69000
77700
76900
68900
69100
69000
86300
69200
69100
69000
69600
69100
69100
77200
71900
68900
69000
69500
70500
68900
64100
68900
69000
75300
67300
70600
68800
73200
73100
69000
68900
79500
69200
69100
75200
69500
69000
69100
72000
69000
69900
69000
83800
77300
69500
69100
69100
69100
71700
69200
68900
73200
69100
69100
80600
73200
69100
68900
68900
70200
69000
69500
69000
69100
68800
69200
69000
69200
68800
69100
64700
69000
69100
67600
69500
68900
69500
69300
68900
69200
69100
69700
68900
69000
69000
69300
69000
69100
69400
69100
69000
69100
70200
69300
67900
69100
69000
69100
76300
69000
69000
69200
69000
70600
69000
64200
69100
69000
69100
69100
68900
68900
70500
69100
69000
69300
69200
69000
69000
68900
68900
69000
69000
67600
69000
70000
69100
69100
69100
69000
68900
67500
69100
69400
75700
68900
70100
69000
67400
69100
69200
69000
69000
69100
69100
70400
69000
69000
68900
69100
69000
69000
69100
73400
69100
69100
69100
69000
69100
67400
69200
67700
69000
68900
67600
69200
67500
69100
69000
69000
68900
69500
69400
69100
69000
69100
69100
69000
70400
69400
69100
69500
67400
69000
68900
68900
68900
69000
68000
69300
68900
69100
69100
69000
69000
78600
71200
69000
64200
91200
69300
69100
76500
69100
74300
69500
68900
73600
73200
69100
69000
69800
69000
68900
69100
69500
69000
88300
84400
101200
82200
75300
89400
79500
91700
87500
73400
81800
72400
75400
84300
69200
89600
88200
98300
68500
94400
90500
72800
68900
95900
92300
69000
69000
69400
73700
72600
72200
69000
73900
72700
69000
69100
69500
69300
69100
69000
69200
69100
69300
68800
69000
69000
74400
70600
69000
69100
69100
68900
69200
68900
68900
68900
69000
69000
69100
69900
68900
69200
69000
69100
68800
69000
69000
69000
69000
68900
69000
69000
69100
69000
69000
68600
69000
69100
69000
69400
69000
69100
68900
69400
69200
69100
69000
70500
64900
69700
69000
69100
69100
69000
69100
69000
68900
67500
71400
69000
70500
72900
69000
69000
69000
69300
68900
69500
69000
68900
69000
69100
69100
64700
69200
69100
69300
69100
69000
70000
69000
69300
69100
71200
69400
69200
69000
69100
69400
69000
69100
69100
69100
68900
69100
70800
69100
69100
69000
69500
69300
69000
69200
69200
70400
69000
71500
69100
69000
69100
69200
69000
70000
69200
69200
70500
69100
69400
69300
69000
69200
69000
69000
69100
69300
69200
69100
69100
69000
70600
69100
70700
68900
69000
79800
74100
72500
69200
69100
69000
71000
69100
69300
69000
69000
69300
69200
69000
69100
78900
69100
69000
68900
69600
68900
69000
90100
73600
69100
78000
73000
68800
69100
68900
73900
68900
69100
69000
68900
73500
69000
69900
77600
69500
69100
69000
77800
69500
69100
69400
76700
69100
69100
68900
68900
80100
69000
65800
67300
69200
74100
68900
78400
69000
69000
68900
69300
69000
69100
69100
68900
69100
64200
69700
68900
69000
69000
69000
69100
69200
69100
69500
68900
69100
69100
69900
69100
69200
69200
69000
69100
69100
69200
69100
70100
69000
68900
76800
68900
68900
69400
68700
68800
69100
69000
69100
69100
71200
71200
69200
83000
69000
69000
69000
68900
69100
69500
67500
69100
69100
69200
69300
69000
69000
69000
69000
69200
69000
70000
69100
69200
70600
69000
69200
69100
68900
69100
69000
68900
68900
69000
69000
69000
69100
68900
69200
69400
69000
69400
68900
69500
2303200
69100
69100
69300
69100
69000
69000
69000
68900
68900
67300
69000
69000
70400
68900
68800
69000
69000
69000
68800
69100
68900
69000
69000
68900
69000
67500
68900
69000
68900
68700
68700
69000
68900
69000
69000
69100
69000
67600
68900
69300
69100
69000
70500
90500
67800
69100
74600
69700
68900
71400
69000
69000
69100
68900
72500
68700
68900
74600
74800
68900
69300
69000
69000
77200
69100
68800
68900
72500
69400
69300
69000
69300
75900
70800
69000
80000
69100
75000
69000
69000
73400
78000
68900
68800
76400
69100
77400
68900
69000
75700
70300
68900
69300
78300
70000
69100
69000
64800
69000
73100
69100
69000
84000
68800
68900
68800
69000
69300
69000
73300
68900
67500
69000
70300
69000
68700
69000
68900
67500
68900
68800
69000
68900
69400
70600
68900
69100
68900
68900
69000
68900
69000
68900
69000
69200
71200
71200
69000
70000
69100
68900
68100
69600
68900
68900
68800
69100
69100
67500
68900
68900
69000
71600
68900
70500
68900
69300
69300
69000
69100
69000
68700
67500
70600
68800
69300
68800
69000
69300
68900
68900
68800
68900
68900
69000
68900
68900
68900
62900
68800
69000
69000
68900
69000
70800
69000
70400
69000
68800
69000
69000
68800
68900
68900
69000
69000
68900
70300
69000
69000
69000
69000
68900
69000
69100
69400
69400
69000
70200
69200
68900
69100
69000
68900
69000
69100
69000
68900
68900
70800
71800
69300
69000
68700
68800
68900
68900
68900
68900
68900
68900
69000
69000
69000
69000
68900
69300
69000
68900
69100
69000
78000
65200
69000
69000
69000
69200
69000
69000
69100
69000
69000
69400
69000
74200
69100
69100
77600
69000
67300
69200
74400
69000
70700
68900
69300
68700
69000
68900
69100
69300
62500
69000
72800
69100
73400
65800
68900
69200
70200
72300
69000
70100
69100
100800
82600
77200
69200
65300
69300
69100
90900
69100
68900
70500
69000
68900
71400
68900
75100
68900
70100
69100
71500
69000
69000
79200
68900
68900
72800
71400
69000
68900
77500
72800
69100
69000
68900
68900
69200
69000
68900
64400
68900
68900
69100
68900
69000
68900
68900
72900
69000
68900
69400
69000
69300
69000
68900
67500
69000
68900
68800
69000
69000
68900
69100
68800
68900
69400
68900
68900
69000
68900
68800
67300
69000
68900
69000
68800
69000
69200
68800
68900
67400
68800
69400
69000
69100
68900
68900
68900
69300
68900
70300
69100
70800
69200
68900
69000
69000
69300
68900
69000
68900
69300
72300
68900
69000
69100
68800
68700
68900
69000
69000
68900
68900
69000
70500
69000
69300
69000
69100
69000
69000
69100
69300
71200
69300
70000
69800
69000
69000
67400
69100
68900
69100
69400
68900
69100
69000
69100
68900
70400
69000
69400
69000
67400
69000
68900
68900
69000
69300
69000
69000
69300
69100
71800
68900
71900
68900
72400
68900
69400
69000
69000
69000
69400
68900
69400
69000
69000
71200
69100
69000
67300
69000
67400
69200
69000
68900
69100
68900
69000
69000
69200
69200
69000
69000
69000
68900
79400
75100
69000
67500
77600
69000
69300
69200
88800
69100
69000
69000
76400
74600
64400
69100
77400
69000
75700
69100
69300
74500
84500
72900
69000
78300
69500
69000
69100
72300
67400
68900
68800
69500
68900
75200
69300
69000
73400
71800
68900
69000
69100
70400
69300
73000
68900
68900
72600
85300
78700
88800
83700
69100
67100
89600
78600
75300
68800
81600
86500
80800
87300
74700
78800
78100
85100
98400
75900
71300
91200
68900
69000
76400
91900
72900
90200
73000
99600
88700
104300
89300
68600
91000
76200
75900
69100
94800
84400
84700
68900
71200
70400
68900
69700
69300
69000
69100
69300
68900
68800
69000
69000
69000
67300
71100
68900
68800
68700
69400
69000
67500
69000
68900
68800
69000
64400
69000
69300
68900
69000
70400
69000
67400
68800
69000
68900
69300
69100
69200
69000
68900
68900
69400
69000
72200
69400
69100
69000
69400
69400
69400
69000
68800
69000
69200
68900
69000
69000
69100
69000
69500
68900
69000
70200
67400
70400
69000
68800
68900
69200
69000
67500
69000
68900
68800
68900
69000
69000
69100
68900
68900
68900
68900
69000
68800
68800
68900
71100
73800
69000
69000
69000
69000
83400
70500
69100
70400
69000
68900
72500
73000
69100
69400
69000
69100
72900
68900
70000
75500
77500
68700
69100
69300
69400
68900
86200
75800
65900
69000
69000
68900
68800
70900
69300
69000
69000
88600
69000
69000
69200
69000
78300
69000
68900
69100
68900
68700
74400
69000
73500
75600
68900
69000
69400
73200
68900
69400
68900
69000
69000
69000
68800
67400
69000
73900
69000
69000
69000
69000
67400
68900
68800
69400
68700
69000
87800
67500
69000
69400
69100
68900
69100
68900
69000
85400
68900
70200
69100
69100
69300
69000
68900
68900
69000
68900
69000
68900
69000
69500
68900
69000
69000
69000
69300
68800
68900
68900
69000
68900
63000
68900
68800
68800
69300
69000
68800
69000
68900
69000
68900
69000
68900
69000
69200
68900
69000
68900
69000
69400
68900
68900
69100
69000
68900
68800
68900
69000
69000
69000
69000
69000
69100
68800
69000
68900
67400
69100
69100
67400
69500
68900
68900
68900
68800
69000
69000
69000
69100
68900
68900
68900
68900
70700
69000
69200
69300
69000
68900
69500
69000
69200
69000
68900
64200
68900
71200
69100
69000
69000
68900
68900
69000
69000
68700
69000
69000
69000
70500
68900
74200
70400
79000
69100
68900
68900
73600
72700
74400
67700
72900
68800
68900
77400
70200
78400
73900
69300
64400
74600
73200
69000
71900
73900
69100
70300
74400
79300
75300
69000
73300
68900
69000
69000
75700
69100
68900
69100
68900
68900
75900
73100
69000
68900
69000
68900
67700
74900
68900
69000
72000
73100
67500
68900
74000
69100
69000
73300
71700
76500
69900
69000
70500
68900
85400
69000
69000
68900
69200
69000
68900
69100
69000
69000
69100
69100
68900
68900
69000
68900
68900
69000
69200
68900
78900
68900
64700
69000
69000
69000
67400
68900
68900
70300
69000
67300
72600
68900
69000
68800
68900
69200
69000
69000
69300
69000
68700
69000
64300
69000
69000
69000
69400
68800
69400
68900
68900
69300
68900
69300
69000
69100
68900
68900
69000
69200
69000
69000
70300
68900
69100
68900
69000
68900
68800
69000
68900
68900
69000
68900
68900
68900
69000
69300
68900
69000
69000
68800
68900
69100
69100
71800
69400
64600
68900
69100
69000
68900
69100
70500
68900
69400
69000
69200
68900
69000
69300
69100
69000
67400
68800
68900
69500
69400
68900
69100
68900
69300
67400
69000
68900
67400
69000
69000
68700
67500
69000
67400
69000
69100
67500
68900
69400
69000
69400
69000
69000
69100
69000
69000
69000
69000
69000
69000
71300
74200
72600
69300
69000
68800
69000
72800
69000
67500
74400
80900
69000
68900
69000
69800
68800
69200
68900
70800
69000
70100
69000
69100
68900
74300
68900
69000
69000
68900
69100
68700
78800
69000
69000
69000
68900
64300
69000
69400
69000
68800
77000
68900
69100
69400
69700
70200
68900
69200
63700
68700
75100
68900
70500
69100
68900
73200
69100
68900
68900
69200
69000
68900
69000
68900
69300
68900
69000
69000
69000
69000
68800
68800
69000
69000
69000
68800
69000
68800
69000
69000
68900
69000
68900
68900
69100
69000
69000
68900
68900
68900
68900
69300
68900
67400
69000
69000
68900
68900
69000
69000
68700
70300
69100
68800
68800
68900
69000
68800
69000
68800
76400
69200
69000
69000
69100
68900
69000
69000
68800
69100
69000
82800
68900
68900
67400
67400
68900
68800
69000
68900
67800
69000
68900
69000
70200
69100
69000
69000
69000
69000
69000
69000
68800
68900
69000
69000
69100
68900
68900
69000
69000
67500
69100
69400
70200
67400
70400
68900
69000
68900
68900
76200
67600
70300
68800
72700
68900
69000
69000
69000
68900
68900
68900
68900
70300
69000
68900
69000
69400
69000
68900
69200
68900
70900
68900
68800
69000
69000
68900
69100
68900
69000
69200
69000
70200
69000
84000
69000
69000
69300
68900
78400
69000
74000
69400
69300
71600
68800
71100
75800
73000
69000
69000
68900
73200
73700
68700
69200
73900
69000
73300
69000
73000
69000
68900
68800
69200
70200
72800
69000
73900
73300
69400
69300
69000
77700
68900
73400
69000
69100
69000
69300
64800
78500
69300
69000
69000
75100
69000
69200
74300
69000
69000
69000
69100
69000
69400
69000
69000
69400
68700
77300
72800
69000
76800
69000
68900
69300
70400
69300
69300
69000
68900
69000
69000
73500
69000
68900
69000
69000
68900
68800
68900
68900
68900
68900
68900
69000
68900
69300
70200
69000
68800
69400
69000
69000
69000
67900
68900
69100
69300
68900
69100
69000
68900
69200
69000
70300
68900
72300
69000
68900
68800
68900
68900
68800
69000
68900
69000
69000
68900
71300
68800
69300
71500
68900
68900
69400
69000
69100
69000
69000
69000
69400
69300
68900
69100
68900
69000
68900
69000
69000
69000
69100
69200
69000
70500
69000
70400
67500
69000
69000
69300
69000
69000
69000
69400
69300
69100
68900
68900
69300
69300
69000
69000
68700
69400
68700
69000
73700
72400
69000
69000
78800
68900
77700
69000
68900
69000
67400
70600
68900
69100
68900
72900
69000
80400
69000
70500
69000
77900
69100
69000
69000
68800
69100
69000
69000
69000
69500
69100
69000
85400
69000
69300
69000
68900
76500
69000
68900
69000
78300
68900
68800
68600
76600
68600
69000
68800
70000
69100
69100
69300
67500
69100
72200
79100
71800
69000
68900
68800
69100
68900
68800
68900
70300
69000
70400
68900
68800
69000
73100
69100
68900
67500
69000
69000
69000
69000
68900
69000
67500
69000
68900
69100
69000
67400
69000
67300
72000
67300
69000
69400
69100
68900
67400
69200
69000
96200
69000
68900
69000
69000
69000
67500
69000
69400
68700
69000
70300
68800
69000
69000
68900
68900
68900
69000
68900
68900
69000
70400
69000
68900
69000
68900
69300
72200
68900
69000
68700
69000
69100
69100
68900
68900
69400
69000
75900
82200
67300
69700
68900
68900
69100
68800
69000
69100
69000
67200
69000
69000
68900
68900
83900
68700
67500
69300
69000
68900
69000
69000
68900
70200
69200
70200
69000
68900
69000
69000
69400
69000
70300
69000
70400
69000
68900
68900
69000
68800
68900
69000
73100
68900
69000
70500
68900
69200
69000
67400
67400
68800
69300
69000
69000
69000
77300
69000
67500
69000
68900
69300
68900
74100
68900
69000
69000
76500
77900
72700
69000
68900
68800
68900
77000
69000
69000
69400
64800
68900
70400
76600
78400
68900
65800
69000
76000
85400
76300
68900
73000
68800
69000
69000
69000
68900
69400
73600
69000
69000
73900
69100
72900
72900
68700
69100
69400
72300
69000
69800
69000
71800
68900
69300
74300
68900
68900
72900
68900
69000
68800
69000
68800
68900
68900
68900
69100
68900
69000
70300
68900
68600
69000
69000
68900
69500
69000
68800
69000
69100
68900
69100
69000
69000
69000
68900
68900
69500
68900
68900
69000
67400
73600
68900
74200
68800
69100
69000
69000
69300
69000
68900
70500
68900
70300
69100
69000
68900
69000
68900
68900
69000
69000
68900
68800
68900
68900
69100
68900
68900
68700
69000
68900
69400
68900
70500
69000
69000
69100
68800
68900
69400
69000
69000
70800
69100
70500
69000
68900
67400
69300
68900
69000
69000
68900
68900
68900
77000
68900
68900
69000
68900
69000
68900
68900
68900
69000
69000
70200
69000
67400
69300
69300
69000
69000
67500
68900
69000
69100
69100
69000
68900
69100
65900
69000
69400
74400
69000
69100
69100
68900
77500
90400
73400
68900
69400
69200
69000
78400
69000
68900
69000
69200
69100
66800
68700
67300
69000
68900
68800
68900
69100
73200
69000
69100
72900
73100
68900
69000
69000
69000
74800
69000
69000
79300
68900
69300
77800
69300
68900
68900
73600
69000
70700
72300
67300
69200
73400
70700
76700
69000
68900
73100
71000
69000
68900
69400
69000
70900
69000
70000
68900
69000
75600
69000
70200
69000
68700
69000
69000
68900
69000
68900
69000
68900
67300
64700
72700
69300
68900
69000
68800
69000
70300
69300
70400
69000
67600
69300
69000
68900
69000
69400
64200
84100
68900
69000
68900
69000
69000
69000
67500
69100
67300
68900
69300
69200
69000
69000
68900
69000
68900
67400
68900
69000
68800
69000
69000
69100
68800
68900
68900
68900
69000
69000
68900
67300
70300
68700
69000
68900
68900
71800
69300
69000
68800
69000
69100
69400
68600
69000
68900
69000
68900
68900
68900
69300
69000
68900
68800
68900
68900
69100
68800
68900
68900
68800
69000
68900
69000
69300
69200
68900
67500
68900
68700
69000
69000
69000
69000
69000
69100
68900
69100
68900
69000
68900
69000
69000
68800
69200
68900
74800
69000
72300
78900
73400
68900
69000
70600
69000
65000
69000
69400
70800
69100
71100
71500
68900
72600
69000
70700
75700
69600
69000
68900
70800
69300
74800
72900
70700
69000
69200
69100
69100
77400
68900
69000
69200
69500
70900
69000
69000
69000
68600
74400
68900
69400
69000
74400
68900
68900
69000
73900
68900
69000
99600
68900
69000
69100
68900
74200
69300
73300
69000
69200
69100
68900
69000
68900
68900
69000
69100
69000
68900
67500
69100
70200
68900
70600
68900
68700
68900
69000
68900
69000
69000
68900
69000
68800
69000
69000
69100
68900
69200
68900
68900
69000
69000
70400
68700
69100
69000
69400
69000
64300
68900
69400
69100
69300
68700
69000
68700
68900
68900
69000
69000
69000
71800
68900
69000
68900
69000
69100
67400
68900
69000
69100
68900
68900
69000
69200
69300
68900
68900
68900
69300
69100
68900
69100
68800
69100
69000
71800
69100
70300
69000
69000
68900
69300
68900
69000
69000
65200
69300
68800
68900
69000
69000
69000
68900
69100
69000
69000
68900
68800
69000
70300
69100
69000
69100
69000
69000
71200
69200
82800
74100
70300
68900
72900
69300
69000
69000
81800
68800
64400
68900
69000
68900
68800
70300
74000
73300
68900
69000
68800
68900
76600
68900
68900
69000
69000
68900
69100
68800
68600
79100
68800
69100
69000
68900
68600
68900
69700
69000
69000
68900
69000
68900
70400
69100
77600
69100
69000
69400
69200
69000
69000
70400
78100
69300
71600
69100
69300
72500
76300
72800
71900
71700
68900
68900
69000
68900
69000
68900
68900
69000
69000
69000
69000
67300
69000
69000
69300
68900
68900
69000
69200
68900
69000
68800
70300
68900
85100
69000
68900
69000
68900
69000
69000
69000
69000
70700
68900
68900
68900
69000
69600
69500
68900
68900
68900
69000
72800
69000
68000
69000
69000
68900
69100
68900
68900
69000
69000
70800
69000
70500
68900
69000
68900
69100
69000
68900
68900
69000
69100
68900
68900
69000
69000
69000
69300
69000
69000
69000
69000
67500
84600
94700
83700
73000
69100
69000
69000
83000
68900
69100
94000
99700
68900
86400
89500
75200
80600
85300
83600
92100
89000
82400
81400
91200
92700
68800
93500
69100
69500
68800
92300
73400
95000
69000
72000
87500
83600
91400
72400
93200
94700
68900
88000
82100
88500
68900
68800
68800
69000
91000
69000
69000
75100
87200
69400
69300
82400
69000
69200
76900
69100
69100
69000
69000
80600
75500
68900
69300
79200
68900
72600
75000
72400
68900
68700
76200
77800
74300
71200
73800
68900
71500
76400
69000
68900
68700
71500
70000
69100
69100
75500
69400
68900
69000
68900
69100
68800
73200
75000
69200
68900
79100
69100
69000
76100
72900
69000
69000
73600
69000
69000
69000
69500
69000
69000
70500
68900
70700
68900
69000
68900
68900
69400
68900
69300
69400
68900
69000
68900
69200
69000
73300
68900
68900
69000
68900
68900
70300
68800
69000
69000
67600
68900
69000
68900
69100
69100
68900
69000
69000
69100
69000
69000
68800
69200
69000
69300
68900
68900
70000
69000
69000
69100
69000
69000
69300
68700
69300
70300
69000
70300
69000
69300
68800
69200
68900
69000
68800
69000
69000
69000
68700
69000
69000
69000
68900
71700
68900
68900
70300
69000
68900
71100
68800
69100
68900
69000
69000
68900
69000
69000
67600
69000
68900
69200
71200
71300
68700
68700
69000
69100
69000
68900
69100
68900
68900
68900
68900
68800
69400
69000
68900
68700
69000
67700
67600
69000
68900
68600
70800
68800
69200
68900
69000
69000
69300
69000
68900
67600
69000
70500
71700
68900
69000
64100
68900
69200
71900
69400
69000
86800
68900
69000
69000
70200
69300
68900
67400
72200
69100
68900
69000
68900
73900
68900
69000
69000
68100
68900
65500
69000
75200
68800
77600
68900
79500
69000
69000
69000
64500
69000
69000
69100
70700
70900
74700
69000
69300
69000
69000
72500
69300
68700
69100
68900
79300
68700
77200
69200
69000
81800
73200
69000
68900
68900
87100
69700
68600
64700
69000
69000
68900
69200
69100
68900
68900
69000
69000
69100
69000
68900
68900
69300
69100
69000
69000
68900
68800
69100
69000
69000
68900
69100
69000
68900
69300
69100
68800
69000
69300
69000
68900
69300
68900
68900
68900
69000
68900
68900
69000
70500
69000
74400
69000
68900
67400
69000
69000
69000
70600
69300
70400
69000
69500
68900
67500
67800
69000
68800
69200
70400
68900
69100
69000
68900
68900
64400
69000
68900
69100
69300
68800
68800
69300
69000
69400
68700
69400
69400
68900
68900
68900
70800
69000
70200
69000
69000
68800
68900
69000
68800
68900
68800
70800
67800
69000
67400
71200
68900
69100
68800
68800
68900
67400
69300
69000
68900
69000
69300
69000
68900
69000
69100
69000
69000
70400
68800
68800
69000
67600
69000
69000
69000
68900
67600
68900
68800
69400
70500
69000
69100
69000
68700
69200
69700
69100
74700
68900
69100
69000
64800
99200
68900
68900
79400
69300
69000
70700
68900
69000
69000
2233600
69500
69100
69100
79100
68800
69000
73300
81000
69000
68900
69200
77200
69000
69100
69100
67500
69100
68900
69300
68900
74200
69000
96300
69100
69100
69000
68900
68900
68900
69000
68900
67800
75900
68900
75700
69000
69100
69000
69000
69400
69100
68900
63300
69000
68900
69000
69000
69200
69000
69100
69400
68900
69000
69000
73200
69100
69000
69100
69000
69000
69100
69300
68900
69100
68900
69300
69000
69000
68800
69100
68800
69000
69100
68900
69400
70400
69300
70400
68800
70500
69000
68800
68800
68900
68900
69400
69000
69400
68900
70700
69300
69100
68900
69000
68900
67500
69000
69000
68900
68800
70400
69400
69000
69000
68900
69000
69300
69100
69300
68900
69000
70500
69000
69100
69000
68900
69400
69000
68900
68900
69000
68800
70200
69200
68900
68700
68900
69000
69300
69100
69000
70400
69300
70400
69000
68900
68900
69000
69300
68900
69000
69400
69500
69100
69000
69000
69100
69000
69000
69000
69000
68900
69000
69000
68900
68800
67400
68900
68900
70300
68900
68900
69400
69100
69100
71500
68900
69000
69000
69000
68800
68900
69100
69500
69000
68900
68900
72600
69100
77700
70400
79700
69000
72900
72200
69000
69200
69000
69400
68900
69100
69000
72800
69400
69100
68800
71700
69000
71600
69600
65000
70300
68900
68900
69000
67600
72300
68900
69000
68800
72800
68900
68900
69000
69000
69000
64200
69400
69000
69100
73100
69000
78500
68900
75800
69100
92400
76600
68900
69600
69300
75700
69100
69000
69000
73300
69400
69000
76000
68900
69100
69100
68900
78700
69000
68800
68800
68800
69300
69000
68800
69300
69100
68900
69300
69100
69100
69000
68900
69000
69000
68900
68900
69000
69100
68900
69300
69000
69000
69000
70300
68900
70300
68900
69000
72700
69300
69000
69000
69000
69000
68900
69000
70400
69000
68900
71300
68900
68800
69400
69000
69000
69000
68900
68900
69000
69300
69100
69000
69800
68900
69200
68900
69100
69000
69400
68900
68900
69000
68900
69300
68900
68800
68800
69000
69000
68900
69000
69000
68800
70400
67400
70300
68900
69000
69300
69100
68900
69000
69300
70400
68900
68900
72800
69000
68900
69100
65700
69000
69000
69400
69100
69000
69000
67500
69000
68800
69000
71500
69000
74000
67400
68900
67300
69400
69000
68900
94500
68900
69000
69000
69400
68800
69000
68900
69000
67700
67600
69000
69400
69400
68900
70200
69000
69000
68900
68900
69000
69400
69000
68800
69100
69000
68900
69000
77800
69400
64400
67500
68900
68900
70500
68800
69000
69000
76300
66700
68900
70600
69000
69000
68900
68900
68700
69000
69000
69000
68900
73700
68900
69000
75200
69100
69000
70400
69500
68900
68900
72100
73200
69000
76500
68900
68900
72000
69300
64600
69000
71200
68900
69000
69400
68800
68900
80600
70700
74700
68900
68900
68800
73900
69500
70600
69000
69000
69600
73000
68900
68800
69000
69000
69000
69100
67400
69000
67400
68800
69000
70800
68900
69000
69100
69000
68600
68800
69600
68900
70200
69000
68900
69100
69500
69000
68800
68900
69000
70300
69000
65600
68900
68900
69000
68900
68900
68900
68900
69500
69000
69000
69100
69000
69300
69100
69400
68900
72800
69000
69000
70800
67500
70400
69500
69600
68900
64600
70400
67300
70200
69000
68900
68900
68900
69100
69300
70400
69000
70700
69000
69100
69000
69000
69100
68900
69000
69400
68900
69000
68900
69400
69000
69000
69000
68900
69000
69000
68900
69000
69000
68900
68800
69000
69100
68800
68900
69000
68900
69500
69100
69000
69000
71400
69000
68900
106600
69100
68900
70500
68900
68900
68900
68900
68900
68900
69100
68900
69000
68900
69000
69000
68900
68800
69400
69000
68800
68900
69100
69000
69400
69000
69400
68900
69000
64300
67500
69300
73000
68900
69200
69400
69100
68900
68900
69000
69600
73900
72600
68900
69500
68900
69000
69100
73500
64200
69400
71100
79300
68800
69000
69400
64300
69000
69000
68900
69400
68900
69100
69000
68900
79000
68900
69100
69500
77900
69000
68900
69000
68900
67400
78600
77400
69000
68900
73700
68900
69000
68900
69000
73800
68900
69100
69100
73600
68800
69000
70600
69000
69100
69000
69000
69200
69000
71100
69400
69100
69400
69100
69500
68800
68800
67500
74700
69000
70400
68900
68900
69400
68900
68900
69000
69000
64300
69000
69300
69000
68800
68800
68900
69100
67600
69000
69500
68900
69000
69400
69000
68900
69000
69500
69600
69000
69000
68900
67500
68900
67400
68900
68900
69500
68900
69400
68900
68800
69000
68900
68900
68900
69000
69400
69000
69500
69000
69000
68800
68900
69000
68900
69000
69300
68900
69000
69000
68900
69000
69100
64300
69400
69000
68900
68900
68900
69400
69000
68900
69200
69100
70700
68900
70200
69400
67400
68900
68900
69000
68800
67400
69000
68900
69000
70500
68900
69000
68900
68900
68900
68900
68900
68900
69000
69500
69400
69000
69300
67400
69000
69100
68900
69100
68900
69000
67500
68900
71100
68900
69200
69000
69400
68800
69100
68900
69100
73200
68900
78900
68800
68900
68600
75200
69100
69000
74300
74700
69000
69000
69000
69000
69000
68900
68700
77300
81300
68700
69000
74700
68900
69000
68900
71000
68900
68900
69400
73800
72500
69200
69100
69000
69000
69000
73400
70400
69000
69100
69000
66200
71000
72100
67600
73500
69100
69000
68900
70100
68900
69600
68900
71700
67900
69000
69000
73400
69000
69000
68900
68900
69000
84100
68900
69000
68900
67400
69000
68900
69100
68900
69000
68900
69400
68900
68900
69000
69400
69400
69000
67400
69300
68900
69000
69300
69000
68900
68900
67300
68900
68900
69000
69400
69000
70400
69100
67300
69000
68900
72300
68800
69100
69100
68800
69000
70200
68800
68900
68700
69000
68900
69000
68900
69000
68900
68900
68900
68800
68900
68900
69000
69000
69000
68700
67400
70600
69100
68900
68900
69300
69100
67500
69400
69000
68900
69100
83800
69400
69000
68900
67400
68900
69000
68900
68900
69000
69100
70100
68900
68700
68900
68900
68900
68900
70600
68900
70700
68900
70600
69000
69400
67500
69000
69000
68900
68800
67500
69000
68900
69500
69100
68900
68800
68900
67500
68900
69500
69500
69100
68900
69100
69500
67300
69000
69300
70400
69000
70500
69000
68900
69000
68900
68900
68900
67500
68800
69200
78600
95400
68900
69000
77600
68900
68700
68900
69000
86800
64700
69300
76400
76400
68900
69000
69000
69000
69000
76700
69000
69500
76400
69500
76700
88200
76500
64700
69100
69000
68200
68900
68900
69100
75200
69300
68800
75000
68900
70500
74600
70200
69000
67500
75100
67300
68900
69000
74500
68900
69000
72500
68800
69000
68900
76100
69000
69300
73500
69000
65400
68800
69000
68900
67700
68800
68800
74000
68800
69000
69000
69000
69000
68900
68800
68800
70200
69300
68900
69000
69100
69600
68900
68900
69000
70400
69000
70300
68800
68900
69400
68900
69600
69200
67300
68900
68900
69000
68900
68800
68900
69000
69000
69400
69000
69400
68800
69000
69000
69000
68800
64600
69400
68900
68900
69000
68900
69400
70100
69400
70600
68800
72100
69400
68900
69100
68900
67300
69000
70400
69600
69400
69400
68900
68900
69200
68900
68900
70800
68800
76000
68800
69000
69400
68900
68900
69000
69000
69100
69000
67400
68800
68800
69000
69000
69000
68800
69400
68900
68600
71000
69400
69000
69000
69400
68900
69000
69100
69000
69000
69000
70500
69000
69000
69000
69400
69300
71200
68900
68900
68900
69000
71600
69000
69300
68800
69100
69500
69000
67300
68900
68900
68900
68700
69300
69000
69000
69000
68800
69500
68900
77100
69000
68900
69600
69400
69100
69500
68800
64700
69100
73200
69100
73000
68800
72300
77900
69000
70600
69100
70500
69400
69700
69000
71600
69300
69400
69500
70600
68900
68900
69000
71600
67400
70300
68900
72900
69000
68900
69000
65600
68900
68900
69300
71000
69200
67500
69500
70600
68900
69000
68900
75700
68900
68900
70400
69000
68900
69400
68900
69000
75100
68900
77500
65100
69500
69400
69000
69100
70400
69200
69300
69500
69000
69500
69000
69100
67500
70400
68900
69000
69000
69000
69000
68900
69000
69400
72800
69000
69000
69000
69100
70900
68900
69000
69000
68900
68900
69100
69100
68900
69500
68800
67300
69500
69400
69500
69000
69100
68800
69100
69100
69000
68800
69000
69000
69100
69500
68800
69100
68900
69000
69000
69100
68900
69000
69000
69100
68800
90500
72000
84900
68900
77500
69000
80400
69400
68800
85900
69400
86100
80600
75600
89500
85900
68900
88800
91100
76700
80700
85400
86000
94200
80200
87400
69600
69500
80800
82400
88400
95200
109800
83800
94100
90600
91200
86000
79900
90900
85600
94900
79900
91700
68900
68900
69300
69000
81900
67400
68900
67400
69000
69100
67400
69000
67500
69000
67400
68800
71700
69500
69000
68900
68900
64000
70500
69400
68900
73400
69100
77800
68900
68900
69000
68900
69000
71200
68900
67200
68900
68700
72900
69000
69000
69000
77200
68900
68900
69000
72200
69300
69100
70800
76200
67200
69000
68900
69000
68900
67200
76100
64800
69000
69300
63400
74900
69400
68800
68900
68900
64300
78200
70900
69100
73900
68900
69000
68900
69100
68800
73500
69000
68900
75100
68800
69000
68800
68900
69000
69000
68900
69000
70400
69000
69100
68900
69000
69000
69000
68900
69000
68900
69000
75200
68900
68900
69000
69000
69000
69000
68900
68900
68900
69000
68900
68900
68800
69000
68900
69100
69000
69000
68900
85000
69100
68900
68900
69000
68900
69100
69000
69000
74100
67600
70400
69000
68900
69000
72100
69000
69000
69000
68800
69000
69000
68800
69000
68800
68900
67500
69000
68900
68900
68900
68800
68900
68900
69000
70400
68900
68900
68900
69000
68900
68900
68900
68900
68900
69000
70400
69000
69100
68900
69000
68800
68800
69000
68900
69000
68900
69100
68900
64100
68900
67500
69000
69000
68900
69000
69000
69000
70500
69100
71100
68900
68800
68900
69000
69000
69000
67100
68900
69000
69000
69100
69000
68800
69100
68900
68800
69000
68900
68900
69100
68800
68800
68900
70400
68900
69100
68900
67300
68900
68900
72700
68900
68900
73600
68900
69200
81000
69100
69100
69000
69000
67300
68800
87900
69000
68800
67200
64200
70300
68900
75000
69000
68900
82600
75900
68900
74700
82000
68900
69000
77400
68900
68900
69000
69000
77200
69000
69000
68800
70600
68900
69000
68900
69000
69600
72900
69000
72500
79300
69000
69000
76000
69000
68900
77700
69000
69300
68900
70300
69700
68900
68900
68800
91400
68800
70200
68900
68900
68800
69000
68900
69000
69000
69000
70400
68900
69000
69000
68800
72200
68900
68900
68800
69000
68900
68900
69200
69000
68900
69100
68900
68900
68900
68900
68900
69100
68800
68900
69000
69100
68900
69000
68800
68900
67400
69000
69000
70300
67200
73800
68900
69000
68700
68800
68900
69000
68900
68900
68800
69000
70800
69200
67200
69000
68900
68900
69000
68900
68900
68800
69100
70200
69000
70300
71800
69100
68900
69100
69000
69100
70400
68900
70300
68900
68900
69000
68900
68800
68900
69000
68900
63400
69000
68900
69000
68900
68900
68900
68900
69000
68900
68900
68900
69000
69000
69000
68900
68900
69100
89800
69000
83100
68900
68900
69100
74000
70700
68900
68900
64800
69000
70500
69100
70700
68900
69000
72500
68900
69100
72300
70300
68900
77400
74200
68900
68800
68900
72500
69000
69100
75000
68900
68900
69000
87500
70400
67500
68900
78500
70500
69200
68900
71100
69100
69000
69000
70600
68800
73800
76800
69000
68900
69000
68900
69000
78100
68800
69000
79900
73300
69000
68900
69200
68900
68900
68800
68900
68900
67400
68900
68800
68900
69000
69200
73300
69000
68900
68900
69000
68900
68700
68900
86600
69100
68900
68900
69000
68900
68900
68800
68900
70300
68900
70400
69100
68900
68900
69000
67300
68900
68900
69100
69000
68900
68900
68800
69000
68800
69200
68900
68900
68900
67400
69000
68900
70400
68900
69000
69000
69100
69000
68900
68900
68900
68800
69000
70400
68900
68900
69800
69000
68900
68900
69000
69200
69000
68900
69000
67400
69000
68800
68800
68900
68900
68900
68900
68800
69000
69000
68800
68900
68900
69000
69000
68900
68900
69000
70400
68900
70300
69000
68900
68900
69000
69000
68800
68900
69100
69000
69000
67300
68900
68800
68900
68800
69000
68900
69000
69100
68900
69000
70400
68800
69000
68900
69000
69000
68900
68900
68700
68900
69100
68900
69100
68800
68800
69000
68900
69000
68900
72300
69000
68900
68800
68900
68900
68900
69100
67300
69100
69000
68900
69000
73600
85800
69000
69000
73200
71300
70800
69000
69000
70800
69000
76600
72900
69000
69000
69000
82300
68800
68900
74300
68800
68900
68800
75700
69000
69000
69000
73100
74400
69000
73000
72400
72400
69000
68800
76500
64900
70100
73600
69100
69100
69000
73300
68900
72500
69200
68900
71600
69100
69100
80700
68900
69000
68900
70600
69000
67500
68900
69000
69000
68900
69000
68900
68900
68900
68900
69000
69100
68900
68900
68900
68900
68900
68700
68900
69100
69000
68900
68900
69000
68700
69000
73000
68900
68900
67300
68900
69000
68900
68900
69100
69100
69000
69000
68800
68900
70600
68900
70500
69000
68900
68800
69000
69100
68900
68900
69000
69000
68900
69100
68800
68800
68900
68900
69000
68800
68900
69000
68900
69000
70400
69000
68900
69000
69000
69000
69000
68800
68900
70500
69100
70400
68900
69000
68900
69000
69000
71100
69000
68900
69000
68900
69000
69000
68900
68800
67400
69000
69000
68900
69000
69000
69100
70400
69000
67500
68900
68700
69000
68900
69100
68900
73400
68900
69000
67500
78900
82400
73500
70700
77900
68800
77900
69100
69100
69800
69000
68900
69100
69000
69000
72100
72800
69100
69000
85100
80000
99700
84800
80400
68900
69300
79200
70300
68900
69000
71900
68700
68800
68800
69000
73700
73400
68800
74400
68900
69000
73000
69000
68900
68900
69000
74400
72500
75600
68800
64400
68900
73400
78400
68800
68900
68800
68900
68800
68900
69000
69000
69000
69000
69000
68800
69000
69100
69000
68900
68900
69000
69000
69000
69000
67500
69000
68900
69000
68900
69000
76600
67300
68900
69000
69000
68800
68800
68900
69000
68900
70500
69000
70200
69000
69000
69000
69000
69000
68900
68900
69000
68900
68900
74500
69100
69000
69000
68900
68800
69000
68900
68800
68900
68800
68800
69000
68900
68900
68900
68900
69000
69100
69000
70100
69000
70300
69000
69000
68900
69100
68900
69000
69000
68900
68900
71200
70400
68900
69000
68900
68900
69000
69000
68900
68900
69000
68900
68600
68800
69000
68900
68900
68900
68900
69000
69000
70400
69000
70100
68900
64200
69000
69000
68900
68900
69000
69000
69100
68800
67300
69000
69000
69000
69000
68800
68900
68900
68800
69000
69000
68800
69000
68900
70400
69000
68900
68900
68900
68800
68900
71000
68900
70200
69000
67800
67400
79300
74600
68800
68800
69000
74200
68900
69000
70300
68900
76400
68900
68900
68900
69000
69000
68900
69000
72600
73600
69000
68900
68900
69000
69100
65100
68800
74700
69000
68900
68900
73200
68900
74500
69100
69000
68800
76400
72600
68900
68900
74500
68800
68900
69000
70200
69000
67400
68900
75900
68800
64500
68900
69000
80600
72100
68900
73800
70300
68900
70400
69000
68900
68900
68800
68900
68900
69000
69100
68800
68900
69000
68900
68900
69000
67300
68900
68900
69000
68900
69000
68800
68800
69000
67300
69000
68800
68900
68900
68900
68900
70100
69000
70000
68900
68900
68900
68900
69100
68900
68800
69000
70300
68900
72400
68900
68900
68800
68900
68800
69000
68900
68900
68900
69000
68900
68900
68900
68900
68900
68900
68900
69000
68900
69000
68900
68800
69000
69100
68900
69000
68900
68900
70300
68900
76200
69100
68900
68800
68800
68900
69000
69000
68900
68900
67400
70400
69000
68900
69100
69000
68900
68900
68900
67500
69100
69000
69000
69100
71400
67600
69000
68900
69000
68900
68900
68800
68900
70600
68900
69000
68900
69100
68900
68900
69000
68900
69000
69000
70100
68800
68900
68900
68900
69000
68900
68800
69100
69000
68900
68800
69000
68900
68900
69000
68800
76700
68900
72900
69000
67400
75700
68800
68400
84600
68900
68800
71700
68900
72500
69000
68900
68900
76900
72000
69000
69000
68900
68900
68900
68900
63100
74000
75300
68800
70700
69000
69000
68800
77700
69000
68900
69100
70700
76200
68900
69100
69000
69000
65100
69100
72800
73000
69000
69200
75000
64400
69000
69500
68900
73700
69000
68900
69000
69000
70600
68900
78500
69000
68800
68900
69000
69000
68900
69000
68900
68800
69000
69100
68900
72700
68900
69000
68800
68900
70500
68900
70800
69000
68900
69000
68900
69000
68900
68900
69000
84900
69000
68900
68900
68800
68900
69000
69000
69000
68700
69000
70300
69100
68900
69000
68900
67500
68900
68900
69000
78400
69000
69000
68800
68900
68800
68900
68900
68900
69000
69000
69100
68900
69000
69100
68900
68900
69200
68900
71800
69000
69000
70200
69000
68900
68900
68800
69000
69000
69100
69000
68900
69000
70400
69000
68900
69000
67200
68900
69100
69100
69100
69000
69100
69000
69000
69200
68900
68900
69000
69000
69100
69000
68900
68900
70500
69000
70200
68900
68900
68900
68800
69100
69000
69000
69000
69100
69000
70600
68900
68900
68900
69000
68900
70800
68900
69000
68800
69000
69100
68900
69000
69000
71100
69100
71300
69000
64800
68800
69100
68800
82600
69000
76100
69000
69000
72300
68900
76700
69000
72800
69000
69000
77200
68900
70400
68900
79400
68800
69000
67500
73300
70400
68900
69000
68800
68900
68900
77700
75400
69000
68900
76100
69000
68900
69000
71000
69000
2141200
69800
75600
70700
68900
65200
69200
69200
86800
69200
68900
75800
77300
69000
78400
71700
69100
69000
69000
69000
68900
68900
68800
70100
68900
70500
69000
68900
68900
69100
68900
68900
69000
64300
68900
71200
71000
71200
70100
68900
68900
69000
69100
68900
69100
68900
68900
68900
71300
68900
70500
68900
68900
69200
68900
69000
69000
69000
68900
69000
68900
69000
68800
68900
68900
69000
68900
68800
68800
68900
68800
68800
69000
68900
69000
68900
70300
69300
69000
68900
69100
69000
68900
69000
69000
70300
68900
83400
68900
68800
69000
68800
69000
68900
68900
68900
70400
69000
69000
68900
68900
69000
69100
68800
68900
68900
69000
69000
68900
68900
68900
71400
69000
68800
69000
69100
69100
69000
73200
68900
70500
69000
68800
69000
68900
68900
69000
69000
68800
68800
69000
68800
68900
68900
68900
69000
69000
68900
69000
68900
68800
69100
72900
69700
69000
69100
68900
69000
69100
68900
73500
73500
72800
71000
68900
73400
68900
80600
68900
68900
68800
67400
69000
66100
69000
68900
80100
68900
67300
72700
96300
65900
68900
74400
72000
70200
70100
72400
68800
69200
69000
68800
68900
70500
68900
69100
68900
78400
69000
68900
70300
73000
68700
69000
68900
69000
65800
68900
74100
68900
65000
68900
67800
69000
68900
69000
69000
76600
68900
64400
80600
69000
68900
69000
69000
68900
68900
69100
68900
69000
69000
73200
68900
69100
69000
68800
68800
69000
70300
70600
69000
68800
64800
68900
68900
67500
69000
68900
68900
69000
68900
68900
68800
68900
71600
69000
68900
68900
69000
69000
68900
68900
68900
68800
67300
68900
70300
68900
68900
69000
69100
68800
69200
68800
68900
68900
68900
68900
68700
69000
68900
69000
71900
71100
71900
86400
73000
67600
68900
68900
68900
68900
67300
69000
69000
68900
70300
69000
69000
67300
67300
68900
71600
68900
68900
70500
69000
69000
69100
69100
68900
68900
69000
68800
69000
69000
71300
68800
71100
68900
69000
69000
68900
68900
67300
69000
68800
69100
70700
69000
70400
68900
68800
68900
69100
69000
67500
68900
67500
69000
69000
101500
68900
68900
69000
69000
68900
83000
92800
80200
78200
69000
68900
74300
81100
102100
69000
74200
77500
91600
87600
89900
78400
69000
84000
79700
98200
78900
72000
95500
86100
78300
68900
72500
68900
86100
68900
93200
86300
69000
77900
88500
78500
84900
77000
95100
64300
72700
82600
80400
69000
65500
69700
71400
75800
69000
73200
69100
75100
69000
71000
71500
74500
69000
69100
68900
64600
71300
71700
69000
64200
69000
69000
69000
73100
68900
70900
69000
74300
68800
89500
68800
68800
68900
69000
68900
69000
68900
68900
69000
68900
69100
74100
68900
67400
68900
68900
69000
69300
68900
67500
72900
68800
70500
69000
69000
69100
69000
69000
68900
69000
73100
68900
69000
68900
69100
68900
69000
69000
69000
68900
67300
69000
69000
69000
69100
68900
69000
68900
69000
67300
68900
68900
69000
68800
69100
69000
67400
69000
69000
68900
69000
68800
68900
67400
70400
68800
68800
