6798900
6607700
6739300
6701300
6756200
6751300
6712800
6718100
6777300
6741500
6953300
6752100
6813300
6746400
6786400
6774300
6761500
6728500
6703800
6616000
6717100
6797200
7031800
6821600
6714000
6818100
7190200
6905600
6794100
6707100
6328200
6780700
6681500
6649100
6824700
6723300
6277000
6723500
7096800
7024800
6712900
6882600
7554300
6621800
6615500
6786000
6744600
6789200
6767000
6101200
6750800
6493500
7161700
6694100
6996200
6765500
6605700
6743100
6705300
6543100
6757300
6756600
6445600
6738400
6687700
6782900
6455800
6733900
6627100
6700000
6642700
6721200
6722100
6546400
6714000
7342400
6677700
6730300
6793400
6724800
6614900
6243300
6217100
6736100
6749200
6718200
6683800
6767100
6756700
6812400
6680000
6649400
6743300
6747200
6777400
6707300
6632200
6540200
6772000
6717300
6834100
6728300
6820500
6818800
6646000
6787600
7128100
8013500
8289800
7894200
6666500
6887400
6917100
6853800
6874300
6845400
6865500
6856500
6919600
6845900
6821100
6787000
6692300
6297700
6684600
6809200
6691300
6777800
6721300
6818000
6721600
6740000
6722300
6767900
6773300
6711200
6385300
6748400
6737400
6682000
6753000
7435200
6373600
6766600
6680300
6810800
6699800
6714200
6720700
6759700
6732500
6647800
6724800
6712400
6186500
6504300
6813400
6711300
6551200
6669900
6715000
6738400
6536700
6793100
6737400
6832100
6691200
6582800
7251300
7305400
6821900
6763900
6732300
6705400
7052100
6785600
6780300
6684200
6771700
6762800
6879200
6714600
6835300
6780500
6704900
6695800
6696900
6574100
6682900
6660600
6229800
6792600
6734100
6633300
6775300
6725500
6714600
6194800
6773000
6726300
6790000
6692800
6744500
6712200
6741700
6731100
6625000
6667500
6722700
6777600
6632900
6795200
6541500
6724700
6694500
6710200
6691600
6218200
6102300
6709600
6740900
6710000
6698300
6730300
6688400
6747300
6651200
6656200
6711600
6496900
6707700
6729700
6722200
6722000
6744100
6698000
6235300
6721100
6680400
6639200
6497300
6712200
6557400
6696700
7116800
8497200
8318600
7975400
6865000
6901800
6709600
6835400
6855900
6660500
6830500
6886100
6732600
6870800
6866300
6828100
6740700
6840700
6739000
6806100
6764300
6567500
6768600
6758800
6809200
6724600
6426100
6662500
7322900
6705700
6743800
6702500
6728800
6750300
6692400
6699200
6735500
6624300
6722300
6668400
6788600
6714800
6558900
6637800
6743900
6535500
6818800
6739900
6559500
6743200
6556700
6724700
6701400
6148800
6883200
6683600
6722700
6802000
6386000
6795000
6745700
7349500
6702500
6708700
6703500
6720000
6086300
6719000
6785900
6231000
6523600
6775000
6773200
6706100
6645100
6117400
6723500
6741100
6610500
6665200
6704100
6637400
6752000
6545500
6760000
6226400
6781400
6707500
6794100
6657000
6681600
6786000
6690100
6736100
7166100
6227200
6672600
6768000
6657400
6769800
6693200
6710800
6680500
6715300
6731300
6699100
6397100
6696900
6753700
6703900
6639200
6694300
6723500
6690300
6691200
6793200
6811600
7079000
6695300
6780300
6709700
6669300
6677200
6613600
6715400
6746400
6790900
6881400
6748600
6763400
6373200
6686000
6740300
6748800
6742300
6575000
6723500
6696000
6903000
7381100
7978500
8483500
6785900
6846600
6848300
6832000
6861700
6846900
6861300
6268400
6858900
6747800
6856800
6591500
6780300
6596600
6771800
6567000
6793200
6789500
6764600
6751200
6819100
6778300
6825200
6752800
6806900
6798400
6754800
6689900
6788700
6687800
6677500
6492700
6722800
6365000
6711600
6778500
6733500
6737200
6698400
6700900
6713700
6738000
6082400
6616000
6783600
6721300
6828900
6680600
6679800
6712900
6746100
6667100
6188900
6799300
6737600
6400500
6464500
6679200
6704900
6679500
6707600
6721600
6738700
6684700
6731600
6713700
6753200
6716900
6633300
6742200
6720100
6686400
6728300
6708600
6711900
6800900
6608400
6776700
6788300
6617100
6781300
6712100
6736400
7369800
6711300
6718000
6182500
6605500
6609700
6637100
6761200
6476800
6600900
6715300
6559400
6250300
6739000
6618000
6740100
6715300
6727100
6706800
6719500
6709700
6799900
6725600
6820200
6693900
6731500
6734700
6658400
6751000
6689200
6769400
6508100
6461600
7289900
6775700
6724100
6830100
6769000
6769400
6670200
6699600
6740300
6696800
6714500
6679900
6801700
6704100
6773700
6623800
6717000
6674700
6658500
7029700
7750400
8053900
8328100
6913600
6678000
6663600
6833600
6157500
6833000
6836800
6828000
6362600
6835700
7050400
6822800
6680300
6539900
6705900
6794400
6610900
6862200
6787500
6687600
6841700
6778000
6803900
6760800
6728100
6525600
6786400
6748900
6780700
6704500
6740200
6718900
6563800
6682400
6744000
6632700
6710200
6735000
6742100
6798100
6719700
6438800
6762600
7051900
6237100
6707400
6765300
6690900
6519100
6872800
6638500
6378700
6754200
6733800
6721600
6741300
6608000
6374600
6790800
6759100
6747700
6292700
6826600
6748200
6769600
6831200
6631500
6707100
6815000
6722700
6716400
6746700
6609000
6672100
6624000
6099600
6835400
6637200
6683900
6467500
6770600
6704200
6666100
6701100
6699400
6699000
6289100
6700100
6538100
6917800
6310300
6759800
6644000
6539600
6714200
6798600
6750800
6746900
6681600
6792000
6759400
6657800
6237600
6713000
6755800
6720500
6648600
6442300
6397300
6638500
6680400
6709700
6728300
6749200
6579300
6747600
6665700
6800700
6591900
6729300
6661200
6696900
6128200
6662100
6779900
6691000
6813000
6684400
6609200
6748600
6556600
6427900
6686400
6635000
6603800
7021700
8089100
7837300
7992900
6865800
6857700
7610600
6805600
6875000
6754700
8305200
6732600
6890900
6836300
6850100
6798300
6331100
6771100
6801600
6783100
6763400
6804200
6739900
6791300
6569300
6740600
6788300
6300300
6735600
6771700
6767300
6689200
6730100
6310700
6534600
6722600
6641100
6675000
6656800
7451800
6096500
6741400
6697300
6719300
6481700
6655900
6705200
6705800
6700300
6725700
6783900
6694000
6675500
6706700
6694000
6707200
6707800
6763100
6525400
6763800
6631700
6719000
6746600
6477000
6706800
6489700
6712700
6730500
6194200
6192500
6823000
6803800
6864700
6692100
6559600
6679600
6744300
6582900
6730500
6875800
6795600
6639200
6602300
6755800
6311200
6722900
6662700
6230300
6931200
6599000
6767200
6689700
6599600
6743700
6721300
6718200
6235800
6725200
6705700
6728200
6725800
10671200
7320400
6762100
6712900
6522500
6577300
6731700
6729700
6758100
6737400
6816900
6744900
6641300
6566900
6553600
6727100
6650400
6761200
6753500
6765500
6738500
6305000
6758800
6781600
6695100
6731900
6771500
6737800
6740000
6676800
6782300
6738400
6709000
6675400
6068800
6762700
7348500
7719200
7970500
8229500
6956100
6831000
6849500
6833400
6835100
6836400
6823000
6867600
6853800
6740600
8172100
7022600
6901500
6378000
6846200
6869600
6364400
6379200
6678900
6669700
6855500
6838000
6865800
6850000
6888000
6834500
6835900
6815800
6854300
6802700
6812400
6824600
6814900
6749200
6821800
6781000
6820800
6349700
6851700
6824100
6389600
6347100
6774600
6802500
6789800
6799000
6816500
6828900
6832200
6904000
6136900
6530600
6800600
6839900
6793000
6798000
6840900
6831500
7256300
6784200
6801200
6858400
6746300
6821300
6820000
6823500
6808100
6850600
6597800
6769400
6787700
6747100
6765700
6768000
6777900
6758700
6605000
6738700
6748300
6511700
6717200
6746600
6589600
6717600
6786600
6693200
6762100
6728000
6747400
6770000
6825400
6804500
6795700
6329600
7308500
6828700
6799600
6796100
6287500
6756200
6818600
6567200
6808900
6310900
6622800
6745000
6773400
6768300
6736400
7012200
7882200
7749900
6891000
6843000
6893100
6831500
6667300
6838300
6875900
6681600
6849800
6837500
6866300
6800000
6890600
6416000
6860400
7103000
6337100
6784100
6781600
6790800
7567000
8292300
8104300
7330700
6850500
6837100
6851500
6653800
6849500
6673800
6849900
8581600
7138500
6856800
6683800
6832200
6675000
6762100
6868000
6837400
6470500
6824900
6440300
6818700
6843900
6954300
6784500
6833600
6850200
6776900
6780800
6883200
6810400
6817200
6827300
6842300
6812300
6800400
6822100
6575000
6769600
6730700
6238400
6746400
6847700
6480300
6777700
6738700
6751800
6749600
6772400
6636400
6779400
6800200
6747500
6775400
6761000
6817600
6663200
6793800
7482900
6643200
6738000
6595300
6315000
6764000
6795900
6756100
6840400
6723200
6774200
6757800
6752700
6722100
6730800
6733100
6824300
6763700
6798300
6729200
8160900
6617000
6768000
6580600
6800100
6750200
6750300
6707400
6771200
6761500
6744500
6141800
6770300
7081200
6797800
6814700
6763900
6790500
6537300
6747800
6764300
6748700
6752400
6743300
6234800
6760100
6750200
6669300
6771800
6722500
6746600
6744300
6725900
6796100
6762800
6711800
6792200
6766300
6774700
6750600
6858500
6812600
6756900
6754900
6744400
6798500
6605900
6799300
6761600
6802600
6826300
6701600
6873200
6834700
6788400
6726700
7616400
8700300
8387100
7415200
6837500
6855500
6839500
6852600
6826600
6855300
6829400
6876700
6831300
6757100
6837800
6857100
6836300
6859000
6835000
6875900
6834000
6843900
7636900
6875500
6837400
6823600
6818800
6819700
6323400
6820600
6475000
6815800
6792800
6825200
6773500
6821600
6825700
8059100
7896600
7169100
6833600
6852300
6830200
6850700
6834200
6871000
6835400
6834000
6824100
6845700
6803900
6810700
6928300
6772600
6797400
7339600
6782000
6772200
6768500
6766600
6751100
6772500
6660200
6784300
6757600
6762800
6820100
6753400
6670000
6762000
6667300
6784700
6718800
6826500
6810700
6403600
6766700
6731100
6790600
6391600
6773600
6565300
6754600
6729700
8121500
6707900
6816000
6709700
7122300
6753200
6817600
6813300
6807100
6796400
6805400
6106300
6833600
6823700
6780300
6815300
6788300
6402400
6784600
6751500
6746200
6794000
6828700
6811100
6571100
6765700
6864800
6788600
6475700
6758500
6653200
6774600
6786000
6770100
6781000
6806800
6828900
6627200
6735000
6769400
6815900
6778400
6639100
6734200
6810300
6706500
6822800
6764500
6829200
6548900
6832600
6787500
6996700
8482800
7628000
8120200
6865200
6833900
6841400
6842900
6847800
6865400
6840000
6834900
6861400
6837100
6890200
6844600
6867200
7567800
6890900
6837300
6841700
6663400
6851900
6851600
6848300
6837800
6701800
6394600
6858700
6830500
6855600
6832600
6840700
6776700
6776900
6794800
6654800
6754900
6840000
6818300
6839300
6771400
6274300
6749700
6811700
6811900
6720700
6423600
6804300
6851300
6900800
6789300
6800900
6804100
6794100
6803800
6839000
6653900
6798100
6812100
6841700
6830400
6391300
6944000
6791800
6796400
6790500
6862700
6815700
6880400
6799900
6845200
6774700
6846300
6805100
6824800
6826700
6849200
6825900
6771500
6790700
6834900
7614700
6929800
6830000
6912400
6959100
6915900
6848000
6913700
6858900
6802300
6958600
6824600
6760600
6819500
6907000
6802800
6773600
6962300
6609200
6877400
6785000
6809400
7888300
7803400
6860900
6836600
6850600
6145800
6862700
6831100
6850600
6830700
6904600
7282400
6893200
6833800
6855200
6346800
6834500
6802600
6823100
6526800
6820600
6788500
6806600
6817300
6747600
6783100
6787500
6762100
6766400
6608400
6692000
6777900
7177700
8485400
7861200
7664700
6881600
6844200
6764700
6834400
6854900
6837200
6791100
6831800
7015400
6837600
6884200
6845700
6865300
6842300
6381600
6840700
6862400
6807900
6845400
6822500
6826900
6862600
6796900
6846300
6830700
6853300
6794000
6898300
7867200
7491500
6886500
6844400
6861500
6842600
6874400
6840800
6550300
6849900
6858300
6839400
7518000
6844400
6824000
6822100
6838200
6842800
6828400
6694700
6917900
6820500
6771000
6794300
6726900
6781000
6422200
6835900
6628200
6776600
6813100
6847700
6786500
6836300
6773400
6797900
6730100
6857800
6768700
6804600
6761300
6824900
6750000
6759400
6758200
7253300
6740800
6729100
6823200
6315900
6719400
6734600
6890500
6481700
6603500
6431900
6758800
9137600
6310500
6656000
6754900
6833300
6679900
6650900
6943300
6816200
6810700
6778600
6797800
6624400
6859000
6781700
6771800
6804200
6835800
6778500
6740400
6774500
7255600
6787300
6785500
6786800
6785800
6789400
6778400
6835100
6779400
6840800
6751100
6822000
6789800
6803700
6752900
6759800
6780400
6820000
6163500
6760500
6855400
6810000
6824500
6748800
6478100
6761500
7607700
7399800
8022700
6620200
6846800
6855200
7574700
6838400
6862400
6863600
6710700
6835200
6834100
6293600
6907400
6854500
6837300
6855500
6843000
6848100
6824200
6836600
6836700
6844400
6280800
6851500
6859400
6824700
6570500
6791300
6791000
6812200
6762000
6802600
6776200
6840600
6638500
6822500
6669500
7140400
6781700
6828700
6747300
6743400
6805400
6837300
6865300
6447000
6764800
6778800
6815800
6780600
6742600
6806400
6796500
7389900
6884500
6797000
6856100
6758900
6805200
6851300
6826000
6728300
6795800
6773200
7586800
6862300
6918100
6835100
6857800
6895200
6896300
6855800
6862200
6659300
6867900
6850300
6830900
6835300
6823000
6503100
6614100
6586200
6663800
6730500
6653800
6779400
6718500
6736900
6594400
6691700
6690800
6692300
6708100
6732200
6662500
6695700
6371500
6508200
6776400
6748100
6762000
6716000
7261300
6747000
6662200
6627400
6709300
6749700
6712700
6027800
6709500
6759300
6672200
6656700
6699600
6759500
6690200
6579300
6763000
6758600
6770800
6787300
6641300
6781200
6816400
6598600
6546900
6675100
6703900
6713700
6660100
6142000
6735500
6764300
6630100
8130800
7855700
8228100
6687200
6424300
6779800
6836400
6878100
6861100
6728300
6863500
6854600
6836000
6867300
6797300
6798500
6325200
6852600
6831800
6317400
6804100
6784300
6776100
6735700
6785400
6756200
6775300
6755200
6710600
6765300
6760400
6654700
6460100
6625000
6736700
6705600
6744700
6551700
6703500
6338500
6724200
6724300
6718100
6768300
6727000
6700100
6747700
6730100
6821400
6692200
6718800
6772600
6547400
6947300
6734900
6871500
6674000
6752600
6687300
6352700
6543500
6642800
6680600
6583600
6751700
7301300
6750800
6606400
6573400
6573800
6406100
6645000
6775800
6720700
6661900
6692000
6749400
6706700
6737000
6099800
6737300
6806100
6702300
6681700
6826000
6706000
6702200
6558300
6770800
6715800
6801200
6640500
6824500
6763500
6728900
6516400
6640800
6744700
6890100
6681100
6625900
6391100
6665200
6784500
6591900
6734800
6721900
6713800
6733200
6697500
6642200
6717000
6690600
6665900
6809200
6695800
6510300
6707400
6747300
6668300
6621200
6742800
6722500
6810800
6462800
6749900
6714600
6696200
6731800
6710200
6137900
6674700
6787400
6679700
6777600
6486500
6636200
6226400
7201000
8345900
8289200
8345300
6718600
6839000
6859500
6837300
6846900
6831400
6850500
6841600
6849300
6843200
6856700
6521000
6905300
6681800
6835000
6818000
6701600
6831700
6728700
6681400
6751800
7392500
6796300
6543800
6864300
6811900
6881300
6822000
6796600
6771300
6763700
6829500
6513600
6851000
6733500
6699600
6730400
6756600
6625800
6332400
6687100
6565200
6213900
6598800
6789900
6710500
6752300
6723600
6725300
6756600
6711700
6808900
6675300
6796200
6884300
6814100
6728000
6747300
6757000
6739000
6265400
6607300
6829400
6686300
6610600
6030800
6771400
6725900
6708100
6706600
6601000
6851200
6302800
6288600
6692000
6739800
6692800
6574700
6727900
6645100
6696800
6733600
6663900
6635700
6474000
6361800
7562000
6755200
6089300
6723000
6720100
6761900
6703800
6707400
6678900
6666100
6610200
6703600
6726000
6817700
6738400
6682100
6717800
6685300
6281300
6703500
6727200
6697500
6814100
6694000
6805300
6599100
7760600
8019600
7266400
6710600
6802800
6790500
6842800
7180700
6336500
6827600
6794300
6748800
6686400
6754400
6678600
6775800
6634800
6779300
6718500
6735200
6610300
6935000
8145800
8088700
8487500
7014700
6844900
6846700
6833000
6835100
6673000
6835200
6841800
6842800
6850500
6891800
6838900
6865000
6583800
6584900
7024800
6815100
6604700
6763200
6611700
6585500
6598800
6549100
6442900
6807300
6755100
6747000
6720300
6716400
6701200
6753600
6710400
6697000
6722300
6724900
6787800
6602700
6618200
6664800
6700700
6443700
6705500
6569100
6535200
6427600
6760000
6701300
7391300
6696500
6911400
6599900
6789400
6671500
6706400
6486800
6717400
6692800
6683400
6776700
6512500
6686000
6839000
6459300
6755600
6777700
6757400
6792000
6814800
6754100
6651400
6728300
6744900
6729600
6654000
6672700
6755800
6685800
6652300
6772000
6692900
7321700
6779100
6778300
6672500
6689300
6669000
6753700
6110200
6778600
6725800
6591800
6762100
6424000
6678300
6696700
6703400
6711000
6559100
6729000
6707500
6585400
6689100
7582600
8499600
7424300
6860200
6883000
6783500
6804300
6776300
6857300
6821900
6786400
6963100
6767600
6703600
6542500
6795700
6713000
6801300
6697500
6761900
6750500
6759900
6797100
6762800
6708900
6580100
6738700
6733500
6594300
6767300
7451700
7371100
7774000
7811800
7290500
6847600
6267400
6499900
6874300
6851300
6852200
6835500
6529400
6837400
6797500
6837600
6840500
6849100
6827600
6848900
6804800
6920100
6631700
6828600
6808500
6788500
6766400
6799000
6791300
6763700
6812500
6789200
6794500
6806800
6850500
6774400
6827700
6556500
6778500
6699700
6752200
6742200
6584200
6655500
6705700
6560000
7197600
6617200
6721800
6792400
6707100
6588300
6740000
6718000
6759700
6704700
6772500
6704700
6797300
6542100
6457400
6700400
6639900
6716400
6621200
6519900
6709600
6743000
6723700
6170600
6737500
6808000
6710900
6557800
6710600
6724000
6740200
6715500
6834700
6831700
6796900
6703000
6783500
6741800
6751100
6713300
6520700
6705500
6749500
6569900
6729600
7007800
6704600
6739400
6707100
6797700
6784500
6527000
6655900
6753100
6256200
6547300
6803100
6719200
6737600
6710100
6392800
6783300
6813900
6785200
6829600
7480700
6818400
6796700
6787700
6756500
6751600
6753800
6737300
6841300
6717300
6347500
6689400
6292300
6763200
7888000
8131300
6179000
6813700
6800800
6775700
6815500
6754300
6811600
6725000
6750200
6758600
6598100
6659800
8189000
7211300
8012800
6880600
6888400
6826300
6850100
6901200
6832800
6841800
6833700
6847200
6866500
7207500
6876000
6867300
6835300
6839400
6852800
6831700
6780900
6816400
6823200
6780300
6197900
6773200
6846600
6776500
6827000
6820500
6682300
6766800
6827100
6744000
6784600
6747400
6719400
6418900
6801100
6777200
6710900
6624700
6729900
6505300
6715900
6710200
6359500
6761400
6802600
6713200
6741500
6716200
6766300
6818700
6711300
6694200
6630900
6817400
6675700
6522700
6710300
6742400
6705400
6728800
6597300
6710900
6682200
6706200
6705600
6738300
7422200
6731600
6569000
6704500
6732400
6771200
6525000
6813400
6764800
6756000
6694500
6733800
6722400
6221500
6725700
6572300
6290700
6749800
6755300
6652100
6730400
6724200
6721400
6736400
6530700
6707200
6726700
6745900
6722500
6823300
6751800
6752400
6702400
7149300
7148100
6701500
6710800
6724300
6719700
6750400
6789900
6570900
6735900
6724400
6738700
6731500
6687800
6793200
6716700
6788300
6720100
6298200
6737600
6749700
6737800
6711100
6777000
6699000
6755900
6707300
6793800
6711500
6805900
6702700
6722900
6271300
6823900
7200900
8460900
8182400
8143800
6863800
6866000
6834100
6861300
6836500
6868100
6860700
6671600
6852200
6619300
6835000
6874600
6753800
6494600
6659800
6680300
6733600
6678100
6672100
6694800
6753600
6540700
6753100
6723400
6512800
6693700
6725500
7146200
6705900
6732700
6546400
6747600
6676700
6680400
6669700
6760800
6670200
6760900
6676500
6502900
6090600
6670700
6635000
6561500
6419900
6733600
6722900
6686100
6735900
6735000
6691900
6315700
6689100
6787800
6686700
6537200
6693900
6753400
6747700
6737000
7082200
6698900
6738300
6703800
6373600
6696500
6787300
6715600
6625500
6752400
6732300
6250100
6696800
6274400
6706900
6769400
6719400
6779000
6720400
6724400
6707700
6716300
6737300
6729500
6356500
6731300
6783700
6738100
6716400
6721300
6737700
6025900
6754700
6713400
6710700
6789000
6768100
6720700
6717400
6720400
7317200
7891100
7706700
7468200
7714700
7650200
7736300
7814700
7742400
7643000
7855800
8344600
8162300
8229700
7634100
6508400
6840200
6846300
6841000
6306100
6846100
6835500
6336500
6839600
6832600
7402200
6888900
6736700
6154900
6374000
6342500
7494200
7951000
8140600
6576300
6851900
6862400
6831800
6435700
6832100
6605200
6825500
6867100
6832800
6844500
6829800
6836100
6861900
6831200
6693400
6835400
6365500
6775500
6570400
6833500
6846600
6609600
6781500
6987500
6780400
6767100
6766900
6348800
6753000
6766000
6696000
6757500
6729600
6705900
6740700
6709000
6161600
6709600
6772600
6703700
6750100
6546700
6648300
6711100
6711900
6779200
6685800
6768800
6710200
6996300
6695300
6762700
6718900
6767700
6726100
6290200
6610000
6740300
6702200
6720100
6578900
6750900
6724600
6717800
6746700
6748400
6710700
6760400
6726800
6493400
6709100
6709900
6739500
6719400
6066200
6746000
6425500
6722600
6550200
6727500
6690800
6693400
6686000
6179900
6720900
6694100
6752600
6470700
7254400
6781900
6540300
6608200
6272000
6728200
6726100
6703600
6442500
6708300
6448800
6725700
6701600
6794600
6617100
6379800
6730400
6380600
6700100
6639300
6743700
6709900
6748000
6706900
6247900
6705300
6697700
6719400
6722500
6541900
6635100
6072700
6705500
6943100
6727100
6784600
6724200
6850600
6743000
6562300
6788500
6732700
7079900
6972300
6736900
6681300
6817500
7703000
7270900
7574000
7089200
6881600
6867900
6831200
6841300
6849100
6836800
6841400
6850100
6836000
6850800
6656300
6836900
6803400
6782600
6848300
6593900
6801100
6739300
6853100
6755200
6822200
6223100
6810900
6746100
6711100
6731900
6708400
6687300
6733500
6246900
6700100
6807200
6738100
6626900
6716400
6683400
6706400
6690800
6488700
6703000
6781200
6720000
6762600
6701600
6731700
6752100
6696000
7293400
6715700
6723900
6704700
6755500
6705900
6296200
6638500
6521500
6729600
6727800
6726800
6702500
6759400
6703700
6829900
6850500
6598600
6639900
6756500
6707500
6729900
8351500
6848800
6753600
6809100
6796200
6637800
6774300
6705500
6805300
6713700
6730600
7335200
6732500
6718500
6552200
6249000
6676100
6818700
6693200
6491900
6689900
6736400
6749500
6719300
6722400
6712800
6792100
6739500
6780300
6705000
6790200
6732500
6638800
6737300
6746100
6266700
6677100
6718100
6096100
6722900
6738900
6692000
6777000
7565100
6546600
6709500
6721200
6707700
6742300
6227600
6738700
6273500
6744500
6736400
6805000
6768300
6713200
6773700
6735800
6722100
6147600
6736700
6769000
7231000
7667000
7228600
7833800
6657200
6548100
6835600
6841700
6832500
6561600
6837300
6823300
6834200
7213800
6838300
6833400
6439400
6826800
6803900
6733800
6783700
6711500
6716200
6778500
6704200
6687400
6714800
6125300
6612700
6765400
6698100
6713500
6755000
6632400
6749600
6682300
6714800
6710200
6224400
6715900
6806100
6760300
6450200
6719800
6723100
6705900
6820500
6755600
6543400
6298900
6701100
6762900
6724500
6612000
6953200
6725500
6247200
6707600
6325900
6715800
6775600
6663700
6689900
6582500
6735500
6714500
6708700
6760400
6727600
6346800
6724400
6737000
6721000
6704000
6754300
6675800
6753800
6704400
7394200
6721100
6803700
6692600
6565600
6719600
6745100
6704300
6707400
6625800
6706200
6427000
6705700
7360900
6716500
6793900
6734200
6705000
6712200
6725800
6743700
6696100
6764900
6705700
6794700
6699700
6808300
6726300
6538900
6716900
6729200
6707700
6705200
6935900
6668400
6763100
6730800
6366500
6716100
6661800
6679000
6700200
6727100
6597700
6727400
6699000
6752600
6711700
6788900
6707200
6624600
6670100
6790100
6706500
6732400
6727200
6709000
6320900
6751100
6821200
6712000
7378500
8680800
8421700
7221400
6286400
6929400
6843600
6841100
6837400
6836400
6801900
6869500
6837700
6833900
6802900
6780100
6876900
6734100
6690600
6813300
6847500
6572600
6731500
6783900
6798500
6272400
6810900
6750100
6312900
6766200
6631900
6833700
6694300
6794100
6743100
6141800
6704600
7108400
6677800
6668100
6759600
6735400
6729000
6735100
6224500
6712900
6772300
6712600
6626200
6707000
6741600
6733300
6744200
6767900
6673900
6708400
6674300
6748300
6715000
6311800
6690600
6993500
6834100
6621500
6718500
6711300
6600400
6740300
6158400
6714100
7103400
6735200
6479600
6704600
6698900
6708200
6711400
6309600
6719000
6535800
6708900
6447600
6739700
6718400
6715100
6718400
6800600
6650700
6672900
6618500
6751400
6730900
6738000
6736200
6710300
6785500
6701600
6356700
6704900
6789300
6706800
6744200
6715600
6759400
6057100
6718800
6340200
6893900
6792200
6795100
6660600
6789600
6829700
6760600
6795600
6778600
6596200
6751100
6731500
6776400
6781100
6803900
6583400
6823400
6239300
6784000
6740400
6783800
6754000
6779400
6736500
6705200
6779100
6762200
6793700
7296500
6809000
6801600
6937600
7907800
7857600
7972600
6515600
6838600
6816200
6830400
6774000
6833800
6852600
6177600
6833300
6854900
6837600
6165000
6846400
6863700
6834700
6838600
6762300
6713900
6805500
6805700
6815500
6821900
6531800
6775900
6741800
6751000
6898500
6729600
6711800
6758400
6698700
6692300
6742700
6737900
6396200
6612800
6475400
6751200
6738700
6701700
6639000
6728200
6504000
6728300
6595500
6804000
6679300
6721100
6196100
6879300
6708800
6786000
6708700
6568400
6720600
6377700
6542600
6706800
6236100
6742500
6739400
6722500
6720900
6716400
6697300
6612900
6524600
6215600
6805300
6546700
6629600
6554800
6727800
6713400
6550100
6709200
6798600
6675700
7061000
7427300
7343200
7282300
7552500
7457400
7359400
6710700
6786900
6710700
6796900
6696700
6741500
7385200
6752700
6710100
6708900
6721600
6720200
6793300
6729800
6525500
6708400
6723200
6563400
6713300
6267100
6705500
6802900
6707100
6625400
6443900
6809200
6705100
6786700
6716000
6711500
6735000
6728900
6587600
6159800
6793600
6642100
6757200
6692900
6723500
7130400
6762700
6194000
6776200
6849500
6812900
6806100
6767800
6807900
6799900
7105400
8093500
9246700
7310600
6231600
6846000
6843700
6853300
6846200
6837800
6863300
6879800
6846200
6842200
6846800
6840000
6757200
6372300
6737600
6826200
6756300
6833500
6745600
6810400
6762900
6796500
6776800
6808000
6828000
6759100
6860600
6762200
6841800
6721000
6824900
6743900
6817500
6858700
6918900
6793400
6875300
7309400
7332500
7334000
7354000
7378100
7355400
6528300
6775700
6630000
6780000
6795200
6775300
6737900
6675400
6786300
6593800
6703800
6708500
6225300
6374500
6694900
6794600
6651600
6681500
6712500
6720400
6714000
6736900
6807600
6753000
6759700
6746700
6791800
6565500
6795800
6705600
6765600
6729100
6753000
6818000
6208000
6813000
6743900
6759500
6510000
6766500
6594900
7387600
6737300
6651300
6726600
6675000
6613200
6736400
6709200
6674700
6735500
6756600
6771700
6539900
6750100
6725400
6732700
6705500
6775300
6726500
6765100
6707800
6778500
6738200
6726500
6739200
6801500
6738500
6593900
7547700
7302300
6671300
6543400
6733200
7153500
6639100
6722500
6747400
6755600
6719300
6712300
6835200
6736000
6820200
6695700
6772500
6750500
6784500
6715400
7190600
7973200
7783000
7274700
7047700
6849800
6569800
6827000
6626800
6830300
6834700
6830400
6862900
6643500
6839800
6836000
6850900
6720800
7320500
6859200
6805500
6809800
6781700
6786300
6786800
6704500
6836800
6723500
6293600
6683500
6430300
6716800
6740100
6699900
6540600
6226800
6727400
6617800
6702200
6435900
6729300
6566300
6711800
6469400
6239800
6719800
6840200
6681200
6767200
6720100
7423900
6754600
6554200
6784700
6262800
6288200
6326300
6760300
6724500
6721500
6724900
6714400
6662800
6705600
6762200
6706800
6800300
6711300
6753200
6812500
6696900
6739600
6668500
6706700
6678200
6763100
6709100
6776100
6716600
6577600
6719900
6687100
6718900
7338200
6258800
6691700
6953700
6661900
8633100
6795500
6829000
6598200
6591600
6771800
6772600
6781100
6757200
6638100
6750700
6843200
6748300
6840600
6751000
6725100
6758600
6744500
6273900
6732900
6708600
6762000
6869000
6740600
6466600
6738000
6824500
6377900
6922500
6719200
6745500
6532200
6675200
6766300
6721800
6403900
6709000
6571600
6705600
6789300
6773000
6631500
6722800
6732600
6731200
6795300
6908500
6739300
6723100
6713900
7067500
8091700
8119600
7771800
6934200
6862700
6867500
7249000
7234600
6839600
7573400
6827500
6870000
6828400
6871700
6840400
6838900
6841300
7214300
6867500
6728600
6857200
6844600
6830000
6857700
6867200
6846100
6294500
6835200
6856900
6842800
6822500
6796200
6582700
6585400
6608400
6799200
6633900
6719900
6819700
6767000
7309700
7221100
7553400
6861400
7517500
6869200
6862300
6384800
6889400
6873300
6880600
6882100
6877800
6687300
6854900
6851600
6298500
6792600
6785000
6789600
6816500
6758900
6804200
6769800
6803300
6772800
6798000
6742100
6576100
6726300
6720700
6729800
6664000
6733400
6531900
6819800
6533600
6774800
6698800
6727200
6563400
6743000
6138500
6753000
6766300
6656100
6783700
6784100
6713900
6705900
6724300
6957700
6731500
6780400
6721300
6831100
6727800
6779700
6711900
6506100
6729800
6748200
6731000
6723300
6748200
6636100
6314400
7365300
6823200
6650000
6258600
6778600
6776800
6223200
6704500
6663100
6682600
6719700
6708400
6728200
6715000
6501100
6707000
6719500
6766600
6739900
6401200
6753200
6520200
6733200
6799800
6751300
6602100
6558700
6533600
6744000
6836800
7923200
7929700
8188000
7258400
6890500
6835100
6839500
6849600
6893100
6837000
6861600
6833400
6517200
6830600
6823500
6774600
6828300
6355400
6830000
6755000
6800100
6362500
6736200
6703800
6729900
6718700
6701900
6775800
6707900
6545500
6707000
6757800
6693600
6666700
6723700
6762100
6784300
6689400
6730900
6701700
6759300
6608900
6741500
6683700
6722400
6208400
6753600
6857100
6777100
6847800
6774600
6788700
6713800
6763000
6750700
6726200
6690000
6718500
6755300
6676800
6719100
6732400
6821300
6713800
6710300
6758400
6737200
6702100
7297900
6479000
6712700
6212400
6642000
6782400
6676600
6721600
6726000
6732600
6759900
6749100
6750500
6734900
6814300
6820400
6311400
6651400
6711500
6728300
6711100
6797000
6730500
6754200
6712000
6698400
6534900
6475100
6752200
6646700
6726700
6484900
6758600
7023100
6775400
6182900
6809500
6683500
6797500
6712200
6652600
6735900
6689000
6716600
6719900
6843700
6706300
6396500
6719400
6512000
6740800
6773800
6746200
6733400
6741700
6714400
6559700
5958200
6792400
6788500
6811100
6667900
6439200
6764600
6816300
6478900
6717500
6758200
6673700
6228800
7597000
8741100
8484500
7208000
6881700
6851400
6834900
6866100
6835200
6856200
6837000
6853400
6778400
6810900
6777600
6653200
6806100
6699300
6591900
6720300
6669000
6759800
6785100
6711300
6523600
6739000
6745500
6793500
7607700
6749500
6784100
6216100
6762200
6423700
6741800
6738200
6702400
6696900
6722300
6667100
6748800
6707900
6794300
6712500
6787400
6727900
6789700
6734400
6581700
6670400
6766200
6773200
6697600
6770400
6723400
6529500
6715400
6750900
6565800
6694500
6756300
7050300
6778900
6648000
6761700
6725100
6682400
6753300
6683200
6711100
6535900
6782500
6535900
6831300
6725700
6752200
6718500
6670900
6271500
6721900
6215400
6729300
6504400
6723400
6567200
6737300
6690900
6712400
6727200
6206000
6750900
6805800
6788300
6567100
6849100
6796700
8127400
7820500
6886200
6852400
6776900
6790300
6793700
6789700
6756600
6710000
6809500
6730500
6778000
6723000
6800000
6734700
6569200
6758400
6725100
6776200
6722200
6251900
6715600
6790600
6623100
6740200
6737000
6713100
6736700
6692700
7464800
6711200
6783800
6220300
6773100
6718400
6768800
6820700
6319300
6539600
6662100
7167900
8053900
7782800
7668900
6892000
6853700
6854600
6849900
6856000
6839300
6850500
6839600
6812700
6836500
6813400
6793500
6827500
6785100
6847400
6784600
6776900
6751200
7074900
6774000
6485800
6216400
6680900
6584900
6717000
6706200
6237500
6668200
6724000
6693000
6780300
6792800
6602000
6726200
6768200
6705100
6795900
6704900
6770300
6689600
6716000
6698400
6723400
6740300
6711300
6867700
6757800
6784900
6731100
6916700
6754900
6708500
6558000
6704100
6683900
6740100
6731100
6703800
6432600
7311100
6805800
6532700
6608400
6710200
6724900
6749600
6705200
6753800
6722000
6799800
6702100
6724000
6729400
6715200
6753000
6715500
6719500
6729300
6775700
6700800
6228100
6701800
6742700
7543800
6779100
6687900
6648300
6730200
6729900
6768200
6707800
6782700
6715300
6759200
6717200
6724600
6723200
6682000
6701900
6700100
6770400
6722900
6816000
6637100
6786100
6743800
6647400
6700400
6708500
6705500
6730900
6255900
6760700
6786300
6532000
6622900
7428200
6741400
6752200
6736500
6725400
6692900
6760500
6450000
6747800
6754800
6730000
6720200
6595000
6745300
6715800
6079300
6726400
6249000
7333800
8239000
7919100
7014000
6724100
6671100
6838700
6671000
6836800
6814400
6838800
6866100
6844400
6832100
6812100
7034700
6799400
6672900
6787200
6736600
6695500
6691500
6683100
6139800
6732600
6753700
6610600
6858800
6705400
6725000
6708200
6794900
6743800
6679800
6631900
6733700
6718700
6682600
6704700
6707000
6754800
6710100
6709000
6705000
6800100
6552200
6780000
6693100
6744500
6722600
6721800
6748200
6733000
6748300
6705000
6779700
6702900
6687300
6723400
6782800
6700700
6522200
6729200
6735800
6711600
6604200
6720100
6722500
6735700
6720000
6747500
6837600
6752500
6719300
6640500
6770400
6680000
6749700
6734600
6093900
7346300
6815300
6540500
6494400
6722300
6731000
6705900
6629200
6766900
6725800
6287800
6753000
6836200
6759400
6495300
6260400
6593200
6714900
6707100
6705600
6534500
6713500
6727600
6728900
6711500
6764100
6738000
6292000
6703500
6705700
6708100
6460400
6765000
7341800
6773200
6717300
6767600
6666400
6768200
6729700
6806400
6821600
6774500
6706400
6676700
6748100
6675700
6776900
6495300
6357400
6501900
6647700
6754200
6683800
6546400
6220300
6776500
6699400
7285800
8121800
8055400
7606000
6864600
6835900
6470000
6823400
6941700
6832700
6845900
6834000
6846100
6837000
6852300
6785800
6788000
6814500
6623600
6840500
6762500
6593700
6295000
6797000
6568300
6692800
6805800
6739200
6776300
6761800
6270800
6608800
6803000
6760000
6810600
6772000
6793400
6763000
6769600
6753800
7260500
6731400
6748100
6734400
6693300
6256600
6664900
6776200
6707800
6730500
6721700
6734900
6574000
6917700
6740600
6627300
6747300
6344500
6787600
6636600
6768700
6707000
6761800
6711900
6709900
6702100
6254400
6774400
6742100
6662100
6775500
6570900
6684400
7240800
6751800
6250800
6626700
6708200
6203500
6699800
6706500
6741400
6776700
6720600
6708100
6761700
6705800
6644900
6681400
6717400
6454900
6708800
6692500
6692600
7539700
6474000
6723200
6792200
7058200
6735600
7297300
7456100
7929400
6914300
7445300
7878900
7623900
7678400
6369500
6838400
7253300
7535200
7408200
7426300
7468900
7608100
7822200
7847000
7488100
7997000
7508800
8481000
7700200
7494100
7771000
7436400
7500900
7138700
7550300
7987400
8108200
7457600
7272300
7645900
8203500
7796400
8261300
7697600
8709800
8333500
6375500
6868800
6902800
6901100
6837300
6706100
6834200
6878700
6831200
6708000
6831900
7021500
6830600
6864300
6860700
6842400
6792400
6841100
6717200
6865800
6861000
6850000
6836500
6859600
6845500
6759800
6841300
6871000
6782800
6840300
6719400
7439600
7117600
8065900
8358300
7052700
6817000
6856500
6892400
6836200
6871800
6835400
6938800
6614000
6886100
6898500
6861200
7326800
7012400
6851700
6832400
6879300
6910600
6874300
6869200
6890500
6762100
6858300
6866800
6880100
6864000
6802000
6886000
6855500
7107600
6776800
6760700
6496400
6758800
6693400
6699500
7804800
6884700
6765100
6516100
6759500
6811200
6579600
6745100
6758200
6712100
6103300
6723800
6291600
6687200
6523700
6748400
6774100
6588800
6687800
6686300
6709900
6226000
6723700
6517700
6097800
6740400
6811500
6687800
6753000
6698200
6768400
6725600
6780300
6692100
6801000
6693700
6778000
6693500
6799500
6713600
6688700
6711200
6774700
6260800
6740200
6795400
6697800
6799900
6720600
6709300
6786300
6796900
6646200
6758500
6713400
6597900
6747300
7043800
9036600
8797100
9284000
7502800
6705000
6842700
6906000
6666600
6833900
6848300
6849300
6831500
6853200
6834100
6853200
6828900
6843200
6854000
6793000
6832400
6860500
6838600
6848800
6139500
6810700
6854800
6783300
6804300
6790400
6549700
6744200
6661200
6739000
7197500
6770600
6743900
6704800
6722300
6585700
6753600
6294700
6710000
6778100
6740800
6737500
6746400
6698700
6631200
6729700
6774300
6711300
6823300
7025600
6791000
6724900
6543400
6736800
6671700
6671400
6719600
6235100
6683300
6470000
6737500
6746700
6737100
6623800
6797500
6772300
6798700
6753400
6766400
6605900
6417100
6773700
6791500
6770700
6777100
6769300
6657100
6852600
6756000
6779100
6753300
6841100
6577700
6744300
6765900
6794200
6766400
6603400
6811200
6759400
6795100
6744900
6919000
6891800
6760100
7287000
6741000
6670800
6712000
6713100
6692100
6670600
6696500
6133800
6674300
6287400
6696000
6370900
6686000
6536800
6750400
6681700
6696800
6715800
6732200
6703600
6219200
6687800
6709300
6701200
6396600
6343800
6613800
6774700
6726800
6735900
6707900
6810100
6895200
6775500
6727200
6771000
6696700
6991900
7489400
8604000
8001300
7545800
6868100
6862000
6841000
6838600
6834700
6859000
6840300
6835300
6835000
6851000
6844600
6843000
7261400
8138900
8404500
6848200
6879400
6867400
6830800
6831100
6858200
6707700
7086900
6874100
6699600
6865000
6487500
6835300
6876100
6845000
6705400
6852000
6330500
6808600
6872000
6208400
6823300
6843100
6781400
6424700
6775100
6853900
6774200
6848400
6806800
6788500
6679200
6686600
6707100
6677800
6641900
6771700
6313400
6598600
6644600
7344000
6795200
6814500
6803200
7006800
6749300
6425800
6854800
6873600
6878200
6478000
6688300
6774600
6684500
6658400
6781600
6759000
6716200
6738700
6747600
6699000
6794400
6720200
6773800
6710500
6765300
6235100
6767900
6566000
6734400
6749000
6723600
6177200
6887300
8909900
6724800
6736200
6760900
6223900
6673300
7323500
6623900
6751700
6715700
6768300
6678500
6723900
6532200
6637100
6706500
6359100
6198200
6485400
6569200
6445400
6743400
6300400
6792700
6726300
6732600
6707200
6736800
6604300
6710800
6453800
7502800
6786100
6743800
6738200
6658300
6775100
6721100
6711400
6724700
6710900
6747700
6672900
7082400
9045700
8813500
9303400
6858000
6719100
6845600
6829800
6855100
6834700
6850600
6836000
6852800
6835800
6507600
6844300
6854600
6847400
6780300
6780200
6781400
7429200
6877900
6814300
6801600
6913100
7082200
6553700
7075000
7278300
7165300
6939500
6858300
6921200
6854100
6840400
6924900
6836300
6919700
6800800
6864000
6793800
6589800
6779900
6839200
6847800
6801700
6942500
6684800
6829400
6772900
6903500
6878000
6742000
7420200
6805600
6888700
6798600
6874900
6862300
6887200
6793300
6796400
6850700
6774200
6829400
6753000
6833400
6750600
6721800
6917300
6372700
6738200
6844500
6863500
6757400
6744400
7527700
6887700
6188600
6780800
6824700
6608800
6812100
6768000
6824300
7576200
6858400
6833900
6858800
6839900
6865400
6830400
6363300
6831300
6831600
6859100
6746300
6803100
6795500
6789900
6797600
6802900
6802600
6783400
6805900
6819000
6632300
6644000
6812200
6776800
6732900
6765100
6784400
6709800
6863900
6796400
6818000
6766800
7180600
6785000
6623300
6737000
6823900
7373100
7428000
7342000
6687000
6857500
6819700
6578900
6837800
6827800
6799800
7329600
8407200
8211700
8616600
7362200
6756000
6832400
6749700
6837100
6851600
6838000
6777300
6832900
6640000
6841700
6609400
6834200
6834500
7061200
6865900
6661800
6856300
6834100
6839100
6836700
6547000
6380500
6523200
6857300
6763600
6852000
6817900
6850400
6823700
6848800
6822700
6703000
6847500
6631800
6844900
6879200
6762800
6859400
6193600
6848900
6751100
6843200
6849900
6578800
6847200
7382200
6806300
6795100
6762600
6791500
6773500
6808100
6603100
6409200
6769900
6771800
6806300
6769900
6762900
6746800
6804300
6701800
6751000
6732200
6752200
6742100
6789700
6705100
6746400
6296200
6731100
6582900
6709700
6778000
6751400
6461300
6720300
6714900
7060100
6216200
6726400
6705400
6791400
6712500
6353800
6716800
6755200
6758200
6794200
6746000
6758100
6207900
6744100
6747800
6717200
6750400
6737000
6718800
6733100
6753500
6524700
6751200
6565600
6504400
6789800
6743300
6754800
6697300
6742900
6730800
6726700
6838600
6776000
6798700
6293200
6791200
6765800
6761400
6779900
6767800
6759000
6763200
6972500
6822800
6834300
6832500
6880200
6785000
6873500
6765700
6862700
6759500
7403500
8417000
8204900
8623200
7424000
6868300
6837800
6854800
6840500
6865200
6864000
7626800
6846100
6863600
6661100
6873500
6834200
6676100
6855800
6868000
6657300
6863400
6830600
6442100
6827900
6853700
6815700
6836000
6803900
6804200
6794400
6837600
6294800
6798000
6820800
6777900
6846700
6797500
6784900
6786100
6799700
6799600
6790500
6808600
7195800
6819700
6810300
6650500
6336000
6805400
6810300
6786900
6993600
6770600
6810400
6807100
6839500
6757300
6845100
6801300
7248600
6992900
6827300
6810900
6615300
6789200
6823600
6794400
6858700
6786700
6779200
6797500
6765900
6815100
6780300
6838100
6841500
6911900
6835500
6814500
6798200
6814200
6757000
6790200
6812300
6781900
6775200
6774800
6760900
6594800
6806300
6762700
6782000
6709200
6700500
6244200
6827800
6778800
6536200
6612500
6726500
6764400
6733500
6733400
6752900
6769600
6732600
6727300
6779300
7414500
6630400
6556600
6857200
6780400
6312600
6799500
6738800
6662700
6758700
6654500
6820500
6797000
6785300
6779700
6741700
6731300
6821100
6787600
6776900
6816300
6658100
6424500
6805700
6784900
6783700
6928100
7618000
8580000
7813100
8197000
6870200
6843100
7104300
6837000
6855800
6829800
6850700
6834200
6848300
6835400
6848300
6832800
6668600
6870000
6851600
6837600
6855300
6827700
6854100
6333900
6322900
6671500
6812100
6816600
6882500
6810300
6858900
6113600
6855800
6294100
6300200
6791000
6807700
6854900
6823600
6746700
6782900
6848200
6745500
6908200
6780200
6813300
6812400
6843000
6802800
6861800
6763900
6788800
6908200
6837600
6662300
6823500
6781100
6830500
8816700
7009200
6834900
6825500
6810500
6835600
6801900
6797300
6808300
6688200
6613900
6864800
6833400
7392000
6806700
6858400
6774800
6832100
6774400
6827800
6787800
6804100
6773800
6838200
6720400
6740600
6822400
6752600
6782100
6728100
6568200
6785600
6755800
6729400
6767000
6814300
6681800
6476800
6736100
7111200
7343800
7419400
7319400
7529300
6753600
6766000
6998900
6775300
6743500
6726900
6738700
6579800
6733900
6769900
6758700
6736800
6735000
6563500
6746300
6737600
6744000
6734700
6716900
6775000
6597500
6786700
6726800
6698400
6728900
6754200
6873300
6738000
6796400
6735800
6598600
6734200
6830400
7267900
8990100
8115100
8353600
6422600
6855200
6832400
6854700
6662400
6610700
6834800
6859000
6832900
6468600
6831100
6852700
6829900
6853600
6862400
6760700
6831800
6853100
6846600
6749600
6820200
6805700
6773600
6813100
6791500
6834300
6829600
6671100
6842600
6840300
7317400
6858400
6668200
6850400
6835200
6841400
6830800
6854500
6802800
6821100
6745200
6306000
6770000
6720400
6761400
6753500
6817100
6746700
6677200
6581700
6778200
6737800
6771900
6801100
6728200
6718700
6745500
6286900
6796800
6779700
6217700
6695200
6780700
7066500
6901700
6775700
6272500
6847400
6371800
6839900
6818100
6833900
6783600
6780300
6934300
6769700
6856200
6226400
6889700
6924500
6482900
6822500
6780800
6915300
6491400
6920500
6749500
6874400
6785700
6814800
6853900
6846700
7023900
6816000
6961000
6866700
6839000
6824000
6888500
6784100
6829700
6798200
6703800
6799900
6783400
6772800
6815500
6678800
6815400
6405400
6760800
6809300
6768100
6823100
6757900
6568600
6725400
6699200
6741000
6745400
6784300
6758800
6777300
6782000
6844000
6960900
6905600
6458300
6834000
6844000
6835500
6768300
7395800
8497400
8172400
8630900
7245600
6869700
6912700
7134600
7537500
8044200
8437900
7665500
7765200
7583700
8069900
7837500
6861100
6838200
6852600
6832600
6835900
6833500
6831200
6340500
6827600
6858300
6828800
6688800
6833800
7284100
6836300
6877300
6836000
6936900
6848200
6861100
6833000
6851000
6839800
6852400
6738100
6851100
6831800
6850800
6816200
6837800
6810200
6821400
6802200
6804500
6728300
6809700
6704000
6852700
6749200
6820900
6768000
6790500
6804500
6803200
8938100
6683500
7359400
6822000
6782800
6770100
6754900
6763600
6630200
6786100
6801200
6628000
6805100
6917300
6802300
6815400
6807500
6663000
6804800
6832400
6803000
6848900
6763100
6807700
6784900
6835200
6750100
6812400
6825900
6819700
6800800
6836100
6810800
6804900
6339600
7159200
6845300
6796500
6845000
6796600
6858700
6799000
6802300
6319100
6655800
6784400
6815900
6805600
6802800
6817800
6829800
6807000
6811200
6844700
6811700
6821700
6641600
6807300
6562700
6780700
6862100
6783700
6813300
6546800
6820100
6864400
6847300
6868600
6706700
6841400
6819300
6812400
6819800
6804300
7532200
9140000
8507400
8483300
6892600
6846900
6858800
6835000
6851500
6834700
6849900
6830100
6847900
6847800
6846500
6832000
6850200
6839200
6478600
6852200
6892200
6843000
6881200
6833800
6875700
6878400
7344300
6804800
6813100
6821200
6655400
6643700
6339400
6829100
6456600
6762000
6840900
6786100
6705700
6847400
6817000
6775700
6813600
6838300
6810100
6834400
6477200
6844700
6794800
6832400
6788400
6753900
7036500
6744300
6853500
6854800
6802500
6837800
6849100
6969700
6827800
6843700
6828400
6796800
6851900
6350900
6803500
6849600
6655100
6803200
6780500
6389100
6815500
6886900
6633200
6906400
6639800
6278100
6841900
6836700
6753900
6806900
6842000
6812700
6836600
6677300
6873300
6731200
6318200
6816500
6776200
7585400
6616700
6796200
6565400
6685600
6761300
6727900
6723500
6660100
6760400
6696200
6815100
6798000
6182700
6769200
6871600
6786200
6849900
6761000
6687500
6780000
6798800
6768400
6800600
6782700
6758300
6811700
6817300
6799700
6714600
6722100
6775400
6781000
7364500
6490500
6778600
6766100
7056400
6739500
6507300
6806800
6667300
6768400
6645500
6787200
7340200
7894200
7523400
8114500
7118200
6881600
6869000
6874400
6841500
6850200
6861300
6857800
6831500
6854300
6834700
6835700
6836600
6840300
6846700
6851400
6831000
7055600
6836000
6861100
6830600
6816000
6807600
6736700
6819300
6774600
6510300
6768000
6658200
6765000
9108400
6621100
6674900
6838100
6810600
6826900
6761000
6790900
6722800
6782700
6734600
6746600
6771500
6797900
6746800
6780200
6723900
6792400
6782100
7270800
6732800
6810000
6781100
6819200
6771200
6674200
6133600
6785000
6851500
6742500
6798700
6700700
6739500
6807500
6687200
6812400
6784900
6425400
6763400
6805600
6772600
6784800
6758900
6738900
6817700
6724300
6280400
6789800
6789000
6727800
6835600
6558600
7233500
6771900
6848800
6808800
6334800
6761000
6831300
6797300
6857100
6742400
6750900
6775100
6779300
6747700
6318800
6293400
6791600
6800500
6777600
6817300
6785300
6756100
6780200
6797000
6800800
6281000
6820900
6808400
6796100
6773800
6785700
6819900
6870600
6792500
6839900
6841600
6788000
6814900
6790300
6838100
6809200
6839200
6784900
6785000
6819400
6761200
6797300
6777700
6739100
7119600
7856900
8869900
9010200
8058300
6865200
6858700
6835500
6849700
6842800
6853300
6838000
6890600
6835500
6849100
6845900
7448800
6835600
6750900
6833700
6852000
6828900
6844200
6836200
6792000
6803800
6786400
6792500
6755900
6765300
6814000
6780100
6641100
6743800
6825400
6775000
7659500
7306000
6865600
6790900
6811900
6803600
6847800
6807800
6784400
6714900
6807000
6804300
6815900
7168500
6283800
6771700
6280700
7052700
6735800
6525100
6767800
6739900
6787300
6728700
6273900
6798300
6741300
6764400
6752900
6438000
6754000
6859800
6750600
6805500
6712000
6618000
6733300
6777700
6785600
6717100
6755400
6725400
6750300
6720200
6748200
6769600
6752700
6550800
6313700
6732800
6659600
6768500
7530300
7822900
8294400
6914500
6851000
6852600
6657300
6853400
6837800
6701400
6841900
6851700
6830400
6836100
6830500
6656800
6805600
8501700
6623200
6836400
6763600
6790200
6774800
6775200
6805700
6715900
7359300
6628000
6818200
6699900
6798400
6818900
6824100
6748700
6834900
6832500
6925800
6757600
6508600
6797600
6571300
6654000
6877300
6902700
6840800
6813000
6349800
7982500
8526400
7698700
8191900
6870200
6835400
6697800
6832900
6849800
6838200
6873900
6427900
7072000
6661900
6868100
6830500
6871200
6837700
6868800
6829700
6848400
6827900
6856900
6861600
6869400
6786300
6859100
6819700
6831000
6798900
6857600
6802100
6768300
6787200
6808800
6831100
6685500
6834900
6781200
6844600
6767200
6781300
6745300
6850100
6808600
6769400
6738600
6819000
6783500
6738400
6825800
6826700
6732200
6753700
6800700
6741700
6747700
6777300
6766000
6736400
6720600
6613900
6720700
6794700
6781800
6821500
6742500
6859900
6779200
6895700
6759100
6583000
6807200
6697900
6803300
6865500
6791800
7319600
6821300
6799600
6758900
6757500
6888100
6791500
6749500
6760300
6799700
6793400
6734000
6697200
6806000
6804500
6742400
6762300
6808100
6305600
6752400
6793700
6810900
6812600
6575600
6781000
6759600
6804600
6778100
6353500
6989000
6830600
6856900
6805800
7161500
6780600
6866700
6738300
6857800
6787700
6853100
6774400
6843600
6874400
6839600
6656700
6696900
6921600
6809900
6839300
6747900
6788800
6792800
6887600
6751400
6950000
6850300
6711000
6884200
6973600
8458800
8765600
9148700
7587500
6863200
6865100
6869000
6760500
6870100
6831900
6866500
6849100
6768700
6830900
6836600
6742700
6851800
6846900
6861300
6575800
6797200
6668700
6850900
6833700
6592500
6817500
6821500
6810200
6804600
6806000
6805900
6817600
6800800
6803600
6824500
6846100
6619100
6524700
6804300
7463300
6816500
6722900
6839600
6639800
6794500
6805100
6809800
6819000
6817700
6849900
6833200
6808700
7000100
6867900
6843100
6658700
6831800
6844000
6806300
6832400
6648100
6841900
6793300
6846500
6820400
6808700
6776000
6825900
6808200
6817800
6766100
6764400
7134900
6789100
6813300
6738300
7888700
8509900
6804800
6790700
6645300
6826200
6554900
6786500
6770100
6760000
6753200
6368400
6784600
6794400
6768500
6782000
6766200
6769300
6793700
6751100
6198900
6748800
6798100
6763100
6795700
6777800
7008500
8651800
8578900
6771600
6886900
6837700
6865600
6834000
6875000
6913300
7008800
6984000
6948600
7147200
6956100
6668700
6722300
6441500
6849600
6832500
6855700
6824500
6814400
6817800
6853800
6788700
6665400
6806400
6781600
6801800
6486700
6836900
7064900
8132700
8244100
8933400
6703000
6863500
6846700
6838000
6764300
6848900
6972700
6903300
6843900
6838000
6850300
6837300
6851800
6834700
6894900
6730300
6480100
6832900
6853100
6839400
6867500
6838600
6851600
6809700
6215700
6807400
6900100
6760800
6487700
6799600
6842500
6764100
7199700
6836000
6872600
6798800
6810400
6821000
6812300
6791100
6831000
6830000
6822400
6622500
6513500
6453600
6804600
6825900
6344300
6777300
6700100
6836100
6771800
6830800
6389200
6805000
6776300
6810000
6752800
6731000
6589500
6775100
6736800
6190400
6746100
7411200
6771600
6796700
6725400
6749700
6313300
6779000
6764100
6768300
6838700
6748700
6790700
6768100
6792500
6772700
6808400
6768500
6801800
6801000
6766200
6742300
6783100
6787500
6323900
6805100
6849400
6633300
6748200
6402500
6764500
6734500
6771700
7515700
6797100
6738800
6738900
6716100
6847700
6717900
6832000
6780600
6842100
6834300
6859000
6752900
6747300
6757700
6787200
6558700
6738600
6756500
6737000
6798700
6704800
6804300
6742600
6557800
6830300
6843900
6737300
6859800
6922700
6746600
6700400
6728900
7262800
6727500
7091000
8449100
7939000
8426400
7502100
6421600
6889900
6859300
6851700
6846500
6853700
6845500
6855000
6834900
6841100
6833000
6829800
7813800
6910100
6856900
6539400
6831800
6831400
6544400
6844800
6850800
6838200
6856100
6834900
6848700
6826400
6826700
6854700
6877000
6568900
6835900
6829600
6850800
6816000
6861800
6801600
6854300
6827600
6754800
6827900
6787400
6835400
6593500
6309200
6795500
6873400
6775400
6919000
6793400
6724400
6762200
6731700
6809700
6694800
6789600
6793100
6325200
6759400
6824000
6623100
6784400
6787900
6713200
6775500
6746900
6759700
6757800
6808300
6730800
6803800
6725300
6811800
6610300
7831000
8167900
7923300
6869400
6871400
6834500
6772700
6834800
6844200
6197500
6384400
6836900
6852400
6836400
6857700
6836600
6650200
6826900
7492400
6392600
6815300
6815400
6699400
6749900
7301500
6818600
6649800
6792900
6737100
6803600
6535300
6810700
6816700
6829800
6815000
6687400
6763800
6771900
6726600
6277000
6731400
6687000
6758100
6841700
6730500
6861200
6757900
6729700
6741600
6819600
6754000
7214000
6441200
6817900
6426100
6828000
6785900
6911900
7936600
8260000
7604800
8375000
6693400
6847500
6686100
6836800
6856800
6849700
6858400
6829000
6853200
6831600
6849800
6837600
6849200
6847300
6854900
6831900
6854500
6836900
6836500
6836100
6858700
6784900
7377000
6804900
6769200
6815100
6856600
6240000
6846700
6811100
6879700
6431100
6838000
6796500
6613500
6580800
6817400
6773500
6795600
6742600
9110300
6417100
6844900
6814500
6836600
6828100
6804000
6768100
6796400
6611300
6756300
6763800
6776000
6766200
7501100
6826900
6789300
6809700
6685600
6911200
6811700
6745800
6732700
6779700
6736300
6766300
6740700
6725600
6771000
6736800
6452000
6649800
6716100
6766200
6727500
6736700
6731300
6789800
6718200
6731300
6720700
6827800
6716800
6795400
6738300
6555400
6761400
7279700
6613500
6572700
6747000
6736200
6830600
6742300
6622000
6724100
6819900
6760200
6666000
6455700
6796100
6751200
6738000
6548600
6763700
6706700
6750500
6746500
6762300
6800500
6771300
6622000
6784700
6763200
6613300
6742100
6792000
6674700
6796700
6730200
6920000
6836300
6833400
6811500
6843700
6886600
6730800
6867400
6754200
6805000
6785400
8054300
8805200
7838100
8746000
6862400
6884600
6831400
6837700
6839700
6876700
6836700
6871800
6840800
6863500
6840300
6857200
6843200
6855900
6682900
6876500
6848700
7718100
6834000
6859500
6839100
6796300
6829700
6804200
6804100
6835700
6816100
6771100
6793400
6818000
6791200
6799500
6794300
6432500
6764200
6842800
6755700
6784600
6745800
6748100
6802600
6771100
6851300
6785900
6824500
6794200
6830800
6795500
6923000
6811500
7240600
6579400
6786000
6749400
6760800
6778800
6490600
6813000
6798600
6792100
6813400
6778300
6496300
6776800
6820100
6394600
6826700
6928000
6902300
6836600
6810000
6773200
6827800
6825800
6854700
6770800
6825900
6824300
6875800
6841400
6366000
6782400
6829400
6794500
6645900
6779900
6814300
6842300
6810700
6811500
6814500
6562700
6825200
6763800
6833000
6839300
6806100
6650800
6830700
6827500
6875300
6803900
6838400
6839000
6827000
6792500
6871100
6836900
6764400
6814000
6816400
6334100
6762300
6852500
6831900
7449400
6781100
6848800
6805900
6742200
6803200
6836900
6800300
6750700
6793400
6592100
6522900
6738100
6738500
6738200
6747100
7671100
9028700
8660200
8651200
6860200
6838800
6848600
6669300
6862000
6853400
6701900
6830300
6832100
6842400
6856500
6843200
6861200
7274900
6905200
6831300
6411100
6825900
6774000
6800100
6852800
6808700
6792900
6835800
6823300
6849200
6818400
6780700
6805000
6797000
6814100
6824300
6829300
6835600
6813100
6650600
6827000
6784400
6465200
6804400
6794800
6829300
6770900
6810300
6826300
6798500
6745800
6670000
6837300
6782700
6789300
6864900
6790000
6820900
6781900
6784000
6780900
6844200
6739900
6547400
6763500
6795500
6765300
6799700
6734800
6771300
6804400
6764900
6777900
6810200
6808800
6799400
6594200
6796900
6713500
6852400
6742600
6788700
7417200
6758800
6713300
6857600
6815500
6782800
6733000
6822000
6560800
6757800
6543600
6722200
6752200
6745800
6776900
6802000
6832900
6777500
6588600
6677000
6764100
6808600
6784700
6275900
6552700
6661200
6709000
6719100
6559100
6735300
6700900
6701900
6779700
6924400
6734300
6831500
6750600
6772500
6729600
6690300
6702600
6708900
6561000
6710400
6704000
6252300
6407600
6700200
6777000
6228500
6774400
6743300
6717700
7547700
8318400
7423000
8525300
7157800
6476300
6846300
6761800
6840800
6707400
6835800
6897400
6836100
6734300
6564100
6737600
6843300
6845500
6836500
6845700
6865400
6864400
6839200
6604600
6730800
6794000
6781200
6810100
6310300
6806100
6730000
6792800
6765600
6689600
6705100
6733000
6534000
6726200
6540300
6686200
6749200
6672100
6222300
6680600
6493500
7270400
6793100
6713900
6762200
6737100
6633800
6658900
6732900
6982400
6740800
6839200
6728200
6773000
6772900
6629400
6750200
6761400
6230300
6771500
6835600
6787100
6823600
6857800
6777000
6776400
6767100
6754100
6728200
6802400
6694800
6712000
6830400
6591500
6937100
6772900
6754700
6755100
6754400
6769400
6756200
6764600
6592700
6760300
6851900
6768900
6726800
6687100
6721100
6706600
6536600
6694600
6764900
6698000
6709600
6735100
6768100
6290200
6712600
6749400
6748900
6701900
6746200
6708600
6696000
6732200
6743900
6842200
6775300
6552400
6781400
6257600
6711600
6744600
6780900
6733400
6716000
9285000
6579100
6705500
6726500
6578400
6746400
6786800
6713200
6793100
6801200
6912200
6783200
6587300
6763300
6704300
6707200
7595500
8564200
8357700
8584600
6842000
6845600
7609300
6883000
6870700
6838900
6839600
6829300
6833500
6865700
6836300
6396300
6834100
6866300
6662400
6874800
6834300
6357900
6829300
6870100
6802600
6832900
6817400
6827100
6613500
6800600
6676500
6837200
6816800
6746700
6657700
6824000
6833100
6753800
6796700
7097500
6878900
6772500
6837500
6652300
6798500
6829800
6776800
6846500
6748200
6789300
6768400
6808900
6832400
6833700
6829100
6823300
6861200
6800500
6603200
6763000
7500100
6657900
6846100
6786200
6854500
6802700
6758000
6795100
6918500
7386600
7417000
7377500
6856600
6785700
6782600
6609300
6833900
6813600
6791000
6815700
6805700
6816800
6792600
6886200
6773000
6806600
6742300
6805600
6773700
6813100
6742300
6802600
6802700
6830000
6802000
6818900
6762700
6810700
6778000
6815600
6816500
6806500
6802100
6794100
7415400
6795800
6838800
6817300
6838200
6745300
6798400
6634600
6864300
6784700
6823500
6743200
6781500
6769700
6771900
8778500
6588600
6805100
6754700
6792600
6589900
6720800
6292100
6779800
6844800
6782300
6765300
6820500
6664800
6733000
7742900
8915900
8393600
8636900
6865900
6858100
6691500
6854600
6834000
6322500
6679100
6837600
6863700
6841100
6848600
6837800
6863500
6837900
6863400
6854100
6681600
6836800
6678100
6844700
6834200
6816600
6795200
6796100
6800600
6777700
6800600
6542200
6401900
6762200
6608000
6761700
6870400
6786500
6387900
6861200
6922000
6716500
6825500
6779700
6831600
6810200
6846000
6761700
6812800
6804100
6801400
6777000
6928100
6743800
6789400
6841000
6806100
6833900
6785500
6839000
6832000
6833400
6785600
6859500
6841800
6850700
6908000
6828900
7386500
6772400
6796300
6801700
6810100
6744500
6305500
6766700
6781000
6774600
6751100
6799200
6723100
6644600
6710700
6770600
6553500
6770800
6782200
6846900
6771200
6793900
6781400
6782500
6822800
6823100
6804400
6856000
6819900
6838900
6864400
6819000
6850900
7059300
6805700
6877800
6759300
6817500
6787200
6851200
6607400
6860600
6819100
6843900
6737800
6706100
6580800
6767000
6754900
6761300
6777400
6759300
6759500
6759900
6827700
6761200
6812100
6769700
6813800
6760900
6830400
6786200
6695400
6751100
6834200
6755700
6586300
7820700
9238700
8645300
7729700
6852400
6845500
6883300
6837200
6859900
6794500
6835900
6890700
6831200
6835500
6850600
6831700
6836400
6858200
6842500
6677000
6515900
6856100
6865800
6665000
6724900
6762700
6628300
6332500
6831800
6679300
6797000
7522500
6836700
6851600
6803200
6884600
6859400
6726100
6860900
6846600
6802600
6812500
6807000
6787200
6820700
6856200
6842300
6854100
6736300
6786500
6262400
6710400
6814800
6728800
7059800
7371400
6612600
6845500
6737500
6616100
6849200
6800400
6823700
6826000
7090700
6649700
6896000
6801400
6818300
6203800
6824200
6656200
6830200
6830000
6829700
6839900
6822200
6728000
6809200
6765300
6307500
6833800
6274900
6832500
6660200
6795800
6846400
6809800
6809000
6805000
6876200
6849500
6696700
6788100
6761400
6800700
6801500
6620600
6784300
6861800
6810900
6837400
6762400
6333800
6801700
6841200
6796900
6857900
6836300
6342300
7128300
6557300
6858000
6821500
6783300
6801800
6734500
6623100
6615300
6088100
6784000
6837200
6750000
6805400
6743100
6109500
6819100
6753300
6784000
7375300
6781900
6783200
6820100
6791200
6451500
6752200
7342800
7632100
8246700
8607000
7539900
6883900
6393600
6860700
6838800
6866400
6833000
6847100
6838500
6855400
6834200
6854600
6832700
6849300
6837000
6846900
6842000
6855500
6853800
6862700
6832100
6830600
7229800
6822000
6095800
6835500
6658300
6818800
6838900
6772300
6848400
6796900
6784200
6799100
6844900
6797900
6801500
6814300
6820800
6259800
6866300
6677200
6542000
6845800
6861100
6841400
6857800
6791800
7026000
6663100
6866600
6820200
6863700
6824200
6477000
7167600
6838500
6827400
6849800
6782300
6819900
6802000
6805700
6318800
6776500
6803900
6778400
6815500
6780300
6636300
6786200
6847400
6789600
6798700
6812500
6804700
6155000
6810900
6744500
6763800
6472500
6809700
6846400
6840600
6804100
6846000
6801300
6834000
6931100
6858200
6823400
6836000
6787300
6866600
6829600
7026900
7406200
7414700
7403300
7616300
7417300
7394200
6772700
6814400
6788600
6810900
6851100
6738500
6780200
6638400
6805600
6300100
6732300
6817800
6834300
6803700
6760300
6804200
6758000
6731400
6757800
6811600
6798300
6829800
6561300
6811500
6814200
6832600
6830400
6673100
6670500
7459600
8771200
7739000
8996900
7080600
6860000
6867100
6832800
6402000
6870600
6856600
6832300
6849600
6837700
6850400
6835200
6852200
6835700
6855500
7284300
8959100
6720500
6876100
6777100
6858000
6858500
6809200
6431200
6852100
6845600
6461300
6334200
6853400
6897600
6678500
6862000
6887000
6861600
6851100
6832000
6836600
6872800
6852300
6833200
6849200
6519300
6826000
6817200
6845600
6456200
6824500
6821700
6811700
6801600
6762500
7442400
6808000
6831000
6852000
6829400
6841100
6823400
6830200
6816500
6776500
6767100
6763300
6768700
6760200
6632700
6786800
6757400
6768100
6782000
6835700
6753800
6744300
6766200
6755000
6765600
6758900
6137200
6767500
6826800
6755200
6805400
6737600
6813000
7348800
6794900
6754700
6787500
6760200
6762300
6816900
6798300
6800800
6568700
6795200
6796200
6774600
6756400
6593000
6769200
6770500
6814100
6741100
6692300
6774600
6813500
6779600
6734400
6747800
6738500
6758900
6738900
6804400
6758700
6800800
6733600
6852100
7268200
6843800
6780400
6848900
6828300
6730100
6783800
6711200
6799100
6808300
7023200
6850600
6843500
6872200
7287800
8262200
8041100
7630900
6858400
6852800
6838500
6850900
6835000
6854000
6843100
6851400
6849900
6852600
6832300
6854900
6832300
6849600
6839400
7165900
6813200
6807800
6623100
6822900
6733700
6812900
6815800
6833200
6817700
6809100
6845400
6810500
6817500
6843700
6814100
6823600
6840100
6784500
6821800
6780700
6808000
6764700
6436400
6787000
6801900
6313200
6782700
6554200
6819300
6821700
6783100
6803400
6814600
6835600
6779100
6736400
6769100
6788900
6121300
6827800
6816700
6808800
6824700
6763500
6910600
7079800
6642400
6968500
6928500
6903500
6607400
6879000
6660100
6876700
6898100
6900800
6894900
6222500
6625200
7142100
6656700
6343200
6832600
6415500
6946900
7472900
7031200
6966300
6728900
6888200
6975600
6992800
6727500
6929300
6884000
6939800
6742700
6874500
6866000
6854600
6207000
6861300
6297900
6921600
6718200
6987100
6522900
6897300
6936700
6906700
6894300
6672000
6817000
6856200
6838100
6849700
6844300
7708000
6865100
6780000
6726100
6856800
6785800
6854800
6912300
6841500
6841100
6845100
6708000
6846000
6859600
6186500
6863500
6869600
6857100
6718400
7721000
8479700
8426600
6928300
6853500
6675600
6861200
6853800
6690000
6841100
6853100
6837100
6831500
6802900
7387500
6815100
6638100
6325700
6920500
6318000
6939400
6833900
6590900
6814800
6525000
6860600
6859100
6834100
6856800
6639100
6883000
6833000
6858200
6849100
6861900
6832700
6864600
6563900
6846400
6857600
6852800
6833500
6890500
6787800
6832500
6874700
6647800
6985500
6838200
6674500
6753600
6789300
6778000
6808300
6772700
6833300
6781400
6658100
6800200
6673900
6805100
6844700
6706000
6797800
6773900
6790800
6773300
6816200
6773300
6334300
6719800
6759900
6602300
6759400
6792200
6771600
6786600
6755100
6837200
6773300
6719700
6764800
6804700
6481800
6747700
6761700
6754600
6787100
6759000
6798600
6768300
6825300
6767900
6784900
6722500
6485600
6730300
6729300
6819100
6764600
6800500
6529200
6804300
6745900
6716900
6689400
6766300
6802500
6697500
6660500
6745200
6804700
7429300
6655100
6539900
6651900
6735000
6791900
6825800
6602000
6608500
6749800
6790400
6769800
6642400
6749400
6696500
6769500
6734200
6642400
6488800
6928100
6561600
6776000
6801200
6759000
6779300
6972600
8037500
8187400
7891200
6673200
6837000
6850600
6661500
7339700
6840000
6855300
6847000
6833500
6838200
6858600
6833200
6835100
6803200
6807700
6853100
6843600
6825300
6843400
6837200
6791100
6595600
6785400
6811400
6630100
6829200
6778300
6658300
6790200
6663400
6820200
6809200
6785800
6293400
6842700
6768900
6316000
6803700
6814100
6799200
6871200
6741600
6844100
6744600
6785100
6806100
6840100
6615200
6788500
6941000
6842600
6816400
6774400
6831500
6296600
6595300
6736900
6734500
6796100
6776900
6769400
6742700
6791300
6731000
6800200
6760700
6829200
6576300
6371800
6735200
6652200
6775800
6754500
6773200
6706200
6833300
6763000
6808800
6717800
6791200
6782800
6753200
6761700
6749300
6746200
6781300
6791500
6757500
6807500
6777400
6806300
6717100
6751300
6791600
6790700
6749900
6745300
6800700
6762600
6778000
6732400
6471500
7410800
6792100
6801700
6612800
6774400
6682500
6809400
6746200
6183700
6658600
6787200
6747800
6751900
6703800
6761000
6697500
6771100
6675300
6704400
6753200
6577500
6668000
6713700
6511100
6812600
6777100
6651400
6647300
6712900
6859000
6846900
6830800
7723200
8144500
8327200
6974900
6838700
6831300
6852500
6846300
6845600
6851200
6938200
6858100
6850700
6867900
6837200
6863500
6846300
6855100
6838200
6840100
6824200
6842600
6879400
6703100
6852300
6873000
6806800
6831600
6811100
6858600
6775700
6843400
6786500
6850100
6780300
6856700
6802400
6860000
6854400
6851200
6822500
6768500
6830500
6822200
6812200
6604800
6842800
6659000
6783400
6814600
6857700
6271300
6780700
6785500
6836900
6348400
6344600
6804500
6822400
6635200
6769000
6730800
6783300
6808100
6838900
6585900
7356000
6603000
6753500
6759000
6801700
6569000
6623100
6723500
6795000
6729900
6434600
6739500
6708900
6814800
6757100
6677400
6769300
6802600
6713300
6876300
6652900
6817300
6693600
6771300
6776600
6707500
6792100
6810800
6797900
6729100
6668300
6786600
6836900
7087800
6777700
6694500
6781500
6718800
6742900
6727200
6792800
6716100
6708000
6731000
6261800
6737400
6647100
6803900
6700300
6497600
6719800
6777700
6708500
6324300
6805100
6714900
6679400
6765500
6793700
6705100
6461700
6716700
6774800
6709100
6761300
6747300
6876900
6824900
6700700
6788400
6635500
7679800
8001200
8084100
6649900
6843200
6829400
6843300
6833600
6842600
6831100
6610900
6838200
6872900
6853900
6619600
6776500
6746000
6565100
6759400
6236900
6687400
6786200
6672500
6812100
6712300
6725400
6789600
7282900
6705000
6710900
6481600
6284900
6774000
6690100
6429800
6709600
6304800
6747000
6724700
6717100
6714900
6725100
6701000
6722600
6702700
6399500
6708100
6761500
6684900
6671800
6676300
6535200
6711300
6780900
6203900
6715600
6791400
6525300
6742700
6727900
7190100
6735600
6721800
6743300
6727900
6835600
6712300
6455400
6563600
6710600
6716300
6741400
6716700
6661600
6774500
6552600
6795400
6636800
6636700
6733900
6739500
6551600
6732900
6778200
6707600
6558400
6538900
6766200
6759100
6672800
6744400
6709900
6758500
6712800
6823100
6484900
6705000
6831500
6742600
6764100
6727400
6769800
6730600
6809200
6680200
6730300
6701900
6778100
6725800
6723900
6823600
6730300
6775900
6650800
6494900
6709300
6753300
6644900
6731800
6726500
6754400
6722000
6730500
6770400
6712500
7358000
6754300
6825400
6763100
6604200
6228000
6808600
6694900
6715700
6766400
6602600
6928500
6777100
7566400
8372000
8007200
7643100
6888400
6840600
6858900
6831500
6847800
6854900
6891900
6838100
6844300
6841600
6345700
6774100
6737100
6751800
6795400
6832700
6984100
6777000
6741300
6855700
6684200
6794600
6743100
6827100
6746300
6797600
6301000
6764600
6763200
6708100
6780700
6682700
6850600
6559300
6782700
6568100
6634500
6692900
6695500
6703400
6717700
6310000
6686700
6768600
6680300
6454300
6770300
6651800
6696300
6669600
6713600
6636400
6791100
6670500
6684000
6672900
6763100
6693100
6751200
6670500
6716700
6757900
6672200
6424900
6699400
6755400
6668100
6384600
6769600
6755900
6259300
6758500
6536800
6688700
6587100
6800600
6716600
6740700
6689900
6760300
6749600
7320900
6443900
6758500
6742700
6660400
6701000
6670300
6562800
6695900
6793900
6699800
6579600
6717200
6703100
6734800
6737100
6751600
6739500
6747300
6729400
6211400
6734100
6526500
6740400
6650600
6737000
6733900
6096700
6626100
6649000
6724300
6666100
6726500
6989900
6730800
6721100
6722700
6709000
6748500
6717300
6779300
6699500
6791200
6722700
6738800
6730500
6611400
6757600
6702700
6713000
6704600
6250800
6726800
6547900
7150700
8134300
8147100
7819400
6876000
6853900
6678900
6837300
6848800
6726100
6846000
6683200
6705400
6754100
6867000
6388400
6753500
6755000
6788700
6768900
6648300
6781700
6875100
6741700
6751100
6754200
6751200
6757500
6755400
6174200
6723000
6804500
6591600
6832900
6740200
6852900
6737600
6735500
6740300
6829700
6733100
6739200
6798000
6753200
7313400
6747000
6449400
6770400
6790100
6051500
6750500
6594800
6686100
6734900
6734100
6527500
6725700
6576100
6718800
6554600
6558500
6739900
6720200
6519300
6758100
6682000
6842700
6737800
6437100
6720200
6735500
6710200
6715100
6721600
6733900
6048000
6719300
7352300
6726700
6808000
6700300
6777600
6710900
6752700
6694600
6576100
6708500
6701100
6776500
6714100
6826200
6532400
6755000
6720400
6716000
6739100
6749200
6065900
6645400
6821200
6671900
6767800
6708100
6728600
6723800
6709900
6724200
6706800
6777000
6724000
6935400
6714900
6479400
6737700
6714200
6549800
6143600
6687500
6693800
6735400
6762500
6749300
6716100
6700100
6741100
6762400
6747900
6414200
6713200
6773500
6679300
6636400
6805400
6833700
6833000
6716400
6729900
7323300
8194500
7810300
6916700
6780300
6862300
6682700
6808000
6847200
6868100
6866800
6720900
6853900
6867400
6865500
6824500
6766200
6765800
6786700
6775700
6796400
6696300
6667500
6725300
6584000
6734600
6719700
6805800
6684100
6169600
6648800
6731600
6687400
6551100
6726300
6657400
6718400
6722800
7343500
6585100
6759500
6757700
6801900
6623700
6511600
6754700
6705400
6674500
6585000
6883400
6790000
6810300
6243500
6817500
6748800
6764000
6485000
6720300
6638300
6728200
6756600
6600500
6596400
6568500
6813700
6696900
6561800
6724200
6710700
6762200
6695200
6994500
6668000
6786500
6534400
6796900
6730800
6640500
6567000
6516500
6657600
6612900
6775200
6248200
6870100
6636000
6705800
6706000
6728100
6098700
6647800
6825000
6719900
6805400
6557400
6745600
6724200
6655100
6711800
6560600
6335000
6451600
6791600
6671600
7062000
6741500
6691000
6685600
6598500
6784000
6729100
6382800
6730700
6642100
6583800
6735900
6723400
6701200
6721800
6800600
6828600
6710200
6795900
6725500
6628200
6715100
6629600
6759500
6721200
6772800
6605900
6790700
6643500
6767100
6667100
6699900
7446700
6809200
6715300
7502200
7431100
8228500
7406500
6953900
6854400
6886400
6853400
6859900
6244100
6888500
6726300
6850400
6873900
6863800
6882800
6942100
6841200
6710900
6851700
6826600
6743600
6760500
6729700
6786400
6644900
6745500
6273700
6713000
6732300
6935400
6773400
6728100
6776000
6158200
6807400
6692900
6640300
6611400
6704700
6701800
6728800
6206700
6718000
6576400
6708700
6677900
6709900
6692300
6714600
6674900
6669600
6714900
6821000
6646700
6408300
6689800
6651200
6713200
6700200
6517900
6523900
6745200
6596600
6782800
6591600
6741000
6680300
6753400
6581800
6693100
6822100
6688600
6809200
6692900
6706200
6682800
6662800
6723900
6759100
6739400
6729200
6748900
6744300
6602800
6686000
6688100
6741800
6651700
6743500
6727400
6817200
6619600
6690200
6540000
7447900
6693200
6732700
6738300
6514100
6599700
6258100
6778600
6493800
6816300
6529900
6621200
6450100
6216700
6707900
6675600
6743400
6681400
6589200
6506900
6612900
6674900
6692100
6754000
6661600
6307800
6723300
6756200
6696600
6568400
6467700
6595200
6608800
6687200
6793700
6002800
6715400
6697900
6659600
6687700
6694000
6769000
6679700
6681500
8055400
8270000
8018200
6869200
6859000
6668900
6848000
6709100
6850200
6850000
6809000
6616700
6775300
6789600
6755400
6718700
6204800
6679700
6300700
6730500
6751000
6698900
7065800
6756800
6343300
6717600
6691000
6887400
6712300
6481100
6697400
6782500
6711000
6552200
6728700
6747800
6358500
6544400
6822500
6716200
6791800
6703900
6766200
6757200
6748100
6686900
6768300
6765700
6771100
6791000
6727000
6536000
6752900
6703800
6763600
6616700
6774600
6728400
6362600
6717500
6797500
6524400
6730800
6748200
6741400
6757200
6740600
6797400
6733000
6464900
6752500
6772200
6727700
6721100
6729200
6750900
6627500
6738000
6755200
6741200
6775100
6584400
6654300
6774000
6690800
6780700
6726200
7381800
6755200
6666200
6686000
6786100
6760600
6755300
6730600
6725700
6113200
6725400
6765000
6717700
6745000
6744000
6718100
6741100
6736900
6770900
6718100
6300800
6719900
6614300
6697400
6740800
6731900
6258800
6779200
6735400
6778300
6727800
6623300
6736600
6801900
6741600
6736600
6544900
6707400
6564600
6705500
6770000
6710100
6589600
6705800
6633200
6568600
6660600
6152500
6624100
6592700
6730500
7332500
8010300
8360000
7784900
6519300
6837700
6847900
6835200
6797700
6844200
6839600
6833200
6953900
6838400
6802500
6623100
6816400
6581100
6634900
6708100
6793000
6671600
6887500
6807100
6657700
6641500
6782700
6740300
6698900
6737500
6758500
6743900
6823800
6729900
6762100
6770900
6588800
6550400
6751100
6097900
6703700
6648400
6736800
6660900
6748600
6666000
6562700
7255500
6283400
6700400
6854300
6753800
6430700
6607900
6715800
6756100
6347200
6754000
6707700
6788000
6689800
7283100
6788900
6394500
6708100
6625600
6766600
6705600
6746100
6222800
6721200
6701900
6781000
6711100
6654500
6710200
6727600
6742700
6660200
6778400
7012900
6793800
6729700
6553400
6739700
6687000
6688700
6721700
6765600
6694200
6813700
6658900
6781600
6701200
6780900
6656400
6698600
6735000
6677000
6761200
6715700
6791800
6546500
6694800
6711300
6423200
6718000
6681000
6713400
6706000
6769200
6700800
6728600
6780500
6812400
6711600
6427600
6716400
6781700
6712400
6734500
6729000
6342400
6819200
6704700
6714300
6343400
6711100
6667100
6714400
6152900
6708100
6872600
6036000
6425400
6746400
6769400
6714100
7000600
7615800
7891800
8128600
6778700
6904000
6868200
7601100
6899800
6682100
6853300
6695100
6867400
6232500
6848800
6798100
6834600
6880200
6708500
6549600
6759700
6641000
6778600
6795000
6123600
6712500
6756000
6760100
6787000
6768200
6744800
6666300
6800100
6727700
6742500
6766900
6768700
6820400
6716600
6780500
7290500
6617200
6638800
6759600
6577300
6577500
6748800
6751700
6663700
6756700
6718000
6327100
6763400
6679900
6486800
6680600
6695200
6687600
6725400
6681500
6720300
6759200
6713200
6347700
6360500
6712600
6726100
6727200
6668100
6698200
6323100
6304800
6544300
6884700
6775600
6706500
6747800
6688100
6718100
6628400
6698800
6720800
6717500
6179800
6707800
6745300
6597700
6499300
6737400
6737900
6703800
6036200
6261000
6704900
6797700
6717100
6643500
6787900
6737900
6731400
6714000
6732800
6766100
6800600
6665200
6805400
6707500
6741800
6696800
6242300
6805200
6721800
6780700
6705500
6775700
6723100
6781300
6719300
6708000
6692900
6690800
6743800
6661700
6835700
6705300
6583100
6679600
6716000
6707100
6677300
6731700
6694100
6775800
6667200
6772000
6695300
6773600
6696900
7430300
8062600
7732100
8722600
6481500
6853800
6849100
6846400
6835800
6849200
6385800
6835500
6824500
6831000
6849900
6830800
6641400
6386000
6748100
6838400
6804500
6674600
6778400
6617500
6756900
6578300
6786300
6722800
6814600
6597200
6240700
6725800
6784400
6886100
6720700
6712800
6561600
6752900
6703000
6669200
6714300
6833500
6693000
6685500
6702600
6738900
6711900
6659200
6567200
6735400
6243500
6728900
6756500
6721500
6954200
6699400
6638600
6716800
6671600
6513200
6614700
6406900
6712800
6720400
6705700
6805900
6615500
6766900
6688000
6801800
6527100
6619400
6718200
6672100
6081300
6713400
6845900
6713000
6782200
6693400
6740900
6712800
6730100
6691700
6740400
6729700
6252300
6682100
6735600
6574100
6689600
6681300
6091800
6714800
6289400
6669300
6110700
6789100
7136500
6719600
6639300
6160500
6667400
6756700
6683000
6516600
6690400
6728200
6723700
6707200
6752200
6703000
6862600
6686900
6475700
6676000
6421500
6710100
6730800
6744800
6520100
6028400
6695900
6812900
6628800
6777400
6707600
6567000
6743100
6699300
6708800
6963600
6789700
6730400
6740600
6579500
6840300
6742600
6639600
6950800
7344700
8253400
7012900
6413200
6646500
6853600
7638600
8287700
6816300
6852600
6846500
6814000
6828600
6763800
6750800
6750500
6651200
6802900
6715600
6819300
6809000
6712200
6665300
6608300
6781000
6701400
6785600
6393100
6403800
6258600
6762800
6785400
6730500
6745500
6731100
6785900
6688400
6640000
6737200
6807700
6739600
6661200
6723500
6541400
6736800
6725500
6680200
6637200
6547900
6488800
6867500
6675800
6767200
6699600
6815400
6665900
7464900
6150900
6732900
6784000
6699600
6774200
6679600
6600900
6707700
6759800
6529100
6684900
6746000
6736000
6586900
6686400
6775600
6647900
6698800
6334900
6837700
6709400
6648700
6708900
6641100
6751100
6696300
6780700
6698600
6364600
6717800
6532400
6698200
7266600
6761900
6713100
6683600
6693100
6732500
6670100
6796100
6584200
6720800
6712200
6744600
6695800
6673400
6125500
6729200
6779300
6707300
6577800
6732600
6712500
6706800
6693100
6785000
6494100
6173100
6715800
6564100
6746100
6792700
6740400
6585500
6740300
6889800
6536300
6724000
6790700
6744600
6816200
6742700
6767000
6718500
6530100
6736500
6724100
6778300
6739600
6811000
6990900
8632900
7157700
8451900
6858300
6866300
6849100
6351000
6873500
6848900
6872000
6838700
6820300
6818900
6831100
6784900
6792200
6241000
6641300
6798800
6824600
6804000
6731500
6829900
6691600
6792700
6537000
6829100
6748200
6476000
6552700
6806100
6751100
6791000
6765300
6798300
6658600
6615200
6685100
6721400
6677100
6733700
6291200
6783900
6456600
6791400
6807100
6680000
6749200
6676900
7148000
6708700
6688900
6902800
6687100
6775300
6720600
6781400
6712100
6227300
6483700
6710800
6729800
6531000
6799900
6671300
6565500
6707500
6740300
6707800
6727500
6706700
6694900
6791200
6701300
6761400
6730700
6680500
6714000
8057600
7485800
6819500
6751200
7410300
6707600
6709700
6647800
6795400
6723600
6691200
6470000
6747000
6749900
6650900
6795800
6714000
6366700
6673500
6708600
6721100
6685800
6695000
6669500
6734500
6706100
6381900
6732200
6719600
6703000
6451100
6611200
6679700
6708600
6694400
6715600
6684500
6772300
6706300
6541600
6704400
6548300
6679000
6494700
6158500
6689100
6399100
6600800
6713900
6560800
6720700
7274600
7330000
7649400
6727900
6794300
6817100
6087000
6799700
6859800
8146300
8208200
7108200
6863400
6860600
6832400
6849000
6249300
6832300
7552400
6886300
6743200
6858700
6844800
7584100
7023800
6870700
6841200
6840600
6843900
6872500
6896400
6875100
6856500
6847400
6656400
6859000
6828200
6852100
6571500
6816900
6741000
6817000
6742000
6804800
6762700
6817900
6676500
6749100
6696700
6730300
6749000
7220000
6732400
6724000
6759200
6686600
6672200
6724200
6397000
6706300
6787200
6739900
6806000
6721000
6735500
6737200
6733000
6610300
6547000
6787200
6719300
6749800
6728300
6731000
6712600
6722400
6725300
6701700
6817000
6751100
6783900
6687900
6741000
6685900
6623000
6688500
6738800
6539600
6763000
6692400
6383400
6675800
6747200
6690800
6547600
6707800
6735400
6706200
6690700
6702400
6678600
6166800
6720000
6783800
6666000
6310600
6700900
6746000
6701600
6551200
6739200
6693100
7341400
8343300
6491400
6678400
6947700
6710600
6857400
6862500
6500300
6788400
6824300
6617300
6845300
6831300
6803500
6785800
6774700
6637500
6709800
6787500
6705000
6805000
6708300
6771100
6715100
6727300
6715800
6719900
6713900
6725600
6800600
6627600
7835900
8762300
7917200
8742900
6851200
7049300
6847300
6870400
6854600
6870600
6703000
6746700
6873700
6874100
6815500
6783500
6869800
6871000
6860400
6862500
6816400
6781000
6847700
6824000
6746600
6865500
6843100
6777500
6726000
6697000
6285300
6702100
6735500
6638000
6260900
6674500
6810000
6710800
6708200
6780400
6807300
6710700
6738000
6580600
6559300
6661200
6733700
6758500
6748100
6592800
6585800
6736300
6907500
6709800
6151700
6719100
6827700
6754300
6748100
6766900
6738700
6741600
6701400
6714300
6687400
6326500
6703300
6787800
6805500
6598400
7361000
6757100
6720400
6709700
6561100
6740200
6750400
6702000
6673500
6732400
6547000
6748900
6699000
6747000
6742600
6229400
6757500
6484700
6737600
6736200
6599500
6741300
6759500
6549900
6826900
6719600
6717900
6712400
6796000
6646600
6613500
6733400
6551800
7043600
6734200
6600800
6669000
6721100
6706700
6405500
6719700
6352700
6710900
6720100
6337900
6700700
6502300
6744200
6737100
6722500
6678300
6048200
6725800
6789000
6428000
6836800
6747600
6717700
6698900
6704400
6059900
6774100
6569400
6656000
6524000
6747400
7282400
6730900
7517000
8849700
8264300
7210000
6762700
6850000
6870500
6852100
6857400
6856700
6860200
6316300
6867900
6859400
6802500
6840200
6821500
6795200
6624400
6755000
6836700
6628400
6743500
6238500
6507100
6045900
6696800
7527600
7438300
7276400
8029700
6673000
6721500
6715800
6708200
6578400
6254900
8108100
8227000
6884800
6873300
6353600
6848800
6806900
6753200
6568700
6732400
6698000
6763700
