701900
751400
765900
758800
689100
687300
797700
692100
688700
694500
688800
687500
686600
690800
689000
687100
687800
688100
689600
690900
688000
728100
685500
686800
691600
688500
689400
688200
687100
686900
688800
688000
689600
686900
687200
688700
698700
690700
688000
692900
688400
688400
688900
687900
686900
689800
688300
669600
688400
685400
688700
689900
687500
688000
688700
687400
689100
687800
691100
687800
687000
688700
684100
699600
691100
687600
688500
690300
687600
688500
672100
690000
689900
687100
689100
690900
761500
767200
795600
768200
689900
691600
791600
688500
691600
688700
691100
690800
686700
686800
691000
687900
642400
686000
687000
689000
688300
689100
686400
687000
686700
688300
704100
673800
686700
687200
688700
688400
689000
701400
689200
686700
690600
681600
671400
695500
648500
691400
688500
689100
690900
688500
688600
695600
691400
689800
688200
690300
639700
695300
688000
686700
687000
688200
687800
688800
689800
686500
688700
688100
688400
691200
690500
688900
688000
687800
688000
687100
686300
1344200
696800
688800
686300
686300
689600
788600
778300
791000
782600
771300
832100
818000
794800
822400
839000
851400
856400
756600
766500
853400
816800
770600
781900
797700
866500
755900
700200
650500
741500
698300
713800
758300
697900
693500
737700
698200
729300
760100
691500
688400
752400
764100
688100
690400
750400
720700
765400
687600
647900
700100
719300
726200
706000
688500
730500
701000
770500
758900
691700
700100
686500
690300
688500
691800
670800
686700
690300
692400
689300
688500
715900
688500
689300
691000
688800
639100
689700
690300
688300
697300
687400
687600
686600
706600
688600
688500
688600
669000
683900
688900
687900
687900
691700
688700
686500
637200
682800
688200
687600
688700
687800
686900
689800
691100
687200
688100
690100
687000
686300
704300
688900
688400
689200
668200
686500
691500
682400
688500
686900
686900
740200
684900
761900
722000
686700
701700
730700
688200
703100
700500
756700
753700
715500
695200
759700
772900
753900
760900
688500
688000
688200
690100
686600
689000
688200
693600
688500
686200
689800
693600
687800
688500
688800
686800
688300
688600
688000
688500
688900
715700
702000
690000
687500
686500
688300
688500
688300
689600
687200
687000
686800
688300
693000
713200
689100
686600
688800
688100
671600
688600
694500
687000
686600
690700
688700
687900
722500
762900
691900
688300
688600
688100
687000
689400
688700
690800
687700
688500
687100
686600
691400
688700
688200
688400
686300
687100
690900
689000
688300
687800
687500
686800
688800
697700
688500
688300
688800
686700
687100
690100
688700
688100
688200
687100
686500
690900
696800
688300
687200
686700
686400
689300
643100
687900
670400
685500
670800
686200
690200
698900
686700
688200
639400
687700
689000
693600
686900
688200
689300
688000
689100
689800
687800
687100
689500
687700
688000
688500
679500
686900
688400
642800
688300
690400
689900
686700
686700
688000
687600
689200
688600
688500
688500
688500
688100
687300
701600
689400
686500
688900
678000
688300
688700
686600
691200
689100
687800
688400
688300
686600
694000
690200
688900
669700
694000
686800
686700
690100
642500
688400
687200
686400
686800
689500
688700
687700
688200
689100
686600
689400
691400
688300
688100
687000
686600
687000
690100
687900
688000
688500
686800
687100
688600
1188700
686900
690500
689700
696500
742500
714900
704900
690800
689300
672800
686600
691100
692300
690700
690200
691400
687100
687900
691300
689300
690400
691600
638700
687100
701300
691300
672000
690700
687200
686700
691000
693000
690400
690800
694100
685600
690800
692300
698900
692000
687100
706500
691500
689600
691200
687100
687300
686700
642500
690800
690600
686500
687300
690700
704900
645500
680700
695200
686800
689800
672200
690500
690400
674900
687600
686600
691200
695200
679600
690500
687700
686900
691100
690700
689700
691600
691300
691500
690300
701000
704200
687000
687200
691900
690900
690800
690700
686700
686600
692800
691500
690800
690000
643800
686700
690700
692600
679500
692000
686600
686800
687900
691500
688400
690400
686500
708800
690200
690900
694400
689900
687100
691500
691500
690400
690700
641300
626700
686800
690700
705900
690000
692900
685800
690400
690600
693000
690500
690700
687700
687400
706000
691200
655200
690500
688500
689400
691300
692400
689100
686400
688700
685800
691400
704900
689800
700500
687000
692100
690200
673200
689900
686400
687900
692300
678000
689900
689000
669200
686800
691100
692600
673600
675500
691800
638200
669200
690900
696600
671700
689000
686900
686300
699800
691900
690500
690000
687700
686900
691300
692300
689500
690200
687000
686700
689700
683100
697900
675200
687200
668600
690700
689900
692600
689500
638500
686900
690900
689800
691900
689000
641100
728900
768500
765600
728900
695000
705300
708100
688300
687800
686500
692300
687900
693900
688800
686400
686700
688100
694200
688700
689900
688800
686400
686900
690200
688600
687600
725800
693500
687800
686400
691200
689600
703800
688400
686800
686700
688300
688400
688400
688400
693200
688300
686700
691300
688000
690900
688200
688500
686400
688500
687900
688800
670000
688500
693000
688700
689000
688700
686900
687300
617700
688200
689800
688400
688700
686800
686900
694000
688400
690500
690700
701800
686900
687100
688400
689800
695400
688300
686900
688600
687900
747700
691500
687000
687000
688200
687600
687800
689300
688000
686900
687300
693500
690300
688500
646700
739600
686700
742000
695400
704500
746100
727000
688900
733400
759400
686800
692000
684200
707100
708600
710700
692500
735200
737800
736800
692500
707700
769200
711000
686400
1298600
732600
700400
688100
688500
686600
688900
688800
691500
687400
688700
687100
686300
688800
688200
688700
689800
688000
686500
689700
687100
688300
688100
688300
686600
688100
688100
692300
688600
640600
688300
686900
690000
688300
688000
688200
686500
670200
687700
688700
687400
693000
688600
687500
689300
693900
688200
688200
686300
686900
686800
704500
688500
688500
689000
638500
668800
689400
690600
687700
686600
686800
687300
689800
691800
689000
687600
687000
687000
689200
688800
690300
638600
759400
734700
696700
699100
631300
727300
752000
695200
687300
742700
699900
725300
720500
693200
689000
691900
686800
708900
691400
725800
687500
722700
738000
702800
690800
645600
688900
688000
707700
690600
690700
686500
692000
686800
688100
670300
687000
688800
686600
688100
688600
674200
688700
691300
690900
646600
689400
688700
695100
690700
692100
687900
688400
687300
686600
639400
690000
688100
688600
687100
687300
688400
692000
690100
688800
688100
686700
687200
687800
689800
688100
688300
686900
687600
688600
687800
690500
689100
689500
688800
688500
689600
695000
690000
689400
692200
694600
690300
689800
646300
694300
726200
767000
698200
692000
644700
689400
649900
724700
734900
707400
696800
724200
693900
738700
743900
708600
738700
767200
763500
702800
726800
692500
756100
634300
728600
718800
688800
693200
688300
687100
690700
688700
687500
687400
686200
686700
696000
704000
825200
702400
736400
666300
831000
785400
768600
843000
847800
777300
813800
847500
686700
823500
827700
799900
816500
830200
820500
847100
784100
639800
685500
686600
691900
688300
689000
686700
686700
689100
688300
690000
688200
688200
685400
691100
689500
690300
687900
688800
687700
693700
686300
689400
690700
687800
688500
686500
686800
755400
696200
727300
763600
694800
688100
688300
688400
692300
687100
688100
762900
740600
701700
727300
712500
687900
686500
687100
688100
687800
690100
686900
685300
686500
691100
689500
672300
691100
689500
688500
690500
689200
688900
690500
688900
688200
702600
695500
686900
690700
688100
687800
689000
686600
686700
686700
689500
688600
688200
705500
687400
688900
691900
688500
687500
688100
686500
691900
688100
689800
688200
688400
686600
688300
692300
673600
688000
686300
686700
688200
688300
687700
691200
690200
706100
686300
687000
711300
688900
686900
692800
691400
691100
689800
690300
690700
691000
697300
676000
686800
686700
717400
641800
671800
691700
670400
686900
670800
686600
672500
703500
688600
688200
686900
688300
670500
686900
686900
688500
687900
691600
670600
689100
687000
689200
688500
687800
689000
695000
686900
686600
688400
688800
690200
688400
668700
686800
638100
688100
688300
690700
687200
685200
688800
688100
688000
690300
687800
687400
668900
687900
688200
688200
689600
685300
686900
688900
688400
688000
682100
686600
669900
686900
688200
641200
688800
690000
687200
686400
694000
688600
687400
690000
687000
686800
689000
687700
687900
688400
689200
686600
688700
688400
709000
677700
688600
686800
686700
688400
688300
688600
687000
688300
689500
688900
688100
688400
643900
689600
687900
688100
686800
686700
686500
688900
689100
688400
668700
686500
686300
693600
699700
841700
856000
799100
776900
818500
786600
810400
869800
864100
791800
856600
841500
860400
689200
689400
689000
639100
691700
691900
691400
639600
690000
688800
686600
692900
690400
688100
686600
670500
686500
688300
689800
688500
671000
687100
687800
687700
703900
688900
686700
687500
686400
686900
687800
693700
640400
676300
688700
691800
687900
690600
689300
686700
686600
685500
687300
688100
690900
686600
686600
688500
700000
688400
691300
690900
689900
691200
688700
688500
690100
693200
686700
687200
689300
669800
705900
690400
694100
692200
692100
689300
691800
689800
696200
688600
687000
686700
696800
636900
688900
691300
670300
669900
686000
686400
686600
690700
688400
689200
688300
686500
688500
689600
689800
687900
687200
686800
688000
688300
689800
688700
670500
686300
670400
683600
689000
688900
686700
686900
639500
688100
687900
690000
688000
686600
688700
688000
701500
744500
779300
768300
772000
669400
686300
688700
688500
690100
690900
689200
674800
697900
692600
695900
689600
690600
690500
688700
689300
694000
689300
689500
689500
695200
689300
688700
688700
688200
686700
686200
688100
688400
690500
688100
685600
687400
694500
688200
627400
695900
689000
686800
687000
691400
687700
690100
687400
687000
687200
689600
688400
860400
698100
686900
734400
695700
714100
752300
707500
689100
746300
750500
687300
689400
1456500
693600
722300
756600
689600
690000
716500
730700
693900
704600
725000
699600
726100
771000
719200
687300
739400
743700
699100
689900
689700
690200
688000
687700
689200
686800
690200
688900
688700
688200
687800
688100
686800
689600
704800
688400
687300
686900
686700
693300
689000
687900
688200
687800
686300
686600
690200
702800
687700
688100
687800
686500
696300
669900
669700
688200
687800
686900
687100
690400
672400
689700
763700
862800
815900
703800
690200
671200
690500
688600
688800
690400
714000
689000
688900
690900
688700
688900
693200
688700
686900
714100
732600
651700
686800
729900
688900
761700
740800
711100
688300
760400
741200
644100
693700
730300
733700
710900
697500
744100
742700
711000
698500
724200
756300
686400
689100
742100
743000
726300
688900
693100
688400
688300
688000
686600
686300
690700
688200
689100
688300
687500
686500
689500
691800
688300
688800
690300
639100
689000
690800
689700
670800
686600
688400
705300
687400
688500
687000
687200
688300
688100
688400
721400
688700
690000
693200
688700
688900
645800
691200
688500
688200
688200
686800
687000
699600
688800
688600
687300
687700
688700
695300
690100
688500
688100
689300
691200
689400
669700
697800
700000
678000
699400
706700
780200
687800
705000
690600
687800
704400
686600
701800
690700
708100
737400
686400
747600
697000
756900
723500
696500
676800
742800
686800
1506000
1155100
944400
674100
690200
687400
696000
689900
689800
671900
687800
686300
691000
717900
689700
675500
669100
686600
690900
692200
689600
692000
668600
687500
690500
685600
709000
689800
690100
687300
686800
673300
691600
688800
690900
686900
691300
690300
690200
711200
686800
687100
672600
690000
690500
693300
688900
686700
667900
687700
689800
689500
699500
686600
691100
691000
689600
689900
695000
686900
691100
690300
690200
689700
688700
688400
687400
698300
689500
688100
698300
694700
749700
733900
688400
686900
688200
697000
697800
695100
690900
702400
701600
719700
700300
688400
689000
727300
753300
691300
696300
719900
691000
689300
689700
685700
638800
695500
642800
689400
689400
687100
686300
693900
690200
708900
690900
690700
690900
689900
674600
686700
690900
641400
690800
695000
693100
687100
686100
689800
690400
689400
692800
688400
669400
690800
689900
690300
705300
1240400
689500
687000
687000
688200
688400
688200
689100
687600
688800
689100
703900
688300
690600
687000
686500
701800
670600
688000
688800
690400
686500
638000
688400
701300
688000
690200
687300
686200
688700
694700
688300
689300
687900
687200
690400
689100
713700
688800
688800
686800
689000
688100
687800
692200
686900
688600
688500
670800
689100
689000
688900
689900
686600
689500
688900
687700
688600
640900
689200
688800
689200
687500
703600
686700
688300
688700
688000
688900
670200
688500
804200
750400
772200
700900
760200
771300
751300
809300
930100
850400
912400
709600
845600
848000
832300
833800
841300
797600
830800
735900
728600
690100
742000
690600
689300
690000
710800
690800
690000
670400
688200
686500
688400
689600
688500
688800
675600
670100
688000
686600
689500
688200
688000
688500
687000
686600
694100
689800
687700
688100
680000
686500
689800
688300
687900
688300
686600
687600
687400
689900
688200
688600
688500
686500
691500
691700
670400
689300
687000
686200
687600
688100
689200
688600
688600
687100
686600
708300
691600
688500
669600
686500
687700
688600
639300
690800
688400
688600
686500
689200
700400
690700
687100
686600
686800
686700
688300
687200
690100
687600
687500
687100
689100
694100
689900
688600
686700
687100
688400
671800
688500
670800
687300
686600
670500
670900
701600
693600
686600
686800
688600
688400
688800
686800
690300
686900
688400
688200
687600
700300
689200
688800
688200
688700
687500
686600
687000
690200
688900
687700
689600
686800
686600
691100
692100
687900
640000
686500
687100
686500
690200
687800
688200
688800
686400
688900
690200
688300
692300
688800
688100
687600
688300
688600
686500
690200
693200
688500
701300
688800
689200
690700
688300
688400
687300
686900
690800
688100
687900
688500
668900
686700
689700
688000
687100
645400
736500
687200
712300
700600
728900
686700
714200
692100
702700
746300
708000
695500
719700
688400
697700
696700
756000
702700
728800
737000
690500
675900
726600
740000
719100
691600
714800
715600
755500
775400
688000
688200
687900
686900
687200
688800
689100
687400
687900
697100
692700
689700
689900
688600
688700
697400
688400
684000
688100
688300
688200
688300
721000
688900
673500
688700
690900
706600
670500
689000
690200
696500
688500
688500
687000
686400
688900
1265200
687200
690800
710700
671900
691500
687000
695500
691500
693000
689500
694000
686700
688800
673600
691300
704700
691200
686900
691500
731100
689000
622100
691100
687300
686700
757700
771600
687100
686600
695400
718800
764600
702500
702000
691200
697200
723000
723900
720000
688900
699600
700200
707500
688600
688000
689500
688600
688000
687700
688400
692700
689600
687900
703400
686700
671400
688100
688500
690400
688000
686900
688800
687800
694400
659800
688000
686200
686900
688800
688300
687700
689800
695800
725900
670900
688000
687500
694700
687400
686700
689100
687300
687800
687900
688600
687400
688400
670600
688800
688300
688700
686500
688800
689500
688500
688400
686800
688300
688500
688800
688100
688200
686600
670400
686600
676100
688300
670700
695000
688400
688600
688400
687300
688100
688000
686500
690600
701700
687600
691300
669600
686800
688300
688100
688800
688300
688000
686900
686700
690200
700300
687700
688500
691700
686400
689500
688300
688100
688500
711300
687400
687600
688400
696200
686800
687500
692800
689300
693600
688900
688900
689000
689300
688900
678900
695100
687500
688500
687500
688600
687900
688500
688100
688100
688300
670000
686800
686300
703900
688400
688100
688300
686700
686600
690700
687800
687800
688300
686500
687100
688500
703600
688000
688100
686200
686800
688000
695200
687700
688300
687600
676500
686700
686400
691900
687200
688000
686800
689000
693400
693100
694900
718500
701500
672000
688100
687800
708100
690200
686800
688900
688500
687800
691000
687100
687500
687300
688400
688700
688500
692200
686400
688400
688700
687500
689200
688700
687300
687300
688600
688000
670400
688000
688900
686100
688700
688300
688100
687500
687600
686700
686600
695400
687800
688400
688000
689300
688700
688700
688100
687900
687500
687500
680700
642300
687900
699900
686500
703600
687900
688600
688900
686800
688100
688400
690700
687000
688900
687500
686700
689100
703900
688100
687000
686700
686400
688600
688200
691600
689200
686700
687300
688600
691600
703500
688000
688200
686400
688400
688700
687800
689600
686400
687000
689200
687800
688400
700200
688100
687100
686500
688600
687900
688100
691500
687700
668900
666700
687700
687900
705400
1481000
1168000
1143900
856800
842800
688500
692700
688400
688400
686500
688600
695700
1278100
687800
686300
686400
688200
687900
687100
690000
686400
688500
705900
688300
642400
690100
687100
670700
668700
690300
688400
668000
690800
686600
687900
702800
687700
678100
640300
687100
689000
689000
688100
686600
617600
688700
686300
688700
701500
688300
688000
688800
687000
689300
688500
687200
687300
686300
689000
688700
688100
690700
677600
687400
688600
693500
696800
640100
692600
688800
697400
642100
702600
687100
697400
696400
687200
695100
690500
674800
688200
641400
726000
688200
691300
694100
688700
687300
699700
694200
698300
693100
745600
741200
700400
693300
688200
689600
686200
687200
689100
687300
689000
648600
687200
686400
689100
688400
687600
692500
687800
686900
688900
688400
689000
687400
687700
684800
688600
688200
687800
687300
692300
686700
687100
688200
688100
687600
688300
687400
687200
688900
688200
688400
688100
690100
686700
688400
688200
688500
688100
687000
689200
688300
674000
714200
688200
691000
688900
743700
695500
740700
772800
688700
740400
726900
714100
686800
691100
799700
695500
693900
691300
727600
687700
687600
734500
688400
698600
701000
690200
688300
687700
706700
697300
670600
687700
688200
688300
687000
686800
693300
688300
688900
697000
688100
686600
692200
671300
688100
688000
686900
686600
688700
690900
688500
687600
687700
687600
702300
691300
686900
686800
688200
689100
688100
688000
688100
686600
688200
688400
692700
701900
688900
686800
687700
687800
687400
686900
686500
688900
689300
687800
688400
688300
696900
688400
689000
688500
687500
688200
687300
686700
691500
688200
688100
687800
688000
687100
690000
688500
676000
686600
696300
692100
688200
700200
698600
691900
687900
686400
681300
768400
721600
698200
688700
703600
769800
688500
688600
687600
686600
730400
690300
692500
690000
729000
744300
688600
691400
688700
692100
688400
772200
760000
698700
693600
688700
782100
702500
811800
745500
775900
820400
845200
839000
842600
832800
846700
845500
689300
802700
764600
841500
773200
858400
842600
834700
813400
690600
775800
704500
688100
690300
690300
641900
690300
691000
688600
687500
672400
686300
706500
687000
686500
688700
688100
688800
688500
686300
686900
689100
719900
690600
688000
686800
686600
687000
692800
697700
691600
719300
752100
687900
675500
687200
1321800
695400
762300
754700
699800
700300
756200
753800
707000
697600
708500
762000
688300
690900
687200
688600
689200
702800
689400
691900
691600
688600
709300
688700
689000
691200
692200
686800
688300
688600
703100
690600
689100
697500
690600
688700
690300
690900
686300
690800
688800
687100
686800
692500
689000
672200
688900
686900
686700
688500
688400
688500
690600
686600
687100
688000
687700
692300
688500
672100
686600
688300
689200
688500
688600
687600
687200
687000
688200
687600
688300
634100
693600
689400
690200
692100
689300
689500
691200
690600
689100
687600
688700
688700
715100
643400
687000
686800
688900
688000
687600
689700
686500
686900
688500
645100
692200
672300
695400
705700
688400
688700
686700
668300
690800
671500
688800
688000
690200
686800
690700
692400
701300
687400
686800
686500
688600
690600
672500
688000
688400
689600
688800
690500
688000
665600
686500
686800
688700
688600
690100
671300
687900
686900
691900
688600
690400
688700
700200
686500
687100
687900
688100
690600
688400
686800
688800
691700
688000
693100
686600
687200
686500
688900
687500
688000
694800
686500
686400
687700
687900
688700
688400
667900
696600
687900
687900
688300
669000
690600
689000
638900
688000
688600
688600
671800
686900
689000
707100
693700
689200
688400
648300
688200
686900
687300
688900
688200
690700
669600
701500
686300
688600
688600
690100
691300
669100
686700
689600
693700
688000
690600
689400
687100
689900
692500
688900
688000
690400
687200
686800
670700
688700
689000
670800
637100
688700
688900
658600
688000
686400
688600
689000
688300
688200
686900
686200
688900
688400
688000
688300
680500
695900
691800
689000
688000
691300
693700
686800
688900
688200
691600
687300
640100
693300
686300
689300
688900
686500
688400
688800
688900
676300
706700
692700
697700
641200
690700
689300
694900
688900
689400
691800
689000
687900
687800
688900
688600
689500
688100
687800
630200
670700
686800
688500
689900
619700
668900
686300
693500
688000
688500
687600
687300
687000
692000
688600
688000
687100
677000
687000
688500
704900
687900
687400
687200
685500
689600
690100
687900
686800
687200
687100
688700
688200
702900
678000
686600
668900
689700
674800
705700
627900
689600
694900
689600
693000
700000
695100
692100
696100
686900
694200
676600
1316500
695200
785900
781400
698900
692000
688600
742000
705800
689500
652100
688000
700100
700200
697200
696900
707400
686800
688900
688500
690300
688400
686800
686900
686800
687900
690100
687700
688100
686300
686400
670200
689400
690500
689200
687300
687200
693100
687800
689900
688000
686700
687200
688500
688000
687900
689900
686400
687000
689100
688100
691100
689400
686500
691000
688300
687800
688500
687600
686600
689000
688800
688300
688600
686900
640600
686700
717100
688100
688400
688700
688700
686900
688500
687900
688300
687400
668800
692700
697500
690800
737500
746900
689800
690800
745200
687100
772200
762300
640500
638300
696700
696000
744900
762900
692300
689300
738300
697000
727600
688400
737100
711600
722500
774300
688600
696400
697800
688400
691500
690300
688000
686500
686700
689000
688300
688400
698000
686600
686700
689500
689000
688300
689800
687100
686800
688600
688000
688200
688600
659000
687400
688600
688200
669600
686700
689400
688000
688300
688000
685900
686800
689400
697800
687800
688400
686600
686500
689300
673800
687800
688100
686700
687100
689300
688500
675100
688500
690500
690800
689600
673100
690500
692200
689000
689100
689100
686500
687300
695600
708100
688300
734000
697000
728500
747000
707900
687200
713600
734400
700700
689000
758400
709100
721200
717800
688200
776600
700100
693900
691800
697700
687700
694600
668200
703700
708700
699700
688000
687800
687800
690300
686900
688400
688600
691600
689000
686800
688400
637000
688600
688200
688300
687900
688600
686800
689400
688700
712100
688800
692900
686600
689200
688300
688500
688900
686400
687900
670900
689400
688300
690400
670000
669300
694200
687800
693100
687900
669300
686900
689600
688600
687200
687000
699700
686700
690500
674900
688900
687500
686800
687100
687400
689700
687900
687300
688500
687300
688000
691200
687600
691700
707400
695000
711500
688700
755000
758000
697800
646200
744600
769600
709100
688600
726300
765700
698200
689200
737700
771600
688600
710400
688500
688500
686600
689200
688000
693300
686600
688500
686900
687500
690500
687600
703200
689100
687300
686200
690900
688700
688900
697400
688400
686600
677900
689500
688300
702100
686900
676400
688600
690300
688700
688300
686900
688200
688500
688300
689600
686900
686600
688700
669900
687900
1295700
688200
688500
686200
686500
686900
687900
690100
690600
689500
676300
688500
688600
690000
688100
688300
686600
693500
686900
687400
688900
701000
686300
687100
687900
688600
689900
688200
686200
687100
691600
692700
687400
688800
698700
686400
688400
689100
687200
690300
686700
687000
686700
688200
688200
711800
686600
687300
688300
688600
688600
670600
688600
686900
688900
689200
687900
688400
690000
664400
686700
688100
692400
689900
688100
700600
694500
690300
688700
688500
689200
690600
687800
643900
686500
694200
688600
688200
688600
686600
676400
733700
671700
688100
690400
686700
685900
688200
688500
688100
688100
690700
686400
690700
687900
687600
687900
691500
686200
688600
695700
692400
688200
686900
688300
688300
688500
691600
687300
688100
689700
690700
687900
687800
693500
686900
686700
690900
687900
688400
691000
687100
671400
689800
700600
688200
686700
686300
689100
687700
688600
686500
686500
694300
688300
695100
770200
708700
744200
749100
826900
755000
858900
787200
855700
772800
828600
724800
733800
774300
840700
853300
841100
815200
838400
728800
698600
735200
690900
694000
690500
692100
694000
689900
689300
699400
688500
688500
687800
688800
686600
695000
708800
688000
687800
690200
688400
689700
701800
688200
688500
690800
670100
686600
688400
690700
687100
688000
687400
688400
688000
688100
691200
686900
687200
670100
688600
688500
702400
687600
687400
690100
687900
688100
687400
685600
686000
691600
687800
687700
688900
701200
686900
689000
690000
687800
670300
688200
687100
668600
691500
687600
687700
688400
686500
686800
688600
690300
688100
688300
687700
687000
686500
700000
689400
688100
688000
686500
686700
688500
690500
688300
688400
686800
687100
688300
690500
659700
688600
688300
692600
687100
691400
689900
687300
687500
687100
686900
688900
690400
688100
692400
687300
685800
688200
689200
672800
687900
687600
686700
686600
688900
693900
669800
687500
693200
686400
686600
688100
690600
688400
688300
667700
686300
642500
690500
669100
687300
688500
640000
691800
689400
690100
688400
688500
686700
687200
691000
694500
687900
686700
686300
687200
693900
688600
672800
688100
688500
687400
685900
688800
690400
670600
688100
683800
686800
693800
688200
693000
687800
686100
686600
686700
688400
1245400
687900
688700
702300
688000
686500
686900
691200
688200
690100
688300
687300
686800
690200
669900
677400
701000
671900
692200
695600
700200
682800
699700
692000
707300
692700
725300
697100
730900
682500
699100
695600
724700
697600
706700
688500
715300
687000
744500
748900
692400
641900
742400
737500
736000
707800
690700
687300
686400
764900
745800
791500
688700
670100
687700
688100
688600
677000
697000
688200
669700
687000
687900
686800
686500
692700
670300
688100
688100
686800
687400
691100
673900
693200
688400
687300
686600
639900
718800
687400
688500
687200
686400
687100
691100
687900
678000
688800
686500
672400
688300
703500
671500
687800
688100
686900
688100
690400
687900
668800
700700
709900
691400
704600
799700
687900
683800
689300
703500
732000
767500
697700
686200
751600
719800
688100
715500
640800
688700
690600
686900
692900
687800
689500
668500
686400
710200
705700
697000
693200
701200
701300
692300
696700
710900
697400
690600
671100
696500
713900
742100
688100
688200
691900
687000
688900
688300
688500
688300
689100
688700
679600
703600
688700
686700
687300
690700
687700
688400
686400
687200
688700
689600
686900
686600
687100
688100
687600
688700
686800
686600
688100
687400
686900
687000
688700
688600
701000
691400
688600
687000
689100
688700
688100
670700
687000
688700
687800
691000
687600
687000
688700
688600
687800
690000
686700
687000
688200
687600
688800
688100
692900
716900
673000
716300
696900
719800
700600
711000
753700
720000
694500
756700
762100
688900
698500
738100
695000
760600
788200
731400
688500
697900
691100
695000
698500
693200
694100
745100
688300
708700
645300
688900
693800
688600
686900
669000
687700
708600
686500
689400
694100
688200
688100
688600
686700
691500
688800
688900
689400
686500
687000
688200
692400
688300
669400
642600
691300
690900
694300
686600
687200
668600
686800
687400
690100
689400
686800
689700
688000
688200
686700
688500
688500
687900
706300
686400
686700
688300
689100
688700
686700
686000
689200
687800
688900
686400
687200
688400
687700
688400
686400
688500
689100
654600
705400
696600
742200
701300
721700
757100
688900
700700
696200
688500
754100
764800
696100
737300
648500
686700
708100
688300
697700
698600
694400
763600
716600
704800
721200
721900
697300
688700
725400
1246500
688800
688500
640400
687600
688400
686200
691400
688700
690800
688900
686300
688700
689300
689400
687500
687800
689600
688200
689900
688400
687400
688100
688200
707000
688100
688300
688800
687900
688600
687900
686800
690800
688100
687600
670100
686900
687900
689100
691800
686600
686800
668600
688200
670100
690200
687400
687500
688700
635700
688500
687300
689300
688700
688400
687800
645800
686200
690500
688600
670300
686800
1503300
1247400
1133300
887500
838900
699700
696200
722900
757900
766600
700000
683700
763100
731700
688200
687800
689600
686600
686800
688400
688100
688700
712800
688100
686600
687400
688600
644000
686700
689000
687100
688900
688100
688300
687700
688500
687000
688700
687300
688100
688300
687000
688700
688800
688600
687400
688500
686800
688400
687000
687900
690700
688300
687700
687000
686900
688300
670300
689800
639600
687900
688200
689000
688900
641500
688200
687500
687300
688500
689900
689000
669900
688500
689600
675100
690600
689300
689300
702100
688800
689400
691200
691400
671600
687200
688700
688100
689500
688300
688700
688100
971500
1109400
1167200
873500
864700
646800
688800
686800
688100
690600
687600
688300
705000
687200
688800
690100
687200
688200
686600
686700
688500
670300
689300
687800
687900
686800
689500
689200
692900
689400
689000
691100
705200
670900
688000
693200
688300
688200
688500
686900
687000
691200
688400
689100
688300
687300
686600
688500
690400
689200
688200
640500
686500
686600
690900
688300
687900
688700
686800
686600
688400
690400
639900
688100
688700
687600
686900
691800
688200
687700
688600
687000
687700
688800
690100
688200
688200
688000
686800
689000
703200
688200
688500
686100
686900
688600
688400
689600
689000
687800
686600
668300
688600
689500
692100
688600
686500
686700
689500
688000
689900
688000
686600
687100
689100
688500
690200
688700
692700
687800
685800
688800
670200
690600
688700
686700
687000
689600
688100
692000
690100
691800
691900
689300
689800
691700
692300
690100
692200
688400
687900
687200
689800
685100
686400
693000
709200
689100
673300
693100
690800
690000
690600
693100
671200
691800
687000
686600
685000
689000
688400
688700
690800
688300
687100
686600
689300
688100
688800
688500
686800
686700
688600
688800
688000
688400
687300
686800
691300
731400
688000
1404400
703400
784300
795200
834500
750100
788600
851900
790200
700900
776400
836800
764400
837300
870700
783100
825900
778700
687200
696200
690500
690100
692700
689600
690000
710500
693600
699200
686300
688400
688600
687900
705900
686400
687400
689200
688500
669700
669800
706600
687300
689300
688500
688300
691300
688600
686600
689100
689100
688100
686900
709400
688100
688700
688200
687600
687600
687000
689200
688700
688200
688000
688300
686800
687400
688400
688300
688000
692000
688300
687200
694400
689000
687900
688700
686700
669100
687200
691300
688300
688700
686400
685900
687100
690600
688000
688100
688100
686300
686700
689100
690000
687800
688000
687600
686700
689500
677700
689800
690700
691600
689400
690000
690200
691300
689700
686600
689700
676200
687900
671700
688300
687300
669800
688400
688200
704000
688900
687400
688200
688700
688200
692400
688600
687500
688300
640400
688400
688000
703500
692300
686400
687200
688300
688300
687800
688500
710100
692200
707100
689000
744000
697100
707100
773500
688600
688300
693500
728100
776300
692000
688200
745000
693800
724800
759100
687800
692800
746800
703800
698900
686800
733700
732000
695800
710900
697500
688400
693200
688200
687000
686800
688000
687800
688800
689300
686300
688500
712900
688300
686400
688700
671600
688500
688500
670800
686400
693800
764400
748100
687100
689100
688500
687900
691300
686400
688500
687500
688500
687200
687400
672300
688400
704700
688400
686300
688600
693500
688700
687700
691800
690300
689300
692000
675600
690600
686900
686500
688800
688100
690000
686500
687000
688100
689600
705200
709800
697800
751900
687100
714500
747600
716300
701500
745400
759900
727700
693100
722100
792500
690100
687100
693200
688900
692400
691800
694400
645300
691300
696200
704900
687800
697500
691900
688000
687700
688500
686600
669400
689300
688300
687700
688600
691200
687000
687100
691000
687700
688800
643300
687300
686800
690500
688400
688200
687400
687600
686800
688500
672500
688500
687800
619400
686600
686900
694100
688200
688000
688400
687600
687000
697900
691000
689000
689000
687200
687100
686800
690100
686900
688600
688400
686800
706800
688200
686200
688400
686800
686900
684900
688500
689500
688500
688200
669000
686700
706000
690700
687900
687900
725500
763600
688200
687900
1298400
686000
719000
744600
730000
688100
769900
777000
700800
706100
748200
719100
719900
690500
683300
686600
728400
689600
710700
764900
686800
700800
687600
706200
693900
688200
672200
688000
687300
687200
688900
688600
690600
695900
639400
686500
686400
689100
688400
690800
688300
686600
686900
689100
688500
690100
688500
686700
687400
688700
688700
670600
690500
677100
686700
689200
688700
688300
681200
668900
686800
686900
688900
687600
687500
689200
686900
705100
688400
688100
688100
672000
687400
686400
688000
704700
688400
688600
687800
686700
707000
687800
687000
688900
688800
686600
688700
688000
687100
696700
731200
698400
727800
747300
702400
686700
736700
742800
701000
686500
745800
722800
753500
687900
643900
693700
697600
687100
689000
748700
690300
687200
691400
688500
703400
644800
686500
713800
687900
688000
689300
687100
686800
689400
688700
688100
688900
686700
685900
689000
693900
689000
687600
686800
687600
689400
689900
687800
687700
676200
686700
689200
691700
717700
686700
687100
686600
685900
688600
690100
688300
686800
687800
688900
688600
689900
698900
687100
637600
688900
688000
687900
690800
686700
686900
689100
670400
688200
691100
686300
687300
649100
718200
761700
686500
695900
694100
688700
750600
753400
705000
695400
741700
691000
693900
734500
687200
641100
690000
669400
687100
688400
686700
708300
690400
617900
688400
686900
687000
668500
692900
689900
687900
688200
641600
687100
706800
691300
688700
688500
687000
686700
670800
689700
689800
688400
687100
687000
689800
706700
672400
688300
688200
686600
702000
689000
688200
690000
688000
686600
686900
689300
705300
690000
688500
686600
686400
688600
688300
688700
691200
688400
670400
687000
689400
704800
689200
687500
686900
686800
689200
694800
686900
691000
688400
688200
688200
687200
686300
688600
688900
688300
688500
687200
686300
690000
693500
695600
692300
690600
689200
689300
694400
688700
691400
688100
689300
688100
687500
689200
688100
688500
687200
688700
715000
688100
688500
687700
691000
692900
693100
692300
692600
692900
690300
690100
709800
686600
688100
689000
688100
688100
689000
686700
690700
687800
687500
686700
688200
706200
688600
689600
686600
686700
687300
688200
687700
690900
670500
686700
687200
689300
687200
688600
1312500
688000
689300
688000
686700
688700
688500
688100
687200
689300
686400
686600
688400
689300
687300
672100
640500
687500
689400
690300
688700
688300
688000
686400
689700
689000
689300
687400
670400
686600
686700
688900
690700
688300
697000
690000
686500
688000
688100
692300
686500
687100
688300
688300
687900
690100
687000
669100
687000
694700
687700
687600
690800
687200
670900
688300
688500
687900
689900
686600
688800
688400
705100
688100
688400
688200
687000
688200
688100
688100
688700
688100
686900
670500
688700
705100
688800
688500
689500
689200
689000
688500
687100
688700
691600
823200
801400
851200
791500
748900
802700
775500
814800
760400
762100
798300
925000
699100
658200
688900
692700
691900
689600
672200
697100
674900
690300
686800
688300
642800
689000
661700
689300
669900
688400
686400
687000
688700
670600
670300
688700
687100
687000
687100
673200
689700
668800
691300
686400
694100
691900
688200
688600
686300
687100
688200
690500
704800
691600
688300
686200
688700
696500
688000
688600
687400
686700
688700
689700
690900
704300
686800
689600
691800
693000
694300
689600
693800
690400
690400
692800
692600
690500
656300
688700
687800
686300
689100
694700
689800
687300
686600
687100
688300
687800
641700
704100
688900
668300
689100
688900
690200
688600
687500
687000
688000
688500
687200
673700
704200
689300
688600
705000
724200
770300
705300
792700
688000
848400
878300
862700
872600
893500
900800
803500
725200
789900
884000
779200
872300
878100
740300
823700
761700
692100
688700
688500
670200
687800
688300
688800
637300
688500
718400
688400
688600
706900
690800
687600
689200
687700
688800
685100
690200
688000
688000
656400
671000
690800
687200
690900
688400
687900
688200
686600
686800
689800
688200
689400
705600
687800
686700
688700
689100
688000
688500
686800
686100
688500
689600
688400
688400
702600
687400
689600
688000
690500
687200
641400
687100
695500
688100
689100
688300
638500
687200
689100
688200
688100
688000
686900
687300
687800
687900
693300
691900
687700
686600
686700
688400
688000
690100
689300
686700
688300
688600
688500
688700
650200
753300
694000
720500
698800
712500
772400
690000
701700
748500
717000
698600
696200
706200
699700
716100
696900
723000
766000
699000
696100
727400
740200
696200
686400
645200
1368100
765800
702700
688100
687200
690000
691000
688500
688500
690100
687700
686200
693000
690300
688000
688500
687700
669800
688300
689400
689400
688300
686500
686900
688300
705300
694100
689300
688500
688800
688000
686600
688900
686800
689200
688600
688300
688300
686600
690800
688200
688500
688500
689100
686700
688300
700300
687900
688100
670100
686800
686300
690900
691900
688400
687700
668500
686400
688700
688500
688200
687400
687100
686700
692800
690000
688800
688400
706000
688500
724100
691400
742100
778900
687800
688600
686900
691600
690800
691200
709600
699100
701600
703400
704000
723300
701400
722600
784000
686700
696000
691300
693100
700800
687200
702500
700200
690000
688400
687800
686700
688000
688200
688300
688900
686300
687000
687000
689000
688000
689400
691800
686700
707100
688300
687900
691600
687100
686900
687100
688600
688000
688700
689200
685900
687200
705600
670400
688700
689800
686500
686600
691400
688300
687500
688500
690500
687800
692500
715400
688000
688500
689000
686700
694600
689800
688500
691100
686400
678100
688500
688600
704900
688700
687200
688600
688500
688000
687900
692000
759800
735700
712900
696700
709900
725100
702400
695800
731200
692600
725500
746700
701800
638100
746300
771300
688000
694900
695200
688200
655200
719900
738500
688200
689700
761200
733900
699600
702200
710300
688500
687900
669400
687300
746700
723900
688300
688500
687900
688700
687900
690300
710700
686800
686800
686900
688100
689700
687500
689400
687200
686800
688900
688500
688900
704600
686600
687000
688900
688500
690000
688200
686700
687700
687900
670900
691500
694300
686900
686900
671000
670600
688200
689900
686700
686800
689600
688700
671300
688500
690000
668600
687600
688900
688400
687900
690800
686200
688400
688500
670200
688300
688300
689000
759800
749500
695500
687100
723400
760600
696300
699400
690800
688700
688000
651200
745700
743300
689400
686400
757500
736800
701800
688500
720300
723800
696800
687800
642700
723700
756600
760300
696400
687100
688900
691300
642400
739100
782500
691100
709700
690400
688700
688200
686900
687300
689000
669500
689500
688200
689900
685900
685200
723000
690300
691100
688100
686600
688900
689000
692100
689900
686600
689400
686800
688600
704500
691500
688600
687000
688600
688900
688700
688000
1261300
688400
687900
686200
669200
687800
690500
688300
688900
688500
687500
689100
687900
689300
639200
690600
687700
687100
670700
690500
688200
688100
686600
744000
696700
689600
759200
687900
688500
743000
691300
688600
769800
698100
652800
723500
752500
686800
694000
694300
693100
703500
693200
688200
693300
704300
688700
688100
692100
687100
687300
689300
672300
689500
687800
707100
686800
688000
689800
688000
688100
686500
686900
688800
688200
694100
688900
687000
687100
689200
670400
690400
688400
687900
686800
687100
670800
688600
690400
688700
688000
637600
709700
688200
728100
688300
687800
686500
686900
686900
688300
690000
688600
688800
637300
686700
688400
689700
687600
687400
688000
687400
688600
694800
638400
687000
688700
686900
689500
688600
689400
688300
688300
686800
687500
670900
689800
695400
688600
704200
688500
687500
686700
688200
687900
688500
688000
669500
687800
689000
686600
688400
704300
688000
688300
687600
688300
688400
688300
688500
687200
688100
689200
688300
694100
705700
688600
687400
687300
688400
688800
687400
689200
687300
686600
688800
687800
688400
690900
689200
686600
687000
689100
689000
687000
688800
686500
686600
690200
688200
688000
704600
709500
694700
688400
675500
688700
687900
687000
687000
687000
688100
688500
688800
617200
687000
695600
699200
689500
694900
689500
643900
688900
690800
672700
696400
700800
687100
691400
693200
691300
761800
680300
696600
724900
695100
694300
737200
701600
712200
686900
720300
718800
748000
689100
686200
687200
689200
688600
688000
691200
687600
686300
688800
688400
709500
676400
689500
687500
688400
688400
689000
687700
691100
687700
689000
670200
688100
688900
686900
689500
688100
687700
687500
676300
686700
669100
686700
689200
687600
688900
640500
688300
688700
688300
688600
689900
687100
688000
688100
688800
688200
688300
688300
687300
689500
675000
688400
687700
689700
686600
686600
692100
688400
688000
688900
687000
687100
691000
689200
687900
709100
698700
694500
698900
751900
766200
689500
697100
755000
702600
701600
688500
695800
756100
700500
700600
737000
734700
687600
687000
688800
688700
687800
689800
686900
687200
686600
694800
687900
708300
689800
676100
689400
688100
688200
687500
691000
687300
688400
688500
690900
688900
704400
1246800
688700
686900
686500
688200
686700
690600
686600
686200
690800
688400
707600
689100
688600
686500
688600
689600
687900
688700
689600
686700
688700
688100
688400
704700
687400
689000
688600
689100
687900
688100
686800
690100
686500
688300
688100
687500
704900
687400
689800
687800
688500
693900
687100
687500
690300
688100
688100
688400
688500
686800
689200
689800
688000
688300
688600
687300
671300
672900
688000
688200
687700
767700
719100
793900
725600
775500
852600
876300
805500
871700
780700
889900
881100
687700
821300
866500
778100
869800
899300
881200
822800
797300
693000
705800
693200
680700
689600
689900
694400
693400
690500
689200
688200
688000
651100
687700
688200
689000
669000
688600
687900
688100
688600
689200
684800
688200
689500
687600
688200
686800
688500
688600
688700
687600
687000
686900
691400
688000
687900
688600
688300
687400
687000
689600
688900
688200
688400
690300
687000
690000
670400
687800
688000
687000
686600
689400
641900
688000
688800
688700
641300
687000
689800
670200
688700
687000
686400
705200
672100
690100
688200
688700
687400
686700
686600
690500
688700
688900
686500
686600
657300
689100
691300
669900
687000
687300
688100
688800
672200
688800
686500
686700
689300
705300
687900
691400
668300
686700
688300
762100
692600
673800
670500
688700
686900
687200
722300
688200
691000
688800
686500
686800
688800
688900
691400
670100
685800
686600
689200
704800
688500
689100
669600
686800
689200
687700
688300
690400
668700
686700
688500
688300
704000
686300
688300
686400
689200
642700
687400
688300
695600
688800
688100
687600
686400
687400
688100
689800
688300
687100
688200
687000
689500
691100
689800
688500
687700
686800
686800
688100
690000
688000
686900
686300
688300
688500
693700
692100
695000
686600
688700
688400
688000
689200
688300
686100
687200
688000
688900
689600
687900
686600
686500
706500
688500
688900
690700
686700
686300
688500
688300
687900
672300
687500
686200
689300
705000
687400
688100
688400
687200
688500
688700
689200
688100
686600
670700
689000
670400
704300
687000
686500
689300
689900
688900
689800
688600
686800
688800
673900
688300
688700
694700
689400
688600
672100
668900
686600
620300
688700
688400
688400
690700
686700
686400
692000
688300
688200
689700
687000
686400
688900
688300
688000
689000
1317500
688000
686300
687600
689400
688300
676000
670400
687600
638800
689200
688600
688800
691200
687300
638000
689500
690400
679000
688900
741200
688400
735300
729600
695500
688700
773800
728500
716300
686500
725800
737100
720100
686800
709800
731800
710300
708100
702300
765900
717800
688600
743800
709900
688300
657400
726600
724000
727500
695900
688300
688600
691000
687000
686900
691800
687600
688200
672900
687000
686800
688400
689400
688300
688600
688500
687000
688500
688200
687800
687900
688300
687600
686700
688800
688200
688800
688100
687500
688600
671600
688600
687800
686500
688900
670800
688800
688200
688400
688400
686900
689600
688800
688900
688200
688200
687100
688900
670800
688600
688800
688400
688800
686600
707300
688000
688300
689000
687900
686600
698000
688300
692600
690900
696800
688100
687900
689500
683200
687900
698200
693700
694000
690800
727500
686300
696100
722800
741400
686100
691100
765000
746200
698400
702900
688100
688100
738100
687800
695600
688800
709200
671500
689400
686700
686500
688800
687000
695300
688400
688200
686500
688900
688300
705900
689300
691500
686800
688900
688100
688900
689500
690600
688400
688800
688100
688600
706000
686900
688300
687100
690000
688100
688400
688000
686600
690100
688300
689000
687600
705200
687400
688600
688500
690800
687500
687200
686800
686800
689600
670900
670300
687800
686900
686600
689800
687700
686700
687600
686500
688900
687100
690000
737800
694000
718700
696700
698600
691700
750800
762600
689000
688800
759400
691100
721000
688700
696200
697500
655700
692200
692700
687200
694200
688600
688200
688100
695600
728600
738000
687200
699200
716200
747900
689700
686500
688700
688700
687700
688600
688400
687900
688100
688400
688100
688700
687700
688400
686800
688600
688400
687300
670800
687000
689500
706200
688000
688000
688100
668900
688400
689300
688200
688200
688800
686900
686700
707500
692400
688200
688100
687300
670600
688300
688100
687900
688600
688100
686300
686200
706500
688300
687600
688100
669100
686800
690100
688700
669500
687200
688300
686700
669200
707200
688300
688300
692000
702900
692700
729900
689000
717100
692300
698000
700900
688400
736300
696200
714200
697400
750000
694900
707100
752500
687500
690400
760500
733300
714100
698300
723300
753300
724600
696900
670400
688200
688700
688200
688200
689000
686500
687000
690600
688300
672700
689300
686700
686700
688900
691600
670400
688700
687800
686700
688800
690300
687700
670300
687300
686900
689500
688400
693600
688500
686900
688500
715900
688300
639600
688400
669000
687200
688600
687900
688100
688600
687000
688000
688100
704700
687900
688300
686600
688300
639600
688500
671000
686800
689000
688700
688700
687800
715700
684700
688900
688800
669900
687800
688300
688300
687100
643100
688600
688700
687600
686800
686500
690100
687800
687700
687100
688800
686900
693100
673500
701800
687100
692300
688200
694800
689400
688600
689000
750200
698100
714900
785300
699800
689200
686600
689300
730100
698900
694800
688600
688500
689700
693700
687200
668800
688900
695100
693000
688200
688800
686500
691400
688800
688200
687800
688700
686600
668200
691800
688100
709700
687500
687300
686700
690500
688100
688200
688000
686500
686500
686700
688800
691500
705800
689000
686400
689000
690500
688100
687800
686200
638600
686400
689300
693600
687700
690400
687400
686900
689100
690700
688200
688300
686700
687400
688500
670600
689600
688200
705500
686900
689400
688500
690200
688200
687800
618800
687400
689300
688500
693100
687700
685700
669200
686700
688200
690000
687800
686900
687500
689300
688500
687500
690100
688700
686900
686900
689100
688200
687600
691000
686900
686900
688300
689000
687900
690500
686800
686300
688500
688100
688200
689000
688500
687000
688800
688800
639700
678700
688600
686800
688800
688500
687900
688400
668800
689200
688500
688300
687500
687000
688400
691300
688500
688900
688000
686900
692900
669100
689300
688500
688200
688400
688400
668100
689500
706400
688100
687900
688000
686300
686600
690200
688600
688600
688000
687200
668100
687100
705000
688300
688400
688300
686900
686700
690700
701400
736200
785400
702600
763800
838200
837500
819700
867600
829000
812000
687000
804700
835100
834800
855800
847100
840200
841800
834800
687800
690700
676600
689500
674000
692100
692200
705300
689500
693600
686600
688200
688100
688300
707500
688100
686600
688000
690400
688100
705500
688800
686000
687100
694600
688000
688200
688300
687200
669000
686900
689200
687400
705000
688100
687000
689200
691700
688700
687200
688000
669100
687100
688600
691500
688200
652600
688300
687000
688500
1230500
686700
688400
689000
688400
692100
668700
687800
706600
694200
687800
668900
687300
688800
689400
688300
688800
672600
690100
687000
690300
710200
688200
689000
687600
686900
690000
687800
688000
688500
687400
686500
671100
690200
704400
689500
686800
689700
688300
689700
688700
688600
686500
687100
698400
688200
689000
704500
685900
687200
688900
689100
688200
688300
688200
686700
689000
689100
691800
693000
705400
686300
670500
685900
672200
688300
671600
670000
688400
686100
639000
687000
697000
691300
749200
738300
689500
688700
688800
690900
686700
653400
652300
687600
688400
694700
694400
637400
688400
688700
703000
696900
690800
691100
687100
692600
692000
690100
750500
686500
703400
747000
687000
670200
686400
690800
689000
643200
689100
687900
686800
688200
686500
688100
687200
688500
688500
686700
689600
687600
688600
687800
686700
686300
688500
688700
688500
688300
688400
686600
689000
691900
688600
689200
688300
686800
686300
690200
687900
688500
687200
687300
688800
688400
689200
688900
689200
686800
686800
671100
689800
688400
687200
686600
687300
688100
687900
689800
688300
686600
686600
706500
688400
693800
687900
686800
697200
687700
691400
688500
695300
686500
686600
699600
692000
725200
757000
696400
704100
712700
691100
725100
745700
703200
687200
763700
751800
694700
669600
691100
644300
696900
692400
687700
686200
688100
690300
688200
686700
687000
670500
691300
689900
687800
688400
686800
691000
670600
687700
692700
687400
687400
671400
671300
687700
694900
687000
690600
696700
688500
670300
687400
690100
686300
708400
688200
688300
687900
688200
686700
686600
688800
707400
688200
687500
687900
688900
708600
688100
688000
685200
687400
687100
688500
687900
688200
670000
686900
692300
688900
720200
687900
686800
686800
686300
690600
700200
741500
713100
677900
669800
702600
695500
686800
693000
688700
699000
686000
649700
761800
772700
638100
690200
688100
703400
686800
686300
644000
688900
696800
687000
694900
696700
688100
692400
717200
688900
726600
688100
743200
685900
689100
688200
687200
690700
686800
687100
671400
689100
688600
710500
686500
686300
691800
688300
688900
688400
689700
686700
688700
688100
688200
688000
688700
687100
690500
688200
687800
689300
686600
687900
689700
688300
688400
639100
705200
1244400
687900
688400
686900
689000
689200
688500
690100
688500
688600
686900
707200
672000
688900
695000
688100
686600
689400
688900
688500
689400
687000
686400
688700
703800
689100
690900
687100
696700
693800
690200
688000
691800
694200
690700
691800
719500
689100
688700
648800
691000
702300
688300
695000
699700
695600
672200
688800
687900
687100
689200
688400
689900
687900
675100
686400
687200
689300
688300
671800
671500
687000
686400
687400
688900
690900
687300
686700
686400
670000
688400
688300
692400
688600
668700
686400
689700
687900
689900
688400
687400
687100
689400
688200
687800
689900
669400
686500
686900
688300
687500
688600
689300
686800
689200
692900
687400
687000
688200
686300
705500
687800
688100
688300
691000
688000
687000
688400
669800
687700
688500
670200
686800
688000
670000
688300
688800
686700
689000
688500
688300
670400
688500
690800
690200
671000
688300
687000
639200
688700
688200
690500
688200
687600
686600
686700
691400
690000
688000
688200
686600
686800
688700
688300
689300
688600
687200
686600
688500
688100
692900
687100
686700
685400
688500
688100
687800
690000
688500
686900
688800
688900
688400
689600
687600
686600
689200
688400
688100
643200
693700
690100
688900
689100
691900
690600
691500
686800
689300
702300
688400
687400
636400
692900
686900
688000
688800
688200
684600
688600
688800
688400
690000
679400
686700
686500
678100
688600
691300
674800
685900
686900
693100
688200
688700
700700
668200
686400
689800
689600
691600
688200
672000
687100
687300
693100
688000
688300
670600
686300
686800
1418600
1136800
691500
690600
690600
687700
686200
694300
691800
690300
689700
690100
679800
687500
691800
642000
690200
690700
686800
685600
687100
707400
690700
689200
686400
698600
692000
647300
690300
691200
687400
686700
692300
696100
706900
688900
658700
687000
690700
705000
690500
689700
687600
668200
690400
689600
691900
705100
687100
690900
641000
691000
689600
688500
691200
690500
689700
689600
689400
687100
688100
690800
689200
690700
686600
687100
698600
690800
643000
690000
689100
686800
686600
675500
690300
689900
689900
676500
686500
691600
707100
690100
689600
686700
687300
695900
692500
689700
690100
691200
686600
691600
691700
672200
668800
686800
687200
686700
696400
692200
689000
686700
687800
690000
690500
1281000
689600
704400
672900
691100
686700
691300
692200
689100
690800
690800
687900
690400
691900
691300
689000
701100
688300
705300
691200
692900
690800
687000
686800
692600
690300
692100
688000
687200
686500
690500
703900
690800
692900
676300
668600
689800
689900
689000
692000
685500
669700
668800
743200
687400
689800
691100
689900
672300
686900
686300
689500
692000
680100
672100
673200
686400
691500
691600
694000
690400
677200
691900
697500
624100
694600
693200
699800
692800
693100
697200
692800
689200
693400
689600
689500
689300
686900
688200
687100
689800
680200
703600
714500
730000
706600
720000
744600
710200
693300
785900
683000
702100
722300
696900
707100
714500
696700
734600
768300
689900
720700
687400
692100
701400
701400
687300
691300
663700
697800
738600
751400
744100
738700
773500
835600
802800
788500
878500
800500
837800
690400
784700
866900
855400
823800
855500
847400
820000
709100
695800
684900
702500
671700
686400
686600
691400
691400
691500
688700
686900
687100
673400
691800
688800
689400
689000
686500
687200
690400
691700
689500
690000
687700
707300
691200
689800
692000
697000
686100
686500
692300
690300
690400
690600
690600
687200
687000
691500
674100
690900
690300
687000
686600
699300
701400
721700
767500
697200
692000
732300
736100
690700
695300
710700
734800
702600
690400
693100
741900
715500
697700
759000
729300
697500
691300
713900
763800
698800
687000
736700
696600
683200
795300
764100
771400
689700
686900
686700
688300
691100
689200
689800
641300
686900
688200
691000
702800
690700
691100
670100
686800
681500
690600
691200
690500
668600
686900
693100
691200
705500
690300
686700
668500
673200
691500
689900
673000
686800
686900
704400
692800
689600
687000
686500
686600
691100
673400
691700
689400
691700
686700
691400
690400
701700
691100
686600
687100
641800
689800
672100
691200
642200
687300
686500
691600
690200
691100
717000
710700
679900
714600
748500
697300
729000
695400
692000
730400
691300
750200
744900
741300
668700
701100
701700
739100
751900
702900
690200
741400
726400
732600
690300
771200
727700
716200
687100
779600
738200
692100
695300
688600
690800
686400
690900
709100
691400
660700
690100
686900
691300
690100
690000
680800
690400
686500
686600
672900
686700
691800
690900
686600
693300
690800
690100
692800
1265000
688300
688400
687000
686300
687500
670300
687400
699300
688700
688600
688000
688100
689900
689400
686700
668800
705000
688200
688800
689700
686600
689400
668800
686900
687100
691000
688800
689500
693400
687400
688600
688300
690200
669600
687300
710800
688900
712900
691300
738700
803700
689800
700000
686500
686500
692300
690000
700300
671300
722900
755900
693000
690900
746900
726200
690000
693100
763500
745400
703100
722700
733400
749200
716100
693300
687000
687400
668700
691000
691500
690100
692100
686300
687700
674300
692100
690100
699700
689900
696200
687000
686500
691700
690300
691200
688600
686600
668900
690400
690000
693900
690100
676100
686800
691500
690200
689700
693300
686600
686400
707900
690800
689400
693600
686700
686500
690400
689700
690800
690500
688100
691200
691000
690500
698000
691200
688900
687500
691300
691000
689600
690400
687200
689400
694800
693400
689500
689900
699400
688700
706500
689800
690900
689600
686600
687700
692700
694600
689800
689800
687100
686100
692200
694000
690500
690400
686700
691000
691200
679500
691600
689500
687000
687200
692300
700500
689500
689800
685800
686600
690500
690300
689200
691200
686200
687100
690300
690100
691500
707500
723800
696200
743600
704400
704700
690000
723500
753400
699800
687300
725000
678500
721500
690700
720000
722200
715600
695500
751800
727200
705800
701200
737100
784600
738200
711200
692000
686700
686500
693900
689400
691600
688800
686800
686400
689900
694900
691200
691700
686700
691900
690100
689700
680700
670100
686500
686400
691200
688300
707700
673100
671700
687600
690700
690100
679800
690100
692300
687200
691900
691600
689400
705400
686600
688700
690500
699000
641900
672300
687600
689000
692100
695800
690800
690300
703700
687200
692800
690600
690500
700900
686400
690200
690000
692900
690300
691800
687400
686800
690700
692100
690900
673800
686600
689300
691200
693300
690200
687400
686600
689600
695800
689800
691500
689000
686700
686700
704600
691100
691800
688200
686700
686700
706100
688500
690500
691300
637800
687000
691400
691000
702300
675700
686500
686800
686300
696400
690900
671900
691300
687200
690400
691900
689500
688700
705600
687300
686500
694200
689600
690100
690200
687300
686500
690100
690500
690700
690500
673500
691100
690900
716800
690900
687500
686400
1253100
686300
689200
688000
688300
687700
672400
687800
705400
690300
688700
688100
687600
691300
688300
688700
688200
687200
687000
672900
707100
690700
699500
687400
692200
685200
745500
695700
693800
717300
700900
742000
715100
712800
703100
731500
691000
757800
698300
723800
699400
746000
713800
736700
695100
730600
756500
726600
687600
746300
763000
735200
699000
687200
690700
690000
689700
673900
687200
687000
694300
692500
691700
697300
692200
694600
699400
644600
696000
692600
692000
708200
690400
703500
686500
686800
690300
700200
700300
692700
693100
701400
645000
674900
691600
699800
693200
686700
691300
685800
689800
696500
686300
686600
695100
690100
690300
706900
689000
686500
646500
695900
673900
690000
693400
685600
686600
690000
690900
689200
706100
688400
703900
691400
692200
700400
690900
702900
697700
690100
642100
695700
723400
668600
688800
685100
690500
689700
757000
686700
770700
766600
700300
699600
658600
723800
700600
691300
709700
691100
688600
686600
686400
692000
690300
690500
686400
686200
689700
673600
693000
688100
691500
689200
691300
690000
691900
690400
689500
706000
689400
686700
690500
693000
690200
702300
692800
691300
690900
693800
689600
686900
673500
690400
690000
689100
688700
691300
704100
673500
672200
685900
688900
671500
695700
689900
686800
686800
689800
675600
691100
686500
669000
672400
682100
692500
686600
686800
691500
690800
688100
686500
688500
693400
689900
651200
688500
686300
693300
705200
689600
690600
687800
673300
690800
694900
692100
686700
685800
690700
690400
688800
686500
690600
691800
690000
670100
687100
692100
691400
689400
699200
687900
690500
699700
690600
671200
686500
689800
691200
688600
675600
687000
691400
686600
688900
674900
687500
688700
691800
689200
689000
668000
687000
688400
689000
690300
686500
687000
706800
689700
694000
638200
686600
693300
689700
641700
688200
687300
691700
677000
690100
704800
686400
693700
689600
689400
691100
686600
692100
691800
690000
689000
687800
697700
690500
689900
691200
686800
691300
672800
689300
690400
688400
691700
704200
759300
787800
735600
820400
690500
873700
806400
825000
843900
784500
872000
836000
774700
752900
811700
799900
793300
804800
840700
849700
849900
680800
728000
697300
693200
692500
700400
682000
693000
694200
1295900
686800
688100
688900
694700
688300
690000
688400
688700
690300
687100
689900
689000
690600
688000
687200
688300
702300
689500
691500
688100
688600
690800
687600
688700
687900
690000
686500
685700
687100
703200
687100
690300
688300
686500
686800
688500
640100
688200
691100
688700
686800
686600
702000
688400
869800
640900
687100
690900
690900
689400
689800
687900
686600
690700
690400
694400
691100
680500
687000
690800
690300
691100
690200
686700
688500
690900
691100
689500
687900
686400
688300
704800
690400
673500
671100
686500
686600
694600
689300
690100
690400
638600
686500
692700
691100
707400
690700
688000
687200
690700
692400
690700
690100
687000
686500
691200
693300
689400
690900
701900
684900
668800
693700
691000
688500
690300
670600
686700
691400
690600
689000
686000
685700
646000
693100
692800
702000
648400
692400
715200
677700
693700
687100
693500
689900
719900
693500
686600
687000
691900
690400
689600
705400
687600
686500
691400
691600
689700
692300
623100
686400
690500
692600
692500
689600
686700
686600
690900
690000
691700
690200
687000
686900
691800
690100
692800
688600
686700
686500
691100
691300
690400
692000
670800
686500
691700
715800
728800
742200
687100
698600
683800
689900
689700
686600
688600
691000
690100
688700
691100
1520500
1183500
650500
641700
690900
697900
697400
694800
695000
715100
765300
696300
698900
734000
703800
724100
781900
742900
689100
723700
771300
694500
687300
764300
725200
714900
697400
732800
697900
688600
669000
692200
690200
690100
692500
686500
668500
686500
690700
709700
693100
640800
687000
691500
691100
689700
690900
688600
686700
686800
701100
690300
706300
692500
687100
690600
690100
689100
690900
686800
688200
687200
691100
713400
689600
705600
689300
690600
689600
691400
689900
686700
686500
692100
691300
690300
713200
679400
686600
697600
691000
690700
690100
687000
691000
690100
692300
690000
691100
686600
645600
750900
728300
639300
697100
735900
689800
736200
726300
675800
691900
745200
737600
653400
707200
766400
690600
724100
735800
717100
690700
765100
784200
721900
699100
700300
712200
694100
698200
729300
699300
806400
689200
688600
687000
692300
717900
689700
686500
686600
690100
689600
691600
687100
670600
690600
690400
689700
692100
686700
673800
689700
697000
689400
687400
1177500
668900
686000
688100
688100
688200
688100
686400
691000
688800
693200
686800
686700
690100
689000
688000
687400
687200
705000
689600
687300
686900
686600
695000
687500
688000
691200
688800
688000
687500
688200
687000
690300
688800
688100
687900
686700
699000
696200
764900
772500
688800
639700
685400
767600
701300
700900
758100
845300
647400
702600
697400
698500
704100
699200
695500
692300
690500
693200
693500
691800
655100
698800
703100
648100
706200
715700
690300
689300
686900
686700
693600
690100
688600
686700
687400
691400
689700
691900
687800
691300
641600
690100
689400
690000
686500
705200
690100
689800
686900
686700
708700
689600
689600
668800
669300
691200
692600
690700
686800
686700
691900
671300
625900
705800
687500
692500
690100
671200
691000
690200
691000
691100
700900
689800
671100
669100
693200
689800
689800
687100
669200
690600
674900
690000
687200
686800
709500
714400
730400
697400
731600
776000
687000
722800
734500
811900
695100
693900
709000
702900
777200
697900
700700
670200
692900
752800
720700
686700
697400
690300
693200
714600
701500
690700
686500
644900
690400
690200
689000
686500
690400
690400
691300
690100
686800
690000
690200
689500
691700
685400
690100
689800
690000
689000
687000
695200
678500
707700
689700
686600
690900
692400
689900
689500
687000
690400
689800
688900
693700
778200
824600
714300
884500
881000
860000
838600
839300
800900
837500
904800
843700
883700
844700
801000
749500
644000
699400
695200
692600
674700
693400
699800
730100
693900
692300
672900
691200
671000
686900
691400
691700
690700
673600
686500
690700
703200
708600
718400
698700
690200
747600
747700
706700
710000
739400
708000
756800
769600
643800
784800
716000
687100
686600
691600
689700
689200
728900
685900
692100
732600
673900
699500
692900
694700
699000
692400
692500
699800
692600
688700
690000
690100
707300
692800
686600
690800
695900
690900
687400
691600
717200
691000
691900
686200
690400
686500
690300
690300
686300
687700
691100
690900
689500
687000
690100
693200
690800
690000
686100
686700
690400
691400
677400
687000
687100
704900
690700
690400
688600
690000
689900
690800
701900
686500
686600
692200
691800
689400
687200
691600
690300
692600
690600
686500
690100
701300
691900
691100
691700
691600
690400
696100
689500
687200
1369600
686700
688600
687800
700700
686600
686800
690900
705000
691600
686400
689200
688300
690500
688300
686900
688700
705300
694000
686900
670300
688700
688600
688400
688200
686900
691200
687500
689400
686800
643100
688800
687200
684300
686600
686600
689200
687800
690100
690000
686700
689000
688500
688200
690200
687100
691000
688500
687800
686700
687100
689800
692100
688800
688600
686500
689000
679800
691200
690000
686400
688300
689600
688500
668700
700600
688400
688700
690500
691700
705400
672500
691300
691600
688200
688000
689400
637600
688500
689900
688300
688300
687000
687000
688100
689400
688200
686200
686400
688800
689100
690700
687700
687100
688100
703300
643600
686700
688800
687900
688100
688600
687500
686900
689900
689200
688400
686700
686800
691100
688400
690100
686600
687100
688300
688400
688500
687800
689000
687600
689900
638600
688000
686600
674000
687900
686900
686600
686800
688000
690000
688500
687000
686700
688100
692000
688000
688800
686500
688200
688800
785200
778700
766600
869100
719900
920600
918700
937300
939500
934400
871200
941100
871700
863100
740400
890400
899900
864300
938100
924100
887300
902100
764600
689400
704500
689300
691100
689600
690400
690500
671300
689700
690500
688700
691300
670600
686400
687400
688200
689800
688000
691700
686800
686700
693300
688000
688300
690200
688400
686000
686600
689400
687900
688000
691300
696300
686800
690200
688500
689500
690400
686600
686800
689800
688600
690000
687700
691300
690100
689000
688100
688400
688900
688200
687300
683600
688900
688500
670000
688200
687500
692000
694100
687800
688000
687800
688500
686700
703000
688300
689400
671400
686600
688700
691700
687500
694800
688100
686300
689500
687700
701600
687800
685300
669300
688900
691900
689600
688300
670700
638100
692700
694900
768900
687300
732900
696500
673200
724100
694100
686700
738800
755800
692600
692100
712500
749100
714600
686800
704300
716700
713900
704900
746700
764300
700500
740500
654100
766700
733000
689300
672400
686900
687300
690500
691200
689800
690000
687000
686100
692700
687100
687600
691500
690600
689700
676100
690400
686600
691000
690800
689600
689400
686600
688800
690700
690900
689500
690300
690900
688600
691100
690500
689400
691600
687000
708000
686500
689700
690200
686500
687300
686500
1298000
689100
688500
687800
688100
689700
686700
690200
695400
703500
686900
696200
694200
678900
687500
696900
683100
696200
691600
703300
700400
754400
740700
689600
709700
703900
727900
690700
740900
703800
686600
694300
743800
693500
694300
697300
696400
690200
690200
689800
690000
690900
708900
689300
691200
686900
691800
689600
686900
687300
691100
690000
680800
690800
686900
686800
691800
690200
689300
704600
686900
687800
692200
691100
690700
692200
687100
686800
708400
691100
690200
690700
686700
689600
690800
689500
689600
689500
677900
686900
691700
705300
689500
689700
687000
688300
708100
689700
671800
674600
690300
687800
690500
691400
704100
689800
686600
686600
692500
692700
704900
705900
686600
766900
764500
711300
697600
755600
690500
699800
686500
703100
643000
709200
676400
686600
686600
693200
708700
705200
752700
670400
706500
690100
729600
750000
728700
697100
723900
742800
698500
697100
754400
762500
648300
701600
698000
689200
690300
690200
686700
690600
690600
691300
707400
686800
686800
690800
671700
691200
691900
687200
687000
701000
688700
690700
691500
668300
686900
690000
692500
677300
692000
686700
682400
691800
690000
662300
690300
691900
686700
690500
689900
689700
690100
688900
686700
691100
690600
689700
673300
699300
688800
690400
690500
689700
691800
668300
688900
686800
690200
690800
671100
671800
686700
699300
698500
690700
648500
703100
690400
706300
737800
717100
701700
686200
731300
768700
706100
699600
699000
743900
738900
697600
689200
691700
691200
690200
689600
699900
691700
692300
690800
686600
686900
686700
689700
692000
691500
686500
686600
690800
707600
691400
691600
690400
686900
692000
691500
689400
691000
677000
686400
686800
690600
706100
702900
697000
687200
690300
691400
690200
689200
692300
640600
686600
691500
690700
648800
689600
629500
686800
686400
690100
689300
689700
693700
686600
686400
690700
691400
702700
690400
689000
687200
690100
679800
692300
689700
686700
691000
690400
690300
690100
687000
689200
707700
695800
689000
640600
688900
686700
688300
674300
690200
690100
661200
686900
689200
700100
689600
689400
686500
686500
686700
692200
690100
689600
690000
639900
686700
695300
695900
662800
689300
687400
686500
690400
692900
690100
690300
689800
686300
688700
1275000
687300
688100
687400
686900
687900
687000
691100
672000
696400
688000
704700
687300
689500
691800
688300
693700
689200
688000
688400
689500
686300
637300
702600
688300
688600
690000
686800
687300
683300
687900
687100
689300
689800
687000
688700
690700
687900
688800
689200
686700
689200
687800
694100
688900
687200
660200
688300
687200
700400
687800
687000
689800
688900
689600
688700
687100
687400
689000
689500
687400
688000
705700
686800
687100
672900
689500
687700
688000
686900
687000
685800
688000
686700
692100
678900
687500
688300
688700
686600
688400
688500
688100
688300
640600
688300
688600
691800
687300
688500
686900
690700
688600
687700
688100
688700
686700
686700
693200
688200
690000
688200
686700
686500
679900
689000
688400
687100
686800
689000
688200
670500
678800
690300
