137900
134700
137700
137700
134900
138900
137700
134200
137700
137600
140100
128000
137700
135900
137800
137600
128000
137800
138700
137500
138000
137900
137600
137900
137700
137600
139200
137700
134100
137700
137700
137200
137800
137600
139000
137800
137700
137600
137900
137500
140400
137800
139200
137700
137700
137500
137600
137700
137700
137600
137800
137700
137700
137900
137600
148700
142700
137800
151800
142700
156900
163700
145800
138000
139200
137800
137700
141300
137800
137700
137600
137700
137600
134500
137700
137700
134400
137700
137700
128200
137800
137700
139200
137500
137700
160700
137700
139300
137700
137800
137600
137600
139200
128600
137600
139700
137500
137700
137700
140700
139000
137600
137600
137800
137700
143200
134400
137800
137700
137700
137900
137500
137600
137600
137600
137800
137800
137500
137500
137500
137700
137800
137800
139100
134200
138000
137600
137600
141600
140300
137600
137800
137800
135600
138000
137500
137600
137600
138900
134600
137800
137700
137700
137800
137700
137600
137900
137700
137800
134300
137700
139100
137700
137700
137500
137500
139000
137800
129500
140500
139100
137900
137700
137500
137700
138400
137800
137800
138100
137600
139300
137500
137700
137900
137700
137800
138400
137700
137500
137700
137900
137700
137700
137900
137800
162400
137800
137500
137700
142300
137600
137900
137700
139200
137800
137900
137800
137700
139400
137600
137800
137600
137700
142000
154900
137600
167400
137900
141100
146100
141400
134300
137800
137800
137800
137500
137900
137700
137700
146300
137800
138700
137800
137900
137600
137600
139100
137400
138000
137700
134200
139000
137600
137600
137700
137600
162400
137700
137700
137800
137700
137700
137800
137900
137700
137500
135700
137700
138500
146500
137900
137600
137700
137500
137800
137600
137800
137600
137900
138300
137500
137800
137700
140200
164800
137600
137600
137800
137700
137500
137700
137600
137600
137700
137800
137600
137500
137700
137700
145700
137700
139100
137600
137700
137800
137900
137700
137700
153100
137700
137600
137700
137700
137700
137600
137800
139400
137600
137900
137700
137800
139100
137600
137600
137800
137600
134300
137600
137600
140500
137900
138700
137800
137900
137600
139300
137700
137600
137800
137600
139100
134300
137800
137800
137600
137700
137500
137900
139300
137700
137600
137900
137700
139200
137700
137700
137800
137600
144500
140100
137800
137700
137400
137700
137700
137600
137800
137500
137800
137800
137800
141300
137700
137600
137700
138100
138900
137600
137700
137900
137800
139100
137700
137600
137900
137700
137600
137700
137900
141100
137300
137700
137700
137600
139400
137400
137600
137800
137600
137700
137700
137500
134300
137700
137600
137700
137700
138600
137500
137800
137600
137500
137700
134100
137700
137800
137500
137600
137600
143300
141500
138000
138000
137700
137600
137700
134100
137900
137600
137600
139800
137600
137600
139400
137500
137500
137700
144500
139500
137900
137500
137700
137800
139100
137600
137600
137900
137800
139000
137700
137500
137900
137700
137600
137600
137700
137800
137600
137700
137500
137600
137600
137600
137700
139100
137600
137800
138500
137600
157000
137800
137600
137800
137600
137800
137900
137700
139100
140400
137800
137900
137900
139700
137800
137800
137800
134300
138700
137900
128100
139400
134200
137800
137800
137800
137700
137700
138000
137800
137800
139100
137400
137500
137800
137800
137600
137500
137500
140100
137700
137700
134400
137700
139100
137500
133600
137600
137400
137700
137500
137500
137700
137600
137800
137700
137700
139000
137900
137700
137700
137700
137700
137900
137600
139500
137800
137700
137700
140400
137600
137500
128500
137800
137800
137500
137800
137800
139000
137800
137600
137400
137800
137700
137900
137800
137700
137600
139100
137800
137600
139100
138900
137600
137700
127800
138900
137700
137800
140200
137700
139000
137700
137600
137800
137800
137800
137700
137900
139100
137800
137800
137700
137700
138900
137500
137700
137800
137800
137800
137500
137700
137800
137700
137900
137800
137500
139200
137800
139600
137600
137700
139100
137500
137700
137700
137500
137700
137600
137800
139200
137800
137600
137800
137600
139100
138000
137600
134300
137600
168200
137700
137800
139400
134300
137900
137700
137600
139300
140000
137700
139400
137800
137700
137800
137600
139300
137900
137800
137700
137600
157400
137700
138000
137700
137600
135300
137800
127900
137600
137600
135800
137700
142500
139100
134900
138800
137600
137800
146400
137700
137800
138000
137700
134600
137800
137700
137700
137700
139200
137800
137900
137700
137500
139500
137600
134300
137400
137600
137600
137900
137700
138900
137700
137700
137800
137700
137500
137800
140800
137700
137900
137700
138000
137500
139200
137700
137600
137800
137900
139100
137800
137800
137500
137800
139300
137700
137800
139500
134300
137900
137600
134400
139200
137900
137400
137700
137800
139000
139900
137700
134300
137600
137500
137500
137900
137900
137700
137600
137700
137900
139100
137700
137700
134300
134400
139200
137800
137700
137400
137600
137700
137600
137700
139700
137600
137900
137900
137800
145200
137600
137700
137800
138000
137800
137600
137800
139000
137700
137700
137700
137700
139000
137700
137500
137700
137900
139400
137600
137700
139300
137500
137700
137600
137600
139300
137800
137700
137700
137800
159100
142500
154600
137600
139300
138000
137400
137800
137700
169800
152200
137800
151200
182200
174800
174700
128700
150200
172100
152600
148000
153400
158800
151500
157900
151100
162600
174300
168500
138000
167200
161000
139300
137700
134200
138000
137500
136100
138000
137900
137700
134700
144900
137700
137600
139400
137700
137900
137900
140700
139800
137600
137700
161700
137800
137700
137800
137800
140300
137800
137900
137400
137700
139300
137600
137600
137600
137700
137800
137700
137600
134100
137800
134400
137900
137700
139300
137700
137900
137600
137600
137500
137600
137600
137700
137600
137800
137800
136300
135800
137700
137600
137600
137600
139800
137900
137600
137800
137800
138800
137600
137600
154200
137800
137600
138900
137700
139400
137600
137600
137700
137900
139000
137800
137800
137500
137800
141500
141800
137800
137900
139400
139400
137900
137600
137600
140000
137700
137800
138000
137700
136700
140900
137900
137800
137900
137800
139200
137700
137800
137700
137600
145600
137700
137800
139300
137500
138900
144000
137800
141400
137700
137500
137600
137700
137600
137700
137800
139300
137700
137700
137600
137700
139100
137600
137800
137700
134200
163200
128300
134200
128200
137500
137500
137700
137900
139500
137700
140900
137700
137700
140000
137600
138000
137700
137600
136000
134200
137700
139300
137800
137500
137700
137500
149200
138000
137700
137500
141900
138300
137600
137700
140700
137700
137800
137900
137600
141200
144000
137800
137700
140700
127800
137800
137700
137700
137800
137700
137800
137600
137700
137500
137600
137700
154400
137700
137700
137600
137600
137600
137600
137600
139200
137500
137600
137600
137800
141400
147800
138800
137700
137700
137800
140600
137800
137900
137500
137800
140600
138000
137700
137800
140700
137800
137500
137700
138100
137600
137700
137800
137600
139100
138000
137600
137600
137900
137700
137600
139900
137800
137800
137900
137700
139200
137700
137700
137800
137800
137600
137700
137700
137800
137800
137600
134100
137400
139800
137900
134400
137900
137600
137700
134400
137700
139000
137900
138200
137700
139900
137800
137600
137700
139400
137800
137800
137700
137600
137700
137400
134400
137600
137800
137800
137900
137700
139100
134200
137800
137800
137800
151100
137700
137700
137500
137600
136800
137600
137500
143500
137800
137700
137700
137700
137800
134400
134600
137800
134400
139200
137700
134400
134300
137700
137700
137800
137800
135500
137700
137600
137600
137600
139000
134300
137900
137800
137700
137800
137800
137700
139100
137700
138000
137800
137700
137600
137800
137700
137600
137800
138100
137700
137700
139500
137600
137600
137800
137500
137600
137900
139300
138900
137800
137500
137700
137700
139300
137800
139900
139500
137800
137700
137600
137700
137700
137700
143800
175200
192800
143000
188300
188200
137700
147500
140900
164400
157800
149300
137600
173700
149500
168600
139500
155000
144100
170800
175700
164900
191500
137600
140600
137600
137600
137800
139300
140600
137600
137800
137600
140600
137800
137600
137700
137900
140600
134700
137900
137600
139900
137700
137700
137600
137800
137500
137600
137800
139200
137800
141500
137600
137800
138700
137700
134700
149900
128600
137700
141000
137700
142100
137700
138600
143000
174800
142200
137600
152300
137800
137600
141900
137700
139100
145800
140300
143500
137700
137700
137600
1738700
140800
135000
138200
143800
138500
135000
144200
138700
138000
138100
138300
139200
137800
144000
138200
137700
138100
156500
138000
137700
139400
138200
138100
138400
137800
155000
139300
137900
137600
140600
137900
137900
137900
139200
137700
139000
138200
137800
137700
140200
140200
137700
137900
137800
139900
137800
137800
137800
137800
154900
137600
138000
137900
139100
137700
137700
137600
137700
139000
143400
138000
139400
134300
137800
137600
138000
137600
137700
137600
137700
138300
138700
137900
137900
165300
138000
138500
137600
138200
139200
137500
137600
137700
138100
139200
137500
137600
137700
138100
140100
137700
137800
139100
137400
138400
137700
138000
139100
137600
137800
137700
137800
138100
137700
137700
139100
137800
137800
137600
137800
138800
137600
137500
137600
143000
137700
152600
137800
139500
144400
142700
141400
139400
137600
138000
138400
145600
137800
137600
155400
137700
137600
144100
139300
132300
137800
143500
137700
145800
138000
147000
137600
137500
143200
157800
137700
137900
137400
137800
145200
154000
137800
137600
139100
137800
137800
138200
140200
137600
149300
137700
129300
137700
141800
144100
141000
145400
150800
152400
144500
139300
158000
176800
141200
154500
137700
139200
137800
141200
137700
137700
139200
137900
137600
137800
137800
142700
137700
137500
137700
137800
137600
137700
134400
139600
137600
137900
137700
137800
134400
137600
137600
137700
137500
137600
137700
137600
139100
140200
137700
137500
137600
128400
138100
141900
128300
137800
146000
145000
128200
137600
137900
137500
137800
137600
137700
134600
145200
137600
137700
137900
145100
128500
137900
137700
145100
135300
138600
170100
129100
151400
137700
156800
168300
156900
137800
178800
157400
205000
189700
182500
174800
146400
175100
204500
175800
194900
221200
193100
184200
169900
137900
137700
162000
170100
194100
180900
206500
175300
195200
166500
173800
183500
184300
196100
157200
180600
197100
128500
138000
161000
153700
146200
137700
142000
139500
137500
137600
142900
138600
142600
169700
137800
137700
142200
137900
141600
137800
142100
131800
143500
141400
128800
137900
142100
142500
160000
139200
146800
137800
137600
134200
128600
144400
160000
139300
137400
141500
139300
151000
137700
137700
145200
137600
153300
137800
130000
138100
133400
137900
141300
143700
137600
155800
141500
137700
150900
137900
134400
137800
137800
129700
137700
137600
137500
137800
138900
137600
137800
137800
137700
137700
137700
137600
139100
137800
137700
137800
140600
137700
137700
137700
137800
137600
137600
137600
137700
139200
137500
134300
138400
137600
137800
137600
137500
137700
138200
137700
134300
137700
139000
137800
137800
137600
137600
137800
137600
137500
131900
137900
137800
137800
137700
137500
137700
137700
137800
137700
137700
125300
137700
139000
137500
137700
137600
142600
137700
137500
134200
137700
137500
137800
137700
137700
139400
142000
137800
137700
142000
137600
137700
137600
139300
137700
137900
137700
137600
139200
137600
128100
137800
137800
135700
137700
137600
137700
137700
137600
137800
137700
139000
137600
137700
137700
137600
152000
134100
134500
141200
137600
137800
137800
138000
137500
137600
128700
137700
158000
137600
137600
137700
137800
137500
133000
137700
137500
146600
155200
137600
137700
140300
137700
138000
138300
153600
145800
137600
144600
141000
142600
137800
137500
137500
141500
139500
153000
137700
137700
137700
137600
137600
137700
130900
137700
137800
140600
137700
153500
139200
137800
137800
139200
137600
137900
143400
148600
137900
137700
137600
137200
137900
137700
139400
137600
137600
137600
137600
139000
137600
137600
137700
137500
139100
137500
137900
137700
137700
135600
137800
137600
134600
137900
137600
137900
137800
137600
137500
139900
137600
138000
139000
137700
137700
137700
137700
134200
137700
143400
135800
137700
137800
132600
137700
137700
137500
137600
139500
134500
137800
134200
137500
134400
137700
139100
137800
137500
137600
140100
137700
134700
137900
137600
138000
138900
137900
137700
137600
137700
137600
137500
137600
137800
138400
137500
137700
138600
137800
137500
137900
137600
138900
137700
137600
137500
137900
137700
137700
140400
138800
137900
137700
137800
138700
137800
137700
137800
137900
142800
137800
137900
137600
134400
137700
140400
138000
137800
137800
137800
142000
137700
137800
137800
137700
140600
137600
137800
137600
140700
137500
137600
127700
137600
141800
130000
137800
137900
137900
137700
139500
148700
137900
137900
137800
128500
137700
137600
139500
140700
153800
139700
142400
140600
137700
145000
137500
137900
150500
147200
137700
150000
137600
137800
142900
144100
137800
139100
136100
137600
144300
137600
143500
137600
141900
145400
137600
147300
142900
137600
137700
142100
137800
130600
137800
145400
137900
137700
144200
153500
138000
137500
139100
134300
138400
137600
137800
139600
137700
137800
137600
137600
137700
137800
137800
137800
137900
137700
137800
137600
139100
137800
137800
137700
137800
137700
137700
137700
139100
143400
134600
137700
137600
137700
137800
137700
137800
137800
138900
137800
137800
154800
137800
137600
137800
138000
139100
137700
134200
139100
137800
137700
137500
137400
135900
137700
137700
137600
137700
140700
137700
137900
137800
137700
137700
137700
134100
137800
137700
137600
137700
137700
139100
137700
137800
137700
137600
137600
137700
137600
137600
137700
137800
137800
137500
139100
137700
137700
137800
139900
137600
137900
137700
137700
137800
137400
137500
137700
139800
137600
137400
137900
137600
135800
137700
137700
137600
137700
138800
137700
137900
139100
137700
137700
137800
137500
153800
138200
137500
139600
137600
143100
142500
137600
137800
138000
140900
140100
137900
137800
137700
147600
142300
137500
137900
137600
144400
137600
140100
141000
166700
137800
139100
143000
140300
137800
141500
147600
147700
140900
137700
139300
138700
137800
134500
137600
143000
146200
139700
146300
129400
138100
141800
138700
137700
137700
149600
137700
137700
151900
137900
138300
127900
137900
137600
153700
137800
137800
137800
137600
137600
137600
137800
137800
160100
137800
137700
137700
137900
137800
137600
137700
143900
137700
137700
139400
137600
137900
137500
137700
139100
137400
137900
139100
137600
137700
137800
137500
144100
137700
137600
139500
137700
137900
137600
137700
138800
138000
137700
139100
137500
137700
137800
137800
138700
137800
137700
139000
137800
137800
137800
137800
137600
134500
137700
139200
137600
137600
140100
137700
134500
137600
137600
145400
148800
161200
164200
146900
128900
166500
151100
137700
137800
137500
137400
137800
137600
137700
139100
137800
137500
139200
137700
137600
137900
137600
139000
137600
140100
139200
137600
137700
137500
134400
139300
137300
137700
139100
137800
138000
137700
137600
137900
137800
137700
139200
137600
137700
137900
137700
137800
137600
137700
141600
153300
151400
139100
151300
151500
144400
137700
139200
147300
142600
137900
139000
137600
143000
147000
142600
137700
141400
137600
146800
137800
137600
137700
146600
134500
137600
137600
137800
137600
137700
137700
144000
137600
140600
144500
138400
141200
138000
145500
142400
137800
142800
137800
137700
137700
140800
139000
138100
143000
139300
137600
145600
139200
137700
153200
139200
137600
137800
137700
137700
137700
137900
137700
137700
142900
137700
137500
134600
138900
137800
134500
137600
137600
128700
137800
137700
139100
137600
137700
137700
137800
139000
134500
137700
137600
137600
140300
137500
137700
137600
129200
137800
138000
137600
142800
137800
137600
137700
137700
143800
137600
137700
165800
137800
137700
137600
137700
139500
137700
134500
137700
137900
139100
137800
137600
137700
137800
137700
137600
137700
139300
137700
137700
134300
139900
151700
137800
137600
137600
137500
137600
137800
137800
139200
137800
137700
137800
137800
139100
137500
137800
137700
137600
137900
138000
137600
139200
137600
137600
137800
137700
151400
137500
137700
140800
137700
139100
138000
137700
137600
137700
137800
137800
137600
139300
137800
137600
138400
138100
138900
138100
137500
137800
137700
137700
137800
137700
157400
137700
141400
140300
149000
142800
152400
142000
137800
139100
137700
136000
188900
128100
137600
137700
137600
134400
137700
139800
137700
137800
137800
137800
139100
137500
128000
137800
137600
139100
137800
137700
137800
137800
139400
137800
137800
140300
137700
137900
137800
137900
137600
137800
137700
137800
137700
134000
137700
137700
134600
137600
137600
137800
139100
137800
137500
137700
137800
139100
137900
137700
137500
138000
137800
137400
137700
137700
137800
137800
137800
137600
143000
137600
137700
137700
137800
139100
137500
137600
137700
137800
139200
137800
137600
137600
137700
139100
137900
137800
137700
137800
139100
137700
137700
137600
140200
138200
137800
137800
137700
137800
137700
137700
137400
137700
137600
137800
137800
137600
139100
137600
137900
137700
137700
139000
137800
137700
137900
137700
139100
137900
137700
137600
137700
139800
139400
137800
137600
137500
137600
137700
137900
137600
137600
137700
137900
137500
135600
137800
137800
137800
137900
139000
137700
137700
150900
166600
143600
137600
137600
139100
137700
137700
137900
137600
139800
137800
137500
137600
137800
137800
137600
137900
139000
137600
137600
137600
137500
137900
137600
137400
135900
137700
137700
137800
137500
139400
138000
137800
137500
137800
137600
137700
134300
149000
142800
145800
143000
137500
137800
148100
137800
137700
141300
137800
138600
139400
142200
146700
139100
142600
145500
139400
137700
137500
137700
138200
128900
139300
137900
142400
137800
140700
147300
143000
153300
140200
137700
137800
145100
142700
137700
143800
137700
137600
141700
137700
144100
143400
138200
145800
151000
137800
137700
137700
138000
137900
137800
145200
137500
137800
137700
139100
137700
137700
141800
137700
137800
137700
134300
139100
137600
137600
137900
137600
139000
137800
137800
137800
137900
137600
137700
134200
141500
137500
137700
137600
137500
139100
137500
137700
137700
137800
137600
137600
142900
137700
137800
137700
137500
137800
139700
137700
137800
137600
137600
139400
137700
137700
134500
138000
137600
137800
137600
138600
137800
137900
139200
137600
137800
137700
137800
139300
137900
137600
139400
137600
139300
137500
137700
139300
137700
137700
137700
137500
139200
137600
137700
137700
137700
139000
137500
134200
137700
137800
137700
137700
137700
137600
137800
137900
134100
137700
139200
137700
1541900
138000
139200
147300
137700
139400
137700
137500
143300
137800
140500
138900
162400
137700
137700
156200
137800
137600
137700
137600
137800
137700
144000
138300
137900
150000
137600
137600
137800
146800
137800
137800
137900
128300
139400
137900
137900
137700
144100
137700
138400
149000
144100
137900
139100
143700
160300
143200
137800
154300
137600
137600
137800
142900
137500
137600
137900
138900
137700
141100
137700
137700
137600
138300
137800
139500
137600
137700
137900
137600
138700
137600
137500
137600
137700
137700
138100
135400
139200
137700
137700
137700
137700
137600
138000
137700
137800
137600
137700
136800
137700
139000
137700
137700
137600
137800
137500
137800
137800
138200
137800
138000
137700
137800
135600
137700
137600
137800
137600
139200
137800
137800
137500
137800
138900
137800
134500
152900
137600
139700
137900
137700
138900
137800
137700
135900
128000
139100
137600
137800
137600
137700
137700
137600
138000
139100
137700
137700
137700
137700
138900
137900
137600
137600
137700
137500
137600
138100
139100
139300
137800
137600
137600
134500
137800
137800
137800
137700
137600
137800
138100
139000
137700
137500
137800
134700
152400
137700
137500
138000
137700
137700
137900
137700
139300
137800
141900
137500
146700
158800
137700
137800
150800
137500
137700
137600
144300
150200
133400
137600
140300
137600
138400
139100
142500
137500
151600
137800
137700
137600
149900
137600
137900
137700
143800
137700
137700
137600
139100
141400
140900
137800
137600
137700
137800
143000
137700
137500
148400
139100
137700
144300
133200
137700
141000
137700
138900
145500
147900
137700
137600
137800
137700
137700
137800
139100
137700
137600
137700
137600
139000
137700
137800
139100
137800
137800
137700
137700
139800
137700
126200
137800
137300
139100
137600
137800
137800
137500
137500
137700
137800
140000
137600
137700
137700
137800
137600
137500
137800
139800
137700
137700
137800
137700
139000
137700
137700
137600
137800
137700
137700
137600
139300
137600
134200
137700
137500
138800
137700
137700
137800
137500
137700
137700
137500
137700
137900
137800
137600
139300
152600
138000
134800
139300
137700
137900
137900
137600
138200
138100
137900
137800
137900
137500
139100
137700
137600
137400
137800
139500
137800
137600
137500
148900
166200
158900
142900
164400
160900
147000
165600
177100
139300
198600
189500
154400
186100
163900
181800
179000
198300
168900
195600
150900
167900
125500
137800
146600
164000
174600
128400
168900
170400
172500
159400
166500
183300
148400
168500
176300
164200
137700
143800
137800
142400
186700
138300
137800
137700
137600
144700
141100
137800
137800
143000
137700
137800
140100
140000
137700
149900
137700
137600
137500
152800
137700
137600
140300
137700
137700
148000
137800
137700
137700
137900
141200
137700
137600
137900
137700
139000
143500
128400
143600
139800
137700
137600
137800
137600
137800
137600
137900
139000
137700
134500
134700
137600
138900
141400
138000
134400
137900
134400
128000
137800
139100
137600
137600
137500
137600
139200
137600
137700
137400
137600
135900
137800
137800
139100
137800
137700
137500
137800
139000
137600
137800
137700
134300
140800
137900
137800
137700
137800
137700
137800
137500
137800
137800
137800
137600
137700
137600
137600
137700
137600
137700
137800
137700
137900
139100
137700
137700
134600
137600
137700
137600
138900
137500
139700
137600
137500
137600
138900
137600
137800
137900
137700
139300
137700
137700
137700
137600
137800
137900
137600
152300
137900
137600
137800
137700
137600
137500
137700
137800
137800
138800
137800
137700
137600
137500
137600
137600
137600
139200
137400
137800
137900
137700
139100
137700
137600
137700
137600
129500
137900
137800
158500
137600
137600
143700
138000
137900
137500
137500
138900
137800
141400
139100
141800
137800
137200
137600
138300
135700
137900
148000
155900
137700
137800
138000
137500
142700
137700
138100
148200
157800
137600
139300
139900
137800
137100
137800
137700
145500
143500
137400
130500
145800
154100
137900
138700
134200
151900
149000
137600
137600
137800
174300
139500
137800
137700
137700
137500
137700
137700
137700
137800
137500
137800
137900
137800
137700
137700
139100
137800
137600
137700
137600
140900
138000
137800
139600
137600
137600
137900
137700
137900
137600
134600
137800
137600
137400
137700
137700
141400
137800
137800
137500
137700
137700
134300
137800
137800
137700
137700
137800
137500
137700
140000
134200
137700
139100
137700
137700
137500
137500
139200
137800
137600
137800
137600
139000
137800
137600
137700
137800
137900
137800
137800
137500
137800
137700
137800
137800
139000
137500
137500
137700
139500
137500
137900
137800
137500
137700
138300
137600
128500
139000
137600
137900
137700
137600
137800
137500
137800
137600
137700
137800
137800
137800
139200
137600
137700
137900
137800
137800
137800
137500
140000
137500
137600
137700
137600
139000
137900
137500
137600
137700
138800
137700
137700
137500
137900
147500
137600
137600
157100
137800
137800
137500
141900
137700
142000
137700
137800
137800
137800
137500
140800
137700
139300
137700
129900
139000
128600
137700
143400
137700
142000
137600
138000
143600
144800
137700
137600
137600
138000
146300
137600
137600
136600
137800
146800
139300
137600
137600
139600
137500
127900
137700
142900
137700
138300
138800
128700
137800
139000
137700
137600
152600
137700
137700
137800
137700
137600
137800
137900
139300
137600
137600
137700
137700
139100
137600
137600
137600
137900
141500
137600
134200
137800
137800
137900
137600
137900
137700
137700
137500
137900
137500
139300
137800
138400
137600
137500
137900
137800
137800
139100
137600
137800
137600
137800
139000
137700
137700
137900
140200
137900
137900
128400
139200
137600
137700
137600
137700
137700
137900
137600
137900
137600
137700
137800
137700
139200
137600
137600
134400
137600
138700
137600
137600
137800
137900
139100
137700
137800
142500
137700
134500
138100
137600
138900
137900
137700
137700
137900
139100
137500
137900
137700
137600
137500
137700
137700
153900
137600
137500
139600
137600
137600
137900
137600
139500
138100
137800
137500
140000
138700
137600
137600
137700
137900
137600
137600
137600
137800
137800
137700
137700
137700
139100
144100
137600
139100
137700
138200
139400
137800
137700
143800
137800
137800
139200
138000
137800
146500
140900
139000
137700
141800
141900
137700
146300
128700
137900
155800
137800
137500
137900
139000
146900
142000
137800
131400
133900
137900
137600
138600
137700
142800
137800
142000
146200
144200
137600
139200
140800
128900
137700
137700
137700
143800
137300
138700
137600
137700
137700
137700
137600
138700
137600
137600
137800
137600
137600
137700
137900
139200
137900
137400
137800
137900
137600
127800
137700
137700
140700
139000
137700
137700
137500
137800
139200
137800
137600
139000
137700
137900
137600
137700
152100
137500
137800
137800
137600
137800
137700
137500
137800
137600
137700
138000
138300
138700
137800
137600
139300
137800
137700
137800
137600
138900
137800
137800
137700
137600
137800
137800
137700
137800
137700
137700
137800
137800
143100
137700
137800
137700
137800
137700
137700
134500
139200
137600
134100
137800
139500
138900
137700
137600
134400
137900
137800
134600
137500
138900
137700
137700
137500
137700
149900
137800
137500
137700
137700
134300
137800
137700
138900
137700
137700
134300
137900
153000
134600
137800
140600
137600
139300
137500
137600
135800
137800
137500
137800
137800
142500
137400
137600
164800
143000
139200
137800
138100
137500
154600
137700
137700
137500
139200
140900
137700
137700
157100
137700
151000
140600
137500
141700
133400
137700
124300
146700
137800
137700
137900
138900
137800
137700
148000
137800
139500
149300
136400
137800
139100
147900
138400
137700
139200
137600
137700
137700
137600
137700
137500
137600
140000
137500
137800
171800
137700
137700
137800
137600
156700
137900
137700
146200
133100
137700
143900
145700
155800
139400
149700
137900
138700
137800
137600
137900
137700
137500
137800
137600
141500
137900
137700
137500
137700
138700
137600
137600
137600
137600
137900
137800
137700
139300
137600
137900
137800
137800
137900
137600
137600
143300
137700
137600
137800
137600
141400
137700
137700
137800
140300
139100
137900
137600
137900
134600
138900
137600
137700
138900
137800
137900
137500
137800
139200
137500
137600
137800
137600
137900
137800
137700
139400
134500
137700
137500
134300
139000
137700
138000
142400
137700
137700
137600
137500
137700
138000
128300
137700
143500
137600
137800
137700
137800
139100
137800
137800
137900
137600
139100
137700
137700
137600
137700
137700
137600
137700
139100
137800
137500
140000
137600
141600
137800
141900
139200
137700
140900
137600
130400
143300
137700
137900
141200
144500
142800
146200
137600
144200
137800
137700
141100
140000
137500
137600
144400
137500
137600
142200
143500
145500
141300
145500
142100
145400
140900
141600
155000
137400
151200
136000
138400
137800
143700
137600
148700
139000
148400
208500
141400
145800
148600
139100
141200
144500
170300
146800
137700
144300
137800
141200
137800
137500
137800
137600
134000
139400
137800
137500
137700
137700
139000
137900
137600
137600
137700
137900
137600
137500
139300
137600
137800
137700
137500
139700
137700
137700
137800
137700
139000
139900
137700
139200
137700
137700
137500
134500
147600
137800
134400
139300
137500
137800
137700
137600
139200
137800
137700
137700
137800
137600
137600
137800
137600
137700
137700
137600
137700
139100
137800
139800
137500
137700
141900
137800
137800
137600
137700
137600
134100
137700
139000
137700
137800
137800
137900
137600
137700
138000
137600
137700
137500
137800
137700
139200
137700
137800
137800
137600
124300
139500
137700
137700
137800
137600
137600
137700
138600
137600
137500
137600
138000
137800
137800
137600
139000
137900
138400
137800
137700
154600
137600
138000
137500
137500
145300
137700
137700
153200
124900
142600
137800
138000
156300
137700
137800
138800
137900
142300
137300
146800
137800
147800
137800
137600
139800
137700
144100
138900
141900
148000
141500
141100
143400
145800
138200
137700
137600
137700
137800
142800
141500
137700
143300
137700
141000
139100
132800
137700
143100
148200
137700
147600
171500
142900
139100
153900
142400
137700
134700
137800
137500
137600
135900
137800
137600
137700
137800
138900
137700
137600
137500
137800
144900
137900
137600
139100
137900
137600
137900
137700
138900
138000
137600
134300
137700
139100
137700
137800
137500
137700
137700
137800
138200
137700
137700
137800
137700
137500
1549500
138600
138000
137900
137700
137800
138000
137800
138300
139600
138300
137700
137800
137700
138000
138300
139100
138400
138000
137900
137900
137700
138900
138300
137900
138400
138100
137500
137700
137700
140700
137800
137700
137700
137700
138100
138400
138400
138000
137800
137800
139100
138300
139100
137800
138200
138300
137700
139300
137800
128500
137800
137700
138000
138200
137700
137600
137500
150000
137400
150400
143700
137800
151200
137600
146600
137700
137800
137900
139900
140800
137800
151200
145800
128600
145400
138300
138100
138000
146900
137800
148100
137700
137600
139200
137600
138200
139300
142500
137600
144500
137400
137600
148200
138000
138000
141200
160900
137700
137700
144000
137600
135800
137500
137900
153800
137900
138800
137700
137900
137800
137500
139300
137900
137600
137700
137600
138800
137600
137700
142900
137700
137800
137600
137700
139100
137700
134600
137800
137600
137700
138100
137800
139200
137500
137700
137900
137700
139000
137600
137700
137900
137800
137600
137700
137700
137600
137700
137600
137800
143200
139100
137600
137800
137800
134100
137600
137500
137600
137600
137600
134200
138000
137900
139200
138300
137600
137700
137700
139100
137500
137700
137800
137600
137900
137600
137800
137800
134600
134400
139700
137700
138000
137600
137700
137900
139000
137500
137700
137800
137600
138900
137600
137700
137500
137800
135300
137600
137500
139200
137600
137800
137600
137700
139300
137800
137700
134500
137600
139100
137500
137400
137900
134300
137800
137600
134300
137800
137600
138000
137600
137500
139700
137900
137500
134500
137800
128500
137900
144700
137600
137800
137600
142500
143400
137400
137600
139700
142900
145800
139200
137700
137500
159000
137600
137700
137500
137500
137800
147000
137700
137600
137800
137800
145700
137500
142100
146000
141300
137700
137800
141700
135300
139100
137800
137700
135700
137900
143100
141400
151500
137600
145900
137700
137600
141200
141600
138000
137700
140600
139500
142300
134500
139300
137700
137700
139100
137800
137600
137700
137700
139200
138000
137700
134400
137800
167500
137700
134300
139200
137700
137600
137500
137500
139200
137700
137700
137800
137600
139000
137700
137800
139100
137600
137700
137600
137900
139100
137700
129900
137600
137400
139600
137600
137600
137800
137800
137700
137800
131100
137600
137700
138400
137600
137600
139400
137600
137800
137700
134300
137700
137600
137800
139000
137700
137600
137700
137700
139200
137700
137700
137700
137800
137700
137500
137800
137800
137600
137800
139600
137600
139000
138000
137600
137600
137600
138900
137600
138000
141600
137800
137600
137700
137800
139700
137700
137700
139000
137700
137800
137400
137600
139100
137800
137800
137600
134100
139200
137700
139300
137900
137500
137800
137600
137600
137800
137700
137700
137900
137500
144600
138000
137500
149100
137700
141600
152900
160900
145800
157900
145500
168200
153800
146900
159200
175700
168000
139900
176100
172400
181700
160500
151600
154500
139400
137700
137700
160000
183100
174900
164900
144300
156600
172400
170800
150300
142700
161100
172400
138100
137700
140500
142600
137900
137600
138400
140100
154400
137800
146400
137900
144900
138000
137700
133200
145400
142900
146900
138000
137600
137800
137800
139100
137600
145700
137700
137800
139300
137700
137700
137700
137600
137600
137700
137600
137600
137800
137700
137600
142000
138900
137700
137700
137800
137700
137600
137700
137400
137600
137700
137800
134300
137600
139100
137700
170500
137700
137600
137700
137700
137600
139300
137700
137500
138000
137400
137700
137700
137800
139700
137800
137700
137600
134500
139100
137500
137700
137600
137500
139100
138300
137600
137800
137700
137500
137800
137700
139200
137700
137700
137600
137900
140000
137700
137500
139300
137600
137700
137700
140600
135900
137800
137600
138100
137700
139000
137700
137600
137500
137800
138000
137600
137700
137800
137600
134700
137700
137800
139200
137800
134300
134600
137700
134200
137700
137800
137700
134200
137700
147600
137500
139100
137700
137700
137800
148400
137800
141900
137900
151700
137700
141500
137900
154500
137800
137900
137600
146300
137800
145000
137700
143000
137600
137800
146800
141400
145700
142900
138000
137800
144300
138000
137700
140100
137800
144700
137800
141400
141700
139000
144900
138000
137700
137900
137600
140600
138000
143500
137600
143500
137800
145600
137800
139300
137800
137500
137700
156100
141200
137600
157200
138900
137800
137700
139300
137700
137800
137600
137700
139200
137600
137800
137600
137700
139200
137700
137600
137800
137700
137600
137600
137700
139200
137700
137700
137600
137900
139000
139800
137800
137700
137800
137700
137600
137700
139400
138300
137600
134300
137900
138800
137600
137700
137700
137600
137900
137700
137700
139000
137800
137700
137800
137700
137800
137800
137700
139200
137800
140100
137600
127900
139300
137600
137700
137600
137600
129400
137500
137800
137800
153600
137600
137800
137700
137800
138900
137600
137700
137800
137900
137600
137700
137700
139300
137900
137800
134100
137800
137800
137400
137900
137600
137600
128000
137900
137600
137600
137800
134100
128100
137800
139000
137900
137700
137700
137700
137800
137500
137800
137600
137800
128300
137700
137700
139300
137700
137600
137600
139700
152700
148100
148400
165600
151900
152100
155600
137900
137900
137800
140700
141700
141000
137700
133700
137900
137700
136000
139300
137800
137500
138100
137800
136400
137700
137700
137700
137900
137700
129200
137800
142000
137700
137500
137400
147000
137600
137700
140500
137600
135700
137900
137600
145200
137800
137700
154300
147300
137600
137700
139300
146500
137700
128700
141700
137600
137800
137800
134000
133700
137900
137700
137800
137800
139200
137600
137900
137500
137900
134500
134200
137700
139600
137700
137600
137700
137700
137900
137800
137500
139200
137700
137700
137700
137600
137600
138000
137800
137600
140800
137700
137700
137600
137800
137700
134500
137900
137700
137600
137800
137900
137800
139300
137700
137700
137500
137700
136000
137500
137800
137800
137700
139100
137500
137700
137700
137600
139200
137600
139400
137800
137700
137600
137700
137800
139300
137800
137600
137600
137500
137800
137400
134300
139300
137700
137900
137500
137700
139100
137600
137800
137900
137700
137700
137800
137500
139100
137800
137800
136600
137800
137600
134400
137800
139200
137700
137900
137500
134400
139000
138000
134600
137700
137700
134300
137800
137800
134400
134100
137800
134300
134200
135500
137700
139600
137600
142400
171100
137600
137700
142100
141600
137500
134500
144100
137800
134300
137900
139300
137700
137800
138000
137600
137600
146400
137600
137700
137800
137900
151000
148700
139700
139300
137800
144700
137800
137700
137700
135100
137900
151500
137800
137800
148300
151300
154900
144100
146100
133900
137600
142800
145000
137600
145300
139100
139800
136200
137700
139200
144100
137800
137600
137700
137800
137800
137800
137800
137700
141100
139200
137400
137500
137900
137600
139200
137600
137500
137700
137900
137600
137700
137600
139000
137900
137600
127800
137700
137800
137700
137800
137600
137800
137800
137700
137700
139200
137700
137900
140000
155600
157300
137600
130800
138800
137700
137800
139300
137700
137800
137500
137500
139200
137600
137700
137600
137600
152900
137800
137600
137600
137500
137700
137700
137800
137700
137700
137700
137800
140100
139100
137600
134300
139300
137900
137400
137800
137600
139000
137600
137600
137800
137800
139100
137800
137800
137700
137600
137800
137500
137700
137800
137800
137700
137600
137700
139300
137900
137900
140400
137800
137700
137700
137600
137700
137900
137800
137700
137700
139000
137800
137800
137600
137700
138800
137800
138800
137700
137900
139600
137500
137900
139100
137700
137600
137800
134000
144000
137700
140300
137600
137900
134200
138800
141800
143200
144500
137600
137600
145700
138100
137600
137700
137700
141700
137800
142200
147500
132300
137800
137700
141300
137300
137700
145500
142200
138200
139000
186100
141300
137800
137700
139200
137700
140200
137600
141300
137600
142900
144800
146900
145000
153300
137900
137700
137500
137600
142900
137500
148100
137600
137800
139000
137600
137600
137600
137700
138800
137700
140300
137800
137700
137900
137700
137600
139300
137600
137700
137700
137800
139900
137800
137700
137700
137600
137900
137700
137800
139000
137900
137700
137500
137800
138900
137600
137700
138200
137500
138900
140300
137500
137800
137700
137600
137900
137900
139100
137800
137700
137600
137700
138800
137800
137500
137800
137800
137800
137700
137600
137800
137800
137600
137900
137700
139100
137700
137700
137600
137500
155400
137700
137700
137600
137700
138400
137700
137700
139100
137600
137600
137700
137800
137600
137800
137700
137800
137600
137900
137900
137600
139200
137600
137600
137800
137700
139200
137700
137900
137800
137100
139100
137800
137800
139200
137800
137800
137800
137900
139400
137600
137900
139300
137800
137600
137600
137800
139100
137700
137700
137700
137800
139000
137600
137800
137600
132300
137600
139900
137800
137600
137600
127900
137900
137600
137700
144500
137600
140700
142200
137700
144100
137600
137700
137600
141500
137700
137600
133000
137600
139300
145700
174900
137800
137900
137800
137600
137800
133800
141400
143600
146300
137700
143600
137700
145800
139500
149400
137900
146500
137800
144600
137700
137800
150500
137400
137800
137700
137800
137800
137800
137500
137800
138900
137500
137900
137600
137500
152400
140500
137800
139100
137600
137700
137800
137800
138900
137800
137700
137600
137800
139200
138200
137700
137700
137800
138000
137700
137600
137700
137800
137900
137700
137700
139100
137600
137600
137800
137700
140700
137600
137600
139200
137800
137700
137900
137600
137500
137800
137700
137500
137700
137600
137700
137700
139100
137700
137900
137500
137600
137600
137800
137600
137700
137700
137600
137800
137800
138700
139400
138000
137600
137600
137400
137500
137800
139200
137600
138000
137600
137800
137900
137800
137600
137800
137700
137600
137600
137900
138800
137800
137800
137400
137700
139900
137700
137800
137500
137700
141200
137800
137700
139100
137800
138100
137600
137600
139100
137700
137600
137500
137200
138700
137500
137800
139100
137500
137600
137700
137900
139100
137700
128300
137900
137700
137900
137600
137600
141800
140500
137800
137600
139100
137800
137800
137800
137500
146500
150300
137700
139100
137500
137700
137900
172300
137800
137700
129600
137900
141600
138800
137700
141000
139400
137700
142200
139300
137800
143100
1695700
138600
140600
157600
137700
139300
146500
141900
153500
162200
137900
128000
140500
137600
128900
137900
138100
138400
137800
139300
138400
137600
134700
138000
138900
138200
138200
137700
137900
137700
141200
137600
139200
138400
137800
137700
137700
157600
128500
137800
137700
139700
138800
137900
137700
138900
138200
137800
137600
137600
138900
137700
137600
137600
137900
139100
137700
137800
139100
137800
134600
138200
137700
135800
137600
137700
137600
137900
138700
137800
137700
139100
137500
137800
137900
137800
139700
139500
137600
138000
137700
137600
137700
137700
137700
137900
137500
137600
134400
141600
134200
137700
137700
138300
137900
137900
137800
137800
137900
137500
137900
137800
139300
137900
137700
137500
137800
137900
137500
137800
138000
138500
137200
137800
142600
143400
138200
137500
151700
140400
137500
138000
133200
143500
148900
137700
137600
137600
143400
141300
137700
137800
137700
137900
137900
139400
138600
145400
139500
137800
143200
137900
137500
137900
142400
137700
151900
137800
137800
141800
143300
144700
142300
137800
137700
137700
137600
146600
139500
146000
137600
150100
137800
137700
143300
137900
139800
142700
140800
137800
137900
137600
139100
138000
137900
137800
137900
137500
137600
141500
137500
137700
137700
137400
137700
139200
137700
137900
137700
137600
139000
137700
137700
137700
137600
138700
137700
137500
137600
137800
137500
137700
137900
137900
137700
137800
137700
137600
138900
140100
137700
137600
137800
138500
137500
137800
139400
137800
137800
137900
137600
137600
137600
137800
137600
137700
137700
138000
137900
153400
137700
137700
137700
137600
137900
137800
138000
137800
137500
136400
138000
134200
139000
137700
137600
137800
137700
137700
137800
137800
137600
137700
137600
137700
137900
139500
137600
137500
137800
137800
139100
137600
137700
137500
137700
145500
137500
137700
137600
140500
137600
145400
143200
144300
134400
137700
137900
137600
129300
137900
139200
144900
135400
137400
137800
137800
157000
146200
137700
139200
151600
137900
139300
137800
143000
137800
142800
137700
128900
149500
144400
138800
147000
137800
137600
137600
139400
138400
137600
130300
137600
137600
139200
141100
137700
139900
141000
142700
139300
134400
137900
137500
137700
137600
137600
137700
139400
137700
137800
141200
137600
137800
137600
137500
137800
137600
141300
137700
137600
139200
137900
138000
137700
137800
137700
137900
137600
137900
137700
137700
137600
137900
138800
137900
137600
137700
137700
139000
137800
139400
137700
137800
142100
137500
137900
140000
137800
137700
137700
137700
139400
137800
137700
139400
137600
137600
137800
137700
137800
137800
137700
137800
137600
137700
137800
138700
137900
127900
137900
139900
140000
139900
137600
137700
137600
154000
137600
137900
138000
137500
139800
137700
137600
137700
137800
137600
137700
137600
138100
137700
137600
137600
137700
137700
143900
139900
137600
137800
137600
142400
138800
137700
137900
140000
139900
137800
137700
137600
137800
136500
137500
137500
137600
138800
137600
137700
137600
137800
139400
137800
148100
139000
137500
143900
141600
137700
145500
137700
141900
138000
137600
138400
137700
150400
137700
141700
145300
137100
137700
137700
137600
142900
139500
144200
137900
139400
145600
137700
139200
138100
137700
144100
137700
137800
138600
138900
137700
153700
140900
142000
150700
143100
148200
170400
137800
137700
137800
137700
137800
128500
137800
163200
145100
145700
139100
137600
146100
186300
172800
152600
175200
153300
187400
150800
187500
186300
179500
183300
161500
151900
140700
137900
159800
150400
179200
181900
160000
169200
190000
158400
168100
176800
185100
183100
161800
181700
173200
137500
137800
139100
137900
137900
137700
137700
139200
137600
137600
139200
141800
137700
128500
137800
139200
137600
137800
137500
137700
139200
137600
137800
137800
137800
144900
137600
137700
137800
137800
137500
137900
137700
137500
137800
137700
137700
137700
139600
137700
137500
140100
137600
137600
137700
137600
137700
137700
137700
137700
137800
139200
137700
137800
137600
137700
139000
137600
137600
137700
137900
139200
137700
137700
139200
137700
137800
137700
137800
139100
137700
139700
137600
138000
139200
137600
137800
137700
138100
137500
137800
137900
139100
154100
137700
143200
137800
141000
137800
137800
137500
143100
137700
137700
137800
137600
147800
137700
141900
129500
137600
143700
137600
140900
137700
137600
137800
137700
137700
141400
145700
137600
141800
141100
137800
142100
137700
141500
137800
137600
142500
138600
137700
140900
137700
137800
141200
145900
137900
137600
135100
141700
137800
137800
139200
137600
137800
139200
137400
137800
137700
137700
137900
137700
137600
137700
137600
137800
137800
137600
139000
137900
137700
137700
137700
140200
138000
137600
137500
137800
137600
140100
137800
135800
137900
137500
137500
134600
137800
137500
137600
137800
137600
137800
137800
137700
138800
137800
137600
137600
137800
143300
137600
137800
138900
137700
137900
137700
137500
139500
137500
139600
137800
137700
138900
137700
137500
137600
134700
137900
137600
137700
137800
137700
137700
137800
137700
142000
137700
137800
137700
137800
137500
137800
137500
137500
138000
137900
137600
137700
152300
139400
137700
137500
137700
137800
138300
137400
137700
137900
137500
137800
137700
142400
137600
137800
137600
137600
137700
137700
137900
139000
137800
137700
137800
137800
137600
137700
137600
137500
137800
139600
137800
137700
138800
137600
137600
137500
137500
145200
139200
137600
153600
139000
137800
141300
137700
137600
147800
133300
137600
139100
145300
137800
147100
137700
137600
140400
139300
131400
141600
142800
137700
249900
316400
238500
138000
137900
142800
137800
138600
137600
137800
161600
134000
137600
137800
142100
156900
138000
137500
139400
137700
147400
137600
145900
137600
144500
138500
137800
149500
134300
138000
137700
137900
137600
137900
137700
137700
137900
137900
137500
137600
137900
134200
137700
139000
137800
137700
137800
137800
143600
137700
137600
137900
137800
139400
137500
137600
138700
140200
137700
137800
137500
139000
137600
137700
139100
137600
137500
137600
137900
139400
137700
137600
137600
137900
142200
137500
137800
137500
137700
152200
137700
137800
137800
137700
137800
137800
137800
140700
137700
137600
137800
137700
137500
137300
137900
137700
137700
137700
137900
137700
142500
137600
137600
137700
138900
138700
137800
137600
137700
137700
137700
137500
137700
139200
137600
137800
137800
139500
139000
137700
137800
137800
137700
137500
137500
137700
137500
152600
137700
137700
139300
138000
137600
137700
137800
139100
137700
137700
137600
137600
139300
137900
137800
137600
138000
139000
137900
139600
137900
137500
137700
137600
151600
137900
142600
137600
139200
137600
137900
146700
137700
134700
137700
137600
142100
137800
151700
139600
137800
143700
147900
137700
137900
139700
142800
138100
139200
137300
137700
149600
137900
142200
137800
137900
137900
137500
146000
143000
137700
137700
139200
137900
137700
152600
137800
137500
139300
141000
144900
141300
145400
138000
137700
138000
138900
154600
137600
133700
137800
137700
137500
137700
139100
137700
127900
137600
137800
139000
137800
137700
139300
137700
137600
137700
137600
137800
137700
137800
137800
137600
139000
137500
137800
137800
137600
139000
137800
139900
137900
137900
137700
137700
137500
139100
137800
137600
137700
137700
137300
137700
137600
137700
137800
137900
137700
137700
139100
137600
137800
137900
137600
139100
137600
137800
137700
137800
139100
139500
137700
139300
137600
137600
137600
137600
139300
137600
137700
137700
137900
139000
137700
137500
137800
138000
137700
137700
137800
137500
137700
138000
137700
137700
139100
138000
137900
137500
137700
139500
137600
137700
137800
137700
134400
137700
137600
138900
137800
137800
137700
137700
137700
137700
137700
137700
137400
127900
137900
137700
139000
137700
137800
137800
137700
139300
137600
137800
137600
137700
139200
137700
137600
139300
134100
137500
141700
137900
128100
137600
150800
133500
137700
137700
157900
137900
137700
139000
142800
137700
139500
137700
141900
137600
157500
139300
137600
137600
151900
137500
141000
139700
137700
137800
139300
137600
144500
141900
142300
137600
143200
148200
137900
137600
145300
137600
137600
138100
145900
143400
137600
137800
137700
137900
137600
151200
137800
137700
149200
137800
137600
137600
137600
137800
137800
137800
137800
137800
139100
137700
137700
137700
134500
137700
137800
128000
139000
137700
137800
137800
137800
138700
137700
137800
137700
137800
137900
137500
140500
139200
137900
137700
137600
137700
139200
137900
137700
137700
137800
139200
137700
137500
143000
137900
137800
137600
137500
139200
137800
137800
137800
137800
139100
137600
137600
137600
138100
137500
139400
137700
137500
137700
138800
137600
137700
139800
137600
137800
137800
137600
137700
140100
137700
137800
137800
137800
137600
137700
139100
137700
137800
137600
137700
137700
137700
137600
137800
137500
139600
137600
137700
139100
137800
137700
137600
137700
139200
137600
137600
137500
137700
139000
137600
137800
139300
137600
137800
137900
138200
139300
137700
137800
137600
137600
139100
137600
137900
137600
139700
134500
137800
137800
143800
138000
137800
133400
137700
148100
137800
153600
137700
139200
137500
139200
137600
138600
139000
140300
137700
143500
141000
139800
137600
141300
146400
142200
137600
137700
154300
137900
137600
139000
143000
137500
149900
137600
137700
147300
137600
142400
139300
137700
142600
137800
138100
144700
139000
137700
141900
137800
138000
139100
137700
137600
143200
162500
137800
142200
141300
138000
137800
137600
139200
137700
137500
137600
137800
137500
137700
137700
137500
137700
138900
137700
137700
148000
137600
137600
137700
137900
139200
137900
137800
137900
137700
139100
134100
138000
139800
137600
137600
137600
137600
137700
137700
137700
137800
137600
152900
137700
137700
138000
137700
137700
137700
137700
137700
137900
137900
137500
137600
139200
137700
137700
137700
137700
138900
138000
139100
137500
134200
137900
137500
138000
139300
137700
138000
137200
137500
137800
137900
137800
137800
137700
138800
137800
138300
139200
137800
137900
137700
137500
139000
137600
137800
137900
137700
131800
139900
137500
137900
137800
137600
137800
144200
143600
139000
137800
154400
137800
128500
139100
137900
138100
137700
146200
137800
137600
137800
137500
137700
137800
137800
137700
143200
139200
146600
1656800
137900
137600
145700
137700
137500
147400
137700
145000
137600
135700
139000
137900
137600
142300
137900
142000
137800
143000
137800
138800
146700
135100
137800
137900
136700
137600
141000
139300
139500
139800
137700
137700
137900
138800
137600
137600
134900
137700
137600
137900
138700
139600
137700
137700
137700
137900
138000
137700
139500
138700
137800
137800
137700
139800
137700
137200
137500
137800
139800
145200
137700
137700
137600
140400
137600
137700
134100
137800
138700
137700
129400
137800
137600
138900
137600
137600
138300
139800
137500
137700
137500
137800
140000
137500
142600
139800
137600
137600
137800
143100
140000
137600
137600
137900
139900
137700
137600
137600
137900
142400
137800
137700
137700
137800
140100
137500
137700
137700
137600
139800
139800
137500
137900
139300
140700
140200
137600
137700
137900
143000
137900
137700
137600
137600
140200
137700
149800
142800
129100
137800
139400
137700
154100
141800
137800
139100
148600
137700
142200
137700
148100
139000
137800
140200
137500
141200
137700
141300
137700
142100
139100
146500
137500
140100
137800
128900
139300
150800
137600
152500
137700
137800
148900
140900
146300
150300
137700
137900
138500
137700
139100
137800
138300
148900
137700
137700
138000
159200
130100
147800
148600
137900
137800
137800
137600
137900
137900
137900
139100
137600
137800
137700
137500
139000
137700
137900
139200
137800
137600
137800
137700
155100
137600
138000
137700
134400
128200
137600
137700
140100
137600
137700
137600
137600
138900
137900
137800
137900
137700
137600
137600
137800
137700
137600
137800
137600
137700
139400
137900
137600
137700
137800
139200
137800
137500
137700
137800
139000
137600
139700
137600
137700
137600
137800
137800
137600
137900
137800
137600
137500
152400
137900
137500
137600
137800
137600
137800
137800
137600
137700
137600
137800
137700
139000
137600
137700
137500
137600
137600
139600
137500
137700
137600
137900
137900
142700
137700
146400
137700
144700
137700
141600
149400
137700
148000
128300
148600
137800
142500
137700
137700
143800
144800
140500
148000
148900
137800
143600
160800
141800
137500
144200
140600
137600
133800
137700
152500
137900
137500
145100
137900
139200
151000
137800
137500
143400
131900
137600
151800
138000
137500
137800
153900
137700
154600
164200
137600
137900
138400
145600
137900
137700
137400
138000
137600
137600
139000
137800
137700
137700
137700
137800
137800
137600
137700
137700
137800
137500
134700
139300
137500
137600
137800
137600
137700
137800
137700
139100
137700
140200
137700
138000
139200
137900
137900
137700
137600
137700
137700
137800
139200
137900
137500
137700
137700
139200
137800
137600
137600
137700
137900
137500
137700
139000
137800
137600
137600
137500
139200
139500
137800
137600
137600
141200
137900
137500
138000
137500
137500
137600
137900
137700
137800
137600
137700
137700
139000
137600
137500
137700
137500
137600
137900
137800
137800
137800
137600
137500
137800
145600
137800
137900
137600
137500
139300
137700
137900
137600
137600
137800
137800
137800
139200
137800
137800
137800
137800
137600
137600
137700
137700
137600
137700
137700
137600
139100
137700
137700
137800
140300
139000
137700
137900
137600
137800
137700
142700
140100
139300
137600
152600
138800
137500
137600
142200
137600
141400
137700
146400
134400
137600
140600
137700
144900
137700
139100
137700
137500
137700
141300
129200
139500
137700
147500
139300
137500
137600
139600
137600
142200
139000
137900
148400
139300
137700
151200
143200
137600
143500
139400
144300
146700
145200
137900
137800
142200
137700
139400
139200
141500
137800
137600
137900
138200
137800
137700
138800
137700
137800
137600
137800
139100
137500
137800
139500
137800
137800
137900
137600
139400
137500
137600
137600
137700
138900
137700
137600
138000
137600
140100
137700
137700
137600
137900
137800
137900
137700
139000
137700
137800
137700
137700
189300
137700
137800
137700
137700
137700
137900
137800
141000
137900
137800
137600
137800
137700
137600
137900
139200
139600
137800
137600
137700
139000
137600
138000
137900
147500
129500
138300
188600
146600
153200
137900
137800
187100
153700
171700
177200
156500
177300
187500
166100
161800
163100
162800
167200
167400
167100
142500
139500
154600
154400
175700
178100
156100
151600
166200
167800
154400
145600
159600
137800
186200
138000
137800
137900
137600
137700
140100
137700
133300
138000
137700
137700
143600
142600
157800
137600
144400
144800
140700
137600
139100
141700
159700
137900
137700
149900
137800
145100
139200
137600
137800
139200
148300
141300
137700
139000
137600
145600
137800
138100
137700
137600
146000
135800
143500
142900
151300
137600
137800
129500
137700
152700
137700
137700
139000
148900
137900
139200
137600
137600
137700
137600
147400
139600
137800
139200
137700
137700
138900
137800
137700
137800
137800
135800
137500
137800
141800
137500
139200
138200
137500
144700
137700
137600
137900
137500
139300
137800
138000
137500
137600
139000
137800
137700
139200
137400
137800
137500
137600
139200
137600
137600
137800
137600
139100
137700
139800
137500
137800
137700
137500
137700
139200
137700
137700
137700
137900
138900
137800
137900
137700
137700
137600
137900
137600
139100
137800
137500
137700
137700
137600
137900
137300
137900
137700
137900
141000
137800
139300
137800
137800
137800
137700
137500
137600
137500
139200
134100
137700
137700
137900
139200
137900
137600
137700
137700
139200
137800
137800
143800
137600
137800
137700
137700
139200
137600
145400
137500
137700
139000
139000
137600
139200
137600
137800
137700
137600
139200
137700
137700
137600
137800
153000
137700
137800
139400
144000
137600
139300
137600
137700
147700
137800
144100
142700
137700
148100
164600
137500
137700
140700
137700
129700
138100
128400
143800
142400
137800
154900
137700
137800
144200
137700
155900
137600
137700
142200
139400
137800
137900
137800
137600
139100
137600
137800
137500
140700
137700
137800
137700
145900
137700
137700
139300
137700
137700
137600
138000
150000
141400
137700
140800
145900
169900
142900
137800
141500
137800
137800
146900
144500
137700
137700
139200
138000
137800
144100
139200
137700
137600
137700
137600
138800
137700
137900
137700
137700
137600
137700
137700
137600
137600
137600
139500
137600
137700
137800
137800
140300
137700
137600
137700
151700
146000
137400
137800
138500
137900
137800
137600
137700
138800
137700
137500
139200
137800
137700
137600
137600
159300
137800
137700
137700
137700
137600
137700
137700
137400
137700
137700
137600
137700
138900
137700
137900
137900
139500
137700
137700
137800
137600
137600
137700
137700
137600
139300
137500
137800
137600
137800
137700
137800
137800
137700
137800
137700
137600
137600
138700
137700
137500
137800
137700
137700
137600
137800
139600
137500
137800
137800
137700
139000
137800
137600
134400
138700
138700
137600
137500
137700
137600
137900
143100
137600
137700
176500
137700
139100
142100
137900
141000
148900
137700
139000
137700
137600
142700
137600
141000
137800
136700
147600
128400
139100
137900
139300
137700
137700
137700
144500
137700
137600
137600
127700
137800
137500
137600
137600
141600
137700
137700
137800
137800
137700
137600
137600
141200
169100
137800
137500
137800
137600
137800
137500
137700
137600
137800
138800
137800
137600
139100
137700
137800
137500
137500
139300
137800
137900
139200
137500
137700
137700
137600
139800
137700
137600
136800
137700
138700
137700
137600
137700
137800
137700
137700
137700
139900
137800
137900
137600
137500
139300
137800
137700
137800
137800
137800
137700
137700
139200
137500
137700
137800
137800
139200
137800
139600
137800
137700
140800
137800
137700
139200
137800
137700
137600
137700
139100
137600
137800
138000
137600
137900
137700
137600
139700
137600
137700
137700
137600
139000
137700
137600
137700
137900
139000
139700
137800
139200
137700
137700
137500
137500
139200
137600
137700
137500
137700
139100
137800
137700
137700
137700
137600
137900
137700
137500
137700
138000
137600
137700
139100
152000
137600
144200
137700
148800
139200
137700
141700
139300
128600
137700
144900
137600
137900
137900
137700
137600
137900
151700
137800
137600
138000
138000
139200
137700
139900
137600
137500
137800
143000
146700
137700
137700
140900
150300
142300
137800
142400
142300
147800
137800
139200
149000
141400
150200
151900
137600
137500
141300
137700
139500
148300
137600
139000
137700
137700
137600
137600
139300
137900
137700
137800
137500
139000
141100
137800
137800
137800
138600
137700
137800
143200
137800
137600
137600
137800
162400
137500
138000
137500
137700
139200
137700
137600
139100
137700
137700
137600
137800
139200
137700
137700
137700
137700
140000
137700
137800
137900
137600
137800
137600
137900
139000
137700
137500
137800
144700
137700
137900
138300
137700
137800
137700
137600
138000
139400
137600
137900
137700
137700
138000
137600
137800
137400
139800
137400
137600
137700
138800
137600
137800
137600
137600
137800
137600
137800
137800
137900
134600
137900
137700
139100
137800
137600
127900
137600
145500
137500
137900
137800
137600
138700
137700
137400
140400
137800
137700
137600
137900
137600
137700
137800
137600
137800
137600
137500
137800
137800
137600
137700
137700
137600
139500
137500
137600
147500
137900
138600
152800
137700
138900
137900
137700
139200
142800
137800
148600
140900
137900
139100
138900
137800
143100
141200
139700
150100
134500
137800
137700
137600
137700
137800
137700
146800
136500
137700
137700
146500
137800
137700
137800
153300
137800
137700
146400
143100
137800
140700
137800
141100
137600
155300
137600
142900
139100
137800
137700
139300
143400
137600
137700
137600
138800
137700
137600
137800
137600
137600
137900
137600
137700
137800
137800
137700
141000
139000
137800
137700
134300
137700
137500
137800
137600
139200
137800
137700
137600
137700
139100
137700
137700
137600
137400
137700
137600
137900
139100
137700
137800
137600
137600
137600
137700
137600
140000
137800
137600
137700
137600
139500
137600
137700
137600
137600
139100
137700
137600
137600
137700
137600
137700
137500
139000
137800
138400
137500
137700
139400
137600
137800
137600
137800
137700
137700
139700
137700
137700
137600
137800
137700
129500
137700
137800
137700
137700
141300
137500
134700
138000
137700
137800
137800
137700
139200
137700
127400
137800
142500
137700
137800
137600
137600
137800
137700
143300
137800
137800
139000
134000
137700
137900
137700
139100
137600
137700
139200
137800
137800
137500
137500
144300
137700
142500
143200
134400
137800
144600
137700
145400
158100
143600
137800
139100
139700
1611700
131400
138100
156000
138300
138000
145500
131900
138100
139300
137500
150400
140000
138000
137900
142100
138100
137900
138200
137600
137800
137800
137700
137600
137600
141900
138000
142800
137700
141900
149400
142600
149100
141200
141200
139000
137700
145400
148400
138000
137600
138300
138800
137700
137800
137800
139000
137700
137600
137600
137800
137600
137800
137600
139200
137600
138000
137700
137600
139400
140500
137800
137700
137700
137700
137900
137700
153900
137700
137800
137900
137700
137800
137800
137800
137900
137600
138000
138500
137600
139200
137800
137700
137700
137700
138900
137600
137900
137600
137800
139900
137800
137800
139100
137800
137500
137600
137900
139000
137900
137700
137500
137800
139100
137600
137800
139000
137800
137600
137500
137700
137900
138400
137500
137800
137900
152400
137800
134100
137700
139800
137600
137500
137600
135700
137600
137700
137700
137700
137700
137800
137900
137800
137700
137600
137700
137600
137600
137700
137700
128300
139200
137800
137700
137800
137700
138900
137800
137800
137700
139800
137700
137800
137600
137800
137800
137600
137700
137700
139500
137900
135400
137700
137700
137600
137500
147600
142500
141700
141400
148600
139500
137800
139300
137600
137800
144000
137700
137300
143400
141500
137600
141100
132600
137900
137600
154100
145700
137700
128500
139100
143200
137700
142200
137800
138100
149000
138000
145200
138800
137800
129400
137900
149200
137500
138900
148000
150600
137800
145200
133500
153200
137600
137700
156400
137700
137600
137800
137900
137800
137800
137600
137900
137500
137800
137800
137600
139100
137700
137800
134200
137700
137800
137900
137600
137800
137700
137800
134800
137800
142200
134500
137900
134500
137600
138900
137800
137800
137900
137800
139100
137700
138000
139100
137800
137700
137600
137600
141600
137700
137700
137500
134500
138700
137700
134300
139400
137800
137500
137700
139600
139100
137700
137300
139100
137800
137500
137700
134200
137800
137700
137700
137600
137700
139000
137700
137500
137700
137500
137700
137500
137800
137700
137900
137900
137500
137800
139200
137700
137700
139900
137700
137800
137800
137700
137800
137700
137700
137700
137500
139000
137800
137700
137800
137800
139500
137500
137600
137400
137500
139500
134200
137600
139000
137800
137700
137800
138000
139400
137800
130400
137700
137800
139200
137500
137700
137800
137700
139200
137600
137700
137600
155300
137700
142900
137700
139600
136700
137800
156100
138000
137900
137700
137600
139300
137600
144100
133000
138000
132100
142000
152200
137800
139600
137600
139800
139500
139900
146500
140600
144500
148000
137600
137800
137700
143700
137600
137900
144100
137800
137500
141200
137700
139100
128200
137700
131000
137800
141100
137700
145200
144000
138400
137600
137500
151600
137700
138800
137500
134500
139300
137500
137900
137800
137700
137800
137700
137700
137500
137800
137600
137700
137700
139800
137700
137600
137700
137800
137600
137600
140900
137900
137900
137800
137800
137600
154000
137800
137600
137800
137800
137700
134400
137900
139300
137600
137800
137700
137600
139300
137700
137900
137600
139300
137900
137700
137800
137400
137700
137600
140100
137700
137500
138900
137800
137800
137900
137600
134500
134500
137900
137800
137600
137600
137700
137500
137800
137600
139300
142100
137700
137500
137500
137900
139900
137700
137800
137800
137700
140000
139900
137900
137800
137700
134500
137700
137900
137800
139400
137600
138000
137600
137700
135900
138300
144700
142200
137600
141200
147200
137900
145000
138000
137700
138600
137300
143900
137800
140000
145800
175500
144700
137700
142100
137700
137800
137700
137500
137600
141700
144000
137800
137600
129800
137700
141500
137600
140500
144400
134700
137800
143000
137900
137600
146500
137700
143400
137700
137500
137800
141600
138100
137900
143200
137500
140000
142500
142600
137900
139300
137800
137700
137900
137600
137700
137600
137500
137800
137800
137600
137700
137700
139000
137900
137600
137400
137600
137700
137400
137800
143100
137700
138000
137700
137600
137700
137700
137400
137900
137700
137800
137700
137800
138900
137900
137800
137900
137600
138700
137700
137600
137700
137600
137700
137700
137500
139200
137800
128000
137500
139900
137800
137900
137800
137700
137700
137700
137600
137800
139100
137600
137700
137800
137600
139300
137700
137800
137800
137800
137800
137700
137900
138900
137800
137700
137800
137800
139300
137600
137700
139200
137700
139000
137700
137600
137500
137700
137700
134200
137800
139100
137600
137800
137500
142700
145400
132900
134100
141200
137700
156900
137700
167000
137400
156100
158800
143800
129500
176000
167600
164200
165900
167300
179700
170800
171200
167400
182200
148300
141400
163900
147400
137800
195800
169300
146800
137600
148500
157600
161000
158800
166100
161300
182800
152000
155300
146300
129300
137700
164500
142200
137700
146500
157100
137800
144400
146800
137900
140000
137600
137700
134700
137900
140100
137700
134000
137600
139100
137700
137700
137600
149400
137600
137700
137700
139000
137700
137600
137600
137700
142100
137600
137500
139000
137900
137800
137700
137500
137600
138000
137600
137800
137600
137900
139300
137500
137700
137900
137700
137800
137800
137700
139300
137700
137700
139300
137700
137600
137700
137700
142900
134300
137600
161000
137700
137700
137700
137600
137700
137700
137700
143700
137800
137600
137600
137600
137600
137600
134100
137700
137700
137800
140100
137400
137600
137900
137900
137700
137900
137800
139800
137700
137800
137500
137700
134500
137500
137600
139400
145700
137800
147100
146600
142100
137600
147500
137500
137900
137700
137700
137700
137800
146400
139300
137500
169000
139200
137800
147600
137800
141200
137600
142000
172800
137700
138500
137600
163700
146300
137600
146700
141800
140700
144100
141500
145300
137900
137800
140700
137600
137700
137900
141000
137600
141500
137700
145300
137600
137800
137700
133900
143900
137900
134500
134900
137600
137700
139000
137700
137700
138900
137800
137700
138000
137700
138800
137600
137900
147400
137900
137700
137900
138800
137600
137600
139000
137600
137700
137600
137600
140700
137600
137700
137700
137500
137800
139300
137600
137600
137600
137500
137700
137700
137700
139300
137600
137800
139200
137500
137600
137500
137800
141500
137700
137700
139200
137500
137800
137900
137700
141900
137800
137600
139000
134900
137600
137600
137600
137800
137700
137800
139800
138000
137800
137700
137800
137700
137700
137700
139000
137600
137700
137800
137500
137700
137900
137800
137800
138000
134100
141300
137700
137100
138000
137900
137700
137700
137800
137700
139000
137700
137600
137800
137800
137800
137900
128000
139200
137800
137600
137600
137700
137600
137600
137800
139000
137800
137700
137700
137500
147600
151500
137600
137700
156400
137800
137700
137800
146200
137800
137500
137900
137600
149600
137600
143400
137900
143100
144200
143400
134400
139300
137600
141500
137700
137700
137700
138100
137600
137700
149500
137600
146900
137700
137600
137700
137700
140400
144800
148600
138900
127900
146900
168100
142300
137400
140100
137600
141400
137700
145500
137600
137800
137800
143600
137600
137700
139000
138100
137900
142600
137800
128200
137300
137800
145300
137600
142800
139200
137800
137800
137600
137500
137600
137800
155500
137700
137700
137600
138000
139200
137300
128100
137700
137800
139200
137600
137700
137800
137800
140200
137800
139200
137500
137800
137700
137600
139200
137900
137500
137700
137500
139300
137800
139600
137600
137900
138300
137700
139200
137800
137700
137800
137600
137700
137600
139200
137600
137800
137700
139800
137900
137800
137600
137700
137800
137800
134700
144700
139300
137700
137900
134000
137700
139500
137800
137800
137800
137600
137600
137600
139300
137800
137600
137800
137700
138900
137600
137700
137800
139900
152000
137500
137800
137400
137700
138800
137800
137900
137900
137600
137900
137800
138900
137600
137700
137600
137800
139100
137700
137700
137700
134300
137800
137700
139400
137800
137700
137900
137700
140900
137600
128800
137700
141500
136200
137600
137600
140800
137900
137900
137900
137800
137600
137700
137600
147200
138000
143900
127900
137600
137500
137800
138000
138100
130900
137700
134500
137800
141800
141500
142900
137800
138000
137700
137800
139200
138500
145500
143700
137600
137600
137700
128500
141400
134700
137700
140300
144100
141500
144800
164300
137600
137500
150600
137800
137700
145600
138900
137700
157300
139400
137500
137800
137600
137600
139000
137800
137600
137700
137700
137800
137900
137900
134200
137600
137700
137700
137700
137900
137600
137600
139300
134400
137700
137600
137700
139200
137700
134200
141100
137700
137500
134500
137600
139200
137700
137900
137500
137700
143500
137800
137600
137700
137600
139200
137600
137600
139100
137700
137900
137800
137700
139100
137700
138100
137700
134100
139000
137700
140000
137700
137700
137600
137700
137700
137800
137600
137700
137800
137700
138900
137500
137900
137700
137800
137700
137600
137500
137800
137700
134000
