1371100
1326900
1371100
1371200
1339400
1373100
1364200
1379800
1373300
1370000
1372500
1373500
1370400
1373500
1363500
1337800
1371600
1371600
1373900
1369000
1371200
1372600
1374800
1384800
1378700
1372000
1372500
1363700
1370400
1371200
1366600
1376500
1370200
1370700
1375500
1373500
1370700
1375000
1366700
1328500
1374300
1371000
1371100
1370800
1373900
1371900
1362700
1347800
1372300
1344600
1373800
1370900
1371200
1374400
1372000
1343700
1370100
1355900
1372200
1372700
1372900
1319400
1370700
1371500
1373600
1371100
1386400
1480500
1465000
1349500
1390600
1396300
1337000
1373800
1370900
1372300
1375200
1371400
1374300
1372300
1337200
1272000
1370400
1373700
1387600
1372100
1372100
1370100
1273300
1378100
1370400
1372700
1371200
1371700
1336400
1370800
1394100
1338600
1370500
1374100
1373000
1385500
1372500
1370600
1376800
1370300
1845300
1453200
1372100
1373600
1375900
1446000
1400400
1416300
1295300
1534100
1400000
1371300
1370500
1274400
1377400
1371900
1373300
1371900
1460300
1375100
1370800
1370000
1404800
1376600
1370800
1371300
1373100
1455400
1372000
1474600
1433600
1393900
1606700
1659100
1703900
1785800
1400300
1559200
1641500
1682600
1681200
1581200
1376400
1462400
1455300
1528100
1492600
1484500
1532700
1485400
1443100
1486000
1494700
1540800
1481600
1486600
1485600
1487300
1484200
1486700
1485500
1483800
1532500
1419700
1280400
1378600
1373000
1375500
1377300
1372800
1399800
1396000
1414100
1450800
1374800
1396700
1411100
1415600
1493700
1265600
1393500
1509000
1339500
1376200
1377000
1369000
1373800
1375500
1374900
1373400
1278100
1377800
1377900
1373700
1375900
1378800
1374800
1378900
1371900
1279000
1341500
1376700
1373300
1393200
1386600
1373000
1371000
1342400
1376700
1376500
1374200
1404400
1375300
1374300
1376500
1372700
1375300
1381900
1376700
1390000
1374600
1399400
1375900
1374300
1375600
1372400
1372300
1376900
1273100
1387800
1397900
1389500
1346200
1394900
1386800
1346700
1375600
1373200
1372700
1374100
1379000
1376100
1375900
1390000
1373500
1373900
1333100
1375400
1377000
1373100
1371200
1342500
1371800
1375400
1373400
1373800
1377700
1339100
1377100
1395200
1373500
1375300
1355300
1727600
1370700
1370600
1373200
1373800
1371000
1374100
1371200
1379000
1373400
1370300
1386400
1370900
1372400
1371800
1372500
1373100
1381700
1371800
1388300
1370400
1374700
1376700
1370400
1372200
1370200
1371800
1373500
1371100
1373500
1336300
1371700
1373900
1373300
1375800
1402000
1371800
1371500
1369900
1373200
1372700
1372000
1374200
1387500
1370300
1383500
1372000
1371800
1372700
1372700
1371200
1307300
1373200
1370200
1370400
1372300
1371600
1371800
1376700
1385400
1377600
1373400
1371700
1371600
1372400
1373500
1372200
1386000
1373500
1489100
1411800
1374500
1369000
1371000
1371800
1297700
1371900
1371100
1373800
1371900
1369900
1375500
1372900
1375400
1280700
1371000
1371100
1370900
1372200
1372500
1371800
1388400
1370300
1370900
1373700
1371700
1369900
1372000
1372400
1384600
1371400
1379200
1370900
1368800
1374000
1371000
1372000
1386500
1372700
1370100
1377500
1373700
1376900
1377200
1374800
1401900
1370500
1359700
1374600
1371500
1372300
1370200
1370400
1389100
1371500
1370900
1377500
1373300
1371000
1371100
1373100
1385500
1370200
1373700
1373800
1370000
1373400
1371900
1371100
1347500
1371700
1370600
1371700
1274900
1370200
1371900
1373500
1382900
1277400
1371600
1371700
1371900
1372700
1373200
1370800
1383800
1373300
1370700
1371100
1380800
1372200
1370800
1372200
1749600
1374600
1376400
1378300
1374900
1349700
1376900
1374200
1372800
1376200
1376300
1340000
1376700
1387200
1372300
1374100
1378500
1338200
1372200
1340800
1339400
1374000
1376200
1374700
1281700
1338200
1377800
1373500
1377400
1378100
1383600
1526200
1494100
1444300
1389400
1420100
1337500
1375300
1387100
1383400
1373400
1377000
1349100
1393200
1375800
1376800
1374500
1358700
1379600
1378200
1371800
1374900
1376100
1372700
1373100
1396300
1377100
1378600
1348800
1373500
1374500
1338100
1372500
1383900
1397000
1378600
1374100
1373700
1375400
1339800
1371600
1347400
1386100
1374900
1372400
1373800
1374100
1373100
1375500
1382400
1375400
1283800
1372500
1374000
1375500
1373000
1372600
1392800
1340200
1398800
1371700
1378800
1373800
1373400
1382300
1381200
1376500
1375300
1387700
1372800
1373800
1373700
1375200
1381500
1374600
1372400
1373500
1291800
1377000
1378200
1376700
1374500
1374600
1371900
1375800
1396600
1383300
1377300
1374700
1379700
1375400
1340700
1377400
1374500
1391700
1356000
1374500
1402800
1371700
1372100
1343000
1372700
1331700
1355500
1376600
1391700
1377400
1361700
1374400
1373500
1379800
1379500
1374600
1376100
1374700
1364200
1340700
1375600
1373700
1378000
1377500
1376600
1373900
1379600
1376600
1377600
1376500
1374300
1374500
1382500
1335400
1371500
1370100
1756900
1384200
1375300
1372500
1396100
1372800
1382800
1376800
1337600
1378300
1376900
1373100
1375400
1374600
1373600
1373300
1377200
1340900
1373600
1332900
1376100
1391200
1379900
1375300
1372800
1374100
1374200
1372600
1364400
1392300
1279500
1373500
1375100
1373500
1386500
1354000
1386400
1323800
1373700
1387900
1388500
1387600
1285300
1387700
1383500
1405400
1401200
1346100
1356300
1381600
1388300
1390800
1367400
1357500
1375000
1377300
1367300
1369100
1339900
1374400
1372600
1392400
1381100
1350900
1376600
1367100
1372500
1375300
1556600
1521100
1551700
1684300
1681500
1646300
1728400
1666700
1504500
1707600
1658200
1678800
1639800
1428800
1354800
1412600
1385300
1379600
1404200
1380900
1375400
1374100
1372000
1396000
1378500
1371400
1374900
1374900
1371800
1376200
1388400
1391000
1375400
1377200
1373800
1384900
1377800
1379000
1374300
1380100
1374500
1373800
1360300
1348400
1376800
1372800
1341400
1389500
1337100
1343800
1376800
1384300
1380100
1373300
1372300
1374700
1376000
1374100
1375700
1343500
1402700
1381900
1392900
1406300
1287800
1396800
1380300
1374200
1391700
1372500
1375900
1390300
1379300
1373400
1375300
1375300
1289300
1377300
1375800
1375000
1372600
1377200
1376200
1373100
1376900
1383600
1374300
1375000
1380800
1283100
1377900
1377500
1372700
1373600
1383700
1376700
1378800
1377300
1380300
1381100
1371600
1371300
1371700
1387300
1373000
1370900
1371100
1365300
1374500
1371500
1379700
1377400
1373900
1377200
1379100
1371800
1368300
1372500
1337600
1371100
1384700
1373800
1370200
1370500
1374100
1370800
1372000
1311100
1387100
1370100
1373500
1371700
1361400
1370900
1371700
1370600
1383800
1372600
1371800
1373600
1369600
1371000
1370500
1374000
1732100
2143400
1646100
1378500
1359500
1333700
1346100
1402300
1348200
1372500
1377400
1375800
1337900
1344800
1338100
1391000
1367300
1360600
1376300
1375500
1368900
1241700
1378400
1354700
1365100
1374100
1375400
1372800
1372800
1359200
1375400
1389100
1376900
1374400
1371600
1375300
1377100
1323200
1352700
1375200
1374400
1383100
1377100
1375500
1376600
1353600
1345900
1373800
1376700
1357800
1376500
1374700
1374000
1370900
1249700
1377800
1380200
1375200
1376700
1386800
1374100
1376600
1347400
1377900
1390900
1375100
1368000
1339000
1342800
1369600
1377700
1377600
1380400
1373300
1340500
1380700
1374600
1377800
1283200
1340900
1389600
1376700
1351900
1353500
1377000
1338500
1376500
1380800
1406000
1298200
1372300
1375800
1410600
1278600
1344400
1372100
1371700
1375000
1398400
1370800
1373600
1337400
1369000
1376700
1373600
1383200
1371700
1374000
1370600
1338300
1374000
1368000
1370400
1948000
1371400
1371400
1370700
1372600
1331800
1368100
1385400
1335800
1373100
1374700
1370500
1371000
1371500
1366300
1370900
1376700
1372700
1369300
1372300
1373800
1370600
1371100
1372400
1370700
1384000
1388600
1374000
1373600
1371600
1373600
1370600
1371100
1380900
1387800
1270000
1373700
1371100
1371400
1370600
1373000
1372100
1314800
1414700
1372500
1370900
1342000
1371600
1610400
1375800
1374700
1370500
1371800
1373900
1370500
1373000
1374200
1370500
1376200
1423100
1371200
1371700
1278300
1371200
1370400
1370400
1399800
1371500
1371700
1374900
1369800
1370700
1373400
1370500
1388900
1338100
1371800
1336300
1372100
1377500
1337200
1371500
1373000
1370300
1371700
1373800
1370300
1371300
1372300
1371200
1372500
1371000
1373100
1370700
1376200
1374100
1371300
1377300
1374200
1369500
1373200
1371700
1371600
1373200
1371400
1374300
1371500
1376000
1372900
1370700
1371600
1379300
1371900
1338800
1376700
1407200
1371400
1371700
1376100
1371200
1371800
1373900
1370200
1399200
1378900
1372200
1371100
1371200
1375800
1378200
1239100
1402600
1376300
1375900
1378700
1370500
1375800
1372000
1372100
1370500
1371600
1371400
1371300
1372800
1378500
1377300
1375800
1398000
1375800
1379300
1376100
1376400
1377500
1403200
1386700
1376200
1371600
1374800
1370500
1370900
1372700
1379200
1372900
1968200
1371100
1371800
1371400
1373300
1372900
1371000
1372800
1354300
1372000
1373600
1371100
1337200
1370900
1372500
1370700
1272200
1366600
1370800
1336900
1375700
1371500
1272400
1373000
1349100
1374200
1369600
1374300
1371600
1370800
1374600
1370700
1371000
1377700
1371000
1370900
1373200
1372300
1370700
1372000
1374800
1387600
1369900
1375200
1372100
1359500
1377000
1337100
1372900
1399800
1392600
1371500
1372400
1377400
1365900
1372100
1372700
1391300
1364600
1373900
1371100
1373000
1370500
1370500
1371200
1402800
1380400
1372700
1371000
1336600
1371600
1363000
1374000
1387200
1366600
1369600
1370400
1371300
1371100
1372000
1364900
1389400
1371100
1329200
1371800
1280500
1371800
1371400
1373400
1371400
1365500
1328000
1373200
1384400
1334900
1374900
1371200
1370200
1390000
1323800
1370300
1370100
1378800
1371100
1371800
1338300
1289100
1371900
1365100
1371200
1404500
1426800
1460300
1610100
1685900
1691400
1660500
1678800
1394000
1645000
1676300
1662300
1675300
1376000
1377000
1376900
1371400
1374700
1408200
1374000
1372100
1312600
1369700
1371100
1374700
1370700
1390400
1374500
1371000
1370700
1370400
1384300
1370900
1374400
1392900
1371700
1370700
1376900
1374500
1370900
1375000
1372300
1372000
1371400
1374500
1371500
1372900
1374200
1372100
1370900
1378300
1370900
1370300
1995200
1417400
1371400
1370700
1373800
1380800
1372200
1374400
1371000
1371100
1374800
1372500
1370400
1373200
1378000
1372400
1370200
1376100
1371700
1371200
1373900
1370400
1371000
1374100
1373500
1371600
1370500
1371000
1371000
1371200
1372900
1371300
1372900
1373000
1371200
1370400
1372600
1371400
1387200
1376700
1372400
1372000
1368700
1372800
1371500
1372300
1388900
1371400
1371800
1373500
1370600
1336000
1370500
1373800
1382900
1372000
1380500
1372400
1405600
1372300
1373200
1371800
1376700
1356400
1369300
1375900
1376400
1376900
1375800
1383900
1396000
1371000
1375800
1355300
1373100
1374800
1373000
1371000
1370800
1373000
1371900
1372800
1365000
1371500
1371900
1373600
1370700
1371600
1373000
1372900
1274000
1370400
1375500
1351200
1375400
1404600
1373100
1371200
1373300
1379400
1370900
1371400
1372500
1370700
1371600
1373800
1370000
1376200
1373600
1371700
1370500
1272900
1373200
1370600
1370900
1338800
1286900
1369300
1374300
1373000
1371000
1373500
1371600
1370600
1387500
1372000
1370200
1291400
1372100
1372800
1371400
1374400
1370600
1377900
1374600
1388300
1372300
1373500
1371600
1370900
1370600
1367100
1273500
1389900
1373900
1371900
1370200
1337000
1372400
1371600
1370900
1376800
1371300
1372800
1380100
1369900
1384100
1406100
1370100
1377400
1374700
1370300
1371200
1955400
1370700
1371500
1371000
1377200
1373400
1371700
1374400
1372100
1371600
1354900
1369300
1390600
1374800
1334700
1370500
1371200
1289500
1371100
1373400
1373800
1371100
1371300
1373100
1371500
1372100
1371800
1371500
1370400
1336800
1402500
1372600
1371700
1373300
1371400
1273300
1372800
1388700
1353500
1370900
1373100
1372000
1358600
1375800
1359700
1388300
1367700
1372500
1371600
1373000
1378200
1373000
1371500
1391600
1372200
1372100
1323200
1371300
1359900
1358400
1370700
1387600
1371900
1370900
1371300
1375800
1372900
1370200
1369900
1378600
1372000
1370400
1373400
1371900
1370600
1373200
1369900
1389600
1371800
1372700
1356000
1371600
1380200
1371400
1371000
1376100
1371300
1370700
1373900
1371300
1334800
1368000
1373100
1371200
1371500
1374600
1370800
1374700
1373000
1363400
1370500
1367800
1383300
1340100
1361600
1373000
1370700
1373300
1378700
1370100
1290000
1376600
1371700
1371800
1370700
1374600
1360000
1377200
1389300
1371900
1370800
1336300
1370600
1370200
1354800
1372300
1393500
1371000
1372200
1370900
1370500
1370800
1372000
1378400
1373800
1371700
1370300
1372700
1372200
1371200
1334900
1374300
1372000
1375900
1374400
1372400
1373000
1373100
1364300
1359700
1372100
1388300
1377600
1371000
1372400
1372600
1372200
1404800
1373100
1371500
1418300
1372900
1372600
1831600
1363200
1372200
1394700
1238600
1376100
1371500
1374100
1359500
1358900
1372700
1370000
1376600
1373300
1380400
1370500
1370100
1350800
1372300
1370800
1391200
1372600
1372800
1374400
1370900
1361700
1372500
1371100
1388400
1369300
1347400
1370900
1372700
1369700
1370700
1371600
1390900
1371800
1361100
1370100
1573200
2413100
1867500
1546400
1371700
1373900
1374400
1369900
1371300
1377800
1370500
1388600
1335100
1371800
1365500
1370600
1287500
1343000
1375700
1291900
1322200
1349400
1365500
1335200
1389800
1371900
1371800
1332400
1373300
1339500
1360000
1354700
1389700
1370400
1334400
1373900
1370600
1372300
1370400
1372900
1351300
1372400
1358100
1365100
1370500
1375400
1371200
1355800
1389900
1370800
1370100
1286400
1361700
1271200
1379800
1376100
1375500
1373700
1375400
1334900
1354400
1370100
1308300
1370100
1389600
1374800
1371100
1350700
1374200
1370900
1370100
1375300
1370700
1371600
1370400
1321900
1370800
1371400
1373400
1370500
1358800
1389800
1369800
1370800
1339600
1370600
1370400
1371700
1356900
1388400
1371400
1373800
1370500
1340000
1373600
1334300
1371300
1411500
1374300
1374300
1364600
1326100
1376800
1374800
1339500
1405600
1374200
1375500
1375800
1377000
1376400
1373400
1374200
1395800
1321700
1513300
1576100
1551500
1764700
1843700
1845500
1789200
1570400
2300200
1765800
1760600
1854800
1777500
1640600
1374900
1375100
1371000
1372900
1406600
1371000
1372100
1372800
1371200
1382800
1371500
1373200
1389300
1334000
1397200
1370800
1370800
1374100
1371900
1371500
1390500
1372200
1371200
1371900
1377300
1337200
1371200
1368200
1389700
1371500
1381800
1377700
1377300
1374600
1381800
1376400
1388400
1372300
1371200
1371000
1372800
1371600
1371300
1373900
1387400
1371900
1371500
1374000
1371200
1370100
1375300
1372600
1388900
1376600
1371500
1371700
1374500
1369600
1371300
1371700
1376600
1372000
1371200
1374300
1282100
1370600
1416900
1373400
1373600
1373200
1371000
1371700
1376600
1374700
1370900
1335100
1391100
1370400
1372300
1372600
1370600
1386400
1372500
1370900
1403900
1370400
1374400
1370400
1369800
1385500
1371300
1370500
1391300
1370200
1369600
1372100
1373100
1342500
1370400
1372900
1389700
1372800
1373000
1371500
1366700
1345100
1385500
1376000
1381600
1380200
1375000
1378500
1377000
1370600
1412700
1541900
1376000
1372200
1374700
1371100
1370200
1371700
1374400
1371200
1388500
1374000
1373300
1339200
1374100
1372400
1370700
1376300
1375700
1334500
1371600
1373500
1371200
1372100
1373300
1371200
1370600
1374100
1371300
1371800
1373500
1370800
1371200
1370500
1374000
1370700
1334600
1372500
1370600
1371300
1373200
1370900
1370700
1915600
1373000
1372800
1370500
1372200
1372900
1389100
1374000
1372600
1372600
1374600
1370100
1370000
1373900
1405900
1334700
1384000
1373300
1372700
1371100
1372900
1371800
1390200
1373700
1371100
1376200
1372700
1372800
1371400
1371800
1391700
1372100
1370900
1377700
1377100
1372400
1375900
1371800
1398400
1370300
1373100
1371100
1371600
1371700
1371800
1372000
1390800
1370100
1371500
1373700
1371100
1371200
1371600
1374900
1375400
1371700
1373300
1371100
1370700
1376200
1371200
1369800
1389800
1371300
1371800
1370700
1372400
1371200
1372300
1373000
1387700
1371300
1374200
1372000
1373000
1374300
1370400
1370800
1369600
1374000
1371900
1372500
1374000
1370100
1371400
1374500
1372100
1336100
1277200
1374100
1370200
1370200
1377500
1374400
1371100
1374200
1370500
1371500
1279700
1370500
1372300
1377800
1369900
1371900
1371700
1373900
1372100
1369800
1373400
1371500
1371400
1373800
1370600
1371100
1372100
1371400
1370300
1371800
1373100
1335100
1370500
1374400
1373500
1370400
1373600
1371300
1385000
1371800
1373500
1370500
1372100
1276800
1272000
1371000
1366900
1370400
1372500
1373200
1372600
1422700
1370900
1372800
1371000
1370400
1336800
1372300
1372300
1336900
1371100
1371200
1275400
1371800
1370800
1334700
1373400
1371600
1371700
1373400
1370900
1370300
1373200
1372100
1371000
1979700
1371900
1392000
1370700
1375500
1372600
1370500
1373000
1372000
1371500
1407300
1371200
1372100
1379300
1371900
1370000
1372100
1372300
1290200
1371900
1373400
1373500
1401800
1373100
1371600
1372100
1374500
1371700
1339200
1372500
1377700
1370500
1371300
1372700
1399500
1370400
1372900
1371500
1370300
1371400
1372100
1371600
1389100
1373900
1369700
1370000
1370900
1375300
1370800
1373000
1388600
1371300
1339600
1371400
1372200
1370900
1372800
1371800
1387400
1374000
1372600
1370200
1374700
1371200
1371400
1276300
1372900
1372300
1279200
1373600
1370400
1374400
1373800
1370700
1370500
1373800
1371700
1373200
1371600
1372800
1365300
1381000
1381300
1372200
1369900
1377500
1371600
1372200
1374700
1370400
1396800
1371100
1372700
1370800
1373200
1375100
1371300
1371700
1379400
1370800
1369100
1373100
1369400
1372300
1373100
1390000
1369800
1370700
1373400
1371600
1371700
1374400
1372100
1389400
1277800
1372000
1371300
1371500
1373200
1370900
1335500
1395300
1370500
1371600
1373700
1333300
1371300
1371900
1337400
1388600
1370600
1373000
1381300
1372300
1372200
1370400
1371900
1391500
1373100
1371300
1371000
1381500
1336200
1370800
1372700
1388900
1371200
1373200
1372000
1379500
1373100
1371500
1370600
1352500
1290500
1371200
1371300
1315800
1370600
1370900
1375500
1388100
1370600
1929900
1370300
1373100
1372700
1377200
1373200
1391300
1372700
1371200
1372500
1372100
1366100
1371300
1377200
1376000
1371500
1370400
1372800
1371000
1370600
1373500
1371400
1437500
1377900
1371300
1371100
1371500
1371500
1481200
1472800
1611300
1646900
1719900
1723300
1688200
1700300
1723900
1431900
1667500
1580600
1652200
1610700
1759400
1573300
1375500
1374300
1379900
1376900
1375700
1342200
1378000
1391500
1271900
1376600
1370900
1370600
1373000
1372000
1479600
1382900
1371800
1371200
1338000
1371000
1370900
1370200
1393000
1399400
1371700
1395400
1507300
1539600
1544200
1547300
1615700
1620200
1430100
1551700
1489800
1582500
1501800
1546000
1545100
1505300
1549600
1561800
1544100
1553300
1564900
1543700
1581000
1443000
1554000
1614900
1592500
1597700
1546400
1555200
1583200
1562900
1554600
1543300
1414400
1545000
1528600
1539600
1630100
1539700
1569700
1609000
1392500
1380200
1599100
1613700
1400300
1558100
1604300
1584100
1528200
1592700
1513400
1566700
1582900
1569900
1387200
1664400
1610000
1456300
1520300
1607800
1569200
1536900
1514200
1638100
1637600
1545600
1618700
1596000
1634400
1652000
1462500
1449500
1617600
1594100
1609100
1485900
1515800
1552600
1370800
1372000
1368900
1370400
1371800
1372500
1372600
1370600
1370600
1373300
1371800
1370800
1376800
1370800
1372300
1930300
1372100
1371800
1372400
1372300
1372500
1371800
1374500
1380900
1379000
1374700
1370700
1421600
1338300
1372600
1371700
1376100
1373500
1370900
1370700
1374000
1372500
1370400
1373100
1370400
1371300
1383900
1371400
1372300
1372600
1374400
1378200
1370300
1373400
1370200
1371100
1352400
1371900
1371400
1369900
1373500
1388800
1370300
1372500
1371300
1371100
1374900
1336900
1335100
1389700
1371800
1370900
1370700
1373800
1372300
1372000
1457200
1391500
1372000
1373400
1376100
1371700
1377000
1370300
1370800
1389000
1373400
1371200
1375600
1379300
1412300
1369800
1376400
1375400
1372200
1374300
1371700
1355800
1370300
1374600
1371400
1372100
1336900
1371200
1371900
1398300
1515500
1475000
1375200
1390000
1372000
1373500
1379700
1383800
1375400
1380000
1374500
1371300
1375200
1371900
1369800
1373500
1371100
1371300
1371700
1371700
1386900
1371600
1385900
1374900
1386200
1379900
1339600
1378000
1370900
1370600
1373100
1335700
1377000
1370000
1370600
1375300
1354800
1371900
1373100
1372100
1371400
1388600
1371700
1376800
1374200
1373800
1371600
1336100
1373300
1370900
1372800
1359900
1389500
1370900
1370300
1372600
1370700
1370700
1372900
1373200
1370200
1372800
1371700
1370900
1373600
1373000
1370500
1292000
1375200
1370600
1370800
1374900
1371100
1371600
1373200
1371900
1368100
1993500
1370800
1371200
1371200
1373000
1374200
1371300
1372600
1370800
1372400
1373500
1370900
1371300
1375100
1370700
1371700
1371200
1372600
1372200
1363900
1373500
1371100
1370900
1373500
1393000
1371700
1373500
1371900
1370000
1371500
1373200
1388400
1372200
1389900
1370300
1370100
1367900
1371900
1373800
1389600
1372200
1337300
1372100
1372000
1368700
1365200
1372600
1370900
1371200
1372600
1374700
1371300
1372800
1362400
1371800
1371300
1389800
1370600
1358700
1338200
1372200
1259500
1367000
1371800
1388100
1373500
1374000
1371300
1371500
1372800
1371100
1370400
1389500
1376700
1369200
1372900
1377100
1371000
1362500
1372300
1388900
1370800
1372600
1370900
1370400
1373900
1274900
1363500
1372200
1372600
1371700
1362800
1376600
1371200
1371400
1373800
1370100
1370100
1373700
1371300
1370600
1374600
1376500
1370700
1371200
1389700
1378600
1369800
1373700
1370800
1369900
1346300
1371200
1387200
1372100
1367600
1370000
1372100
1373100
1370400
1373600
1392700
1371000
1370800
1365900
1372200
1371400
1347400
1380200
1388400
1274500
1375500
1369600
1370200
1373500
1371400
1365000
1359800
1370800
1362600
1370500
1372300
1370800
1366200
1366800
1391500
1372500
1373000
1371500
1371500
1371500
1372800
1371400
1371100
1378500
1372000
1371300
1374500
1372100
1371300
1367900
1370900
1334700
1899100
1370300
1333700
1372100
1372900
1238300
1371700
1376300
1380600
1347000
1376900
1274300
1369500
1371400
1370600
1371300
1372300
1393700
1371300
1372200
1373500
1370500
1370900
1376100
1377300
1387000
1378300
1374900
1376600
1376200
1373900
1376500
1375800
1389500
1378000
1376900
1380600
1377500
1377900
1369500
1369600
1336400
1371900
1373400
1371100
1371700
1343700
1389400
1371700
1374200
1371000
1372100
1371300
1371900
1371200
1367800
1428600
1372100
1373800
1466800
1432500
1508600
1654300
1650600
1526900
1691900
1587700
1509400
1675300
1680300
1666800
1642000
1288600
1345800
1377500
1380400
1377300
1358000
1377400
1372100
1372500
1372600
1372400
1372400
1370300
1392800
1372700
1372500
1374900
1370800
1386800
1371200
1367700
1277300
1370900
1373800
1371500
1371500
1277300
1371600
1371500
1374200
1370200
1371900
1335100
1373500
1371800
1371300
1242300
1371500
1374900
1372900
1414500
1370200
1372000
1371700
1372700
1370900
1377600
1339200
1370000
1374400
1371200
1370600
1372900
1377800
1389200
1371200
1363300
1371300
1370700
1373100
1371700
1371400
1392800
1371000
1371100
1372000
1372400
1371200
1335500
1377200
1374900
1376800
1375300
1371800
1378900
1376600
1370700
1371900
1401100
1367000
1370600
1370100
1370900
1371400
1371000
1372300
1370700
1370600
1375200
1370300
1371400
1924300
1370400
1372100
1392000
1372500
1377300
1371200
1372400
1371900
1373000
1375100
1405200
1367600
1373800
1285200
1371600
1376400
1373600
1371200
1374200
1373400
1371400
1380400
1291500
1375500
1378400
1380000
1339400
1376500
1370400
1378100
1336100
1340500
1373600
1371600
1334700
1380700
1373200
1371700
1374100
1370000
1334100
1371000
1339000
1379500
1371700
1373000
1372500
1373400
1372800
1375800
1370900
1354900
1358200
1336900
1371400
1395100
1372100
1370100
1373400
1388300
1371800
1373300
1370300
1370800
1361600
1378600
1370800
1377500
1381200
1407000
1371600
1373100
1378900
1373000
1360600
1345900
1370100
1359900
1374200
1370900
1371300
1373300
1370500
1371500
1382500
1371800
1371000
1360300
1261300
1334800
1372100
1311600
1408200
1371700
1373400
1368900
1364900
1378400
1371100
1272700
1385500
1370600
1371700
1373500
1351500
1371400
1379700
1373800
1294100
1371900
1374500
1371200
1362000
1372800
1371400
1381200
1401300
1380200
1372100
1370800
1353000
1371900
1370600
1374800
1397000
1356900
1372100
1335900
1361200
1352000
1373000
1372000
1381800
1373700
1370500
1370400
1367800
1371800
1370800
1372400
1372500
1272700
1287200
1374900
1334600
1357400
1373200
1370200
1389100
1381700
1377400
1371400
1372300
1372400
1371700
1370700
1390500
1369600
1375900
1373200
1371200
1355600
1915800
1370400
1391400
1371800
1372100
1373500
1371100
1373000
1371400
1373200
1391100
1372200
1371200
1419800
1627900
1681200
1543600
1610500
1694500
1642600
1550400
1310900
1374600
1379800
1375600
1371500
1375700
1370600
1370800
1390500
1372000
1373200
1335600
1373700
1369900
1370200
1374400
1373700
1370300
1371500
1370600
1370600
1371900
1373700
1369600
1370900
1374400
1372500
1370700
1374200
1380000
1375700
1375100
1341000
1377600
1376000
1371500
1372200
1367800
1374900
1371700
1372100
1390600
1370000
1370300
1372800
1373200
1372100
1371400
1374300
1374800
1370600
1375200
1373500
1375000
1397700
1399600
1340400
1380100
1379800
1373400
1372200
1372000
1370700
1371500
1372800
1389700
1371800
1373600
1335300
1371200
1371100
1373400
1371400
1405800
1372500
1371100
1372000
1369700
1370400
1374400
1377500
1387400
1371000
1372000
1372300
1370500
1371900
1373400
1369400
1385600
1371600
1370600
1370800
1339600
1371700
1372400
1344100
1372700
1370900
1371000
1372700
1364300
1370800
1373500
1370300
1465700
1385400
1341800
1375000
1378600
1377100
1375800
1376500
1387600
1377900
1374200
1372900
1370900
1370300
1370700
1340500
1348300
1373600
1379700
1377000
1338600
1379600
1374900
1340600
1410900
1390200
1371800
1372200
1372500
1371000
1371400
1372000
1371500
1265800
1372900
1370300
1371400
1921800
1377100
1370400
1371600
1373900
1340800
1371300
1376900
1371200
1371400
1373600
1372400
1376700
1381000
1371100
1370200
1371000
1366000
1371900
1370200
1410500
1367700
1372800
1376200
1376700
1375000
1385200
1378300
1367000
1377300
1376300
1370600
1370800
1369500
1372200
1372500
1392400
1370500
1370800
1285100
1367200
1371100
1328100
1372300
1389300
1371200
1328800
1380400
1372300
1373700
1375900
1369900
1391100
1370500
1368500
1355300
1376700
1373900
1356100
1340500
1370400
1371500
1373200
1370100
1337000
1371900
1367700
1371800
1230700
1373900
1370000
1367100
1379100
1372600
1371500
1372900
1371300
1371600
1371700
1371700
1608400
1683400
1380500
1371400
1400900
1379900
1374800
1377100
1377400
1370600
1371200
1372000
1361800
1388600
1371500
1339500
1370300
1370400
1373000
1371500
1371300
1372800
1370600
1357500
1498600
1611900
1543700
1594300
1633100
1727100
1557000
1410700
1628800
1654600
1661600
1693600
1601800
1375400
1357400
1374800
1378100
1380900
1395200
1371500
1373900
1371200
1371000
1428300
1592900
1651900
1565700
1573100
1684400
1619600
1595100
1471500
1382900
1412600
1379100
1378100
1376800
1375700
1370900
1371300
1373700
1371300
1370100
1379900
1371100
1370700
1373200
1371500
1369900
1273100
1393300
1372400
1371600
1375000
1366900
1371900
1339500
1336500
1388800
1903600
1371800
1371200
1371500
1381000
1380100
1344300
1381000
1374600
1343400
1376000
1371100
1371600
1373700
1371200
1366800
1371300
1372800
1372300
1370500
1373700
1371800
1370400
1398000
1372100
1335800
1338700
1371700
1370000
1370900
1374000
1388200
1376100
1374000
1370800
1370300
1337700
1372000
1371300
1391800
1375100
1370400
1370000
1372900
1374100
1371200
1373200
1388700
1374700
1373900
1371000
1370800
1373000
1371200
1371300
1370000
1336700
1274500
1371100
1374500
1371400
1370200
1372900
1371000
1387400
1406800
1523200
1521600
1521400
1485100
1483400
1503700
1520300
1484100
1483200
1484000
1484000
1482800
1526200
1507200
1483800
1486200
1487100
1481600
1509900
1527000
1502000
1483100
1519600
1497300
1487200
1371100
1350700
1369200
1389400
1373200
1371500
1320600
1369900
1372300
1336100
1374000
1394600
1370600
1371700
1363300
1287300
1372700
1375500
1371700
1359800
1375200
1371700
1369600
1380000
1372500
1370400
1371400
1379100
1369800
1369500
1372400
1366100
1371900
1373400
1372400
1365300
1360800
1371500
1370400
1369400
1373500
1372300
1370500
1370700
1375800
1372100
1373400
1365400
1353800
1376900
1370700
1367300
1378600
1377700
1420600
1374100
1340600
1371900
1385900
1374200
1374200
1363700
1371000
1374400
1371300
2498200
2113200
1691900
1377500
1364000
1371500
1373300
2014700
1484100
1514600
1518200
1483700
1483800
1481800
1521900
1518000
1482600
1483100
1514900
1482100
1526200
1482000
1481300
1515000
1520800
1481500
1514700
1484300
1513900
1513800
1493800
1483400
1514000
1373400
1372400
1372100
1372600
1372800
1371600
1271900
1389800
1372000
1372100
1376000
1351200
1374400
1375600
1346600
1373500
1370700
1373800
1370400
1372300
1375500
1371500
1370700
1407200
1370600
1372000
1378700
1264400
1405800
1383100
1372000
1378900
1377800
1374300
1275100
1370000
1372900
1393600
1371400
1394900
1370900
1370700
1372400
1368000
1372200
1370900
1398900
1369600
1373600
1382500
1371200
1372300
1371100
1399200
1371300
1365200
1371700
1371400
1376200
1382000
1373900
1370500
1397800
1374400
1390200
1371300
1365200
1371000
1370600
1376600
1369700
1370500
1374700
1394000
1371100
1377800
1370800
1371000
1370800
1374800
1374800
1369900
1400800
1334900
1275200
1374000
1372400
1371500
1389400
1370900
1371800
1399800
1388300
1375600
1372700
1375000
1382600
1369200
1373700
1371500
1395100
1305400
1371600
1371700
1384700
1372400
1372500
1369800
1337700
1398600
1271100
1276400
1385700
1366900
1373400
1371700
1372000
1369000
1420100
1370700
1385000
1416100
1372000
1370400
1372300
1365200
1377300
1406800
1387500
1275100
1335000
1372300
1368500
1367800
1374800
1378600
1400300
1934700
1373200
1338400
1370700
1372400
1366300
1372100
1398700
1371700
1371800
1374000
1371200
1371500
1368100
1371800
1380100
1372100
1373600
1371100
1362800
1373300
1370200
1371500
1405300
1383400
1371500
1373300
1335300
1370500
1371200
1373000
1371800
1372200
1379000
1276300
1371900
1374200
1365700
1364700
1372800
1370700
1361900
1367300
1304100
1371500
1373900
1378900
1370500
1387600
1267700
1419000
1381700
1379300
1370300
1370400
1368900
1406300
1376900
1378700
1381400
1378500
1375200
1379100
1353400
1393900
1377300
1379900
1371600
1371800
1372100
1371900
1372200
1396800
1370200
1371900
1390100
1371000
1371900
1372100
1372200
1374100
1371600
1372700
1390400
1372000
1374600
1370500
1374200
1380500
1371800
1335400
1335600
1398900
1334500
1362300
1369800
1329300
1254800
1376800
1337200
1371800
1375300
1369600
1370800
1371200
1381500
1370400
1371400
1374100
1410300
1371000
1372900
1372500
1372600
1337800
1371900
1336800
1292300
1372100
1373400
1365900
1370100
1371300
1376000
1374400
1389600
1371900
1338900
1372100
1370400
1366700
1380700
1372300
1371100
1374100
1373300
1371500
1364500
1371700
1371600
1511300
1438500
1455900
1618600
1638000
1669600
1699100
1569000
1566200
1682200
1700100
1665000
1698300
1422100
1509500
1398900
1373000
1372200
1370400
1371200
1373400
1371800
1374900
1884100
1371400
1370900
1372900
1373700
1372400
1335800
1394300
1392100
1371900
1373600
1370600
1372400
1374100
1371700
1373600
1377400
1371900
1294300
1373200
1348600
1369900
1369900
1373400
1371900
1371600
1372900
1370100
1371600
1372800
1372800
1372000
1370700
1372700
1373500
1376400
1344300
1378300
1375400
1344100
1375100
1376900
1371800
1373600
1371800
1376900
1376000
1370400
1333600
1373700
1371000
1375000
1373300
1372500
1370300
1371700
1371800
1359400
1383800
1374700
1370400
1335000
1336900
1372200
1372200
1389300
1371900
1370800
1371500
1372000
1373300
1371700
1275600
1388300
1370600
1373100
1372300
1371700
1370300
1371700
1376200
1389800
1335400
1371200
1370700
1337500
1372100
1370900
1373500
1370600
1370600
1371400
1374100
1372400
1372200
1371700
1371400
1370400
1372500
1372500
1372300
1379500
1303100
1377700
1378100
1378700
1378400
1374200
1377500
1372400
1371700
1375200
1371500
1370400
1372900
1371400
1370600
1376000
1372000
1378200
1370000
1373700
1387200
1367200
1353300
1370700
1371300
1373900
1383500
1372400
1370800
1421000
1272900
1372800
1373800
1371400
1414900
1373100
1395500
1371900
1373000
1370000
1370800
1370200
1372900
1372200
1388700
1373300
1370800
1370900
1375200
1370700
1372100
1380000
1399500
1372400
1370200
1379900
1371700
1371700
1340800
1371000
1397700
1940800
1486300
1480900
1517000
1486400
1523100
1477500
1516400
1483600
1484400
1484300
1516200
1472800
1482600
1496400
1483100
1481600
1483900
1481500
1482500
1481000
1584800
1680200
1676900
1719100
1505600
1633900
1682600
1638500
1469300
1381100
1377800
1373900
1382100
1375800
1376700
1414200
1377100
1376800
1378000
1371700
1371500
1370800
1374000
1399000
1371500
1373400
1371300
1371800
1379900
1375300
1377100
1403300
1374800
1378200
1372000
1371500
1372600
1370800
1373400
1371200
1370700
1388500
1370800
1371800
1372600
1370500
1370700
1334800
1417200
1374600
1341500
1378900
1342500
1377500
1380300
1343600
1378200
1377000
1376800
1369400
1371700
1373300
1370700
1335600
1374900
1371400
1374300
1375600
1378500
1378800
1374600
1378000
1376800
1374200
1358700
1372000
1371000
1340300
1371700
1371900
1372600
1370800
1380800
1372200
1377900
1371800
1371100
1373000
1334300
1371200
1676100
1715500
1379100
1380200
1378400
1400900
1377400
1383900
1383500
1372600
1376500
1371100
1370400
1384300
1371300
1370700
1385700
1371200
1371600
1372300
1372100
1388800
1371900
1375600
1371100
1335100
1379700
1377500
1374800
1401000
1376300
1373500
1372400
1376400
1371300
1370500
1373000
1389400
1370800
1372500
1371600
1376900
1370400
1373000
1370800
1389000
1375500
1371400
1338100
1328200
1371900
1372500
1939600
1389500
1371300
1371700
1373100
1371800
1370900
1372100
1375300
1390600
1375100
1372500
1370400
1337300
1382400
1375100
1338400
1373100
1288800
1372000
1384700
1371600
1370900
1383000
1371600
1374000
1390100
1371400
1371500
1371900
1373600
1371700
1371300
1375300
1387900
1371700
1373700
1372700
1370500
1373500
1364600
1372000
1403900
1338400
1339100
1364200
1370700
1371400
1378600
1491300
1390100
1371400
1373700
1364000
1276600
1370800
1372300
1372200
1393100
1374100
1371200
1370500
1374600
1369500
1370300
1375200
1370000
1370800
1371000
1372200
1373400
1365100
1375600
1371300
1372000
1399000
1370600
1374100
1358800
1275900
1370700
1371100
1376500
1388000
1443000
1374600
1370000
1371900
1372800
1371700
1363900
1387700
2246300
2412200
1372000
1380600
1372500
1370600
1403100
1379300
1371100
1374000
1337700
1372000
1370500
1372600
1387900
1371000
1373800
1371000
1371000
1373600
1372500
1372000
1396300
1374000
1394100
1371400
1375900
1371000
1371900
1373600
1406400
1370700
1373100
1256300
1371900
1374000
1372700
1372100
1388700
1373100
1372300
1374900
1373200
1334600
1370700
1373000
1387500
1371600
1373200
1334800
2088800
2353800
1527500
1370800
1371500
1374900
1362400
1371800
1373800
1371600
1372200
1399400
1363900
1371800
1371000
1372900
1371500
1372600
1375800
1389700
1370500
1918800
1371500
1371200
1370900
1372400
1372800
1370900
1338500
1371100
1375100
1373100
1312300
1372000
1338000
1289600
1371400
1370900
1372100
1370300
1377700
1431600
1422900
1352900
1633000
1724800
1668000
1777700
1581800
1599900
1739800
1671900
1625200
1748900
1373400
1374600
1378900
1398500
1376000
1338300
1372400
1371200
1370600
1371100
1386700
1368900
1387600
1379300
1373000
1370500
1390400
1370600
1379300
1396200
1370300
1369800
1372200
1371700
1372000
1371600
1365900
1370100
1371600
1373300
1369300
1370900
1373400
1371900
1372000
1371100
1374000
1370300
1371300
1374800
1373300
1337400
1373800
1371200
1352500
1372400
1373000
1370700
1377400
1372700
1373000
1371900
1390000
1370200
1370700
1337500
1370800
1371400
1371800
1373300
1388800
1371500
1373100
1371700
1371800
1374000
1370700
1372200
1392400
1370500
1398200
1371900
1376600
1370400
1372100
1373800
1391600
1373200
1373800
1336000
1371100
1372500
1370800
1371900
1397700
1372100
1370100
1371600
1374700
1371500
1371300
1372600
1371000
1370800
1372700
1372400
1371200
1337000
1372600
1371000
1369200
1391800
1372200
1372300
1374900
1340100
1370400
1371700
1371200
1391600
1271900
1372500
1371400
1358000
1378000
1369900
1372300
1466000
1345200
1372700
1373000
1443900
1452000
1370200
1374100
1407000
1339400
1283500
1370600
1365600
1921600
1369900
1365200
1396900
1372500
1372400
1371900
1374200
1379000
1370900
1373900
1388700
1371900
1373300
1369800
1374000
1271900
1374500
1370600
1388200
1372500
1372100
1334900
1373500
1371900
1370700
1373500
1388200
1372800
1371300
1373700
1336900
1369600
1374900
1371900
1377700
1373200
1372200
1370300
1374600
1371400
1371600
1371700
1411300
1372000
1371100
1278000
1371300
1372100
1373500
1369700
1335500
1373700
1371100
1370400
1373700
1373700
1372300
1371600
1381300
1323900
1370300
1374400
1264400
1407800
1380000
1370800
1350800
1380000
1373900
1373100
1402400
1374100
1369900
1372300
1375500
1392900
1374500
1371900
1374400
1367000
1371700
1372900
1390400
1372300
1374100
1380700
1377200
1374100
1372500
1373500
1370700
1372800
1372000
1370700
1372200
1369900
1372400
1374000
1370600
1371500
1373400
1370000
1370300
1371200
1373100
1371500
1369500
1374200
1370800
1371100
1337300
1376400
1372400
1373500
1371400
1370800
1360600
1368600
1370800
1371300
1376300
1370300
1369500
1372200
1372200
1372500
1373100
1334400
1372000
1277100
1372500
1371000
1372800
1375100
1370100
1370900
1374500
1364700
1370200
1389700
1372300
1370900
1365300
1375700
1372000
1361300
1365100
1387000
1372400
1377700
1373800
1370900
1372600
1372100
1372000
1388500
1372400
1370200
1371500
1339800
1370800
1373400
1964600
1335400
1370800
1372400
1375200
1366900
1370200
1373400
1344200
1389300
1376900
1372100
1342800
1377900
1372000
1373300
1371200
1394200
1371400
1336200
1369100
1359200
1370600
1336600
1370900
1388400
1373900
1371200
1370500
1335400
1372000
1369600
1371600
1391900
1297700
1375100
1374800
1370900
1421700
1373900
1372300
1388900
1380700
1377800
1372400
1371900
1372700
1372800
1371900
1403100
1370700
1370200
1374500
1370800
1370500
1371600
1374600
1386800
1371900
1377900
1371600
1371200
1340200
1370300
1370500
1394300
1372400
1378500
1370400
1374100
1335200
1373100
1373700
1351000
1372000
1373900
1371200
1382600
1371000
1373200
1372000
1387600
1372500
1371100
1371800
1374000
1370700
1372700
1376800
1349900
1334200
1371600
1372600
1371100
1370500
1373300
1371800
1387700
1372700
1369800
1372300
1385200
1372700
1375200
1371500
1390900
1372300
1369800
1373700
1376600
1372700
1372700
1333200
1388300
1369000
1371700
1370300
1372100
1380000
1368900
1370500
1390300
1372600
1371100
1374400
1370300
1336300
1372800
1370200
1368400
1371800
1372600
1372600
1371000
1373500
1371000
1371800
1373400
1373300
1371800
1376200
1372500
1371900
1371100
1377600
1372600
1370700
1278800
1372400
1373100
1375800
1371800
1372500
1372900
1371100
1370600
1372200
1374700
1374300
1370700
1391300
1371800
1335600
1957900
1370800
1370600
1373400
1372400
1372900
1372000
1373400
1371400
1373500
1373300
1370700
1372000
1336300
1375300
1372800
1372300
1372600
1371200
1371500
1377100
1396300
1378300
1377800
1376600
1377700
1377900
1338600
1375200
1374900
1378000
1355700
1375900
1376200
1371100
1371400
1401700
1371800
1336400
1375800
1371300
1371300
1371400
1373900
1392100
1372900
1372500
1370800
1371500
1340100
1370700
1371700
1411200
1371200
1369600
1302800
1378200
1371200
1370800
1374200
1387900
1395900
1467600
1648400
1564600
1701900
1741500
1634000
1746500
1764900
1498200
1652500
1736500
1570000
1752500
1743800
1501800
1381100
1377100
1378400
1374200
1395900
1379500
1372400
1370000
1373300
1372100
1370600
1378400
1389600
1378000
1370900
1372100
1370500
1371700
1372100
1370500
1387700
1374200
1371800
1370500
1372900
1370700
1371900
1370700
1389800
1370700
1371800
1373500
1371000
1383300
1373000
1371100
1387500
1335800
1372500
1371600
1369600
1373300
1371300
1371000
1389900
1370600
1370700
1373900
1369700
1370800
1393000
1371500
1424000
1370100
1373700
1372300
1371400
1275200
1320900
1370700
1377600
1372500
1371300
1372800
1371700
1371300
1371100
1372200
1354000
1372400
1374000
1371000
1370700
1372800
1371000
1372400
1391600
1373100
1371200
1372800
1376000
1370200
1371900
1387900
1361800
1371600
1916900
1372200
1370200
1371300
1370900
1364200
1370600
1372100
1371600
1372300
1375400
1372500
1271400
1373100
1371300
1370400
1370500
1373100
1372600
1371400
1373700
1370300
1371000
1375100
1370800
1377500
1374800
1371900
1370500
1371300
1527300
1488000
1490200
1491500
1492200
1485200
1484400
1507300
1480200
1517200
1483700
1514700
1515100
1483700
1515400
1542300
1486600
1515200
1513300
1516300
1482300
1482300
1376600
1371000
1370200
1372200
1392600
1372500
1371600
1373600
1371200
1335200
1373600
1370600
1388100
1374100
1373000
1372000
1371300
1372400
1374700
1370900
1394000
1370600
1372500
1379400
1371100
1370900
1370600
1370400
1390900
1372300
1372500
1382700
1370100
1373000
1336800
1370200
1392300
1372400
1372400
1372600
1371900
1372100
1371200
1371700
1362300
1372600
1373900
1372100
1370200
1277600
1371200
1371100
1388400
1372000
1372300
1372100
1371900
1370700
1371000
1373600
1387900
1371400
1374200
1370700
1371900
1370300
1372700
1371000
1387400
1373600
1372700
1370600
1373700
1371700
1376400
1377000
1377000
1370300
1371300
1373600
1371500
1337800
1379300
1372100
1391300
1386100
1370400
1371500
1373900
1335900
1373100
1370400
1354700
1371100
1369500
1373900
1369600
1371700
1337000
1371200
1387800
1371900
1371500
1371100
1370400
1373600
1373500
1373500
1389600
1371000
1370800
1869500
1371100
1370300
1370500
1373200
1372600
1370500
1371800
1371000
1372300
1375400
1370000
1371000
1374000
1372600
1372700
1371700
1376100
1371200
1373200
1399900
1371000
1376400
1372700
1372300
1371000
1373600
1370800
1386100
1373100
1379300
1370300
1372000
1374800
1371700
1371100
1375300
1376900
1371700
1286400
1371000
1369300
1371400
1373500
1372800
1370400
1379600
1371600
1371000
1373400
1371400
1370400
1375100
1372400
1371200
1370600
1301600
1278400
1370700
1397100
1370800
1370400
1373600
1377500
1372000
1375700
1372000
1389100
1371300
1373400
1371100
1371100
1377700
1372400
1387500
1352800
1371000
1371000
1374100
1370400
1370400
1372900
1389000
1371300
1335500
1372800
1370600
1370400
1376800
1375000
1370200
1371300
1371700
1371100
1371400
1374500
1371100
1376400
1373600
1371100
1370000
1375800
1372100
1372000
1371400
1336300
1371100
1371900
1371700
1370400
1372000
1374600
1372600
1370900
1360000
1371100
1372700
1371300
1374000
1369900
1371600
1373000
1371000
1420600
1424600
1378100
1376300
1381700
1344300
1371900
1373200
1425900
1377600
1373300
1379100
1379200
1375600
1381100
1382300
1370700
1375000
1372000
1370700
1371000
1372200
1371500
1390500
1374200
1371900
1371400
1373500
1371400
1371700
1377500
1392000
1370300
1370600
1373400
1369800
1370200
1372800
1372400
1388900
1895500
1371200
1373300
1371100
1371000
1372300
1371400
1390800
1371900
1429200
1383300
1372000
1371500
1376900
1371300
1418800
1370300
1373800
1376100
1372000
1373100
1352200
1371600
1392100
1370100
1370800
1379400
1272900
1370300
1373000
1372800
1388500
1370300
1373400
1372000
1371200
1372400
1371200
1371900
1390800
1377800
1371200
1370300
1377200
1371300
1371100
1373400
1398700
1370600
1376400
1372300
1370200
1373500
1370800
1376900
1370300
1370400
1371200
1371000
1373900
1377400
1336300
1382600
1371900
1370400
1372000
1371700
1372000
1371700
1372900
1371200
1371100
1374500
1373400
1370800
1377500
1375900
1372700
1371800
1370800
1370400
1370800
1282400
1373000
1371400
1375200
1370500
1371100
1374100
1271700
1371100
1371200
1372900
1372500
1746200
1734100
1764500
1904100
1902300
1894300
2002500
1668000
1613300
1604900
1726900
1677600
1617100
1724000
1689300
1372000
1376900
1379200
1373900
1381500
1390100
1370900
1372700
1371600
1372000
1371500
1371500
1392100
1388300
1370900
1373900
1370700
1370400
1374300
1371900
1372300
1401800
1377000
1370500
1372000
1373100
1370500
1371700
1378400
1390000
1379300
1374800
1370700
1372100
1371600
1373100
1370100
1392100
1374300
1371300
1371000
1373700
1371400
1370400
1374300
1387900
1371700
1371700
1372000
1370500
1371200
1375000
1370500
1370300
1880600
1373100
1335500
1372000
1373000
1373500
1356700
1372900
1372400
1372200
1374200
1371900
1371400
1375000
1390300
1370500
1372000
1376100
1371100
1272700
1373600
1335400
1389600
1373300
1370500
1371200
1373500
1336500
1372400
1371800
1390700
1370200
1370900
1372700
1359900
1371500
1377300
1373300
1388800
1372300
1370500
1371000
1369700
1371400
1371500
1372800
1389800
1372000
1370800
1373100
1371300
1371800
1372500
1371200
1399200
1372400
1372900
1372700
1370900
1373300
1371300
1351000
1389100
1371800
1370800
1374600
1371000
1370500
1233000
1341300
1398000
1377800
1377300
1379100
1377300
1375900
1383800
1371100
1390600
1369700
1371400
1372500
1374000
1369900
1373400
1378400
1390200
1370700
1373300
1372900
1371300
1370300
1371700
1370600
1391300
1372300
1370700
1370800
1376400
1372300
1372400
1373200
1388900
1371400
1371100
1373700
1373800
1370700
1372600
1369900
1389000
1373500
1371200
1372500
1375800
1373400
1370600
1370700
1392200
1377000
1371400
1376300
1377200
1374100
1372400
1370800
1391800
1374300
1370200
1369600
1370300
1371900
1451100
1440500
1378000
1377800
1405900
1374800
1371100
1371400
1375000
1392000
1372000
1371000
1372800
1369900
1370700
1374000
1371100
1390000
1374100
1371600
1380500
1377500
1371200
1371900
1372000
1389000
1372300
1370400
1378500
1374500
1371400
1919000
1372400
1398300
1372900
1371500
1373600
1371400
1373000
1372000
1371300
1391100
1371700
1373600
1372800
1374600
1375100
1278900
1372500
1396100
1378400
1375700
1369800
1372400
1374400
1336600
1370700
1390800
1371700
1370900
1370300
1373500
1377100
1372000
1336000
1366700
1371600
1371800
1370900
1372000
1374100
1371300
1370200
1387300
1377200
1371200
1371500
1377000
1371500
1460800
1486400
1460200
1518900
1485000
1482800
1481800
1518100
1486400
1543800
1480400
1522000
1481300
1520400
1482900
1482900
1522200
1483600
1483300
1482900
1480600
1484700
1481900
1481600
1504100
1371500
1371200
1373400
1371200
1373200
1374700
1373100
1374700
1370600
1372800
1370500
1371300
1337500
1371300
1373000
1357800
1371000
1371300
1372500
1371000
1371800
1370900
1372700
1386500
1376300
1373100
1334000
1370800
1373700
1334400
1370500
1387100
1336500
1370500
1371300
1372900
1372700
1371300
1373700
1387400
1334700
1380100
1370500
1370800
1372100
1371600
1371900
1386800
1337000
1371600
1372400
1338800
1372600
1371900
1336000
1391100
1370900
1370900
1376900
1371200
1373500
1374200
1370700
1402200
1373800
1371200
1370800
1347400
1371800
1371900
1372000
1388300
1371100
1373200
1315100
1271800
1373400
1372400
1372400
1388300
1373400
1370400
1371200
1371400
1378600
1372200
1371500
1377000
1370600
1370900
1941400
1373000
1432100
1468400
1371000
1462000
1371500
1404000
1370900
1371600
1390400
1371600
1477100
1374200
1371100
1371700
1371000
1371900
1370700
1255100
1390000
1371200
1371700
1377600
1371400
1372300
1373000
1380000
1385900
1450900
1373300
1371100
1371500
1373300
1370600
1371500
1386900
1372100
1452900
1374600
1273000
1374400
1371800
1372000
1392800
1369700
1374100
1458400
1372400
1374000
1370300
1372200
1376500
1424700
1371000
1482200
1462500
1370900
1368700
1340800
1374100
1464000
1374200
1371800
1370900
1373600
1370100
1372300
1394500
1383900
1371400
1370300
1373600
1451600
1371000
1374000
1370600
1371800
1381400
1371200
1371100
1370800
1455200
1374200
1371400
1373900
1379900
1372900
1372800
1371100
1371800
1457000
1370600
1372100
1370100
1380400
1371900
1372700
1336600
1373700
1450300
1373500
1370800
1390700
1372100
1372500
1463600
1286700
1372300
1338500
1370600
1373100
1344700
1371400
1373700
1367700
1370600
1451000
1373800
1371600
1379600
1374400
1372600
1373400
1418600
1339100
1371200
1375700
1492000
1481600
1626800
1623700
1685200
1728300
1595600
1757900
1583300
1609400
1651600
1735600
1750100
1718600
1773500
1694500
1446800
1378600
1343100
1375900
1378800
1378600
1378300
1371700
1389400
1374100
1371500
1370500
1384100
1338500
1378400
1371700
1392400
1370700
1337000
1903700
1371700
1371300
1371600
1370800
1373400
1369800
1371400
1371700
1373600
1372900
1370900
1371000
1385000
1370800
1370500
1374100
1372700
1371100
1371500
1372400
1370800
1370100
1372800
1370600
1335000
1374500
1371600
1370400
1370700
1379800
1374500
1375700
1379500
1375700
1377700
1373400
1370200
1370100
1372900
1370600
1372700
1373500
1372600
1386100
1371700
1377100
1370000
1371000
1374200
1371900
1372400
1390000
1370200
1371000
1371200
1373000
1371200
1371200
1374100
1402000
1369800
1373600
1383900
1372500
1379400
1378400
1375400
1393700
1375300
1370000
1370200
1375000
1372200
1333300
1372600
1387500
1371200
1374600
1370500
1376900
1371500
1373900
1370600
1389300
1374700
1371600
1371100
1374600
1373300
1370300
1372900
1386100
1370500
1370900
1377100
1370400
1371500
1374000
1372100
1386100
1374000
1371500
1370400
1370700
1383200
1372900
1370600
1291900
1371600
1372100
1375000
1371600
1380200
1376800
1369800
1387600
1370100
1372600
1371600
1370500
1375000
1374300
1371600
1390200
1370000
1371000
1373900
1370600
1370100
1376000
1372900
1385700
1370100
1373600
1335400
1371600
1374700
1372700
1373800
1403200
1371500
1370900
1371800
1374400
1370300
1372400
1376200
1387600
1370800
1373200
1277100
1370800
1373300
1370400
1381000
1383100
1375900
1371700
1395300
1374600
1371300
1371600
1910000
1371600
1371600
1374100
1372100
1373900
1372100
1374700
1375700
1379600
1381500
1373400
1379300
1380200
1375700
1371500
1359200
1371700
1372000
1333900
1384800
1371500
1375800
1373400
1392100
1375400
1373300
1335300
1372100
1372200
1371800
1370900
1387600
1372500
2530700
2088600
1673300
1371000
1371800
1374800
1371700
1371000
1372700
1375200
1334400
1370700
1372600
1336200
1371900
1347000
1378100
1422100
1381500
1376600
1374100
1379900
1380000
1374500
1370000
1373700
1371600
1370900
1373100
1374900
1370800
1373700
1354100
1371500
1370800
1372700
1372400
1388900
1374300
1373100
1370800
1374100
1370200
1371400
1373900
1369700
1371600
1371500
1376200
1315500
1370700
1374900
1371300
1371100
1372800
1370300
1371600
1378100
1370800
1370000
1334700
1377000
1370700
1373200
1372900
1372200
1376100
1374900
1334600
1373200
1373300
1371300
1372000
1371600
1395900
1373800
1379500
1374100
1371000
1371000
1372900
1370900
1370700
1378000
1388700
1371200
1371300
1377500
1371600
1368900
1374700
1375700
1386600
1375000
1277700
1372000
1372700
1373300
1372300
1372200
1401800
1370700
1373500
1373700
1371100
1371600
1372700
1370900
1330800
1372000
1390800
1372800
1335800
1372600
1371300
1334600
1392900
1275700
1372200
1375200
1373000
1371300
1370500
1375200
1386300
1380400
1373800
1373300
1370500
1908900
1371700
1370400
1373300
1377000
1371100
1371800
1372300
1371600
1372700
1390500
1274000
1371600
1373200
1372600
1369900
1376900
1371200
1387900
1370200
1373800
1381800
1370800
1373300
1370400
1371500
1392600
1371600
1370700
1371600
1373100
1370700
1369500
1372600
1389200
1371000
1374600
1371300
1371500
1374000
1372200
1371200
1389800
1376300
1371400
1371400
1405700
1375000
1370900
1375700
1393000
1370600
1373500
1371700
1378700
1371500
1372000
1369900
1391800
1373000
1370800
1371700
1373600
1371000
1370600
1372700
1403700
1370600
1371700
1372800
1373400
1372500
1373900
1370400
1388500
1374100
1371100
1371100
1373900
1392700
1371300
1371400
1388800
1370500
1371200
1373100
1370300
1371300
1266800
1371700
1389800
1373200
1370800
1371000
1370300
1372900
1384800
1336600
1393600
1371000
1372000
1373100
1370400
1372500
1373600
1378100
1388400
1369600
1372400
1371300
1372300
1379400
1372200
1273200
1390000
1369900
1370800
1335100
1372300
1371200
1370800
1338900
1379200
1370900
1373500
1370900
1370500
1371800
1372500
1371600
1290700
1372000
1371000
1335400
1372300
1372700
1371900
1374600
1387300
1383200
1381800
1372700
1371600
1370500
1374800
1372600
1410500
1380500
1370700
1370900
1376200
1374700
1369500
1372600
1390400
1370900
1273500
1373000
1372300
1373200
1372900
1371400
1388500
1896800
1576500
1582900
1566000
1658600
1734100
1730600
1722600
1723500
1468000
1714200
1715600
1724000
1767600
1728800
1505900
1376300
1374600
1378600
1395300
1380600
1374300
1373200
1395200
1380100
1370500
1381100
1376500
1334800
1392100
1373900
1371700
1371300
1372900
1371500
1371700
1374100
1372000
1370400
1373400
1372200
1371500
1370300
1372400
1371000
1370600
1374100
1364700
1372500
1372600
1370400
1371700
1373200
1334200
1371600
1371800
1372900
1370600
1370300
1373500
1371200
1370900
1372300
1369900
1373600
1371700
1372300
1370700
1371600
1373300
1371100
1371400
1366600
1373600
1372000
1372500
1371700
1370900
1370600
1368100
1370200
1371300
1374100
1371700
1370700
1374600
1369000
1370300
1374100
1372200
1374700
1369800
1372000
1370900
1370700
1379000
1371500
1371500
1373600
1381800
1372200
1335400
1373400
1371800
1371000
1372500
1370200
1397100
1373100
1370900
1376500
1372800
1371200
1370800
1370700
1390000
1371700
1371200
1373900
1370900
1370600
1373000
1370600
1389800
1339000
1372400
1371800
1372500
1371600
1371100
1371300
1344600
1371700
1376400
1374400
1372000
1371000
1371600
1370700
1374100
1371200
1382400
1370500
1376400
1372800
1372400
1372000
1375800
1370300
1371100
1375500
1374200
1372000
1370600
1373400
1396500
1370600
1373200
1378300
1369700
1375800
1426300
1373600
1399800
1929200
1397800
1371400
1340200
1373700
1371100
1373400
1371200
1372200
1369700
1371000
1372500
1370200
1373600
1369900
1373000
1373600
1370800
1397700
1340700
1371200
1371900
1362800
1381600
1370300
1334200
1373600
1371300
1372500
1374500
1372500
1544200
1378800
1370700
1459900
1371000
1372100
1391500
1311700
1377100
1464000
1336300
1377200
1371400
1370600
1374100
1371100
1376400
1370900
1456100
1373600
1371400
1373200
1370700
1370900
1401600
1372800
1370800
1454400
1371400
1371500
1370700
1372300
1376000
1370400
1372700
1373700
1369100
1376200
1372600
1370200
1374900
1376800
1372500
1374800
1453700
1370400
1374000
1377700
1371500
1378000
1374000
1374000
1370400
1453500
1372500
1371400
1409200
1384800
1370000
1439300
1374100
1369900
1453700
1373300
1376200
1233900
1341700
1345500
1371800
1460600
1374200
1453600
1371300
1374700
1376600
1372800
1371200
1373700
1370400
1370200
1372300
1371300
1372200
1313100
1371900
1372000
1372600
1371000
1372000
1369800
1372800
1382000
1369900
1374800
1341000
1370400
1372900
1370400
1372300
1382100
1373300
1371000
1371100
1372200
1371000
1370900
1374000
1395600
1375900
1372500
1372000
1371800
1371300
1373500
1332700
1373600
1374200
1377300
1369400
1374200
1372200
1372000
1373300
1371200
1372000
1376700
1373900
1370700
1371900
1373300
1371100
1372600
1924300
1370900
1370200
1372400
1370900
1372600
1397300
1374200
1372700
1371100
1376400
1370100
1371200
1372900
1389900
1371400
1374500
1371000
1371800
1369800
1372800
1370700
1389400
1373300
1372200
1337300
1374400
1376700
1371600
1374400
1389800
1371200
1372500
1373200
1370300
1370500
1375000
1372500
1387900
1376700
1371300
1370800
1370700
1370500
1370700
1371200
1390300
1372100
1370200
1374100
1371100
1370300
1372800
1371500
1389700
1335100
1372000
1371000
1370600
1372700
1370600
1375500
1400200
1372400
1371800
1371900
1371500
1372400
1371700
1380700
1376300
1371700
1375700
1369900
1370500
1374100
1370500
1370500
1353800
1418000
1372700
1371000
1376600
1380300
1378700
1376000
1350800
1376800
1377100
1374900
1370900
1376300
1372200
1335500
1395400
1372900
1370200
1375000
1372900
1370900
1372300
1375400
1399700
1372100
1340400
1463900
1452600
1370500
1373500
1370500
1370800
1296300
1376400
1374500
1358100
1378300
1374500
1392100
1371900
1454600
1374500
1375000
1376800
1371000
1378000
1399300
1370100
1384300
1376600
1373800
1370700
1372100
1371600
1374900
1373800
1370100
1374300
1376200
1335800
1370200
1373100
1388600
1370400
1370200
1373400
1371500
1375800
1372100
1371600
1404700
1371100
1370600
1371900
1373000
1371200
1371300
1370500
1392300
1370800
1370300
1375100
1371600
1374400
1891200
1377200
1397200
1380000
1377900
1372400
1378200
1379800
1376100
1377600
1380700
1375500
1377200
1338100
1374400
1375900
1376900
1335100
1339100
1370600
1373900
1370800
1371400
1383900
1371400
1371700
1374100
1370000
1371300
1378300
1371000
1373000
1371400
1525800
1363900
1613000
1632200
1695300
1735800
1677400
1784900
1632900
1420200
1711400
1665000
1754400
1709600
1719900
1582800
1381900
1375200
1375900
1391200
1374700
1396500
1370700
1372400
1370500
1370600
1373400
1372300
1370500
1372600
1372000
1371500
1372400
1372700
1371500
1372600
1372200
1370700
1371500
1373100
1370100
1370600
1374100
1335400
1371900
1376900
1334400
1371100
1370800
1374000
1370700
1370900
1372900
1375000
1371000
1376000
1370400
1368600
1373100
1371100
1370500
1370300
1372200
1370000
1370300
1373200
1369300
1372100
1375100
1389400
1371300
1375300
1371800
1370200
1369900
1373500
1372800
1388700
1373200
1371600
1371300
1372800
1335000
1371100
1372900
1386900
1370300
1371300
1372700
1370100
1371400
1375000
1371800
1389000
1372800
1371900
1373200
1372500
1370300
1370900
1371300
1391600
1371000
1372100
1380200
1372300
1371200
1374600
1371300
1388300
1371100
1372900
1371600
1371200
1372200
1370400
1370700
1403900
1372600
1371000
1339200
1371600
1372500
1370900
1384800
1388600
1370800
1372100
1371300
1371800
1866300
1368300
1372100
1391300
1371700
1373200
1370800
1374700
1500400
1310200
1374000
1370500
1370600
1378000
1373000
1371200
1365000
1371300
1389600
1338500
1374200
1370500
1370300
1372300
1373300
1373800
1401700
1378700
1374400
1380100
1390100
1375700
1370400
1373800
1370200
1370600
1374300
1372600
1364100
1376200
1372500
1339700
1376000
1371300
1371700
1370700
1371800
1372500
1372500
1374100
1370900
1371400
1372700
1370300
1371600
1371200
1372600
1370900
1375100
1373400
1371400
1370900
1374400
1363600
1373100
1353200
1370900
1376500
1371400
1373900
1370500
1371600
1374600
1372700
1370400
1378100
1371200
1371400
1372500
1372400
1372100
1371900
1390000
1370700
1370800
1372600
1371600
1371000
1372500
1373400
1388300
1377600
1370900
1371400
1369800
1373200
1370100
1372600
1388700
1372400
1370200
1375100
1371200
1365800
1371900
1372200
1387900
1372300
1372100
1371300
1370300
1337000
1371300
1369000
1390200
1371000
1371700
1367600
1376900
1371200
1370400
1338800
1397500
1371000
1376200
1370600
1371100
1374100
1371600
1370800
1389600
1371900
1371800
1369900
1372600
1372500
1371400
1374100
1370300
1372100
1379900
1372000
1369600
1375400
1372100
1370100
1370600
1372100
1371700
1371000
1373300
1371700
1373500
1376700
1371300
1411000
1374800
1377700
1371300
1372900
1383800
1374400
1371300
1844100
1371400
1371400
1374700
1371000
1389900
1393300
1372000
1372400
1370800
1373300
1372600
1372700
1373200
1391200
1374600
1373400
1370700
1371600
1371000
1374400
1334000
1312200
1372600
1370900
1372200
1372700
1371700
1371500
1371700
1388600
1370800
1370300
1373000
1369100
1371700
1374300
1370600
1388700
1379600
1371400
1371500
1378500
1372400
1372700
1371600
1389500
1371700
1371800
1395200
1371300
1370800
1373800
1371300
1373600
1333700
1371100
1371200
1371000
1373800
1372600
1371000
1278300
1371700
1374100
1434400
1371400
1371100
1371400
1373400
1404200
1371300
1375200
1387300
1371800
1372300
1372700
1372000
1392600
1373800
1369900
1370500
1364800
1368200
1311600
1371500
1371400
1371100
1376300
1372200
1370400
1373000
1371600
1277700
1372300
1373200
1372000
1371300
1373100
1371200
1370400
1406500
1271200
1373700
1379900
1376100
1373200
1344000
1376600
1371100
1370600
1376500
1375000
1372500
1372800
1371600
1373400
1378400
1425000
1373000
1376100
1377100
1275200
1363700
1373600
1372300
1384200
1374700
1387300
1371200
1374400
1370600
1371400
1371000
1384900
1371200
1373100
1373100
1372600
1371600
1373700
1370800
1370200
1334100
1386300
1372600
1371700
1374500
1371100
1370900
1373000
1377900
1373900
1373000
1370600
1372300
1371000
1373100
1370800
1372000
1379100
1371800
1369900
1868600
1373400
1370200
1374100
1371400
1381800
1371700
1371400
1372900
1371900
1372500
1370900
1371200
1380800
1370600
1370500
1372400
1370900
1370200
1369800
1373300
1385000
1286400
1372500
1370100
1371300
1372700
1370600
1370700
1387900
1376300
1371000
1369800
1372800
1370500
1370300
1372900
1385000
1374100
1378400
1369900
1370400
1373800
1371300
1371000
1383500
1387200
1372900
1371400
1373300
1371100
1370700
1373700
1370900
1371100
1267000
1371300
1370400
1371500
1372100
1370500
1371400
1373100
1378700
1337300
1373000
1578500
1533100
1523000
1810600
1819600
1867900
1848700
1858800
1514900
1836600
1873800
1844700
1882800
1813800
1367800
1390000
1389100
1386500
1282500
1391100
1377300
1415200
1376000
1374100
1373600
1339800
1377400
1389500
1376300
1377600
1374000
1373600
1377000
1374700
1372700
1406400
1440200
1371500
1393500
1371000
1371100
1372100
1372200
1370500
1377000
1373800
1391000
1370500
1338300
1370500
1372100
1373300
1273400
1371300
1386000
1372400
1370600
1370800
1373600
1371300
1370700
1336300
1385600
1371500
1374100
1373200
1371200
1373600
1327900
1372300
1385900
1375000
1371300
1370900
1373100
1370900
1369800
1339600
1387500
1372400
1370700
1281700
1370300
1370800
1373900
1250900
1399700
1379500
1370800
1370500
1370600
1372500
1370600
1392200
1385600
1370600
1372000
1900900
1370500
1370300
1372700
1386100
1375000
1370400
1372500
1405200
1370900
1374000
1370500
1375200
1380800
1370200
1370800
1374000
1372400
1371600
1370400
1373600
1397000
1372400
1372800
1371300
1370800
1372800
1370300
1370400
1388500
1378100
1370500
1370200
1373100
1371600
1370200
1338000
1385300
1342300
1374500
1369800
1371700
1373100
1372800
1370400
1395900
1373600
1377000
1370400
1375000
1371600
1371300
1373800
1367400
1370900
1378200
1370800
1370600
1372000
1372800
1370400
1384700
1373800
1370200
1281900
1384900
1341100
1378100
1384700
1378300
1371000
1371200
1388400
1372600
1334000
1373100
1370800
1371100
1373300
1370700
1374800
1372500
1373200
1369800
1370700
1372500
1370800
1372700
1377200
1371300
1369700
1373200
1370200
1370100
1372100
1372700
1371100
1370100
1374100
1371700
1388400
1373300
1372200
1363400
1373300
1507200
1432300
1371000
1403400
1371100
1370100
1378200
1372300
1370500
1373000
1370800
1290400
1373600
1369900
1370900
1372400
1376200
1370800
1371000
1391200
1371800
1370900
1373300
1372100
1372100
1372400
1370900
1388100
1278600
1372300
1371100
1372400
1375000
1370800
1372700
1295600
1371600
1370100
1370400
1372300
1370700
1371200
1375500
1388600
1370900
1373000
1371200
1371400
1361600
1371600
1372100
1385000
1275600
1371500
1371100
1337300
1336000
1372000
1923800
1371800
1334100
1274500
1373100
1375000
1370200
1375800
1372800
1339300
1374300
1370700
1372700
1373000
1373000
1371300
1372900
1371400
1521500
1481500
1525900
1481200
1480900
1487100
1504200
1484200
1486600
1484700
1483900
1486600
1482800
1504300
1524200
1525200
1482900
1482600
1520800
1484200
1486100
1494700
1517700
1486300
1486400
1482300
1520600
1482400
1502900
1522700
1482700
1483500
1517200
1518900
1372800
1370300
1371700
1373100
1334700
1372000
1373300
1373100
1371000
1370700
1375500
1370800
1377000
1412400
1403900
1536700
1388300
1383200
1372700
1372000
1340800
1371200
1371700
1376900
1372400
1395700
1374800
1372400
1371500
1371500
1370900
1370900
1370400
1379100
1370900
1372200
1334200
1295100
1371500
1373300
1371200
1374300
1371500
1338400
1373100
1371000
1378300
1371700
1370300
1397100
1370500
1338100
1373700
1371300
1371000
1370500
1374100
1376500
1383700
1374500
1372800
1370700
1373400
1372600
1371600
1344600
1370800
1371500
1372900
1275800
1370700
1372900
1374600
1375200
1372400
1373600
1370600
1372000
1372800
1388300
1370800
1392800
1374500
1371500
1372500
1373900
1371200
1370900
1373600
1371000
1372100
1372300
1373200
1370600
1371000
1372100
1369800
1371900
1374400
1372400
1372100
1373900
1370900
1370000
1371100
1376800
1376900
1370800
1374800
1372600
1371800
1923500
1374000
1369900
1277800
1371600
1372800
1373000
1374400
1374600
1375500
1375000
1370800
1371400
1374600
1335700
1371800
1373900
1375400
1408600
1371500
1374000
1371700
1370800
1373400
1371900
1375000
1379300
1372600
1372700
1378000
1371200
1371500
1370900
1375900
1372100
1370900
1373900
1371700
1372400
1374800
1372400
1397000
1374400
1396000
1288200
1371200
1385700
1381900
1370700
1374600
1371300
1372300
1375300
1335800
1371400
1372500
1371500
1370800
1372800
1372900
1385400
1369700
1372200
1371700
1317900
1373900
1371700
1373000
1375200
1378700
1370700
1370800
1374300
1277900
1371400
1374400
1371200
1370700
1339900
1370400
1370900
1387400
1376000
1372200
1386600
1372100
1370000
1372600
1373400
1370400
1278100
1373000
1376400
1334800
1497300
1465500
1551800
1616900
1620000
1765400
1742000
1701600
1621300
1512400
1618800
1642700
1711900
1668400
1441600
1470000
1372000
1374400
1370400
1362000
1377500
1370100
1371400
1378400
1382700
1372000
1371200
1371700
1354300
1371500
1374000
1372000
1371600
1373000
1371500
1370500
1373700
1333700
1371900
1366500
1372600
1372400
1372400
1373200
1372100
1319800
1372800
1377000
1371400
1373600
1370800
1371100
1370700
1386500
1377000
1370900
1375900
1370800
1371200
1372200
1372900
1399000
1335600
1373900
1374300
1374900
1373600
1371600
1370500
1879800
1371300
1380600
1374700
1370700
1372300
1370900
1373300
1388800
1370200
1375000
1370900
1372000
1373800
1372400
1370500
1390100
1370100
1371300
1376000
1373100
1371500
1371500
1373100
1385000
1371000
1372900
1336500
1381600
1373000
1371400
1370400
1385700
1373600
1369900
1371600
1377600
1372000
1371500
1373800
1368400
1372000
1368800
1372200
1371400
1378900
1374000
1371800
1287500
1376000
1371500
1371100
1372000
1371000
1376800
1371800
1372500
1370200
1371400
1372800
1367000
1371800
1373400
1371000
1370000
1372800
1371400
1371200
1374000
1371800
1372600
1371700
1372600
1374600
1372700
1373900
1370200
1350000
1370300
1392200
1371600
1396200
1374000
1371600
1336600
1277200
1371200
1372400
1375500
1371900
1371000
1370700
1336700
1372200
1370800
1271700
1375800
1383600
1366900
1372100
1371100
1373300
1337800
1362600
1371100
1303000
1378600
1373300
1381000
1341500
1374900
1283300
1370300
1373700
1374300
1371500
1369800
1333300
1373600
1370600
1273500
1276100
1372600
1369900
1373200
1372000
1371200
1371500
1338300
1370800
1363300
1336900
1371600
1361000
1343500
1371700
1370900
1372900
1405600
1407300
1378500
1370300
1371200
1370600
1372900
1335000
1385400
1392600
1371500
1346800
1377700
1370400
1371400
1370000
1395500
1281300
1370800
1345700
1370800
1371600
1373400
1373200
1387000
1371700
1837200
1370800
1371200
1374000
1372400
1372600
1399600
1370200
1380200
1373300
1370100
1374600
1371200
1373300
1363000
1371400
1372700
1231300
1368900
1373700
1371100
1371600
1387700
1371100
1371300
1363500
1374500
1369800
1372600
1376800
1382900
1372100
1363000
1339400
1380500
1378000
1371700
1370200
1378400
1378700
1372000
1371200
1374400
1377000
1335300
1372700
1370600
1373300
1370800
1372800
1371400
1370600
1381900
1369700
1372400
1374200
1371700
1371700
1374100
1334600
1372200
1371900
1358200
1370100
1370900
1378900
1370600
1370100
1377400
1370700
1369900
1377500
1372400
1370100
1370400
1373700
1370400
1372200
1374100
1390700
1372900
1372900
1371700
1370500
1371000
1376500
1370600
1367700
1372600
1370300
1372300
1374900
1369800
1335500
1373700
1351900
1366900
1372800
1375300
1367100
1370900
1371800
1373300
1373600
1373800
1379900
1371100
1376700
1371000
1370800
1336800
1374100
1371400
1371900
1376300
1372700
1371500
1373300
1371000
1374600
1275900
1397900
1371800
1371400
1373800
1376700
1377400
1373600
1373300
1371900
1362400
1370900
1372600
1370700
1373700
1372700
1397800
1383300
1371000
1371000
1375300
1271800
1370500
1373400
1395900
1378300
1375400
1376600
1372000
1371400
1374000
1371500
1387800
1374700
1372700
1370700
1274700
1372400
1371300
1369900
1391900
1372000
1370500
1919900
1373600
1372900
1373500
1374600
1375300
1371100
1371100
1397100
1371900
1372800
1371900
1370700
1380000
1372400
1394500
1374000
1369900
1371900
1370400
1372700
1363600
1326700
1368800
1336100
1326000
1377600
1360500
1368000
1373000
1371900
1371200
1372000
1343400
1372500
1333800
1375400
1371900
1371700
1380300
1371600
1372000
1373500
1371200
1373300
1367600
1392300
1345800
1357200
1372700
1371200
1371300
1372600
1372600
1376700
1355000
1353400
1372500
1374800
1378600
1371000
1371100
1377400
1371100
1353000
1375000
1371500
1370500
1434600
1350200
1375800
1371600
1371300
1373300
1371900
1375900
1371300
1371700
1395000
1372500
1372300
1357900
1345800
1336300
1370700
1383500
1407200
1373300
1375000
1371000
1371700
1373600
1370500
1371300
1395600
1370000
1384200
1370800
1376800
1368300
1371200
1375400
1376200
1371500
1373300
1371200
1374100
1370100
1376300
1372100
1389400
1376000
1371000
1371600
1376100
1366000
1371500
1374200
1369100
1373500
1370600
1373600
1372400
1378900
1374800
1334200
1371900
1373900
1339700
1372800
1373600
1369200
1368500
1371400
1373000
1392700
1374800
1374900
1372700
1329300
1368400
1450100
1487800
1469800
1609200
1595600
1576200
1594100
1609300
1610700
1460800
1613200
1624300
1659600
1629100
1402600
1378100
1376500
1377100
1379800
1380600
1375900
1371600
1857400
1375600
1371400
1373000
1373000
1371600
1370300
1372400
1372000
1370500
1372100
1373200
1370500
1374000
1375500
1370500
1372700
1371800
1370000
1371600
1378200
1372800
1370800
1325600
1371200
1371100
1401800
1371400
1370600
1373700
1371100
1370100
1273800
1376600
1389600
1371600
1375600
1334900
1370900
1373500
1370200
1371500
1389400
1370700
1371400
1367200
1374700
1370600
1371800
1377600
1361100
1371400
1373100
1370200
1371400
1372200
1370400
1369800
1388700
1335200
1337000
1370800
1371700
1372300
1371300
1372800
1370800
1377800
1372700
1369200
1376200
1370700
1372200
1371700
1371600
1396900
1370600
1371500
1372400
1372000
1372800
1372300
1370900
1374500
1371500
1276600
1362400
1370600
1373600
1371300
1370800
1376800
1375600
1372200
1324000
1344200
1357300
1369800
1374600
1374600
1371200
1384000
1371500
1370500
1373400
1371200
1370400
1334700
1373500
1370600
1247700
1376600
1369700
1371300
1373700
1371100
1339100
1365900
1372900
1371500
1371500
1371900
1370400
1362700
1350800
1356200
1371300
1385300
1370100
1373800
1373300
1370600
1369100
1371700
1373300
1335700
1378700
1372900
1372400
1370300
1387100
1372100
1364100
1375700
1371900
1370800
1370600
1373200
1384600
1372200
1373400
1372500
1371800
1382800
1371600
1371700
1352800
1371700
1371300
1372300
1339000
1372700
1305400
1885600
1394100
1358100
1376400
1380700
1372800
1371500
1392700
1372900
1374000
1372600
1372200
1371200
1377400
1370500
1370000
1235800
1399800
1370700
1370700
1372700
1335800
1364600
1369900
1336800
1444700
1374600
1317100
1330500
1352800
1266300
1370600
1370600
1378800
1391400
1340200
1373600
1371500
1371000
1372900
1370800
1372700
1387500
1372700
1370500
1266700
1336500
1371000
1372900
1372500
1385800
1323000
1372400
1379800
1386000
1378600
1370700
1360200
1321000
1371400
1371500
1372500
1389200
1371100
1372900
1374200
1371300
1373800
1374200
1373300
1385900
1372400
1351500
1370300
1372000
1372900
1371400
1370900
1353900
1373300
1371300
1379800
1371000
1371000
1370900
1373500
1369700
1372500
1374400
1371900
1375400
1337600
1371900
1371300
1360800
1384100
1371600
1370400
1370800
1372700
1372300
1361700
1364800
1370500
1376400
1371600
1378500
1370400
1372600
1371200
1371000
1390800
1364300
1371400
1378200
1357400
1371200
1372000
1356500
1338000
1370200
1373200
1370900
1294200
1373900
1371800
1372300
1378000
1334800
1370800
1373200
1372100
1369000
1371000
1366300
1377600
1371400
1373600
1371700
1370900
1374600
1370300
1371500
1382200
1371400
1370700
1373300
1373200
1371500
1374100
1374900
1372700
1372300
1374300
1364800
1356900
1373900
1371900
1384200
1371300
1372900
1371400
1276600
1910000
1370400
1371500
1381700
1391700
1363700
1373600
1272300
1371500
1372800
1336900
1359100
1371200
1373200
1370400
1371600
1373600
1370700
1371600
1370500
1373900
1381900
1370900
1372200
1370500
1370900
1377500
1370200
1363100
1390600
1370600
1371600
1369600
1373000
1371100
1373100
1370200
1374600
1375700
1373000
1376500
1330900
1368000
1371000
1370900
1373200
1374400
1363400
1274200
1407300
1370800
1371900
1375700
1374600
1370000
1378500
1371900
1370300
1369300
1372600
1370900
1373400
1372800
1371700
1380200
1373500
1371900
1335400
1459100
1401000
1370500
1362500
1379100
1371700
1371600
1374500
1371000
1459400
1372100
1371900
1378600
1378800
1372400
1372000
1367300
1384300
1454200
1370400
1372600
1372700
1370200
1376200
1370000
1348700
1371000
1453400
1371100
1371300
1373300
1373000
1376400
1331000
1372900
1371000
1449300
1360300
1372400
1389000
1372800
1359700
1371600
1371900
1370600
1434600
1372500
1371800
1401600
1375900
1370400
1371600
1372900
1364400
1453000
1372100
1422900
1373800
1374400
1465400
1372200
1367100
1373800
1455400
1371300
1390900
1373100
1372900
1370700
1363400
1371800
1336000
1453800
1380300
1379400
1377800
1370400
1381200
1374900
1372100
1372800
1506800
1385900
1371100
1377700
1379800
1375000
1320800
1382500
1390900
1324200
1376900
1369800
1377900
1376700
1853800
1376000
1392600
1388100
1372100
1371200
1374900
1371300
1372700
1321500
1385100
1398300
1372600
1368200
1357200
1335500
1382000
1355600
1372100
1370700
1343800
1370800
1351800
1414700
1439600
1530900
1610200
1610700
1710400
1782900
1592900
1569700
1712400
1734300
1751100
1575100
1382800
1375900
1375900
1377700
1398500
1378100
1372700
1378600
1371400
1371700
1373900
1371800
1370300
1379200
1371600
1375500
1391400
1373400
1370900
1370300
1372800
1369600
1364800
1372700
1379600
1371000
1376300
1371100
1371800
1373000
1370100
1371000
1372100
1377700
1386200
1371500
1374000
1339700
1370700
1369700
1334600
1370500
1379900
1370500
1369900
1386500
1370700
1371300
1369700
1374500
1373700
1276100
1373100
1384800
1371100
1371000
1371400
1371700
1373000
1372600
1370900
1400100
1373900
1371500
1371700
1373700
1370300
1372500
1375700
1386600
1371900
1373000
1369200
1370000
1371300
1378900
1370400
1370500
1372800
1370400
1369600
1371600
1373000
1371800
1370900
1397300
1371400
1370800
1376500
1371100
1369900
1374900
1371100
1370800
1372400
1377200
1350800
1370600
1374000
1371100
1371300
1377200
1375600
1371700
1361400
1368400
1370300
1371700
1376100
1374100
1373000
1378800
1370800
1324300
1374800
1370200
1334600
1371000
1375000
1372100
1371000
1372100
1335700
1370600
1373500
1371000
1356100
1962600
1374600
1368100
1354900
1372600
1372900
1348600
1381600
1370200
1373000
1375900
1336400
1371600
1370900
1363800
1359800
1371000
1372800
1389800
1371300
1373500
1370300
1373500
1394300
1371200
1370000
1371600
1367200
1372100
1371300
1373000
1384400
1371900
1365400
1374700
1369700
1373000
1371600
1328000
1388200
1372100
1370900
1366000
1345200
1380400
1371200
1347900
1356000
1370700
1373100
1371300
1374300
1423900
1380000
1440900
1374600
1378100
1377400
1368200
1353500
1372000
1335000
1354500
1430000
1371100
1370700
1373800
1362300
1285300
1378000
1377900
1371300
1388900
1371500
1372500
1358700
1366300
1370900
1371600
1378900
1377200
1372000
1362600
1363000
1370800
1374900
1381500
1374900
1373100
1375900
1368300
1366800
1373500
1372700
1349300
1313200
1374000
1363200
1355900
1373700
1370900
1370900
1370700
1371500
1400600
1373500
1345500
1369700
1373200
1373200
1364900
1357400
1386000
1371300
1341300
1367900
1335700
1370700
1375900
1372900
1378100
1372200
1318000
1357100
1372200
1373800
1371700
1371300
1373500
1370800
1337200
1376000
1371300
1371000
1376700
1368500
1364700
1365100
1377700
1371500
1370700
1375000
1372700
1365200
1373500
1374700
1317600
1376400
1376000
1337800
1272300
1357700
1371600
1339600
1360800
1362600
1370800
1376200
1370200
1368500
1371500
1372700
1367700
1337900
1847500
1374500
1373100
1374600
1397900
1375400
1343500
1373000
1363000
1363200
1377600
1347500
1368700
1375700
1374600
1274100
1344400
1344100
1376000
1350000
1372200
1338200
1374200
1379800
1365200
1290100
1379200
1352700
1365100
1406300
1372200
1375000
1375400
1373900
1274400
1376200
1376700
1358500
1377500
1326900
1373800
1372500
1394200
1377400
1374400
1391100
1376400
1359500
1372700
1377000
1374800
1326100
1376600
1390100
1373200
1360100
1355200
1377100
1373300
1374100
1379500
1390400
1375900
1368500
1349100
1376300
1376900
1359700
1377400
1354700
1373000
1373600
1350700
1374200
1377200
1376200
1340200
1374300
1375200
1376800
1350100
1377900
1372800
1373300
1371800
1371800
1389800
1377200
1362600
1355500
1375700
1376200
1263900
1373500
1406500
1375400
1364600
1352600
1374900
1375200
1354100
1366100
1378700
1374300
1373500
1349200
1343000
1377600
1374000
1336900
1378300
1351400
1354100
1361500
1358000
1390700
1383900
1391900
1372800
1387100
1372700
1358100
1364400
1394300
1392900
1354300
1404200
1388700
1309900
1275500
1371400
1320300
1276800
1330600
1357200
1370500
1335100
1391000
1364500
1384500
1373800
1371100
1334700
1377400
1371100
1339600
1372100
1378100
1371100
1370900
1310600
1369700
1372300
1387800
1360900
1351000
1317500
1371500
1213900
1361800
1378100
1371000
1369500
2031300
1371800
1371500
1377900
1373700
1371400
1351100
1371500
1373500
1458100
1363500
1370800
1371400
1375600
1378600
1373300
1373800
1373300
1453700
1373100
1370300
1372200
1344800
1361700
1370600
1370900
1373700
1441100
1357100
1374500
1404800
1364100
1356100
1371400
1371200
1352800
1452500
1372500
1370800
1284000
1363000
1373500
1373900
1357900
1357900
1475700
1377300
1400200
1380600
1374600
1375200
1340000
1279000
1377500
1392100
1377900
1367800
1366800
1374100
1376300
1361600
1342700
1387500
1370300
1346900
1406000
1448000
1599600
1571300
1637500
1660000
1659600
1622600
1517700
1667400
1570600
1690200
1705200
1379500
1375100
1379400
1377900
1375000
1377300
1379300
1372600
1371800
1373100
1373600
1370300
1370400
1381900
1377600
1396100
1373300
1371700
1372900
1378300
1373600
1370800
1374200
1382400
1372500
1372700
1374200
1370600
1371600
1373400
1371300
1289200
1335900
1373400
1371000
1370900
1373200
1367300
1371500
1394900
1376100
1371600
1371700
1370800
1371300
1370500
1373200
1370100
1370100
1374600
1340300
1274100
1423800
1370800
1371900
1375100
1372400
1376600
1370300
1376800
1371500
1370600
1371100
1375500
1371700
1373600
1370900
1371700
1371500
1372000
1340100
1370700
1341600
1371500
1370800
1342500
1372600
1373200
1373900
1370700
1370200
1373100
1374500
1393000
1370800
1832900
1371900
1372000
1397900
1375700
1372600
1381000
1373100
1373900
1370700
1374800
1388100
1371700
1374200
1369900
1374500
1374000
1373000
1371800
1390100
1371000
1374200
1375400
1366800
1337200
1371300
1374300
1388500
1371800
1373100
1372500
1372200
1373100
1371600
1372100
1401800
1375100
1372500
1371600
1270500
1369100
1371000
1373400
1369300
1376000
1370800
1372100
1366800
1376200
1412300
1533400
1399100
1377500
1371500
1371500
1376100
1361900
1379900
1379600
1372500
1371200
1370500
1374400
1371900
1377900
1376000
1370900
1383400
1373300
1336200
1372000
1371000
1368200
1374600
1371500
1274700
1374700
1372200
1373100
1371000
1370100
1371800
1371600
1264400
1391800
1372600
1372200
1370600
1373100
1369400
1371100
1375800
1373600
1370700
1339200
1370200
1335600
1370900
1374700
1370700
1359300
1377400
1371500
1370700
1373700
1365800
1368000
1375100
1374800
1432300
1417200
1375800
1366800
1350700
1374500
1400300
1338500
1373800
1373900
1372300
1372600
1373700
1372700
1370900
1337800
1371000
1396000
1374600
1371900
1373500
1373600
1372000
1371700
1371700
1373700
1375400
1372400
1380700
1370700
1371500
1371200
1375400
1377000
1374000
1370700
1370200
1371700
1373300
1371700
1389100
1374600
1370800
1371700
1378000
1370700
1373200
1380100
1374600
1371200
1372300
1373500
1370400
1370700
1930100
1371300
1388200
1376300
1375400
1377600
1373700
1371700
1373300
1374800
1387900
1372300
1370900
1373700
1371700
1376500
1375300
1372400
1375600
1339600
1371800
1370300
1371100
1384700
1371700
1379900
1377400
1372100
1370800
1374500
1336100
1371900
1334200
1375600
1372900
1371000
1372500
1371100
1371500
1378900
1371800
1370600
1380900
1366400
1371700
1370400
1370500
1368300
1369400
1395700
1399200
1371500
1329800
1370800
1370500
1372300
1372600
1370800
1373900
1372400
1336100
1372200
1275900
1374200
1372700
1337800
1375900
1275000
1376400
1372100
1372200
1371400
1376000
1371900
1343800
1373400
1370500
1371200
1373500
1371800
1365500
1381300
1371600
1380700
1370600
1374400
1371600
1373400
1380400
1371300
1371400
1338600
1371300
1374900
1377400
1371000
1371500
1370900
1373200
1394900
1376300
1375000
1370900
1370800
1338400
1371500
1341400
1375500
1382500
1387700
1372200
1372600
