3421000
3340400
3370800
3420500
3404400
3457300
3402500
3431500
3439000
3431300
3423300
3418500
3420300
3422100
3420000
3180500
3421100
3436100
3411600
3417200
3963900
3385800
3401300
3430200
3419100
3401900
3402100
3413200
3433100
3362700
3411300
3242900
3417900
3402400
3367400
3290700
3435800
3416200
3402000
3418400
3419500
3411700
3400600
3412700
3414300
3380000
3401900
3418500
3426900
3411600
3412500
3411400
3415800
3408800
3399600
3380400
3406800
3381100
3401900
3415700
3418100
3417100
3423800
3417400
3395300
3409600
3405300
3413300
3321200
3397400
3416600
3399400
3423300
3420900
3431600
3407800
3419900
3426000
3669600
3898000
4238100
3760800
3864300
3548100
3435800
3451100
3849800
3456200
3485600
3461900
3638300
3667100
3682500
3854900
3651700
3441900
3422800
3412800
3479800
3432500
3442500
3431100
3447100
3433000
3444100
3175000
3432100
3429700
3356100
3437400
3390100
3429300
3433000
3837400
3615000
3384300
3653200
3347400
3421200
3419700
3438400
3420900
3422000
3418300
3384500
3419900
3416200
3419100
3412600
3418800
3416000
3417100
3437100
3421600
3418300
3424200
3431500
3427800
3414700
3417100
3429600
3333800
3411800
3419200
3418600
3432300
3418000
3446200
3412400
3428400
3407100
3420200
3733500
3423500
3412800
3435600
3426500
3421700
3403800
3410600
3393800
3418400
3390900
3388000
3392100
3399400
3383200
3420800
3410600
3131300
3407000
3401400
3398900
3160600
3402300
3443100
3419400
3335400
3414000
3403300
3400800
3446700
3425500
3414600
3404800
3414100
3403200
3407400
3411000
3873200
3568700
3405800
3400700
3100600
3421800
3310500
3391400
3425900
3403500
3397300
3404500
3415500
3081700
3403000
3407500
3384400
3414900
3392100
3159300
3416200
3400700
3296500
3396500
3414900
3415900
3396400
3394900
3235400
3585200
3396100
3408000
3410900
3419200
3336600
3407600
3276200
3409800
3393100
3393200
3465600
3431500
3429200
3391800
3329300
3391600
3414800
3394500
3364800
3402800
3429500
3416800
3397900
3397900
3404100
3403800
3387900
3424500
3439100
3411200
3389800
3395000
3390000
3396800
3413900
3404500
3401000
3403100
3413400
3334800
3388100
3387600
3400400
3276700
3359500
3300700
3393300
3452200
3418100
3389800
3402800
3429800
3388200
3387900
3300100
3429100
3406400
3352900
3387800
3398000
3387500
3388300
3423600
3409000
3957300
3412300
3427900
3432700
3418900
3407300
3401000
3340400
3397500
3381600
3415800
3415500
3411000
3380200
3393900
3326600
3404100
3381600
3395400
3398500
3393200
3397700
3343200
3295200
3422500
3396000
3400200
3397200
3584300
3655300
3594700
3636800
3715100
3654800
3613800
3603000
3650700
3419300
3686900
3547500
3375800
3419900
3417300
3379600
3428200
3329300
3423300
3749900
3886500
4048400
3917400
4096200
4157800
3457800
3436300
3435600
3423400
3420200
3429500
3414400
3174000
3497800
3446100
3416300
3425000
3418800
4100600
3449500
3445500
3416900
3444700
3416700
3421700
3441400
3423800
3424100
3418600
3439100
3469900
3420100
3419200
3420300
3418200
3343900
3420100
3419400
3423000
3438700
3417800
3414000
3418000
3439900
3413300
3420300
3422200
3340300
3424600
3424900
3422100
3430300
3439200
3417400
3337200
3427900
3427000
3410800
3415200
3427500
3367100
3395900
3408200
3417000
3411000
3407800
3399700
3406400
3399700
3325100
3348000
3411900
3419800
3418900
3403000
3457800
3410600
3317200
3399500
3442300
3403300
3401500
3397700
3410600
3756200
3408300
3404900
3406600
3401400
3405800
3376800
3357100
3413100
3400600
3419300
3406500
3425900
3482900
3339300
3321200
3393600
3401900
3411700
3318400
3393800
3364500
3336100
3389200
3352400
3394800
3337000
3390600
3396300
3414400
3322800
3389700
3413000
3394400
3406500
3393600
3423500
3429200
3368100
3395300
3435800
3448000
3392800
3322600
3420200
3421900
3390400
3395900
3403100
3346800
3393800
3392600
3412200
3420900
3360500
3320900
3390400
3414600
3401300
3407000
3413400
3419300
3324500
3332600
3373000
3437300
4177400
3757900
3688000
3700100
3399900
3366200
3430100
3390400
3390600
3391500
3373800
3412400
3391300
3377900
3252600
3396400
3409600
3397800
3311700
3418800
3390200
3412000
3319600
3400200
3389300
3396100
3312200
3332800
3390300
3414700
3315100
3533500
3572400
3544400
3569700
3393900
3588400
3603400
3477000
3603900
3227700
3419100
3251700
3426700
3452300
3415700
3418200
3425000
3438000
3424400
3421100
3401500
3432900
3424200
3416800
3422600
3417600
3378700
3337900
3390200
3691100
3563100
3609500
3469400
3425800
3416200
3536600
3409600
3420200
3426700
3418300
3439000
3410000
3403100
3399400
3376600
3425100
3421700
3398600
3288500
3402800
3407400
3411700
3375700
3318300
3401200
3415300
3420000
3430700
3321000
3437800
3374300
3135400
3404000
3414300
3391100
3112400
3356700
3410100
3271900
3354500
3417500
3435000
3750500
4058200
4141300
3864800
4204300
4212000
3318300
3431700
3438900
3433600
3422300
3421700
3421900
3343800
3424200
3418600
3277100
3432600
3454700
3422300
3228400
3421200
3422000
3419800
3441000
3421600
3421200
3423300
3952900
3412500
3422700
3284700
3446800
3417100
3417400
3420600
3302000
3437600
3340700
3423100
3444800
3425000
3395200
3417200
3444900
3421800
3412800
3325900
3341900
3428400
3395000
3410200
3441000
3417800
3411700
3413400
3419900
3189700
3414500
3427300
3438900
3402300
3403000
3409800
3402200
3390900
3307700
3398300
3394500
3286400
3396200
3386000
3393700
3403700
3405800
3404400
3391500
3422400
3393600
3408800
3392900
3263900
3351400
3320500
3396000
3415600
3415100
3384400
3400400
3434600
3395400
3401000
3395600
3399800
3998100
3405900
3165300
3415300
3431900
3405400
3404600
3409700
3381500
3405400
3397800
3413000
3332600
3403300
3374800
3330300
3420700
3405200
3311900
3404500
3400500
3413200
3404900
3405600
3414800
3400000
3402700
3400900
3405400
3410700
3389600
3381300
3428800
3408200
3398000
3416000
3415400
3408300
3409100
3381900
3427400
3363500
3394300
3310700
3417800
3398500
3423300
3430700
3415800
3396600
3395000
3418600
3373200
3395200
3400600
3405300
3320400
3404100
3401100
3402000
3385200
3563800
3576900
3570800
3634700
3557500
3887200
3606600
3350800
3684200
3467900
3423800
3435600
3391900
3419700
3400200
3428700
3433000
3424600
3425000
3421700
3414800
3411200
3349300
3528800
3603600
3360400
3529800
3455100
3391800
3376300
3410800
3430700
3410100
3371800
3371300
3409900
3397500
3412100
3322000
3388400
3413700
3413800
3414400
3451300
3417900
3359900
3418500
3464800
3428800
3420400
3324500
3443000
3398200
3409900
3295600
3230700
3405300
3387600
3360000
3428100
3395800
3388700
3391500
3393700
3418100
3394800
3377100
3392400
3382800
3389200
3419900
3664900
3385700
3429200
3325200
3400900
3448700
3398500
3314900
3399900
3412300
3392900
3415400
3385400
3427200
3371700
3352000
3356200
3419100
3427700
3391000
3394800
3393800
3375200
3390100
3161000
3404600
3359400
3394800
3387500
3327600
3445700
3969300
4357300
4050200
4306000
4319900
3485100
3455800
3437400
3421300
3342700
3415500
3419000
3423400
3435400
3423100
3418000
3418000
3344200
3429400
3328100
3420200
3420900
3338200
3422400
3421600
3195000
3440000
3423800
3419800
3440900
3423700
3420300
3421300
3424100
4134500
3418900
3458900
3369300
3418700
3413700
3427400
3380300
3430200
3426200
3457400
3370200
3400200
3402200
3419100
3403600
3395000
3423600
3436600
3403800
3401600
3401100
3412600
3412900
3347300
3416500
3385300
3384200
3319100
3429600
3390900
3398000
3333800
3402100
3417100
3395300
3345400
3422500
3405300
3398200
3337600
3427800
3388600
3398800
3313600
3410800
3406800
3392400
3376500
3371000
3415900
3390500
3408100
3403700
3394500
3294700
3330900
3405600
3434100
3390600
3407200
3395100
3217500
3395600
3553600
3363700
3833900
3537800
3573500
3429000
3602600
3573400
3572400
3332000
3575900
3594500
3431200
3447300
3422400
3445500
3417600
3335100
3420700
3381700
3416200
3418500
3420800
3351200
3421500
3412100
3331300
3439100
3406700
3402600
3551300
3579100
3676600
3458900
3443800
3422100
3419100
3417800
3430100
3424200
3432200
3415700
3191800
3410100
3400800
3320600
3291400
3408100
3419600
3403400
3420500
3414400
3407100
3396000
3399200
3419300
3407700
3414600
3401200
3420500
3416500
3428600
3349700
3181900
3401900
3414800
3323800
3131700
3812400
3429100
3395900
3431400
3412700
3441400
3412700
3216400
3393800
3404300
3387500
3437100
3399000
3404900
3388100
3416500
3392300
3392800
3366200
3394400
3417600
3397600
3397000
3324100
3416900
3392200
3404600
3344600
3414300
3393200
3308300
3368400
3350700
3393400
3392500
3390800
3421400
3365500
3394200
3363300
3451700
3392700
3392200
3391900
3417700
3393300
3390900
3362200
3070600
3400300
3387200
3375500
3404800
3392500
3365300
3391900
3408600
3304200
3387200
3405400
3366100
3402400
3399300
3404300
3364400
3428400
3691700
3381300
3147300
3392500
3391000
3409800
3392500
3410400
3131400
3413000
3392300
3392500
3392200
3415700
3362300
3392100
3392400
3406300
3384100
3396200
3392200
3396600
3369600
3647800
3695400
4078300
4007900
3639000
4101400
4084300
3491700
3455600
3433800
3418800
3427600
3421600
3416800
3413700
3433400
3434700
3424600
3421700
3426600
3423200
3416900
3462200
3430000
3421900
3419600
3419700
3423900
3422900
3420900
3415600
3431800
3421700
3279400
3410200
3414300
3339500
3415100
3366000
3426900
3145100
3411900
3369500
3648000
3440300
3334400
3219100
3400400
3390000
3420300
3346900
3395900
3372200
3392000
3413200
3390000
3393100
3421300
3390500
3312100
3379200
3394700
3401800
3326800
3405700
3176600
3341000
3668900
3560400
3299000
3665300
3577300
3605200
3578000
3359300
3655700
3421600
3423700
3446800
3436000
3421900
3423200
3425300
3420000
3416400
3415800
3263100
3420800
3425700
3411200
3463900
3410700
3355200
3414600
3410500
3642100
3594400
3670200
3394500
3435000
3423100
3425100
3478200
3419700
3324800
3409700
3420300
3424100
4019400
3442700
3420900
3425600
3415600
3368700
3440300
3419000
3411900
3039200
3409600
3412000
3414100
3365100
3401700
3416000
3405900
3379500
3394300
3458000
3418400
3408500
3402400
3207800
3428000
3408000
3410500
3342000
3315100
3417200
3315800
3419200
3429700
3413300
3366800
3403600
3431600
3414200
3362600
3401200
3429800
3390400
3356900
3405700
3423500
3403300
3284800
3360800
3406100
3400900
3309700
3408100
3429000
3418700
3409600
3392400
3308600
3386800
3392600
3392200
3375400
3394200
3399400
3349800
3168000
3398600
3877100
3422900
3397100
3400700
3294600
3389300
3407400
3397200
3304900
3397500
3410500
3395400
3385100
3414400
3405600
3423300
3393800
3383900
3402300
3404100
3393800
3393500
3395700
3417800
3380700
3319700
3397000
3406700
3400500
3318700
3410900
3419200
3407600
3318500
3398600
3404500
3413600
3285300
3417200
3420000
3397500
3319600
3398800
3386900
3399400
3359300
3367200
3322500
3410500
3396700
3392700
3406600
3424400
3290900
3318900
3255900
3408000
3368300
3318600
3312200
3399800
3394000
3317100
3400800
3422700
3391500
3746400
3435700
3423900
3395400
3319500
3405200
3396200
3394700
3319200
3375600
3421400
3392200
3398300
3631900
3803900
3884100
4566000
4077200
4352700
4416000
3496800
3438100
3433800
3435300
3342000
3419800
3418300
3415500
3417600
3186100
3417300
3414800
3422100
3454600
3435200
3418400
3441500
3367300
3391500
3607600
3607600
3572300
3788800
3696900
3690700
3647700
3483300
3419100
3439100
3430100
3418100
3420100
3417900
3436100
3420900
3321800
3424800
3426700
3425500
3417100
3104400
3416700
3421300
3424600
3585200
3574300
4061800
3547400
3455300
3417500
3426700
3428300
3422400
3420900
3417600
3434800
3434100
3418900
3419800
3447300
3419200
3412000
3419200
3291100
3342500
3424200
3411400
3435600
3411200
3420500
3322300
3422900
3416600
3412500
3411300
3422100
3421300
3414900
3428700
3437200
3400800
3402800
3387200
3405900
3407500
3384300
3384700
3302300
3337100
3386400
3397800
3513400
3460300
3381800
3235100
3407200
3281100
3434100
3430100
3318700
3339800
3440500
3396400
3400300
3404700
3405400
3398200
3402700
3397700
3391900
3412400
3422600
3676900
3408300
3303700
3413100
3412500
3413300
3401300
3376900
3412300
3314600
3370500
3411200
3333900
3390100
3388400
3389600
3382500
3413900
3411900
3326200
3439300
3407500
3408400
3420700
3182300
3421500
3402400
3410800
3438500
3404200
3402900
3411300
3333900
3407800
3393400
3406300
3429300
3418500
3396600
3415200
3300600
3376900
3403400
3439300
3285900
3423700
3231800
3184900
3400400
3391700
3422300
3410100
3394800
3421200
3393900
3317300
3393300
3406600
3395500
3397200
3408500
3434400
3394400
3394600
3395400
3701200
3410500
3418000
3399100
3327000
3399100
3413500
3383600
3387800
3405300
3408800
3354800
3303400
3397500
3301400
3383800
3302000
3395200
3415500
3382800
3416600
3383100
3392100
3402100
3397400
3385100
3381000
3403000
3396800
3394800
3388600
3390900
3144500
3367700
3401200
3387700
3422300
3383100
3392900
3404600
3397400
3384000
3382200
3381800
3350100
3386900
3326300
3391400
3487800
3404900
3404700
3415200
3113600
3411500
3394800
3451300
3445600
3413500
3420000
3417000
3115600
3394000
3405100
3425100
3390600
3415100
3867200
3415700
3711200
3556700
3894400
3795800
4270300
4134700
4039700
4060900
3791000
3428600
3437600
3422500
3417900
3418500
3263600
3418300
3415400
3418800
3425900
3422100
3441500
3421300
3427500
3422800
3453600
3412800
3488400
3653900
3546100
3210900
3657300
3423800
3419100
3409500
3261900
3435500
3412600
3329400
3435800
3424400
3418200
3423200
3416000
3360300
3419900
3421300
3433100
3423400
3414800
3415700
3418700
3421500
3304100
3329200
3426600
3420700
3420300
3421400
3438500
3331700
3423300
3418100
3432700
3421400
3761400
3174200
3429800
3423200
3327900
3424800
3431500
3412400
3419600
3411500
3412800
3413000
3416500
3419100
3427400
3422900
3409500
3450900
3403600
3400200
3416500
3411200
3408200
3389400
3356900
3406200
3393300
3148100
3394500
3400400
3390300
3414300
3392200
3358700
3392300
3132000
3436000
3394100
3392200
3428400
3419100
3401700
3399500
3276400
3431100
3398300
3404000
3426500
3419800
3392500
3393300
3314500
3422700
3398700
3339900
3399800
3447500
3363500
3395500
3302400
3390100
3392800
3387400
3391500
3388200
3409200
3948000
3406400
3388200
3392900
3400100
3424100
3445200
3891900
3959700
4094900
3989100
3514200
3453000
3446600
3417700
3435500
3419300
3135900
3330400
3432700
3419200
3429300
3415700
3434600
3417900
3444200
3431600
3406400
3416300
3394200
3407600
3425000
3392200
3373600
3406500
3399900
3356600
3342900
3424900
3440800
3410300
3370100
3422200
3426400
3402700
3424100
3415400
3354200
3391000
3408500
3385800
3267900
3400600
3383500
3424700
3298400
3393300
3410700
3408700
3418400
3393800
3318300
3702000
3624500
3349600
4476700
3495400
3580500
3607900
3221900
3479000
3653600
3733200
3483400
3424900
3432400
3453600
3430700
3416700
3415700
3441900
3427800
3422000
3412800
3232400
3420500
3416600
3419100
3461200
3441700
3439300
3417500
3524300
3358600
3730200
3435700
3420700
3419600
3423200
3375500
3423100
3419900
3420300
3436000
3419500
3343300
3435200
3451800
3420100
3422200
3418900
3442800
3421500
4073900
3453000
3391400
3428600
3429200
3435300
3473400
3324400
3418600
3439900
3424400
3716000
3875400
3970600
4316700
3931700
4232300
4094700
4338800
3440500
3446500
3435500
3430900
3447100
3413900
3439300
3452400
3424600
3443900
3419700
3431700
3419400
3443100
3445300
3419800
3423000
3436200
3425200
3438700
3427200
3426400
3422400
3432500
3419300
3360400
3398500
3419700
3449400
3419900
3420400
3419700
3452400
3461800
3425900
3379400
3452300
3382700
3444600
3422800
3453400
3431100
3421500
3420000
3420600
3341400
3417000
3419100
3419600
3411400
3416400
3419400
3427700
3403000
3422000
3327300
3416700
3364000
3415500
3415100
3418300
3377800
3419700
3416300
3419500
3994000
3175600
3455800
3437500
3445800
3430500
3406100
3341400
3446700
3432300
3395500
3419700
3405000
3398300
3774200
4061300
4172700
4654000
4331400
3333200
3417600
3450900
3418100
3416700
3472500
3437300
3418400
3654500
3769700
3541200
3422000
3259600
3486300
3210100
3354700
3445400
3445400
3423400
3337600
3441700
3442600
3428200
3427200
3440600
3442300
3435600
3431700
3447200
3441400
3428000
3436200
3448100
3423200
3422600
3425100
3455100
3421900
3411500
3411400
3395800
3430900
3389100
3409400
3467200
3183900
3407900
3713100
3389400
3405900
3401100
3407600
3279400
3404400
3388800
3415000
3402900
3429700
4119400
4234700
4425300
4502000
3719900
3474700
3459600
3442500
3431900
3448700
3337400
3452300
3433900
3234400
3431600
3427600
3429500
3468100
3456900
3461300
3436700
3388600
3131500
3447800
3433100
3221000
3466000
3670300
3688200
3413100
3468000
3508000
3469800
3759200
3826600
3441600
3444400
3427800
3426000
3426600
3286500
3450200
3426100
3426500
3464000
3445400
3424600
3359500
3446500
3441800
3425800
3429800
3483100
3679000
3747700
3923800
3657100
3435400
3417600
3420300
3436200
3434900
3427200
3430800
3436100
3418800
3409500
3411900
3414800
3426200
3415000
3431100
3417100
3419500
3420400
3343800
3426700
3418500
3421300
3450200
3163600
3413200
3416100
3429100
3204600
3417000
3420900
3418800
3428200
3414200
3425500
3406300
3415100
3413300
3418000
3406800
3418500
3158600
3423000
3407300
3823800
3872700
4211400
4406900
3646700
4305400
4058800
3803700
3384400
3434200
3435600
3433800
3442500
3421100
3420800
3421100
3427800
3413000
3429400
3419400
4010400
3402100
3432700
3437300
3334500
3416000
3426300
3435700
3420900
3421400
3328400
3433300
3416800
3419600
3418500
3191400
3418900
3425900
3428300
3434600
3438500
3437800
3583200
3491200
3888000
4356900
3996900
3934800
3436600
3366600
3426700
3425000
3421400
3449100
3416400
3420100
3421700
3385000
3417500
3423000
3418700
3460300
3422900
3433300
3366000
3446600
3430800
3433100
3444800
3438600
3420500
3419900
3424700
3312800
3419500
3416000
3434700
3437800
3420300
3415600
3438000
3440200
3422100
3424200
3444300
3425200
3914800
3453500
3333800
3956500
3440400
3458300
3365900
3439900
3419000
3423100
3418000
3427800
3420100
3434500
3413100
3384900
3422000
3401400
3308900
3414800
3501800
3606100
3588500
3692200
3639600
3324100
3578900
3615900
3437200
3430100
3427200
3459000
3366900
3418900
3423300
3429000
3443900
3422700
3418900
3419600
3417700
3418800
3419400
3350200
3418700
3421500
3428800
3437700
3600600
3607500
3465300
3390200
3394600
3423600
3424300
3455300
3416800
3422500
3419800
3315000
3425900
3432000
3454200
3419700
3437900
3432900
3801000
3426900
3413100
3416700
3382500
3347500
3400200
3402500
3391300
3428600
3429800
3312400
3405900
3314800
3409100
3410600
3403000
3402400
3457200
3169200
3416400
3417800
3225000
3434300
3426200
3388100
3392300
3405600
3391700
3382900
3390400
3394100
3389500
3346100
3396100
3402400
3381400
3295100
3314700
3130900
3392000
3363700
3394100
3422800
3384100
3390800
3290000
3404200
3401400
3397100
3382500
3302400
3401600
3352500
3400400
3384000
3386500
3390100
3204800
3374300
3180500
3397600
3411900
3402600
3333100
3392700
3893600
3321600
3410500
3401000
3307800
3360700
3396300
3382700
3354700
3401600
3392400
3401100
3400200
3391700
3413000
3389300
3372200
3406400
3470500
3417300
3417300
3395700
3096100
3377400
3287400
3377100
3431800
3407200
3387800
3307300
3289700
3400000
3392500
3393700
3443400
3619600
3782900
4058000
4103100
3751000
3849600
3972100
3447100
3431000
3428100
3975400
5055400
3187200
3413800
3447400
3420900
3190500
3421300
3439300
3419100
3421400
3328700
3466200
3422000
3418600
3420600
3438300
3418900
3419600
3433000
3414900
3632000
3414600
3411700
3416500
3407100
3415800
3416500
3245900
3398800
3389400
3423900
3428400
3378200
3383000
3398900
3407400
3414500
3344200
3435500
3408300
3403400
3402100
3427400
3404100
3410700
3400200
3381200
3423000
3423000
3405000
3414500
3403800
3123700
3423700
3403700
3413500
3425200
3421600
3395700
3383100
3400600
3434500
3389200
3364200
3472900
3365600
3846900
3407900
3441400
3341300
3405100
3342800
3562700
3613200
3402600
3381400
3528300
3782300
3866800
4050900
3412700
3953400
4147700
3581100
3427600
4124700
3875000
3637100
3947700
3705100
4051900
4009300
3712500
3684400
3447500
3725200
3819300
3741800
3737400
4032400
4186800
3813400
3711300
3962300
3608600
3868000
3734900
4117200
4125200
4174800
4121900
3803000
3863700
3919800
3935200
3811000
4246100
4092600
4138600
3952100
4034200
4079100
3889500
3868900
4018600
4384900
4282500
4133400
4073800
3752300
3681600
3714300
4115500
4057000
4080400
3871900
3789300
3899200
3524300
3646300
3890200
4292100
3789600
3567000
3609100
3726600
3772100
3943200
4271800
4263200
3983800
4217500
3475000
3431600
3419000
3417700
3403100
3417700
3476400
3341600
3443000
3434400
3434400
3426600
3453700
3417700
3420800
3419000
3424000
3419900
3417600
3421200
3447400
3422100
3434900
3428000
3455200
3429600
3430700
3427300
3431400
3419200
3420300
3440900
3388000
3420200
3414800
3438000
3333000
3420500
3418000
3443700
3423700
3419500
3331800
3435700
3424600
3419000
3416000
3351500
3426600
3432800
3434900
3430500
3423600
3419400
3428500
3327200
3420000
3423000
3423700
3425400
3423900
3419900
3423000
3510400
3442500
3813000
3442300
3436700
3462600
3422000
3428100
3413800
3437800
3433900
3420700
3418700
3331000
3441300
3418700
3525400
3732200
4108900
4131200
3944000
4163100
4203400
3796100
3446700
3329100
3419200
3419000
3426200
3697100
3327400
3625000
3510500
3293100
3621800
3599300
3691800
3421900
3377300
3423100
3419700
3422600
3420300
3329400
3332200
3422900
3418600
3443100
3331800
3340500
3421900
3178600
3420900
3421900
3422700
3439800
3334700
3434400
3418700
3434000
3419800
3429900
3420400
3438900
3433300
4628100
4711800
3417800
3686900
3418900
3442500
3423300
3421300
3435400
3421300
3421700
3391700
3454300
3419500
3419500
3639700
3681000
3588600
3607100
3699300
3459100
3419400
3418700
3432900
3427500
3424300
3421900
3436300
3421400
3430200
3423300
3443700
3420200
3419400
3418700
3288900
3422400
3366700
3419100
3455600
3414100
3433900
3424600
3423500
3413700
3423600
3436900
3418000
3422100
3419300
3418500
3403300
3406000
3422400
3445100
3380500
3407500
3409500
3402500
3375300
3250500
3417800
3342100
3397300
3275100
3212800
3431700
3460500
4066500
3429000
3411900
3442400
3419000
3441400
3416500
3323600
3447100
3426900
3406500
3409300
3449600
3412700
3404500
3407300
3363600
3429500
3407000
3431400
3411000
3169000
3407300
3408700
3465100
3454800
3405700
3410800
3478500
3493000
3420500
3424400
3258500
3412900
3408300
3413200
3450100
3406100
3404200
3411200
3325000
3403000
3406000
3318100
3409700
3411600
3406400
3423500
3412900
3413500
3418900
3433500
3414500
3395300
3416400
3427300
3394500
3415100
3396600
3406700
3438100
3435000
3419700
3417100
3419100
3436500
3944200
3403300
3403200
3369300
3301400
3365000
3403400
3391700
3405800
3392800
3380900
3403200
3410600
3415800
3418800
3443500
3409800
3416600
3403300
3402100
3332200
3418600
3409200
3445800
3402200
3419700
3326200
3430800
3426600
3417900
3413700
3187400
3412100
3394500
3407600
3425600
3418400
3420300
3420500
3424800
3394600
3304800
3404100
3389000
3404900
3422900
3423400
3402800
3402300
3387500
3401100
3403100
3411300
3362300
3432100
3401400
3432300
3416200
3420400
3406800
3664400
3613100
3682400
3379500
3659900
3662600
4129600
3620700
3759300
3209900
3612900
4098800
3940600
4377400
3977500
4114800
3897900
3439100
3434300
3357200
3416200
3424100
3421700
3424100
3419300
3436400
3445800
3639200
3481600
3422100
3422700
3344200
3444500
3416600
3429000
3342400
3438100
3414700
3418500
3425400
3432800
3415900
3418300
3430000
3439300
3420400
3417400
3419000
3436100
3418000
3417700
3430600
3420700
3418800
3419100
3431900
3411400
3411400
3417800
3420500
3421000
3323700
3412100
3434100
3426800
3413400
3422000
3381700
3411700
3413600
3412900
3413300
3777100
3412900
3417600
3414200
3413300
3411100
3413800
3397200
3410800
3424900
3427100
3388000
3398200
3384000
3397300
3303600
3396400
3403200
3428600
3380200
3173600
3398700
3387400
3387000
3207700
3393100
3404700
3389800
3345500
3408400
3306100
3400300
3372100
3406500
3567500
3397000
3321200
3390000
3393600
3365800
3317500
3403400
3394700
3401500
3405800
3255800
3421200
3437700
3397800
3478500
3412600
3375100
3398800
3371900
3394300
3326600
3402400
3289100
3396700
3351000
3445900
3427700
3320400
3390100
3415800
3438800
3585600
3384000
3420000
3427700
3383800
3381600
3408800
3409500
3395900
3405400
3407600
3408000
3403200
3104700
3392600
3422100
3414600
3415400
3386800
3463000
3306200
3411700
3397700
3263400
3407800
3397600
3392900
3174900
3398200
3372600
3394800
3419300
3405800
3407900
3401200
3407500
3419000
3346700
3420000
3422500
3401300
3397400
3397300
3167600
3415200
3379200
3402000
3397800
3413700
3396200
3400200
3405700
3408200
3371600
3390900
3394400
3446700
3398400
3391100
3403200
3143500
3399900
3367200
3406100
3421000
3920200
3400900
3403600
3436900
3399000
3343700
3403500
3158700
3413600
3400800
3432200
3222700
3352400
3413000
3419400
3234600
3423800
3406400
3419900
3427000
3405300
3396500
3404500
3414200
3416500
3377600
3415400
3429300
3400700
3395400
3401200
3323100
3385800
3321100
3585800
3184600
3661400
3630200
3686200
3535200
3649900
3441300
3432000
3396700
3429700
3430600
3423700
3475000
3421100
3410600
3411200
3405700
3455200
3401700
3348300
3406400
3423200
3405200
3406300
3525100
3838100
3662900
3696200
4154900
3870500
4165900
4211400
3364600
3435200
3437800
3460300
3432100
3427900
3412300
3436500
3421300
3419900
3423600
3431500
3418900
3418200
3344200
3490300
3339100
3423800
3382900
3435100
3417400
3415700
3436300
3421800
3420800
3416400
3431200
3419900
3421000
3430700
3443400
3893300
3431100
3179200
3443600
3430200
3337800
3423800
3429900
3420700
3420500
3426200
3423800
3419600
3427700
3435000
3421900
3424500
3420700
3433600
3425400
3437700
3444600
3408500
3444500
3431400
3432900
3431100
3437500
3432100
3452900
3442500
3445800
3404200
3433000
3831800
3419400
3406300
3448400
3408900
3337300
3397000
4123700
3345000
3444000
3426500
3417000
3423600
3422100
3335900
3413100
3385800
3393000
3408900
3390500
3391900
3395700
3396500
3390300
3390800
3314200
3406000
3408200
3404200
3328600
3413500
3390900
3392300
3418300
3413200
3415400
3355800
3400700
3392100
3371100
3248400
3406800
3245300
3320200
3387000
3203100
3404500
3402100
3384000
3423600
3400300
3367600
3391300
3245700
3417400
3400900
3389200
3407400
3260500
3361500
3350100
3441200
3404600
3386300
3387800
3403700
3688700
3390900
3405500
3272200
3423700
3395900
3368300
3426400
3415300
3397000
3313400
3380600
3568000
3537300
3636400
3585500
3620700
3369400
3689100
3391800
3188000
3423900
3418600
3397100
3418100
3423700
3427700
3434600
3414000
3420900
3415000
3346500
3418200
3441000
3426100
3425300
3415200
3424200
3418600
3428800
3424900
3420200
3415500
3410800
3422300
3425100
3423400
3413500
3547300
3604300
3599500
3424400
3439400
3418500
3424400
3429800
3420500
3417200
3420800
3440200
3465700
3416900
3416000
3431500
3130200
3412600
3894100
3347700
3434300
3426800
3414500
3401000
3348500
3412400
3411500
3430800
3422200
3421100
3417200
3396700
3428300
3413200
3424500
3414300
3423400
3419900
3424800
3398100
3417900
3425400
3434500
3404500
3352400
3396700
3384200
3381500
3388900
3388000
3441900
3390200
3311600
3306200
3397300
3305200
3399100
3321100
3383300
3392500
3395400
3414300
3399700
3397100
3319000
3426100
3422200
3390700
3784800
3670300
4292700
4215600
3864100
4207100
4086900
3435200
3115300
3432800
3420900
3420400
3418600
3420200
3421000
3899700
3349500
3428400
3428600
3466100
3443900
3432100
3434900
3448500
3379600
3273200
3432000
3370400
3389300
3424700
3426600
3427200
3444500
3428400
3442700
3431600
3441700
3421800
3406300
3340800
3426800
3319500
3355800
3430800
3200100
3412800
3425500
3410400
3445000
3408300
3338600
3404100
3425800
3427600
3403300
3395600
3392600
3433400
3405400
3405200
3423300
3425100
3421000
3431200
3351400
3428500
3409400
3409600
3411400
3412800
3386900
3391800
3374800
3442800
3295700
3420500
3321700
3433100
3306000
3412000
3368000
3921200
3333600
3410700
3435100
3429300
3359700
3401800
3438600
3324300
3377000
3398800
3421700
3413700
3417600
3414200
3321500
3361500
3437000
3425700
3432700
3423700
3422200
3408000
3388000
3433200
3345000
3426900
3353500
3327400
3421400
3422900
3319700
3229500
3391500
3427300
3385600
3398300
3413400
3399600
3390500
3398200
3423700
3364600
3372500
3395200
3403600
3418600
3390800
3398000
3413100
3404400
3335800
3402300
3426300
3404100
3409000
3404200
3698300
3508700
3668600
3681600
3626500
3621400
3507500
3630300
3663200
3760300
3375500
3454300
3419800
3419900
3418200
3433100
3420600
3423100
3419800
3440600
3418400
3420700
3423900
3778700
3672700
3607600
3593500
3455700
3424400
3428900
3497700
3426800
3424600
3383900
3383700
3430200
3406700
3430300
3457300
3426800
3341000
3440100
3444100
3349900
3437200
3463500
3340100
3444600
3420500
3426200
3372300
3418800
3413900
3430400
3428900
3422600
3409900
3437300
3406400
3424800
3424700
3400500
3487400
3353000
3150500
3412000
3412900
3403600
3421000
3342600
3405200
3401500
3412900
3380700
3401600
3711600
3438200
3401200
3415100
3426600
3417500
3404400
3392800
3382700
3412200
3395200
3394500
3393600
3372900
3396300
3300700
3419500
3394100
3295000
3357500
3428200
3401200
3393700
3413900
3215800
3102700
3403700
3313600
3209100
3423000
3436700
3407000
3426000
3391700
3394200
3395000
3131500
3407900
3395400
3394000
3405900
3393500
3754500
3750400
4324200
4166000
4148900
3931700
3734800
3435000
3472600
3436300
3418300
3413300
3437500
3426000
3419600
3415600
3437600
3429400
3419800
3417900
3421100
3602100
3419800
3415900
3575600
3440100
3418800
3426800
3417600
3444000
3427800
3344400
3324800
3435600
3417900
3440400
3329600
3424700
3300600
3427300
3408700
3428100
3421600
3412000
3404600
3377800
3426300
3345700
3402900
3454500
3393600
3413800
3402100
3360100
3418100
3393400
3392300
3396700
3409200
3393200
3391200
3397200
3367100
3393200
3394100
3396700
3429800
3408500
3402900
3422000
3667300
3709500
3674200
3535000
3575000
3563500
3652400
3686400
3672600
3441100
3419500
3439200
3416600
3412100
3412900
3449100
3416300
3420600
3427300
3924000
3416800
3423800
3297500
3398000
3416000
3415800
3416400
3436200
3483700
3750700
3449900
3427000
3515900
3418400
3420300
3426300
3419200
3528300
3428200
3466100
3086000
3433400
3425700
3425400
3419800
3430700
3330500
3420400
3427800
3432400
3384100
3411900
3412700
3412800
3412500
3413800
3418500
3405800
3396200
3413300
3465000
3426500
3410200
3414700
3443800
3415100
3413200
3411700
3231300
3415200
3324600
3411400
4017500
3421800
3410800
3416200
3395500
3374200
3384200
3418400
3359500
3410400
3404300
3307900
3315700
3861500
3405400
3404500
3409400
3697700
3674800
3695900
3783400
3690600
3684400
3669000
3644900
3580500
3422700
3381600
3429000
3400500
3405100
3359900
3162600
3367200
3395200
3382400
3324800
3413500
3382600
3385400
3360800
3385300
3400000
3395500
3399400
3404900
3381400
3387500
3361700
3367800
3413600
3383600
3386500
3430600
3414400
3381900
3350200
3130900
3431900
3396600
3385700
3419500
3431700
3418400
3389100
3374100
3391300
3405300
3386400
3421000
3396100
3380700
3334900
3166300
3403100
3382100
3395500
3404300
3414200
3716300
3401000
3183300
3422200
3425000
3406400
3412600
3407400
3397900
3393900
3338700
3411600
3409000
3402400
3398200
3401900
3406700
3403800
3403300
3341400
3398100
3396000
3406100
3486300
3420400
3318600
3399100
3404000
3394100
3392200
3360800
3414500
3798500
3931300
4152100
4211200
3999000
3948700
3904900
3361600
3433700
3514600
3544000
3421500
3329600
3330800
3445200
3425000
3424900
3434600
3420300
3419100
3422500
3446200
3418800
3421700
3420200
3272500
3419500
3420500
3418100
3427900
3419600
3421800
3419900
3472300
3691700
3422300
3420000
3450000
3425300
3447800
3335200
3432700
3419700
3418300
3439200
3422600
3414900
3412700
3331600
3423600
3400900
3400800
3416000
3414700
3386500
3404000
3417800
3408900
3394700
3403600
3435700
3427800
3628300
3661900
3660500
3543700
3645300
3589100
3665100
3398800
3596200
3442700
3419600
3426300
3455100
3418100
3419200
3425400
3434500
3423400
3419300
3423700
3434700
3415500
3417700
3442000
3433000
3410500
3418500
3429000
3672200
3653200
3687100
3646300
3478300
3420100
3416800
3585300
3418200
3998300
3420300
3440800
3425300
3421900
3428200
3419500
3418400
3418400
3385800
3419700
3416400
3185300
3350200
3985000
3434000
3427400
3441200
3419800
3415300
3413500
3365500
3423200
3423600
3409500
3412500
3411100
3417200
3430900
3418900
3414700
3368800
3441800
3423000
3428000
3321500
3428200
3360200
3420900
3438300
3432600
3396700
3435700
3410700
3420300
3413300
3389500
3404900
3412600
3408400
3417100
3420800
3313400
3425100
3425100
3395500
3385400
3393600
3307800
3425200
3392700
3393000
3198200
3400600
3319800
3402700
4038000
3418600
3396400
3401400
3423500
3398000
3389300
3392100
3446400
3412700
3376000
3398900
3359600
3393600
3382900
3399200
3372400
3392500
3365600
3385300
3436800
3395100
3391900
3397900
3403800
3080600
3396000
3128600
3423800
3355200
3394000
3334500
3338600
3421100
3386000
3384500
3407100
3388400
3403800
3345500
3383900
3394500
3381900
3414100
3405900
3405600
3389300
3360600
3384100
3420700
3409900
3365600
3401600
3397000
3351900
3407200
3392700
3390700
3416900
3346400
3393800
3412400
3322200
3400000
3338200
3422500
3904300
3401800
3397600
3409900
3457200
3603700
3778200
3658200
3614500
3678600
3597800
3702900
3409900
3426400
3419000
3434700
3421500
3427000
3431700
3436100
3438600
3539200
3703600
4241700
4215100
3963200
4163500
4291400
3500400
3447900
3432900
3421000
3328900
3427600
3419700
3248900
3653200
3692400
3475600
3325900
3419300
3439200
3416400
3412100
3580300
4104900
4050400
4183400
3900900
3432400
3432800
3449300
3416200
3425200
3419200
3175800
3417800
3421000
3418900
3420900
3414000
3429800
3440700
3434000
3435400
3437800
3788500
3366100
3421700
3386200
3420900
3428800
3421000
3332900
3433300
3419500
3413900
3455800
3452700
3425800
3420600
3456400
3452300
3432900
3435200
3429700
3432300
3419000
3420100
3429100
3430000
3329600
3421600
3442700
3419400
3423000
3419800
3423200
3427800
3429400
3425200
3439100
3413600
3327000
3412300
3444400
3417100
3207200
3383200
3399200
3394500
3388900
3414400
3399200
3432600
4245900
3368100
3457900
3433700
3426000
3469700
3428200
3414600
3403600
3401600
3426500
3398400
3386900
3308600
3406000
3408500
3389900
3720100
3425300
3423100
3433300
3348000
3213100
3397000
3416500
3389000
3163100
3406700
3425800
3360600
3428800
3391800
3429600
3407100
3418300
3398400
3404600
3403000
3414900
3399300
3348800
3346600
3205800
3314000
3416100
3400700
3391600
3412200
3422200
3402400
3341100
3413300
3403300
3392400
3390200
3430900
3379300
3401700
3326400
3421400
3408600
3369800
3398400
3412500
3398700
3406400
3390100
3799900
3780600
3684900
3796700
3699500
3775500
3684800
3389600
3394400
3406600
3401600
3361300
3422700
3406700
3413300
3990700
3413800
3398400
3397800
3403000
3373600
3385900
3374600
3427900
3404100
3393300
3409000
3417400
3382900
3390700
3436700
3422900
3399400
3308700
3408400
3402000
3404200
3414900
3407500
3345300
3386400
3380000
3388700
3398300
3408000
3325900
3411200
3420100
3181600
3397700
3383400
3384100
3412500
3379700
3298000
3395300
3364300
3327400
3386800
3400100
3435500
3567700
3615700
3429800
3613100
3603400
3649400
3613000
3270300
3633000
3415800
3425100
3436700
3416400
3442000
3419100
3444100
3170300
3416100
3417400
3422400
3900200
3419000
3434100
3421600
3420200
3411700
3424700
3354300
3592300
3657000
3498400
4169200
3816900
4430200
4325400
4057300
4461500
4110400
3456600
3500200
3451200
3432900
3426300
3444400
3428600
3357900
3425900
3442500
3425300
3429500
3130400
3440500
3464500
3428900
3427100
3443600
3427500
3405200
3388900
3454000
3430200
3290000
3436500
3427500
3428500
3440000
3441300
3424300
3426800
3435100
3383000
3438500
3080800
3442100
3444300
3441700
3419800
3267600
3431700
3425800
3333400
3438800
3432400
3172500
3414200
3438700
3921100
3421300
3426000
3421700
3412900
3413300
3411900
3426600
3414400
3413200
3415100
3375900
3418500
3405700
3402800
3435700
3393300
3384500
3385000
3426100
3348000
3408500
3383600
3365300
3411300
3302600
3387100
3392600
3392900
3391900
3395800
3396500
3423400
3402400
3425600
3410400
3394500
3392000
3417800
3433000
3381100
3392600
3406700
3534500
3401600
3231200
3239800
3393600
3324400
3305900
3410000
3394600
3401600
3355000
3392100
3398800
3394300
3402600
3395300
3374400
3404200
3372200
3308500
3399500
3128200
3399800
3766600
3399700
3396900
3398900
3399300
3395800
3059800
3400100
3308100
3392200
3341500
3418100
3393300
3387500
3136300
3389900
3394700
3395400
3413900
3329800
3377300
3394400
3699700
3706300
3647200
3668400
3793000
3672500
3678300
3671900
3651800
3680600
3764500
3673100
3517300
3565000
3618000
3517800
3606700
3668800
3658400
3579900
3738600
3426200
3441400
3435100
3407000
3420500
3371500
3434700
3421000
3421000
3440600
3373800
3424700
3424800
3427300
3438800
3379200
3421900
3422700
3568800
3676500
3744400
3445400
3428700
3539600
3367200
3418300
3401000
3412600
3429100
3425100
3404800
3410200
3413200
3333800
3443500
3442700
3414200
3413100
3414500
3358600
3414900
3370100
3127300
3403800
3365400
3382200
3418900
3412100
3383800
3388900
3232800
3406200
3293900
3384100
3286600
3352200
3379700
3382700
3370900
3414600
3378100
3313300
3385100
3186100
3360700
3416700
3376200
3294800
3398700
3425500
3424700
3424000
3423700
3393300
3424400
3422800
3414400
3417800
3404900
3402500
3429700
3465700
3419900
3297700
3458600
3419700
3330700
3491200
4306100
4207800
4410300
4009400
4316400
3914300
3447800
3337100
3426300
3418300
3438100
3422700
3421500
3417500
3442000
3419900
3423100
3419700
3436900
3421400
3419500
3421000
3443100
3418700
3430600
3419300
3425600
3420200
3421900
3417800
3416700
3418000
3422900
3438600
3417600
3420900
3427100
3432000
3418800
3416000
3415000
3429700
3412500
3410900
3415200
3347000
3325900
3312300
3410300
3439300
3337100
3415900
3413700
3357900
3406900
3412000
3412300
3422100
3330200
3419900
3338300
3433500
3397400
3421900
3426600
3421000
3841700
3348100
3452400
3448100
3524200
3422000
3424500
3473100
3506400
3433400
3419800
3479000
3516100
3446000
3408600
3462900
3425000
3448200
3417100
3486600
3418600
3438700
3404200
3428900
3332400
3326800
3427100
3292500
3399500
3433800
3419600
3167500
3402600
3433300
3389300
3371900
3454500
3308800
3411200
3351400
3419300
3407200
3407000
3355100
3439100
3411700
3415600
3344200
3430600
3412700
3408200
3384000
3487900
3420600
3399500
3410600
3338900
3430900
3389300
3414100
3416600
3405600
3298300
3369800
3181500
3405300
3709400
3381000
3411400
3417200
3374300
3365800
3298900
3395000
3403200
3349300
3402800
3422800
3422800
3384900
3292800
3606300
3600200
3619300
3610000
3607400
3633200
3655700
3569000
3658500
3445800
3419500
3521700
3707300
3700900
3707900
3724500
3726900
3704400
3712400
3713800
3630500
3704600
3421900
3438200
3422800
3417300
3421200
3591500
3523600
3829800
3830800
3886300
3711100
3704300
3712300
3794800
3791200
3784800
3802000
3705400
3711200
3439200
3417900
3421400
3421600
3436100
3425100
3419800
3419900
3450900
3429800
3620200
3327700
3439500
3422200
3428600
3457200
3419800
3429100
3427100
3452400
3428400
3372700
3412200
3456600
3418000
3428700
3410400
3432100
3415500
3437700
3410900
3360000
3420400
3423700
3322400
3419700
3332700
3429900
3424200
3419100
3417800
3421000
3434700
3401700
3418600
3424700
3430700
3402700
3427700
3424800
3431600
3406700
3366400
3416800
3436300
3414400
3410700
3426200
3437500
3393200
3421600
3411600
3417600
3413300
3479500
3986800
4320800
3965100
4293600
4351700
3385200
3430300
3453200
3425800
3420700
4041800
3427200
3422600
3420300
3408700
3418800
3419500
3333300
3441800
3417300
3420900
3473900
3453800
3428800
3419900
3424300
3439000
3418100
3418700
3419700
3437100
3421500
3422800
3421000
3417100
3420200
3421100
3419800
3420000
3394700
3420700
3440000
3418400
3401300
3423500
3429900
3420100
3420200
3422000
3433800
3420400
3410800
3735700
3713000
3695900
3685100
3801100
3787200
3773300
3694400
3703200
3722100
3679300
3825500
3536300
3593500
3637300
3561500
3498200
3594800
3324500
3709300
3465700
3417300
3336600
3420300
3922000
3418500
3456600
3418700
3337500
3418300
3435200
3425900
3421500
3421600
3421400
3436800
3329900
3394000
3443900
3425700
3413000
3311600
3431700
3376900
3503700
3439200
3417800
3237000
3420800
3453000
3416000
3426000
3418900
3431000
3417100
3430700
3807700
3580300
3397300
3424800
3419700
3443000
3414100
3391200
3335600
3410800
3419100
3419000
3443900
3420500
3420000
3407600
3466300
3434600
3431900
3420300
3445200
3423900
3337700
3453400
3432600
3422500
3419400
3419800
3432000
3419800
3425200
3332100
3427900
3419800
3827400
3457100
3524700
3428400
3422000
3446700
3424300
3419600
3420600
3427500
3423600
3422500
3425900
3437200
3280200
3417100
3422800
3419000
3430200
3331000
3433500
3414500
3322900
3429500
3442400
3420600
3436900
3422700
3437100
3285400
3435100
3426400
3442600
3429300
3432200
3411900
3424300
3414600
3420400
3423400
3424200
3426400
3424300
3423100
3430800
3177800
3338200
3431300
3325100
3432700
3422400
3440400
3414800
3416400
3396100
3445600
3415500
3414800
3424900
3432200
3404400
3417300
3416800
3282700
3430100
3327600
3738000
3447200
3419100
3425200
3422700
3948000
5231000
3128100
3458100
3398400
3420700
3414400
3436400
3428600
3327500
3166300
3410800
3338800
3396900
3421900
3409400
3395200
3333700
3443500
3418900
3419700
3420300
3425300
3406500
3411200
3069700
3430800
3404300
3424700
3436300
3448600
3419000
3418600
3414900
3438000
3423200
3433800
3421800
3429000
3600900
3730100
4095200
4219100
3868100
4176400
3982300
3457100
3435300
3448400
3419600
3334400
3421500
3450300
3420800
3299000
3420500
3419300
3419300
3420500
3422000
3417200
3716300
3333500
3439700
3425000
3338800
3419900
3439500
3429000
3417000
3421700
3407700
3419800
3420000
3394100
3441200
3431400
3674600
3563100
3592600
3606600
3607300
3385000
3569800
3659400
3712700
3449200
3419800
3425500
3418400
3440100
3449200
3252800
3419500
3452300
3424200
3437000
3424100
3415200
3421500
3450300
3558800
3611900
3432200
3429300
3440600
3417900
3423200
3423100
3439900
3418900
3332000
3425700
3438300
3418000
3420300
3337900
3419600
3419800
3418000
3429700
3420700
3414100
3391600
3438300
3419500
3995800
3374200
3532300
5453300
3304700
3434000
3417800
3419500
3420000
3451400
3425800
3422100
3412000
3431000
3419500
3418400
3329100
3432100
3430400
3324700
3417600
3410400
3415900
3422100
3428000
3416400
3424700
3404800
3434000
3415000
3404800
3419100
3430000
3398500
3423200
3410400
3436200
3419600
3424000
3187800
3430900
3409600
3420800
3415100
3441900
3398500
3410500
3418700
3405900
3407800
3329700
3426900
3412800
3411500
3315900
3455200
3414700
3402500
3415900
3423700
3409300
3403600
3409300
3394700
3408100
3380100
3905400
3447400
3430900
3202600
3323000
3361300
3395500
3412500
3424900
3324700
3418800
3410400
3429500
3420600
3408400
3426200
3257400
3401300
3418200
3409400
3444200
3388600
3407800
3422800
3430900
3406500
3420700
3403900
3427600
3396100
3297000
3407000
3442900
3403100
3428800
3418500
3411700
3413700
3364200
3402000
3402400
3432500
3407700
3432400
3351400
3402900
3408900
3413700
3412400
3405100
3411000
3418500
3402300
3419700
3355000
3423400
3399600
3179200
3407700
3429700
3389500
3406600
3397300
3449400
3317500
3415300
3764200
3433200
3424200
3417900
3407100
3452800
3404200
3402400
3394300
3396200
3412800
3414100
3428000
3421500
3402200
3393300
3419100
3368600
3411900
3399900
3345200
3394000
3416900
3415400
3342500
3391500
3261000
3410600
3429400
3413700
3473400
3417300
3422000
3413000
3316100
3594800
3588600
4194000
4128900
3849500
4126700
3825400
3451400
3334900
3418100
3456400
3543500
3573300
3638100
3521500
3595400
3564900
3614300
3600300
3687800
3460700
3419100
3464900
3421500
3420600
3419200
3250300
3419700
3419200
3420100
3437400
3685700
3420400
3467600
3472000
3593200
3524800
3685100
3444000
3420400
3418900
3440700
3424700
3419300
3328900
3440600
3140200
3417700
3420400
3442900
3302000
3417300
3419900
3329100
3425800
3418600
3344000
3422200
3431800
3426300
3456300
3419200
3426100
3417100
3439000
3419900
3419200
3427000
3437100
3419400
3421600
3420100
3437900
3435400
3419700
3422400
3436500
3417700
3421100
3453000
3405100
3409300
3413800
3443700
3385200
3413300
3410300
3434100
3398000
3416000
3412200
3437900
3393400
3378400
3415300
3436700
3330200
3665000
3545800
3445700
3416700
3406200
3422100
3371400
3388500
3404500
3248300
3394600
3383100
3416600
3439700
3377100
3405500
3411200
3408100
3411400
3393700
3387400
3447000
3257400
3430400
3425500
3442700
3424500
3413300
3408000
3433400
3118600
3417400
3415300
3407600
3426900
3433500
3447200
3428000
3353500
3416500
3428800
3404600
3429800
3410000
3427800
3416700
3414000
3113500
3458300
3419100
3442300
3431400
3440700
3416300
3417700
3346800
3429400
3417000
3415900
3427100
3183500
3419900
3415600
3267600
3421900
3932600
3385000
3452800
3419100
3422900
3415500
3444800
3420100
3421600
3398600
3363400
3400300
3403700
3409300
3427900
3357500
3416300
3326500
3410700
3395200
3407300
3425200
3409100
3389800
3420700
3444700
3406500
3425700
3405100
3431900
3404300
3414500
3383000
3428000
3416400
3394800
3419800
3448600
3414200
3422100
3371400
3423700
3410200
3314800
3147100
3424100
3411700
3215700
3316300
3639600
3603200
3581300
3611500
3607400
3552600
3615800
3206000
3421300
3419600
3419400
3355700
3421100
4333200
4981000
3425700
3397500
3883100
3418700
3406500
3399100
3347000
3414300
3411600
3407200
3612800
3611800
3739200
3444100
3481300
3434000
3433900
3419900
3437500
3393300
3421000
3428300
3189200
3169500
3161200
3418500
3171100
3418700
3560400
3654800
3715800
4115300
3827100
3782300
3794600
3434100
3449700
3433300
3420200
3419800
3440300
3418300
3327000
3332500
3444700
3417000
3419400
3420800
3436100
3420500
3448400
3419600
3453500
3423800
3330900
3419200
3435600
3419300
3417800
3418700
3421600
3421100
3416800
3438200
3419700
3420400
3343200
3437000
3912700
3421000
3178600
3441100
3419700
3419800
3440300
3436000
3418300
3425300
3423800
3434400
3330600
3418000
3422800
3408300
3397800
3336500
3442300
3414500
3417200
3403700
3414300
3447400
3433700
3342700
3466500
3414200
3417100
3305300
3477300
3414600
3417800
3369800
3336900
3425600
3397800
3376300
3424900
3396100
3391900
3369200
3419800
3337400
3421100
3343700
3403300
3416800
3393000
3347700
3397300
3423000
3323700
3419000
3398900
3393800
3389000
3414700
3366400
3425000
3390700
3346200
3300100
3426100
3385200
3364000
3679600
3412800
3374000
3383500
3339400
3395300
3383400
3368600
3312800
3412800
3430400
3393600
3392100
3401000
3400200
3384300
3249500
3448300
3407500
3395100
3406800
3406400
3394800
3375700
3371100
3413200
3409300
3382100
3376700
3329500
3398200
3421000
3431900
3244600
3417300
3392800
3346900
3381400
3393800
3412300
3380800
3352500
3519400
3413500
3422000
3293500
3412900
3411200
3411500
3408200
3416000
3329500
3173600
3361900
3162200
3406400
3409400
3414200
3406800
3414400
3389700
3378700
3346600
3411000
3391400
4042500
3419800
3417800
3433400
3392900
3354900
3414200
3410300
3415600
3378500
3421600
3432700
3411900
3365500
3594300
3480000
3549600
3554100
3662300
3514700
3491900
3498100
3375000
3441400
3422000
3442300
3440700
3177400
3425700
3467200
3438900
3418500
3320500
3420700
3450100
3410500
3422200
3427400
3414100
3429300
3431700
3465000
3602600
3572500
3581700
3366200
3427800
3419300
3419700
3441500
3411100
3416900
3424400
3449500
3420600
3416300
3419200
3468900
3426400
3419000
3451000
3420300
3421300
3415600
3426100
3428400
3935400
3340100
3438300
3394500
3411800
3411100
3446500
3411800
3412300
3417100
3344200
3413700
3411800
3422400
3425100
3396100
3406900
3420000
3568500
3751100
4387900
4444500
4038700
4623200
4224400
3361400
3429700
3448400
3420500
3431200
3416900
3453900
3419000
3418800
3418100
3436600
3423300
3418500
3417700
3437300
3343500
3348300
3420200
3449700
3419900
3465600
3419300
3328400
3419700
3420300
3439200
3416900
3418000
3419000
3439100
3417000
3328100
3421300
3440500
3421400
3418800
3418900
3353800
3418600
3416300
3419400
3875000
3417800
3418700
3339400
3449400
3382200
3165600
3439300
3225700
3157100
3404400
3436300
3417300
3404800
3413700
3419600
3342600
3397800
3319100
3433700
3423500
3418300
3408700
3437100
3415000
3400400
3411400
3367000
3397400
3419100
3396400
3408700
3406300
3392100
3371200
3401000
3112100
3383700
3381500
3392300
3399400
3400800
3104000
3452600
3402200
3401100
3318700
3421500
3447000
3320800
3461000
3461200
3311500
3471100
3410300
3425400
3428500
3414300
3414500
3799300
4080200
3985000
4003700
3440200
3424800
3428100
3792200
3444900
3434000
3424600
3431000
3439600
3426200
3430000
3426800
3680700
3614900
3541600
3720800
3608600
3520800
3603000
3635900
3364000
3408200
3471400
3592100
3448300
3419100
3422900
3423500
3422000
3428000
3438700
3423300
3428300
3418500
3438600
3415000
3429500
3419400
3424600
3421400
3213300
3576500
3636900
3424200
3428200
3419700
3333400
3416300
3233200
3387800
3434700
3434300
3445900
3429300
3423700
3425700
3394600
3435900
3412000
3422500
3423000
3442000
3418300
3380500
3455500
3422100
3428100
3375500
3427100
3999600
3413500
3358300
3520000
3435900
3390900
3430100
3360800
3395200
3328100
3412900
3430300
3370800
3429700
3424100
3391600
3451500
3430600
3413800
3399800
3457100
3420400
3430400
3423900
3433600
3426900
3417300
3401500
3302300
3413100
3422200
3411600
3391700
3421700
3426000
3391900
3292000
3416300
3423200
3317300
3353600
3412900
3429000
3404800
3385100
3462400
3435600
3421100
3382000
3437400
3442100
3417200
3408600
3450900
3428500
3417800
3425200
3440400
3414700
3402200
3387100
3447300
3398900
3427200
3302200
3944100
3417400
3426700
3418900
3186200
3427400
3367000
3414200
3593300
3887200
3738600
4292100
4039700
4273400
3829500
3573700
3400600
3449400
3453500
3452700
3416300
3435000
3432700
3459100
3426200
3430500
3446000
3452800
3431300
3421700
3428500
3387400
3424400
3395800
3429600
3453000
3434400
3431500
3426300
3425700
3425500
3442900
3424300
3424600
3444200
3367600
3434000
3425200
3447700
3443100
3426800
3417500
3212900
3427500
3427000
3406300
3218800
3435600
3419800
3425800
3428200
3402200
3407700
3405900
3421300
3399700
3868100
3417400
3088700
3400700
3325700
3391400
3383900
3395900
3291500
3395400
3118300
3435100
3402400
3400400
3317700
3734100
3678600
3682400
3723500
3666600
3649000
3706300
3761300
3785500
3681100
3762600
3620500
3664900
3369200
3353100
3419000
3390900
3400000
3379300
3163100
3378500
3407600
3363300
3417100
3403100
3398500
3371000
3406500
3386600
3405200
3392100
3408600
3401600
3381200
3286400
3415100
3584800
3480400
3652500
3368100
3531900
3588100
3838300
3632600
3569300
3445900
3379500
3401500
3496200
3420800
3420100
3890900
3413900
3403500
3344400
3358100
3425700
3413500
3399200
3404700
3415600
3401000
3401700
3417100
3750200
3779400
3995100
3945300
3694300
3705100
3724900
3723000
3698100
3697800
3770700
3724400
3418000
3437900
3416300
3430100
3418000
3396500
3401200
3560400
3785200
3684000
3684800
3622800
3693900
3670900
3671300
3673500
3674500
3778500
3627300
3709900
3401200
3361300
3353700
3433300
3405700
3396400
3406300
3408300
3433600
3299700
3340700
3442000
3392600
3400800
3396000
3418300
3389500
3371600
3265900
3206500
3388600
3712700
3404900
3441800
3411900
3407800
3348000
3346300
3409100
3398300
3411700
3437300
3378800
3401600
3370600
3420500
3401100
3391100
3421000
3440200
3364600
3401000
3368600
3293600
3403100
3387200
3412800
3426800
3417000
3400200
3421000
3384200
3375900
3400000
3418100
3260200
3418100
3401900
3427700
3403400
3404100
3398500
3390500
3422400
3391700
3301400
3399000
3468300
3407500
3408000
3396400
3433700
3437300
3405500
3320200
3287300
3406900
3424100
3391600
3357800
3393900
3396200
3396800
3406100
3510900
4107700
4418800
4228900
4093300
4450100
3779500
3494200
3465600
3449100
3447700
3334400
3347700
3427900
3444700
3426800
3426300
3414200
3587800
3418200
3416800
3488400
3569300
3416000
3518600
3419700
3495300
3417000
3419700
3422100
3494600
3421300
3418700
3437800
3507300
3422000
3417000
3435500
3507200
3310100
3684600
3628000
3665400
3434800
3403300
3693700
3340400
3767600
3525600
3486300
3432500
3433500
3458200
3425200
3419500
3432200
3427100
3420600
3174700
3447600
3428600
3425200
3129200
3458300
3428000
3426600
3538200
3753300
4254600
3816700
3934800
3700300
3481000
3730100
3825200
3919900
3933400
3920600
3904300
3940700
3914100
3986700
3857700
3908200
3880600
3689500
3714200
3513600
3499400
3420000
3418900
3435400
3425500
3418800
3546300
3332200
3419900
3421100
3327900
3421300
3427700
3422400
3417700
3450200
3421400
3426400
3420400
3430200
3431300
3424000
3417700
3418300
3418900
3424300
3423300
3424400
3199000
3418300
3433000
3416200
3423600
3419500
3433800
3421500
3321800
3420600
3429700
3419200
3427000
3420800
3434100
3421500
3426100
3422600
3911800
3189200
3243800
3427300
3413400
3391400
3393800
3402200
3397300
3402100
3399800
3430100
3344300
3344100
3400600
3416000
3400900
3256500
3401500
3436000
3650200
3457500
3393300
3378800
3413900
3504600
3384000
3428900
3401800
3491200
3424500
3430700
3288300
3499400
3411500
3422200
3142600
3407100
3421500
3387800
3387300
3409200
3505000
3422400
3312400
3401700
3509500
3397800
3316200
3400100
3416900
3478000
3323400
3406500
3404300
3479600
3450000
3499300
3430500
3511300
3420100
3355500
3403600
3478200
3428500
3382400
3744900
3408200
3445900
3356900
3391900
3390900
3341800
3281800
3392900
3390000
3419800
3376100
3308400
3410000
3459900
3311100
3314300
3403300
3396400
3401600
3387500
3433300
3455000
3391800
3353100
3391700
3422600
3423500
3279200
3395100
3407200
3451900
3370900
3402700
3383000
3482100
3097700
3425200
3478200
3513300
3279500
3442900
3413000
3199000
3331400
3388400
3389800
3461300
3317500
3416300
3308000
3489400
3524900
4108600
4027300
4207800
4241400
3618800
3162000
3473800
3482200
3425700
3431500
3431200
3439700
3422400
3649500
3424600
3342500
3425500
3425900
3439400
3425600
3464400
3451400
3432900
3408500
3334000
3439900
3438000
3429400
3433800
3471500
3662800
3667500
3606400
3628200
3579800
3635000
3692700
3617100
3378600
3446600
3437900
3170200
3426600
3408300
3423500
3251700
3427300
3430000
3430700
3259300
3427300
3426000
3335100
3463200
3425300
3437900
3437300
3503500
3397900
3624300
3665300
3752700
3426800
3430600
3434200
3463400
3420700
3431700
3444200
3445900
3425600
3439300
3426400
3468800
3428700
3449400
3425000
3458300
4037600
3438100
3379800
3636700
3432800
3191600
3420700
3421800
3429400
3451200
3432400
3121300
3417400
3182700
3426200
3439900
3378100
3394200
3430800
3167600
3427600
3413500
3429200
3431500
3406500
3401800
3406700
3283900
3440400
3380600
3415200
3452800
3422400
3296300
3414400
3399400
3429900
3370500
3413200
3415600
3440500
3402800
3381600
3376100
3381600
3306600
3393000
3403800
3341000
3379600
3403900
3396900
3181500
3392400
3352200
3404200
3421100
3316800
3289300
3393300
3411300
3385300
3312300
3409900
3385400
3404000
3886000
3429200
3399600
3400700
3477100
3386800
3396500
3321000
3402400
3390100
3379100
3395800
3382400
3475400
3386100
3587500
3696700
3704500
3740400
3711500
3733800
3774400
3769500
3824900
3687100
3493700
3704900
3403100
3396200
3430200
3408000
3323400
3349200
3257200
3400200
3402100
3398600
3295200
3356100
3410700
3404800
3375300
3388200
3385400
3370200
3325900
3407300
3432700
3382200
3440400
3415700
3406100
3397400
3238600
3365400
3448700
3401700
3404300
3336100
3436000
3416800
3392900
3189300
3419600
3685100
3797300
3949900
3422100
3449400
3223600
3322300
3444400
3397000
3412400
3390100
3463100
3508900
3525500
3622200
3357200
3701100
3582100
3662200
3674400
3722100
3417500
3424000
3438900
3423400
3410500
3171600
3428600
3437900
3421200
3421800
3260800
3416700
3415400
3413300
3439500
3428000
3424500
3422900
3382600
3394000
3566400
3423500
3659300
3422100
3996300
3795400
3815800
4135600
4407600
3404000
3228700
3468800
3432200
3193400
3427400
3423500
3445900
3441200
3424000
3420100
3350300
3329800
3433000
3434600
3470000
3382100
3421600
3761400
3454300
3436900
3427500
3426100
3443500
3445000
3425700
3431600
3420800
3350100
3422400
3443500
3426800
3450900
3430800
3399900
3427400
3451700
3427700
3443000
3428200
3452400
3419300
3427100
3426600
3361700
3439500
3426200
3427400
3447200
3422600
3429800
3430100
3429100
3414300
3419100
3402400
3394800
3409000
3399300
3189200
3421400
3433800
3385500
3418400
3399400
3450900
3173800
3400500
3406100
3410500
3423500
3403500
3428400
3428300
3422100
3421000
3414300
3256500
3306000
3422900
3426900
3401300
3399200
3157600
3804300
3417600
3370100
3329600
3380600
3374100
3389000
3509800
3527500
3392600
3385200
3400300
3380800
3396300
3390100
3418300
3307400
3457000
3414700
3332600
3334600
3396200
3404100
3433700
3399800
3406100
3404100
3344500
3332300
3431900
3415900
3411300
3399200
3427500
3421100
3341400
3405200
3409400
3434700
3403600
3420900
3379200
3422200
3413800
3383600
3400800
3422400
3395300
3396400
3390500
3417600
3383100
3421700
3396100
3386800
3397500
3396800
3394600
3744100
3757600
3696600
3691200
3657000
3764400
3721200
4245300
3425600
3398900
3408600
3260800
3404000
3393500
3311400
3411000
3315700
3403400
3420500
3093400
3357000
3399300
3396800
3150900
3415500
3405500
3391200
3380800
3394500
3403400
3394100
3380200
3394400
3389700
3406200
3424100
3406200
3400300
3394500
3409900
3404400
3401700
3309100
3413300
3385200
3389900
3396800
3421400
3436700
3389400
3390700
3402800
3408100
3391300
3390800
3397500
3430700
3365400
3395900
3395700
3446200
3394700
3390200
3304800
3697400
3757000
3742200
3451800
3592700
3631600
3792900
3705200
3808800
3745000
3455800
3453100
3422300
3430400
3435800
3384800
3430500
3425000
3440400
3311100
3428100
3428900
3438900
3447700
3426600
3448300
3431900
3482400
3723000
3624600
3693500
3701800
3367700
3279400
3428100
3242600
3427300
3417700
3537600
3796700
4192200
4230700
4319000
4185800
4273200
4393000
3729000
3475400
3469900
3450500
3445000
3431600
3428700
3445100
3447100
3425100
3416300
3371800
3425200
3425600
3462800
3458100
3430100
3428400
3432000
3453600
3418900
3371900
3425500
3440500
3430400
3329200
3420700
3466100
3436000
3843300
3425100
3282500
3424900
3420900
3424700
3417400
3420100
3425400
3456500
3380500
3416100
3419300
3443600
3419200
3416000
3419400
3439400
3421100
3333500
3418700
3450200
3424600
3422900
3420700
3435000
3422000
3401900
3435700
3431900
3431100
3410600
3430000
3388000
3427400
3388300
3387800
3390900
3422100
3401700
3424800
3418600
4292600
3406900
3388200
3408100
3483200
3402100
3403400
3395000
3470900
3400300
3385500
3403500
3430400
3392800
3400900
3403600
3444700
3329300
3400600
3404900
3425500
3390000
3377400
3388800
3660400
3443000
3433000
3417000
3231100
3411600
3410400
3407600
3471100
3407800
3420300
3410000
3183400
3348400
3408000
3423400
3456600
3400200
3421900
3420400
3455800
3409700
3411100
3201300
3418000
3418900
3394300
4092000
3618400
4337200
3922400
3773600
3435900
3524000
3601700
3680000
3798400
3489900
3426000
3371900
3426400
3465900
3434600
3228000
3424000
3355900
3431100
3431700
3418600
3420400
3412900
3416100
3434800
3416500
3421200
3428800
3439900
3417400
3365600
3421200
3421300
3420400
3440900
3430400
3446400
3418600
3596800
3426400
3439000
3433800
3497200
3666600
3710400
3807900
3461100
3473700
3436400
3400400
3490800
3491400
3429900
3077900
3148800
3439300
3430600
3431600
3469300
3428800
3435000
3425900
3429100
3434900
3664900
3552200
3490800
3466800
3474300
3283400
3433100
3455400
3341100
3354200
3441100
3427700
3420500
3462400
3433800
3423800
3444800
3411100
3462200
3439200
3418800
3318000
3423400
3417300
3425200
3491800
3420700
3426500
3420600
3454900
3417600
3411100
3384600
3451300
3193500
3401700
3411300
3438600
3440700
3934200
3424700
3410400
3400200
3420300
3403800
3459500
3405600
3441100
3421800
3332600
3183200
3429500
3414900
3423300
3395400
3408200
3393800
3731800
3866200
3927500
4308000
4056000
4450300
4376400
3744100
3482400
3480800
3463400
3467600
3434500
3427900
3425100
3428500
3442800
3421700
3424400
3453200
3440800
3454200
3428500
3462700
3432000
3435200
3430000
3458700
3425700
3421800
3342500
3198500
3378100
3423800
3439900
3319900
3434500
3427500
3415400
3453200
3425500
3426400
3430300
3512800
3422200
3339300
3449700
3442800
3925500
3422400
3441300
3461700
3414400
3397900
3310300
3424700
3420500
3306600
3409800
3415200
3413400
3390400
3396500
3408100
3419100
3434700
3389000
3412500
3432600
3401000
3388800
3385800
3391500
3413400
3406600
3401600
3108900
3400100
3399800
3399300
5576500
3627300
3318400
3467900
3461600
3406600
3377600
3476100
3432300
3397100
3399900
3435000
3407000
3172300
3383100
3441700
3429700
3555300
3453700
3338800
3395400
3401000
3407000
3442600
3410000
3406000
3402800
3331400
3429800
3415200
3391900
3473500
3417300
3389500
3721600
3354000
3825700
3622000
3734000
3637600
3678600
3710400
3688600
3361600
3742100
3423800
3425000
3446400
3429000
3439200
3427400
3377400
3444600
3438900
3425700
3457100
3432800
3426400
3182800
3547600
3719600
3675400
3451500
3221700
3446500
3422100
3418300
3429700
3437500
3416800
3415100
3379900
3420600
3421100
3416700
3296000
3432900
3425300
3414700
3349200
3421000
3422300
3427500
3420300
3416400
3430000
3407200
3423700
3412800
3413400
3410000
3401700
3432900
3420900
3408800
3429500
3409900
3411900
3413600
3412600
3719500
3340100
3409300
3408700
3332800
3407800
3410500
3408400
3409600
3411300
3418000
3415700
3410300
3254500
3392900
3387700
3409300
3385800
3371800
3412600
3415300
3396600
3165600
3394500
3418500
3395500
3384600
3391400
3433500
3398900
3397600
3391000
3409200
3389400
3390700
3323700
3425700
3411400
3309600
3399700
3394800
3301300
3395000
3387000
3383200
3398800
3385600
3277900
3420500
3390600
3412000
3388300
3382500
3400300
3388000
3267700
3448900
3431200
3381700
3385000
3167500
3408300
3399900
3318500
3413100
4055900
3442500
3411300
3471500
3384600
3378900
3385000
3369400
4088800
4303000
4232800
4084700
4267700
4099700
3490900
3473000
3462700
3432900
3435000
3334900
3428900
3422200
3420300
3422200
3419900
3426000
3422300
3421000
3425100
3376900
3425000
3425100
3419500
3425700
3417300
3417800
3419200
3418100
3421800
3424200
3429700
3426300
3422500
3414700
3388100
3417000
3427000
3180500
3391600
3425100
3322500
3372100
3278300
3382100
3429700
3405800
3308300
3424800
3446900
3429300
3278300
3439400
3416700
3423300
3389100
3444700
3959000
3413600
3416100
3455400
3336000
3430900
3407300
3517700
3634000
3574000
3689600
3470000
3638000
3673700
3679200
3607600
3517700
3437900
3475200
3424600
3424600
3429500
3467500
3424700
3429500
3425800
3424000
3428800
3197500
3443700
3420100
3485600
3425000
3437800
3452100
3664200
3579500
3782400
3478500
3424400
3427400
3324300
3320200
3418400
3442300
3336200
3307800
3432900
3442000
3417900
3462000
3745700
3436800
3283200
3453300
3426000
3443500
3421500
3415400
3422800
3430300
3404700
3419000
3400100
3432200
3423400
3866700
3206300
3427700
3427000
3407700
3450700
3406100
3416500
3389600
3459200
3425000
3377600
3405700
3300500
3341300
3423500
3389100
3489700
3416600
3414700
3410600
3412600
3414600
3405200
3404400
3351500
3416000
3413000
3405800
3394100
3395400
3399900
3402300
3305300
3060400
3369300
3404500
3320800
3401800
3298400
3398100
3392300
3430000
3411100
3406500
3358200
3404100
3393300
3404600
3398500
3410000
3406200
3322900
3362100
3407700
3393900
3381700
3394100
3302100
3383500
3384500
3393600
3354500
3415900
3374600
3399400
3742400
3405600
3393600
3390300
3320400
3362200
3402600
3400300
3401800
3412500
3294800
3423100
3402600
3564100
3403500
3406800
3323600
3552400
3700000
3680500
3706500
3702400
3654600
3670100
3734600
3587000
3671300
3745800
3662100
3683900
3399100
3414700
3418900
3411300
3401700
3419900
3408900
3386200
3404000
3169400
3407600
3429900
3413900
3401600
3425500
3404300
3416000
3311900
3402100
3408200
3412900
3392200
3405000
3083700
3425400
3397200
3402600
3406900
3126000
3397400
3403800
3704400
3608200
4221800
3963100
4222300
4474800
3475100
3495400
3230500
3427800
3428300
3195600
3437500
3421700
3421300
3424800
3421300
3326600
3427900
3445200
3424900
3430200
3278500
3368300
3424000
3433000
3419200
3437000
3425300
3415300
3420100
3446500
3421000
3419000
3133700
3428600
3407800
3409100
3343400
3417000
3180000
3411600
3342300
3414500
3571400
3623400
3366300
3275700
3440800
3556200
3695800
3623800
3623800
3662700
3439000
3426800
3420600
3417900
3327100
3424900
3339000
3424500
3418000
3415500
3332200
3427500
3419100
3421000
3428800
3446600
4013800
3417500
3575200
3632700
3350700
3698900
3167800
3328700
3419800
3419900
3435400
3419400
3207000
3420700
3433700
3423000
3419900
3420000
3350700
3415000
3426600
3416000
3434100
3421000
3336900
3334300
3410700
3413900
3443400
3509700
3419000
3419900
3422300
3458000
3325900
3205200
3417000
3338400
3392700
3403800
3424400
3416300
3414300
3415200
3416600
3423900
3470000
3409700
3410100
3425000
3420100
3381000
3446000
3405300
3420600
3282900
3432300
3402400
3318200
3373400
3439200
3407600
3452700
3406500
3463400
3276100
3863900
3377200
3343500
3421000
3191700
3297800
3426800
3418000
3430300
3401900
3406700
3429800
3455300
3490500
3344600
3432500
3425500
3400600
3382400
3399400
3298500
3298700
3314700
3315200
3400800
3245800
3300900
3425500
3415800
3487100
3250100
3389500
3394700
3448100
3347000
3417800
3424500
3467000
3356900
3388000
3407000
3447900
3373700
3411700
3388700
3429500
3391100
3131500
3389100
3409800
3400400
3311000
3404100
3421700
3400600
3319900
3315300
3396500
3421500
3325700
3403500
3399100
3376000
3330400
3404100
3389100
3874000
3309100
3415300
3383400
3424200
3290700
3380800
3383500
3136200
3429500
3389900
3392300
3411300
3395500
3367400
3385400
3302700
3447500
3321400
3382200
3392200
3409500
3338400
3420500
3395900
3404100
3352100
3394700
3379400
3400700
3293800
3385600
3380600
3416000
3297400
3385000
3379200
3498100
3544100
3640500
3663000
3565100
3545000
3602400
3233900
3748000
3724700
3429600
3423900
3429900
3423400
3447100
3603200
3781700
4325000
4247400
3857300
4157800
3808000
3607800
3468700
3450600
3450000
3456300
3654900
3563400
3711400
3436600
3421800
3442300
3420500
3430600
3424900
3480400
3443500
3427000
3419700
3425200
3416600
3428300
3419300
3422200
3423400
3437100
3432500
3414900
3420400
3434500
3423300
3421300
3424800
3431300
3427400
3418700
3417300
3413200
3451200
3417400
3410000
3329500
3429600
3418100
3411400
3411600
3431700
3424500
3326100
3423600
3407400
3321700
3414700
3422200
3406600
3395100
3392600
3399400
3086000
3367100
3399200
3409000
3615800
3777900
4121700
4251600
3722100
3427600
3458200
3428500
3417000
3414200
3422700
3427500
3624100
3486800
3505500
3501800
3466400
3367700
3651200
5317500
3266200
3474300
3508900
3474500
3229000
3498700
3226800
3429800
3418000
3423500
3187900
3411200
3497400
3369100
3220400
3465900
3476600
3459700
3354400
3410400
3420700
4082200
3438800
3432500
3447500
3448900
3192800
3404500
3455200
3431600
3450200
3414500
3414100
3390400
3405500
3313900
3401900
3409500
3448700
3309900
3302300
3389100
3476300
3451400
3163700
3421500
3438700
3316900
3389600
3390300
3422800
3382400
3129100
3403800
3410800
3388300
3279400
3991000
3442500
3413700
3302900
3434000
3420500
3339200
3443100
3425500
3463700
3400000
3318800
3399400
3322900
3367100
3327000
3403000
3408900
3411200
3347100
3413200
3414800
3415400
3336100
3287100
3439100
3412100
3405300
3276600
3435400
3389500
3318300
3393100
3404800
3409900
3364500
3354400
3408300
3392400
3397800
3354000
3391400
3395800
3363000
3332400
3398900
3417900
3394400
3331700
3407600
3410000
3391400
3361200
3397300
3202200
3383200
3409900
3404200
3426000
3391200
3324200
3401900
3408700
3398900
3404800
3403000
3899900
3361300
3320400
3333400
3435600
3424000
3319400
3391000
3432200
3425300
3318700
3401600
3413400
3414000
3373700
3307100
3355800
3606800
3572900
3663400
3619400
3651200
3314000
3598800
3612600
3631100
3435000
3411600
3438100
3411300
3312700
3409800
3413200
3426500
3424700
3414000
3448100
3421300
3422200
3419400
3425600
3422300
3421500
3493400
3648800
4100200
4062000
3741400
4173300
3884800
3474900
3460500
3513000
3428600
3446100
3417800
3202400
3430300
3445400
3432200
3441400
3424900
3428600
3338000
3449900
3458700
3811500
3420000
3430400
3443600
3418400
3419100
3220000
3420500
3419200
3413900
3425400
3434300
3418500
3414900
3335700
3345800
3419500
3418700
3433000
3354400
3332300
3426200
3425800
3409400
3409700
3421700
3422700
3409600
3412900
3425100
3419100
3164700
3370300
3403900
3419200
3329300
3387700
3421800
3428800
3428500
3358100
3395100
3409500
3408200
3368400
3401300
3439600
3299200
3367800
3390500
3394400
3418300
3405200
3404200
3421800
3380000
3398800
3397600
3392800
3392200
3390200
3398000
3422000
3393400
3135800
3355100
3671400
3395000
3178600
3318200
3358100
3394700
3397200
3330300
3299300
3396000
3396000
3242400
3399800
3316500
3144000
3397800
3393700
3393500
3423100
3414300
3390200
3386100
3433500
3412700
3313300
3399300
3427400
3380800
3375400
3384500
3462400
3416300
3357700
3362400
3305000
3384000
3393100
3317300
3456400
3315900
3313200
3309400
3428900
3311300
3334400
3393900
3441900
3399000
3395000
3391800
3414300
3416400
3376900
3278800
3401400
3396700
3390600
3331600
3402200
3420100
3394300
3420600
3261100
3321500
3532600
4279500
3360400
3370500
3625900
3583500
3689100
3478500
3366100
3419700
3222200
3420700
3392300
3327800
3425600
3418500
3468800
3419600
3425600
3419100
3358500
3370000
3434800
3413800
3419800
3368700
3412900
3666000
3598700
3451500
3409400
3439100
3326100
3429100
3389500
3342900
3418600
3429100
3369300
3451300
3440800
3405300
3416200
3426400
3406400
3452000
3380800
3438200
3409300
3408000
3464900
3424800
3423300
3240600
3436900
3429600
3384100
3421700
3370100
3447400
3385700
3408400
3404700
3499300
3170700
3419200
3416900
4048700
3457000
3411300
3429000
3444200
3404200
3404200
3397900
3173600
3398100
3413100
3401800
3393800
3391300
3403200
3396500
3161100
3390500
3374200
3436400
3323800
3403300
3405400
3406300
3173600
3417800
3404700
3316500
3150600
3407100
3415600
3400000
3418500
3402600
3406200
3408600
3545700
3619500
4152400
4178100
3791800
4155600
3747400
3419100
3468800
3432800
3432100
3421000
3447000
3281100
3364300
3422900
3454300
3421300
3420800
3421400
3437900
3416000
3421100
3429000
3437000
3418300
3418500
3421300
3352500
3420700
3843600
3469900
3427800
3430800
3421500
3296800
3419600
3336000
3429200
3447800
3394800
3410400
3411100
3437200
3409900
3410600
3408000
3386100
3198800
3387000
3404300
3394400
3404500
3419100
3409000
3454100
3413200
3417300
3391200
3324200
3394800
3391100
3405700
3406200
3421800
3394000
3331600
3331800
3466700
3435400
3452600
3443400
3763500
4080300
4139400
4135200
3513000
3460200
3429900
3368800
3425800
3197100
3427000
3466600
3297000
3432900
3428300
3314300
3422900
3407900
3414600
3449300
3438400
3365000
3411500
3420100
3768400
3425700
3425800
3475200
3432900
3423900
3407300
3295600
3410100
3320700
3398300
3429100
3349000
3429800
3428000
3422000
3401000
3401000
3400600
3207900
3411600
3404700
3377000
3420400
3408900
3403000
3380900
3297700
3366200
3402000
3303700
3421900
3399600
3390300
3308800
3407100
3383900
3396000
3417600
3421800
3342800
3392300
3397000
3587800
3694400
3549400
3542800
3383900
3617200
3651700
3613300
3521800
3664000
3422100
3431700
3301600
3223900
3497100
3439900
3368400
3421900
3448400
3419000
3681300
3707900
3718400
3674000
3395000
3451400
3423500
3422100
3593700
3643000
3735800
3644300
3599400
3438900
3426500
3420200
3424700
3464500
3430300
3421100
3428500
3426600
3429800
3433900
3439200
3442200
3425100
3421600
3460400
3432200
3430300
3422800
3451100
3423600
3429200
3419000
3193500
3424800
3424000
3422000
3351900
3417800
3328000
3410900
3444600
3404000
3326300
3417800
3294200
3410100
3331300
3426600
3435400
3418700
3377800
3421300
3420400
3420500
3429600
3483200
3510500
3217000
3425000
3350700
3443300
3418100
3391400
3416200
3998500
3408200
3352400
3378100
3431300
3353800
3415300
3395000
3323500
3420300
3399700
3351900
3250200
3381100
3427300
3276900
3362200
3392900
3367600
3393200
3392100
3407400
3397200
3361300
3162000
3107800
3413600
3581700
3993800
4377900
4155000
4239000
4171300
3303200
3430300
3438700
3186900
3419800
3418400
3423900
3446100
3423000
3419400
3420400
3368600
3421600
3423600
3418800
3440200
3456800
3418900
3421800
3448500
3420500
3418300
3408700
3437700
3426200
3422800
3436600
3425400
3417500
3410500
3437400
3248700
3410500
4126100
3507000
3474400
3504200
3417700
3529800
3412900
3426300
3355800
3491000
3428500
3409300
3427300
3483200
3410200
3420800
3402400
3404200
3510600
3412500
3342700
3410200
3485200
3663600
3507700
3576400
3308500
3608200
3589400
3562500
3656600
3457200
3423400
3422500
3449100
3442800
3181600
3432500
3452500
3441900
3427000
3430000
3450600
3427000
3335200
3427900
3393800
3361000
3432900
3404900
3411800
3347400
3411300
3421800
3400300
3441500
3424000
3421100
3392500
3664400
3616700
3744800
3438500
3177500
3425100
3454600
3846100
3443100
3426700
3432200
3389500
3431700
3430700
3435700
3383900
3419600
3414500
3433200
3351800
3484600
3435200
3425200
3419900
3347100
3435200
3544700
3423000
3406200
3426300
3417900
3419300
3369800
3434200
3420400
3416100
3425400
3434100
3421800
3419300
3446200
3429900
3420000
3421200
3425900
3432600
3418200
3414800
3444000
3416000
3424300
3168600
3432900
3427700
3416900
3418600
3384200
3379500
3422100
3333000
3387300
3181200
3314900
3389600
3415200
3301700
3388700
3387800
3415000
3306500
3383900
3393900
3416500
3771300
3390500
3384100
3420400
3420200
3367800
3400900
3391000
3405500
3399100
3410600
3389500
3391000
3392900
3439600
3173400
3398000
3059100
3424900
3374100
3393800
3312800
3401300
3401200
3412100
3395600
3320000
3406200
3413500
3294200
3333900
3408100
3398300
3319600
3400400
3402200
3113300
3075600
3423500
3395500
3133300
3340200
3400400
3392700
3423600
3326300
3397000
3384500
3396300
3380600
3349300
3303100
3406500
3394100
3388700
3396800
3427500
3345000
3323200
3395500
3238500
3406700
3421400
3308100
3330400
3417500
3567800
3413000
3433200
3399400
3077000
3404200
3402700
3417200
3346000
3401400
3338700
3461300
3326500
3398900
3390900
3422600
3356300
3388200
3661200
3589800
4128600
4178800
3752100
4247100
3964300
3528700
3471300
3446000
3340700
3481300
3445400
3438200
3427600
3433300
3338900
3425600
3426300
3422100
3358800
3342100
3417300
3431200
3447700
3407800
3437700
3426900
3475700
3391400
3497900
4148800
3480700
3224000
3436100
3459900
3433300
3429100
3451400
3452500
3427600
3422200
3426700
3428800
3425500
3456800
3389000
3958100
3735400
3445000
3593300
3305400
3682400
3646600
3665400
3682200
3675900
3444800
3433300
3443500
3441500
3430400
3419200
3340500
3421600
3411700
3417100
3422300
3415800
3418700
3420000
3428800
3335700
3419700
3420300
3625000
3609700
3653200
3695100
3487800
3426200
3418100
3424000
3437900
3330000
3424200
3432900
3445600
3394100
3412400
3445600
3344100
3420100
3417300
3340100
3367900
3419400
3422100
3424900
3428000
3412800
3416500
3424600
3152600
3417000
3416900
3433100
3415800
3409300
3318000
3435100
3414800
3395800
3684700
3429900
3362000
3423600
3263300
3410000
3465700
3427700
3442600
3419200
3378500
3446800
3309100
3414500
3431900
3414100
3393500
3402300
3415600
3408900
3336500
3414400
3398200
3342500
3305100
3421500
3410800
3371900
3410600
3352400
3398600
3192900
3384400
3241400
3408600
3444700
3408600
3325000
3392200
3430400
3400900
3345200
3400700
3403800
3406600
3320600
3389500
3446500
3393900
3235600
3393400
3374000
3391000
3319400
3392600
3407100
3429600
3393400
3304300
3382800
3402200
3367800
3357100
3392000
3338300
3401900
3636500
3318600
3420900
3371300
3252300
3397400
3446100
3389300
3035900
3420800
3260400
3406200
3326400
3394900
3316900
3396200
3349200
3378300
3413300
3402800
3346900
3395900
3443300
3425700
3418400
3386700
3384800
3390500
3412400
3389700
3386400
3180600
3393400
3342600
3319900
3437000
3359700
3234700
3407900
3449500
3407000
3333400
3410200
3456500
3389800
3319700
3400500
3433200
3413300
3154700
3395400
3418200
3548300
3575300
3637000
3613100
3575500
3314300
3610900
3341300
3593100
3432200
3208600
3450000
3417000
3374600
3960500
3463600
3344600
3440900
3388200
3131500
3401900
3445000
3434700
3679200
3788800
4146000
3858100
3800400
4244600
3870600
3483800
3469300
3426100
3413000
3443800
3445200
3425400
3430000
3442500
3436600
3318100
3427600
3473100
3427600
3427400
3448700
3480300
3175500
3428000
3434000
3455600
3432100
3438600
3429800
3452500
3421600
3425600
3332900
3442300
3418800
3198100
3421900
3417000
3361400
3400000
3408400
3425200
3436300
3384800
3415500
3436300
3465100
3396700
3413000
3429500
3447600
3366200
3421200
3434500
3439600
3648800
3417400
3423200
3436100
3410400
3344900
3395200
3416400
3377600
3372200
3395900
3427900
3393800
3346700
3386500
3377300
3401100
3258500
3317800
3404500
3399300
3344700
3253900
3399600
3437600
3400700
3407000
3404300
3475900
3333100
3405000
3402600
3490500
3402000
3403200
3397900
3311500
3385300
3400900
3326200
3493200
3396700
3439800
3410100
3276700
3431900
3346400
3394000
3347600
3157500
3403200
3322800
3349100
3377400
3404400
3394700
3344700
3420200
3423500
3450000
3397300
3392900
3403300
3403300
3160000
4043800
3402400
3330800
3397400
3356200
3421100
3407400
3394900
3236700
3407600
3413900
3365500
3254300
3402900
3423600
3315900
3354100
3432000
3421300
3376400
3340800
3416200
3421000
3397000
3345500
3410700
3415300
3426500
3402400
3273900
3409700
3402200
3379700
3251800
3395100
3392200
3394300
3085300
3433100
3434000
3398900
3289200
3393200
3398100
3407100
3354100
3419000
3397200
3376100
3072900
3415400
3341900
3386300
3226900
3389500
3386900
3399800
3321300
3387400
3414200
3389400
3388800
3440900
3301500
3387600
3378000
3698200
3415900
3412300
3291500
3382700
3396400
3399600
3391100
3241100
3426300
3438600
3357700
3425900
3416300
3406100
3301500
3419600
3420100
3416700
3355400
3398600
3451100
3430600
3403500
3411700
3425500
3391200
3390300
3350500
3460400
3390800
3213400
3071200
3474200
3396900
3393800
3387700
3319600
3504800
3619000
3560700
3606600
3612500
3550000
3538900
3637800
3656400
3559500
3439800
3455800
3187000
3432000
3220900
3482400
3461100
3457400
3497300
3458800
3451600
3404200
3440600
3414100
3409800
3381100
3438000
3713200
3992600
3589200
3838700
4006900
4334600
4387500
3950700
4475800
4481800
3602200
3463100
3456600
3380400
3435400
3439500
3426200
3425800
3457500
3444800
3425200
3428100
3458200
3441200
3453600
3384600
3461600
3449300
3428900
3425900
3447800
3433100
3425600
3424200
3162100
3423400
3430800
3418700
3470000
3429800
3427600
3428300
3485300
3425200
3425700
3417800
3261200
3430700
3435500
3424400
3476700
3427000
3422500
3419900
3450300
3399500
3420900
3427400
3310600
3430900
3422500
3439300
3325600
3426900
3430600
3430200
3450500
3617700
3430900
3419800
3321000
3405500
3416000
3391000
3407400
3394400
3397600
3320700
3370600
3388500
3406800
3354900
3389900
3304600
3422300
3360200
3404200
3340100
3206500
3321400
3328900
3428900
3406500
3413000
3408500
3430900
3394000
3396700
3431900
3474200
3415800
3406900
3404300
3450400
3415900
3405500
3389300
3466500
3411700
3387200
3394300
3168100
3418200
3409500
3417900
3437100
3401500
3411200
3413300
3420900
3414600
3391300
3418100
3378700
3431300
3394100
3400300
3397600
3402500
3393500
3417400
3398300
4325400
3629700
3704800
3648500
3306200
3738200
3748900
3795200
3441000
3423300
3426800
3448500
3439000
3427500
3434400
3473700
3441300
3425900
3431900
3450100
3431800
3431300
3427100
3299200
3442600
3421200
3184900
3378000
3459900
3461800
3430300
3263600
3421900
3420300
3414900
3442600
3420900
3416500
3412700
3373800
3422400
3423200
3422500
3425300
3403200
3409700
3407100
3422100
3402700
3410700
3412300
3400300
3403700
3400700
3422200
3400700
3669700
3397000
3739100
3806200
3421900
3419300
3424200
3367900
3414300
3415500
3894900
3438800
3422300
3455600
3421300
3415800
3407100
3419200
3417300
3415800
3406600
3430200
3369300
3422700
3370700
3394500
3404400
3410800
3425400
3391200
3396700
3188500
3452300
3434500
3466100
3447600
3480800
3484600
3476600
3564900
3454400
3408200
3391900
3419700
3448200
3421800
3419000
3426300
3412300
3390000
3405800
3429100
3420200
3395600
3388600
3416100
3419900
3406400
3401200
3431500
3419000
3398200
3423500
3402500
3404900
3402300
3488000
3886600
4043500
4043300
3910800
4152800
4236200
3613400
3418700
3184500
3828000
3351900
3420700
3423000
3419700
3420200
3412400
3464400
3425200
3418700
3409300
3414000
3456600
3420100
3421300
3112100
3452200
3418300
3416400
3433700
3440900
3423400
3417000
3421800
3423200
3421100
3429400
3436800
3416200
3410500
3420700
3438400
3413100
3417900
3415200
3343800
3420200
3411700
3413700
3431500
3420700
3419300
3411800
3429400
3414500
3405700
