141
272
15
614
200
27
38
206
108
1071
95
342
356
203
36
8
560
121
11
119
99
84
8
569
313
267
478
43
147
449
164
35
321
145
106
500
639
913
560
48
54
340
22
324
50
162
547
526
300
168
128
134
229
11
368
2
364
5
522
34
273
366
132
652
107
312
91
2
6
30
26
448
751
227
110
92
135
70
152
38
63
246
22
549
58
419
108
294
79
72
399
120
178
92
143
13
308
522
429
591
240
105
361
18
107
3
65
60
68
49
131
246
746
400
383
331
334
1054
153
280
163
100
317
147
190
400
689
47
303
66
215
87
90
220
600
231
26
56
7
281
9
380
177
46
242
690
40
50
226
199
251
183
280
133
18
54
537
216
13
136
134
104
109
139
16
24
326
189
95
496
43
1296
212
485
286
32
291
244
365
6
127
142
867
378
346
222
341
265
28
49
475
380
199
52
295
98
544
175
571
256
514
648
96
252
33
88
107
774
713
302
472
204
174
303
202
397
80
341
2
123
365
145
57
1495
239
94
243
160
159
424
44
24
344
26
27
346
123
354
79
68
91
59
116
636
133
194
591
19
3
172
17
891
53
79
312
192
265
300
70
202
491
782
1
98
43
40
169
336
104
63
138
132
276
288
25
104
265
30
260
50
412
577
165
1069
41
189
25
750
32
38
20
276
70
404
225
170
62
207
543
470
122
65
35
87
68
358
405
536
340
165
392
187
78
603
44
137
132
39
4
101
192
360
104
884
484
237
358
794
507
300
13
339
302
77
51
156
18
43
47
43
33
71
7
209
273
584
30
302
55
126
106
58
416
446
201
247
267
87
13
256
113
195
719
428
159
40
142
285
124
83
320
894
335
432
182
117
310
374
323
587
250
10
28
681
185
962
35
103
305
510
122
33
65
64
259
139
213
85
263
353
225
187
11
118
326
292
87
83
128
379
141
250
273
730
526
886
125
418
187
245
419
87
30
43
99
37
60
18
374
404
22
25
116
1
132
492
120
499
63
324
164
24
490
395
241
25
259
805
145
299
803
391
12
472
226
370
37
42
393
242
420
11
158
28
47
245
862
91
13
116
97
808
277
1009
77
149
401
22
150
137
79
124
400
70
138
64
48
372
193
144
142
11
428
205
373
131
156
244
250
43
207
6
101
211
72
34
680
118
52
382
221
52
755
39
169
45
512
89
4
796
76
148
439
425
224
41
390
798
39
141
47
366
182
110
471
58
2
325
53
552
109
289
117
135
18
41
22
777
320
295
197
625
20
205
23
284
80
28
43
11
213
83
18
93
88
1323
61
145
271
241
13
470
93
146
271
276
69
130
59
75
148
180
453
105
1693
94
105
671
391
19
136
320
2
5
246
128
485
11
1
1335
421
265
28
612
59
134
153
478
53
117
128
12
1034
153
350
19
15
100
69
968
510
490
261
98
4
10
301
135
129
52
545
257
170
94
443
212
397
59
82
181
383
355
5
156
464
256
196
873
161
30
343
271
355
125
90
176
167
436
97
172
32
325
56
137
32
99
251
167
20
159
1124
269
149
299
136
138
82
298
704
104
113
373
54
134
178
52
227
137
123
79
220
231
4
414
77
168
364
92
7
170
635
196
114
130
16
355
568
133
97
363
719
33
59
518
575
15
317
216
106
5
76
28
184
51
132
285
36
46
124
202
1438
53
48
341
287
318
189
719
296
679
106
203
84
696
91
413
206
135
17
4
771
967
20
15
478
117
43
1486
406
954
48
838
20
58
39
529
73
50
125
82
473
551
556
263
332
17
191
64
986
608
285
247
34
436
481
233
414
587
130
269
51
463
28
7
31
134
305
367
30
140
164
139
852
31
64
76
195
209
112
505
92
137
89
170
224
465
12
698
86
223
399
21
22
682
89
471
985
123
75
364
209
409
33
165
240
119
100
119
460
127
88
182
422
193
27
127
179
454
22
13
720
321
329
76
115
301
47
33
10
35
460
124
554
190
145
164
238
377
212
89
15
879
952
20
22
41
674
73
69
152
184
759
80
20
354
9
49
170
292
29
56
118
198
129
60
28
84
142
1087
68
357
80
2
29
121
78
182
249
253
257
228
23
99
376
215
54
613
191
33
241
233
32
103
136
70
117
7
44
156
667
19
255
442
29
175
416
63
192
147
61
194
1284
262
256
32
8
427
246
37
12
447
30
166
363
136
296
172
114
22
9
580
33
1146
141
171
121
6
422
8
739
110
561
298
76
54
384
150
81
408
86
52
167
53
80
105
273
47
200
21
172
366
239
1448
63
73
191
307
13
90
566
135
14
15
644
30
269
76
222
317
369
76
152
41
159
10
171
4
323
121
328
698
191
39
34
599
21
193
261
63
603
99
696
686
307
126
106
236
299
1423
49
143
36
250
19
635
328
450
655
282
77
37
191
443
15
196
91
273
1474
638
346
206
6
147
69
386
304
570
450
103
132
47
97
18
176
102
1406
11
88
98
74
61
895
26
177
513
127
65
248
26
191
316
319
197
244
68
257
65
995
187
477
259
546
276
1184
219
955
130
119
786
35
111
43
1370
187
103
94
360
257
41
436
393
181
299
255
133
61
117
85
1040
409
1158
248
139
44
6
162
124
283
550
1213
2
65
671
508
106
149
506
184
34
109
290
470
106
223
97
187
42
947
2
349
325
107
64
293
519
33
242
43
246
190
654
69
596
150
260
17
238
20
88
276
18
425
25
282
120
81
268
187
593
36
25
15
427
146
200
274
584
39
111
13
109
221
11
124
255
51
108
14
223
226
551
436
95
338
233
96
17
44
87
261
667
816
174
43
365
82
545
243
115
861
190
458
252
186
376
2
582
199
138
10
186
861
123
24
110
163
142
141
17
408
340
418
394
2
149
454
88
304
442
310
295
65
699
102
14
252
5
43
3
471
123
806
137
351
278
144
57
505
71
239
49
154
55
329
65
115
301
14
17
123
518
482
92
601
259
843
378
275
45
292
19
44
426
515
27
10
198
34
108
47
526
700
44
181
142
532
33
1178
401
1134
4
39
324
213
38
13
278
812
238
692
50
120
341
404
323
42
183
323
40
46
392
78
23
238
1168
331
811
532
257
66
737
153
816
16
257
6
260
665
5
41
189
181
284
150
190
214
23
227
294
95
430
83
122
306
326
142
83
52
631
232
560
241
26
35
420
489
22
162
209
651
1071
461
680
80
69
76
369
30
335
407
294
2
42
169
63
293
368
117
14
173
6
98
25
129
331
707
246
153
290
4
107
62
118
48
162
3
99
131
242
58
387
164
639
754
277
6
130
157
17
156
278
276
543
425
107
689
124
385
329
178
79
7
62
189
273
220
37
501
252
661
533
598
171
9
200
187
100
192
7
66
236
52
276
121
234
380
26
78
107
69
33
72
54
1274
122
39
250
183
54
25
223
225
89
21
176
407
160
52
279
370
183
248
116
216
291
279
587
59
449
176
286
386
256
81
63
9
577
120
339
323
389
128
7
151
44
102
16
347
59
33
16
1073
425
35
206
351
127
91
68
75
312
299
10
125
118
320
60
9
19
182
324
157
58
192
50
142
527
1071
204
78
227
256
100
169
101
83
44
201
561
193
382
45
457
106
172
8
207
299
119
156
32
602
9
272
186
11
94
493
936
132
66
642
439
54
112
255
20
324
84
58
161
15
298
23
161
55
165
108
60
339
880
38
407
125
162
571
1
950
485
2
198
6
227
29
123
31
169
75
42
2
178
134
792
922
155
148
220
5
123
245
480
179
496
605
197
1
83
99
125
893
159
537
492
34
97
166
130
246
155
174
85
56
21
251
430
94
193
157
504
109
97
66
1
29
428
196
141
539
247
796
432
367
100
387
247
107
62
269
248
458
164
96
558
28
114
687
681
70
326
97
156
489
556
22
470
663
677
155
107
1
163
151
128
178
649
270
786
252
43
669
194
25
185
275
288
45
12
121
35
124
77
9
77
58
782
2068
125
4
32
127
95
21
18
61
4
41
564
113
185
325
19
335
351
213
381
220
493
125
46
3
238
150
224
333
171
31
494
129
7
804
232
292
162
329
289
353
104
22
405
636
15
565
326
775
729
29
733
48
307
305
287
1
15
259
198
143
258
89
267
230
71
130
47
164
227
45
410
419
287
146
129
318
402
432
46
327
2170
72
314
160
318
906
46
106
602
85
151
229
12
143
457
461
47
458
69
605
477
205
234
185
40
52
6
126
390
469
97
29
3
68
181
23
322
447
108
1482
304
22
362
132
97
398
20
593
300
540
172
225
37
89
86
32
175
162
13
88
105
38
364
482
37
169
313
930
119
38
214
134
141
94
6
1515
400
1440
109
16
81
107
325
804
190
73
162
28
2
132
456
81
32
134
248
750
295
369
31
251
640
982
46
188
287
17
107
457
39
123
86
115
171
381
710
24
415
222
18
189
218
211
401
1397
192
29
446
278
54
378
194
87
14
765
448
210
189
174
28
14
146
118
287
931
12
47
325
563
293
3
15
90
34
13
970
511
148
111
96
150
296
3
364
200
140
503
212
146
128
888
275
104
206
74
143
250
610
150
68
47
376
375
666
8
538
43
18
326
199
520
63
510
566
213
92
198
71
14
644
191
159
86
321
14
565
153
53
407
497
102
214
35
36
2
429
106
237
456
178
214
278
628
229
103
357
396
17
178
442
29
509
40
262
110
119
331
401
208
92
377
124
117
108
20
684
114
580
235
212
13
148
462
45
55
102
603
432
81
280
192
284
461
666
347
170
389
190
336
156
98
112
165
7
219
365
181
609
218
50
162
121
18
306
211
1558
868
351
122
4
163
110
184
210
491
102
338
61
160
346
455
24
109
105
35
266
235
379
138
426
1099
144
165
23
454
343
289
117
302
188
40
517
45
3
15
187
54
56
448
222
84
303
128
139
128
61
128
189
619
77
150
195
178
74
337
40
217
478
504
257
90
199
355
51
3
398
403
157
397
69
606
715
87
51
136
209
37
780
14
184
305
395
208
1053
192
24
30
65
302
388
43
578
296
76
145
297
597
413
30
172
337
21
151
178
23
600
693
144
304
1103
93
52
577
54
204
191
29
772
158
456
73
95
28
62
175
18
5
617
66
357
253
630
69
163
49
81
87
131
46
283
22
329
265
75
28
545
862
97
31
232
234
784
293
503
877
84
121
351
20
310
166
377
171
35
74
4
115
652
342
5
467
67
343
699
99
86
110
9
79
93
137
10
1
474
138
76
259
83
38
459
486
1236
377
49
855
17
172
5
161
33
408
21
206
100
43
914
372
146
86
83
185
101
907
222
446
360
9
332
136
729
127
140
754
684
137
44
484
401
566
8
1043
197
495
11
27
262
240
294
232
987
41
577
189
36
100
249
432
30
8
180
253
7
24
469
89
598
37
52
506
295
361
24
131
20
33
395
75
204
12
51
61
173
341
62
346
930
808
298
586
1270
20
145
193
237
257
179
184
550
8
49
24
230
26
433
18
13
776
186
36
199
672
487
167
121
70
457
409
58
715
414
937
50
174
275
712
44
175
369
170
404
384
143
131
45
417
638
70
48
245
384
76
49
188
307
97
825
107
408
184
77
9
269
98
293
1
84
73
66
105
811
48
119
242
1376
99
490
36
90
172
261
219
163
19
230
2
316
88
181
215
91
585
106
71
342
267
791
317
719
586
15
152
126
389
86
629
67
49
662
16
51
276
399
3
718
789
49
251
131
101
589
10
436
84
382
420
247
1082
406
58
270
275
142
27
60
160
408
340
691
1122
346
263
40
180
50
162
281
19
431
522
473
196
51
16
235
267
101
66
148
241
160
135
67
42
192
383
25
282
132
351
214
76
368
164
343
264
33
46
119
9
83
677
578
36
177
160
414
230
493
15
785
60
824
103
131
284
235
239
412
277
912
68
57
6
86
464
174
128
306
101
38
643
73
438
717
146
734
419
357
35
64
30
26
202
234
184
158
156
186
27
83
3
55
343
685
96
170
47
406
268
34
97
404
160
297
181
3
94
372
147
118
74
890
504
355
241
572
99
406
1246
64
123
87
43
50
215
84
281
58
559
294
210
250
98
234
1666
10
269
49
202
89
27
150
133
100
210
637
359
526
279
32
128
1494
429
104
64
42
295
52
351
826
138
429
524
321
482
131
4
159
135
26
37
240
471
329
59
519
256
459
395
117
11
63
160
706
413
886
89
45
235
741
252
269
695
151
527
194
275
390
1129
76
2
279
431
456
347
413
561
338
49
111
177
190
51
66
228
47
852
121
51
129
170
81
119
382
311
105
259
640
383
297
303
415
469
166
296
169
215
1241
737
82
718
62
388
67
206
128
358
173
180
37
6
21
162
36
46
113
289
753
447
23
119
79
60
26
95
651
226
21
201
64
35
443
1181
348
463
95
131
227
289
372
40
327
276
182
282
194
105
139
135
1220
485
251
458
144
141
85
386
130
344
404
67
439
39
223
211
150
56
721
41
677
159
623
270
101
165
243
51
104
20
849
6
106
289
207
269
12
37
175
475
221
266
218
105
363
219
94
83
29
856
246
104
603
533
674
164
181
13
322
221
9
258
86
301
139
26
934
284
3
136
146
496
168
42
615
188
457
295
193
1
398
108
192
64
246
444
37
605
205
797
326
207
99
45
214
1343
119
525
220
168
96
456
81
171
94
716
246
202
65
80
151
54
751
243
21
73
589
88
184
209
155
387
386
350
1134
1115
298
53
647
315
886
192
77
41
103
343
253
923
112
48
41
64
182
162
1462
163
29
97
13
640
208
80
114
389
179
87
421
114
90
400
173
185
210
127
328
110
115
230
44
398
179
58
56
314
385
62
528
269
906
221
271
438
121
332
45
409
147
71
165
115
458
23
60
97
150
134
471
54
328
127
82
1
89
349
446
680
243
48
352
76
69
37
156
233
336
337
375
23
120
318
100
311
707
218
79
162
171
119
198
33
214
4
446
655
81
295
27
90
251
65
541
39
1115
1225
265
44
175
720
179
2
30
43
294
275
53
737
391
22
142
465
185
70
38
363
18
41
856
375
129
178
663
279
281
227
55
121
204
220
131
24
689
483
72
436
453
333
30
854
638
223
8
200
132
20
306
260
288
156
143
190
507
383
501
128
198
159
56
362
630
165
345
131
304
752
64
83
11
117
127
192
91
545
432
1181
367
139
701
26
35
111
192
255
40
182
286
16
15
675
57
88
431
336
542
85
24
238
82
209
175
57
115
173
188
152
80
34
305
269
58
263
383
131
47
68
74
93
257
273
382
238
181
511
294
453
34
309
293
143
7
308
283
280
103
52
17
330
14
1018
177
219
374
193
71
158
238
39
68
87
255
41
264
68
268
309
721
897
319
452
596
581
532
139
25
87
727
224
381
273
111
53
370
158
266
123
93
381
24
71
544
393
303
101
220
26
461
79
44
404
419
1
56
167
104
98
34
116
40
81
226
382
75
103
538
14
311
553
168
84
344
25
127
46
122
74
40
428
37
290
83
622
86
351
313
713
1275
12
151
211
552
129
12
55
91
317
150
27
396
187
59
234
102
204
76
246
83
159
256
139
63
880
106
3
137
76
458
42
103
157
179
700
159
67
19
12
95
672
15
90
11
104
222
191
113
68
57
958
250
161
329
154
414
185
125
77
274
288
533
122
215
220
772
379
1629
423
192
37
75
206
321
46
337
16
401
20
20
336
326
56
2
82
11
102
24
131
334
576
294
124
28
19
122
4
94
29
283
148
415
90
157
158
995
49
387
329
575
132
376
69
171
59
63
206
162
72
222
1
191
446
78
448
31
94
487
33
823
29
16
1006
386
93
202
26
139
304
169
354
50
1118
449
186
132
254
236
429
171
17
66
67
124
14
180
56
127
99
27
397
428
233
21
119
264
381
289
215
199
83
49
933
92
66
270
260
464
10
219
107
145
145
37
388
412
157
95
83
410
72
122
40
221
347
265
112
555
172
104
34
31
72
169
237
464
655
137
353
187
153
113
33
396
145
428
426
7
509
300
281
348
111
16
892
264
428
54
303
90
331
144
113
388
365
7
375
36
141
723
42
293
576
514
190
208
495
642
323
140
13
71
72
227
539
24
68
15
67
64
332
84
129
116
472
21
74
328
319
278
151
230
485
751
1507
189
10
652
107
567
44
165
14
545
112
229
77
1060
463
57
276
804
68
533
466
22
37
399
319
140
294
47
288
17
64
537
157
530
92
227
19
34
65
437
211
157
87
9
498
103
33
111
194
297
50
82
20
853
90
619
91
165
47
20
54
103
395
73
358
165
48
63
540
185
71
51
446
815
52
125
65
248
92
218
30
195
173
63
93
713
448
416
165
369
182
69
352
82
10
696
55
44
158
284
264
2
34
90
639
479
553
910
16
62
1046
48
353
228
787
341
160
385
496
224
579
578
293
39
61
305
234
483
895
378
836
862
223
113
120
27
95
919
208
124
13
44
57
1
123
29
289
216
742
78
114
13
54
101
20
23
114
187
327
37
180
100
1230
524
7
598
30
84
14
398
977
248
299
6
23
260
641
34
223
174
127
47
107
92
180
538
92
122
34
178
362
681
671
823
477
397
339
209
766
328
563
697
8
426
299
689
521
604
597
856
160
1
622
401
163
449
37
234
23
518
108
60
322
316
476
141
191
444
516
120
303
239
138
1162
532
21
252
547
937
47
322
71
55
38
361
193
181
379
287
130
125
125
147
35
145
76
57
493
222
7
524
157
738
162
96
90
393
505
356
1091
198
32
133
33
45
2
578
390
62
887
45
172
370
165
30
346
421
108
11
573
68
386
367
28
138
248
580
949
59
93
98
245
93
692
95
574
229
208
102
766
260
425
613
605
27
267
688
146
1099
21
32
90
335
342
10
272
330
135
117
36
225
34
277
92
456
443
359
186
307
80
192
94
292
171
137
17
47
221
80
544
139
278
339
35
75
385
105
234
3
376
133
162
18
22
46
140
24
38
173
40
13
193
112
184
2
68
119
385
35
166
306
729
60
356
413
207
383
243
696
310
63
34
465
473
616
78
183
250
31
14
121
292
94
564
14
180
465
1013
44
632
173
460
147
55
330
163
732
39
223
102
13
150
68
222
226
321
557
62
500
18
458
103
165
235
1264
376
238
220
483
258
92
519
311
788
567
651
31
11
194
534
289
213
101
205
119
46
48
128
171
16
24
42
47
51
336
48
138
125
324
46
547
46
12
235
364
108
21
1013
340
158
486
319
483
119
112
491
345
129
338
63
38
625
135
218
14
57
369
624
69
19
391
402
6
252
185
107
345
207
57
583
273
12
157
76
590
39
294
18
58
787
112
67
35
175
89
323
32
5
74
49
138
64
416
569
623
130
4
264
35
28
303
73
12
7
810
556
85
318
112
386
287
34
363
75
106
665
449
17
1296
185
16
7
127
704
877
31
743
417
149
162
297
101
99
245
48
191
376
34
197
9
330
35
450
83
456
102
343
13
261
172
471
111
624
33
129
194
149
238
32
70
90
109
308
8
618
28
296
41
332
500
59
480
152
412
185
414
91
168
282
515
873
204
108
604
230
62
11
445
510
506
173
599
6
43
1703
148
1009
72
94
366
367
31
480
139
400
204
204
309
104
24
187
561
397
46
125
839
128
48
812
425
834
139
34
193
88
64
539
422
306
445
1
433
171
150
137
559
375
305
1071
254
53
16
100
131
34
142
95
63
213
223
23
275
221
83
59
803
353
224
265
371
213
1098
16
184
65
4
142
114
266
357
22
166
167
97
40
105
42
20
982
85
625
104
35
314
436
28
157
91
45
46
440
3
131
454
168
119
147
10
157
242
83
146
247
401
218
84
626
76
83
413
640
447
1354
252
190
463
32
118
551
37
232
399
2985
204
301
465
33
364
548
848
329
399
742
607
586
235
388
247
93
112
16
12
273
39
635
1119
120
877
185
153
15
37
654
156
119
3
203
579
7
102
361
110
826
181
113
70
60
22
738
53
1242
137
159
55
326
91
259
75
147
500
92
150
439
129
349
51
37
147
33
155
181
135
94
311
178
277
358
183
245
40
111
204
36
583
208
13
169
204
306
170
57
15
629
162
36
65
137
36
675
933
192
69
72
158
95
251
263
103
603
2
275
62
61
306
48
1206
27
49
110
10
49
489
186
271
13
110
74
453
99
342
158
252
448
45
100
406
3
388
38
113
378
126
401
629
1136
413
7
411
397
212
147
80
365
151
53
98
3
451
224
73
108
22
64
15
101
219
446
40
444
129
197
212
63
23
48
495
244
117
295
22
169
63
237
443
1194
406
250
533
2
129
197
631
90
137
152
440
21
85
168
398
20
42
52
254
281
118
383
293
376
883
90
383
185
423
149
1435
114
153
215
64
8
295
33
134
67
91
51
702
254
539
33
356
83
244
77
30
492
13
254
93
77
293
185
188
477
440
575
471
122
435
542
91
794
112
69
310
49
45
106
419
440
186
254
111
15
376
46
89
84
485
153
865
265
261
566
154
38
17
100
195
27
52
465
147
139
89
566
519
49
113
65
8
52
215
532
167
299
24
164
2
197
167
32
308
623
15
338
35
14
73
223
21
10
174
135
251
316
82
319
89
659
318
60
192
13
685
328
58
510
426
11
313
413
1209
48
301
193
134
78
67
74
123
168
88
81
134
45
66
164
98
42
139
518
231
300
652
45
24
2
76
481
11
157
66
96
6
114
273
485
581
169
267
86
6
156
411
39
113
224
176
194
30
306
1
287
5
158
678
795
265
181
30
421
874
133
68
301
256
133
673
155
100
87
131
213
271
109
146
311
9
247
498
108
69
689
73
55
226
58
5
30
51
45
295
274
108
651
945
370
55
323
71
380
398
176
170
88
1242
100
255
231
267
851
14
454
454
308
179
420
142
499
39
97
681
74
113
211
58
694
449
29
145
209
178
375
35
66
320
138
507
503
297
420
423
1150
214
376
90
817
268
704
131
438
678
1218
50
121
34
432
129
45
52
746
10
274
367
317
77
155
273
317
36
133
83
100
6
150
127
214
485
168
352
49
14
282
105
292
85
56
540
278
662
596
209
126
577
190
25
339
46
128
738
303
164
85
30
422
176
108
594
575
76
451
116
149
176
63
523
126
737
110
14
143
185
114
665
108
1023
3
136
20
266
74
16
358
69
81
8
228
154
201
257
944
27
85
60
503
527
302
450
308
39
162
201
142
91
33
515
10
45
95
231
303
107
229
101
771
135
39
142
85
280
298
517
309
30
106
30
145
203
679
51
110
191
315
78
501
169
693
1301
316
99
57
888
31
288
25
581
19
140
126
284
19
824
292
94
96
246
1171
38
868
175
332
494
141
75
462
255
243
173
19
191
79
6
159
88
218
409
49
389
64
227
303
12
245
192
547
314
462
51
107
9
71
54
198
58
209
209
197
127
183
31
82
366
289
192
201
188
878
204
44
70
560
141
252
93
31
85
95
74
481
731
111
655
309
182
124
71
46
59
31
730
188
267
147
296
832
338
52
15
262
149
119
29
543
68
18
19
216
488
35
36
218
83
706
1470
175
106
25
62
156
16
195
171
8
136
45
224
430
32
82
756
118
443
586
126
1446
77
9
480
196
147
349
116
610
213
91
95
890
113
163
200
61
25
949
512
610
255
420
137
593
188
264
84
17
227
423
8
405
232
662
56
1047
488
116
373
181
34
444
68
1
336
8
74
253
53
8
63
134
481
103
1007
253
165
200
130
252
60
580
165
288
16
335
25
269
541
337
203
90
233
857
37
8
665
449
415
174
430
138
379
457
302
416
455
685
473
93
273
63
262
266
53
240
10
582
95
278
477
144
27
205
66
164
347
3
254
329
298
71
54
270
26
100
1019
319
81
1
13
346
4
175
666
96
15
10
454
236
277
490
227
32
747
1
388
30
64
250
242
20
352
323
215
497
156
29
168
321
311
892
252
320
230
149
198
166
164
160
377
207
474
261
37
311
135
337
34
427
70
279
120
44
246
31
430
8
59
14
346
64
144
148
16
197
155
290
470
386
115
71
163
207
13
21
321
32
413
167
269
83
415
196
331
205
63
428
159
81
333
640
479
424
208
85
49
707
698
86
13
67
361
974
21
151
172
74
75
135
54
92
255
575
326
307
162
5
474
123
435
695
347
1482
71
18
467
529
479
79
39
930
39
1784
338
57
55
120
441
119
4
436
99
197
1145
926
158
263
123
633
47
217
209
302
256
258
83
1070
330
192
723
82
26
11
337
49
223
135
21
244
240
1663
13
822
134
62
174
77
120
11
536
68
51
542
44
80
96
10
158
91
174
464
553
51
784
234
185
377
220
387
129
681
197
55
123
90
241
231
254
127
49
259
530
407
588
8
106
151
227
468
74
34
211
301
77
100
500
55
37
16
601
306
488
330
42
61
91
375
344
1
208
1048
416
191
484
1121
14
215
22
80
83
69
692
208
27
132
323
93
76
360
409
86
24
524
336
42
5
250
145
138
425
38
49
397
64
439
24
135
104
86
11
14
339
316
159
320
166
132
72
493
242
105
408
285
187
50
100
101
359
353
200
70
147
128
12
131
176
199
53
574
86
215
576
181
631
264
24
1097
141
29
196
133
208
113
146
357
133
346
13
308
793
1081
93
424
26
413
277
265
229
120
3
91
215
397
66
4
298
36
78
732
106
55
236
354
59
373
152
9
45
184
81
73
34
204
338
43
1
278
598
265
456
160
18
54
342
79
141
228
336
1227
858
36
332
583
41
393
292
118
268
2067
502
164
22
106
103
31
157
90
57
14
99
90
1
674
1323
349
217
143
372
187
474
121
277
95
228
520
304
543
124
13
421
61
17
118
136
140
189
432
144
261
304
271
229
10
280
304
133
593
95
107
500
238
360
148
246
302
210
191
23
398
42
74
360
24
253
19
47
302
501
146
746
158
168
47
252
23
11
126
397
56
8
73
605
60
156
139
115
56
683
345
102
25
638
208
283
622
520
489
255
199
239
103
80
65
57
573
34
221
190
252
113
18
251
33
381
1348
242
48
624
222
213
515
146
53
920
584
359
226
108
248
170
39
554
223
172
6
10
64
44
30
899
110
559
459
251
473
393
875
105
316
278
66
21
612
353
60
406
6
590
65
24
24
94
186
479
159
608
136
534
282
409
7
112
198
479
901
147
58
243
180
152
537
513
375
495
101
7
121
36
127
684
33
13
49
246
724
309
345
172
108
186
110
257
135
115
80
385
73
143
95
21
38
551
48
108
270
79
258
73
201
9
1659
90
178
46
223
64
78
158
278
263
223
41
332
146
236
955
63
311
632
410
126
96
127
5
194
222
266
153
456
52
19
387
211
585
478
135
82
56
392
6
160
378
74
57
15
946
151
906
87
635
96
163
463
285
14
475
570
42
484
67
231
559
495
225
103
41
676
526
404
88
397
64
385
363
95
1017
530
285
290
264
123
345
833
20
906
190
169
11
183
26
53
142
181
275
867
38
246
676
137
653
1155
827
283
79
106
329
9
413
20
164
49
82
248
201
504
61
112
263
77
299
515
132
244
327
504
17
38
179
128
185
85
214
448
182
954
14
327
310
138
230
795
114
613
267
106
495
1163
81
252
67
198
22
181
205
579
256
379
70
106
48
64
122
83
257
553
1214
371
14
98
19
207
11
84
307
192
158
1082
296
50
452
532
553
56
18
612
99
303
772
128
6
268
464
870
20
47
128
165
552
379
8
28
682
40
536
13
728
69
243
112
122
25
257
229
159
603
79
19
72
56
333
14
365
6
748
405
25
218
149
543
285
598
9
244
150
74
151
76
96
51
211
28
897
114
407
153
499
47
134
1187
369
122
180
204
16
94
183
12
852
270
255
133
95
131
428
406
238
505
261
66
166
58
147
248
377
87
284
180
92
289
335
38
625
391
241
380
27
157
21
344
430
565
252
8
148
49
193
263
18
1120
6
397
289
196
21
368
40
912
197
143
324
213
16
87
347
620
162
466
95
365
466
348
457
318
78
6
123
318
2
322
13
481
185
3
317
49
357
124
74
91
162
91
953
203
284
21
168
23
59
445
241
21
73
147
469
411
115
448
528
141
654
21
245
41
630
225
114
18
135
330
41
1
729
380
242
537
457
320
390
160
152
36
199
745
80
106
85
633
943
64
255
6
119
195
58
53
1232
124
460
101
286
176
127
791
122
44
53
207
593
784
206
134
46
235
57
10
45
449
35
41
227
598
123
81
405
325
17
127
108
129
532
134
142
247
453
391
315
216
147
565
68
92
71
12
203
499
12
178
360
215
11
1
204
383
87
764
219
363
216
113
32
79
96
27
64
122
226
179
157
43
375
350
91
372
205
230
17
180
138
507
487
123
31
155
47
844
111
1053
457
301
53
172
14
139
196
774
390
181
742
228
438
208
100
338
349
350
179
128
145
10
193
119
368
268
303
40
261
44
491
127
115
64
133
445
9
53
150
1264
132
132
635
92
12
109
258
289
121
184
249
341
265
454
699
679
294
2
119
340
31
157
116
169
184
40
32
811
16
364
79
289
159
51
93
199
232
166
372
173
158
123
49
267
163
271
20
8
115
174
292
41
330
223
156
456
342
4
34
3
294
711
32
100
3
203
24
7
66
138
596
770
1032
572
82
46
239
450
66
506
153
630
257
310
160
142
580
372
357
22
365
1161
355
85
934
122
77
89
218
363
353
1031
98
458
666
592
181
83
44
45
460
93
557
214
97
339
43
267
554
190
274
189
321
70
54
113
241
93
525
116
530
39
752
222
52
130
689
114
801
348
92
37
63
33
920
109
389
532
150
219
91
16
78
932
98
457
165
65
39
331
861
238
539
254
13
369
14
926
34
62
4
130
235
576
4
883
239
195
139
26
161
371
202
163
310
73
1047
153
49
70
399
130
50
7
114
14
10
137
15
149
80
19
731
6
188
1135
46
153
183
9
13
683
195
365
49
221
621
454
74
687
90
254
434
536
540
475
342
6
246
15
191
49
384
224
9
190
51
157
197
815
17
93
298
225
145
404
509
6
13
170
325
16
99
229
468
375
565
66
394
76
18
57
287
128
65
185
911
16
40
1065
131
10
215
351
516
743
895
29
215
328
352
96
138
346
69
80
58
58
228
6
42
314
122
193
209
45
523
64
681
47
66
72
714
91
290
122
443
840
9
2255
45
123
288
86
31
42
785
986
197
213
48
119
239
249
770
575
15
168
19
191
491
127
141
209
70
320
18
564
244
274
417
195
277
794
47
190
16
19
235
166
58
38
127
33
256
278
67
5
342
114
404
388
288
187
131
244
245
25
17
147
120
143
31
640
285
164
50
302
647
23
94
122
157
270
372
48
113
94
141
165
98
190
387
223
229
268
744
1017
274
211
126
128
19
44
489
169
19
376
46
503
272
319
285
84
544
33
278
783
60
111
33
80
821
458
29
216
341
268
76
598
143
217
23
158
50
177
214
47
60
271
12
538
56
518
17
41
312
57
328
213
623
1330
59
317
36
950
171
9
9
113
1398
132
474
300
638
34
255
410
503
1237
121
798
126
331
183
55
513
2
93
211
91
1
237
294
159
192
694
244
234
451
70
354
323
458
136
46
166
466
135
94
282
116
337
126
484
912
271
203
159
9
199
309
141
459
179
1211
35
496
578
361
1068
1044
67
504
323
110
68
266
79
15
869
844
968
94
390
156
186
163
31
276
398
26
313
78
10
727
260
54
229
209
202
239
28
158
430
376
528
191
38
353
281
335
103
266
165
418
184
359
260
53
41
285
38
432
93
733
179
80
87
228
7
20
338
606
925
329
124
4
1895
209
1
83
454
83
185
77
37
387
308
191
670
5
432
572
395
7
201
463
501
188
547
258
328
95
44
602
41
185
280
164
143
31
67
376
422
422
193
39
146
117
156
337
489
162
123
52
69
1
52
44
493
102
432
151
74
1
722
38
788
201
292
8
76
448
109
480
742
35
1088
938
227
74
99
98
80
383
475
190
143
94
626
9
167
159
13
18
70
186
115
77
520
351
435
41
254
408
19
183
334
198
26
157
11
632
240
1363
41
92
595
36
434
340
6
52
265
399
196
465
370
296
522
2
396
451
277
562
257
409
307
705
356
173
22
254
44
223
756
70
109
714
63
352
9
791
60
57
293
423
163
142
306
578
567
142
425
722
19
309
105
47
326
1
1121
51
49
761
449
127
87
360
611
22
216
135
169
1047
519
27
443
132
50
120
4
26
906
324
1078
439
541
435
264
56
266
67
43
334
798
111
169
225
34
208
53
20
1140
158
433
423
198
560
190
89
19
936
9
335
285
279
150
131
2
92
60
72
15
172
352
41
67
259
112
40
188
88
124
137
178
134
326
283
154
435
450
125
779
20
78
42
105
26
32
1820
281
4
213
41
289
383
464
6
743
121
215
521
109
337
134
317
41
82
533
1301
271
280
526
37
605
848
171
128
6
175
132
784
190
188
574
186
143
160
652
15
90
257
232
124
24
501
377
912
945
310
118
32
63
27
91
280
24
43
303
173
347
189
292
363
59
310
292
52
37
328
210
322
178
13
155
239
377
241
6
117
23
125
240
715
543
213
313
151
357
61
27
145
181
400
40
129
54
31
521
495
745
228
542
93
22
50
90
503
170
59
176
69
276
40
463
43
99
76
41
53
149
233
1318
75
307
125
49
1088
17
3
127
69
510
31
27
57
102
64
59
205
2
139
515
232
75
121
333
338
259
1414
292
152
210
80
145
73
418
286
296
582
215
129
264
343
23
68
371
1665
196
402
215
716
277
67
347
530
17
123
479
519
153
360
57
188
118
246
162
204
26
177
303
121
24
132
112
343
87
443
257
322
234
178
429
113
558
132
60
310
6
347
7
144
175
336
473
266
35
387
41
31
348
450
7
259
90
496
21
29
85
20
862
21
530
430
192
492
4
754
136
464
524
373
644
169
113
17
36
343
831
641
183
325
76
81
61
9
96
173
131
284
146
561
489
63
7
710
138
431
12
129
853
137
45
172
95
900
72
123
529
394
103
198
285
354
49
239
174
57
80
103
109
362
90
157
43
560
111
126
388
523
30
377
158
110
347
120
176
139
256
144
650
779
261
77
86
140
464
422
308
222
277
264
248
116
493
318
40
8
964
97
746
261
378
278
301
5
396
4
80
471
800
275
54
125
502
207
22
22
88
91
684
70
732
211
346
183
285
351
301
67
17
115
564
73
118
100
112
275
73
260
500
48
133
652
59
707
60
292
241
698
548
170
706
43
44
79
46
397
153
123
91
190
117
293
1226
3
23
107
408
320
135
22
25
428
276
506
311
215
117
279
130
61
127
458
350
88
429
323
36
639
85
887
270
5
439
125
281
48
346
58
111
240
212
12
259
553
216
147
652
188
264
85
18
268
1234
142
12
126
235
231
220
132
596
584
62
329
17
188
765
408
71
423
402
685
26
28
132
81
424
13
223
81
70
12
289
215
1
260
235
76
110
148
59
5
65
27
302
2
141
417
290
324
130
850
264
239
83
59
57
120
96
22
239
257
105
265
586
335
317
52
154
62
556
153
130
46
40
157
30
211
700
89
39
257
953
371
108
805
196
1754
87
852
387
86
159
60
439
79
26
96
54
63
235
84
1093
98
53
314
290
17
189
24
178
81
40
248
146
366
77
3
24
415
609
122
367
342
1340
624
571
174
88
153
189
303
205
130
622
136
564
22
182
58
161
123
144
142
1
586
640
234
238
280
168
595
281
220
392
339
417
699
569
642
103
21
207
63
38
336
166
9
197
70
99
136
93
197
361
132
338
22
476
308
458
190
280
354
41
8
91
1120
42
216
606
143
40
90
1088
153
39
7
41
100
52
270
143
537
67
21
90
446
276
188
928
76
58
156
55
251
511
24
10
321
310
205
718
175
26
182
291
129
91
384
599
349
510
233
220
96
149
66
205
64
306
297
253
230
871
594
161
335
622
26
161
184
358
469
480
260
45
286
533
137
10
367
111
112
467
92
362
47
756
139
416
53
179
225
82
122
890
97
16
34
38
132
90
27
451
136
51
465
33
34
320
77
880
13
566
241
47
783
44
264
600
236
64
115
734
489
265
8
541
263
487
39
110
448
554
7
131
98
31
305
184
746
214
314
382
1817
171
219
816
7
136
128
18
142
126
201
51
70
291
349
381
810
268
96
342
187
374
366
31
102
293
322
412
168
234
87
68
42
147
58
115
353
175
208
1192
212
168
35
248
6
219
385
398
301
445
220
13
109
371
128
60
110
186
92
59
712
776
72
71
1210
130
137
193
586
19
135
268
117
356
319
621
90
143
55
82
287
343
144
205
539
53
37
314
270
190
491
111
248
422
52
323
15
65
364
24
319
218
216
76
239
53
177
67
29
62
126
6
1228
290
32
297
97
450
315
521
40
148
170
350
224
41
21
160
13
18
388
361
218
218
301
166
208
60
135
116
13
2
116
618
263
22
84
81
106
111
231
109
161
1084
70
176
39
6
531
696
309
295
213
314
92
987
1316
53
86
270
34
1719
152
257
89
551
24
89
32
303
90
396
76
117
551
210
351
38
193
480
394
47
476
615
370
25
108
290
168
53
171
83
521
90
260
553
38
56
1
160
568
158
12
672
517
99
95
53
24
34
5
569
594
47
277
231
36
560
1110
96
186
189
662
60
254
64
678
191
18
674
356
410
75
160
370
231
59
184
117
1783
364
317
51
251
64
168
262
109
217
477
54
507
185
356
605
232
260
93
216
329
355
339
34
146
221
144
601
1068
197
327
287
294
241
6
240
110
117
388
142
43
278
7
163
356
23
527
212
105
716
236
754
215
233
293
331
171
375
214
799
110
581
287
250
31
109
170
75
447
265
718
505
428
22
259
13
645
934
679
74
371
150
54
55
788
1
254
403
728
249
187
48
69
96
125
5
174
653
468
19
183
115
111
449
331
250
575
137
48
9
659
70
318
251
179
475
323
503
267
359
217
280
105
101
62
110
681
1
252
537
361
485
420
255
506
115
365
131
188
273
423
15
64
60
642
174
5
59
851
159
87
1023
64
257
192
280
569
392
626
1618
1013
255
39
104
93
744
161
664
124
405
7
230
684
48
89
64
34
219
40
56
76
234
985
53
64
469
230
403
1214
574
93
400
494
652
1032
305
115
341
24
368
15
46
55
547
147
67
28
349
90
152
66
585
309
28
187
78
840
970
398
73
754
646
75
293
334
155
131
869
39
59
278
96
385
41
1218
84
88
485
946
360
534
75
99
197
200
607
320
172
163
49
137
204
175
466
131
51
464
50
79
99
425
123
75
312
96
8
156
226
266
166
97
156
262
181
189
286
147
275
268
108
481
13
183
47
307
215
246
1165
43
184
192
111
147
40
218
196
1155
323
118
327
454
383
91
678
181
5
84
609
318
16
54
171
501
61
57
157
127
196
201
173
610
352
185
335
15
86
122
108
71
616
958
54
61
750
141
319
243
95
16
656
1229
412
143
94
244
112
321
307
406
580
4
41
145
360
134
329
439
573
309
93
194
127
20
77
52
555
29
231
683
69
320
1409
472
276
231
60
79
264
708
393
713
155
436
1259
287
42
334
223
605
100
1
29
1380
213
40
640
1190
57
51
47
193
194
289
21
220
241
59
299
806
117
279
386
21
132
183
866
237
487
153
1
182
330
222
202
323
93
21
827
478
34
355
47
253
144
55
411
925
511
203
334
179
73
610
62
214
223
440
91
109
205
126
236
328
236
1221
96
192
308
660
154
1044
135
450
488
166
42
81
60
331
235
477
28
84
521
151
550
711
339
30
413
29
3
467
481
513
323
128
449
562
121
474
569
146
435
10
107
331
949
424
736
85
113
592
21
25
327
661
101
347
21
193
667
69
9
79
184
426
197
236
455
171
521
80
204
246
106
853
330
18
193
295
6
207
123
248
28
81
287
353
116
98
134
313
233
182
146
284
81
335
45
210
68
31
634
497
34
137
63
66
88
222
708
200
113
347
181
125
433
234
1058
17
134
5
119
656
59
3
607
10
403
60
117
141
164
216
145
298
130
211
40
602
140
1
342
30
495
654
70
347
230
394
22
31
247
31
183
404
1151
167
362
248
60
77
322
149
334
22
450
45
121
98
307
73
167
193
256
22
18
52
32
429
269
301
227
16
286
670
59
169
33
77
36
1
506
17
497
118
227
35
89
327
1
765
353
328
120
597
307
119
286
476
89
457
858
136
10
282
32
179
179
512
31
130
155
168
180
20
431
500
280
84
298
837
73
138
124
929
107
113
246
569
432
139
100
173
373
12
216
473
372
74
384
124
976
38
1426
351
332
49
274
376
228
101
512
197
84
145
144
157
207
139
132
334
387
208
435
184
201
224
2
36
371
601
68
35
105
344
27
562
15
150
69
329
510
286
200
491
35
633
18
267
159
479
1552
334
86
539
220
18
88
436
8
136
110
240
185
373
1043
153
11
147
235
99
138
331
142
776
517
872
546
185
289
351
61
410
618
285
29
523
481
30
57
9
301
387
405
306
67
37
235
119
214
250
292
199
75
386
633
12
81
89
468
7
378
33
317
341
170
30
54
4
399
88
103
243
207
519
1403
154
146
66
328
283
117
220
35
125
432
77
281
60
369
1347
179
33
182
212
106
50
183
41
89
512
224
1
746
531
211
13
273
585
1057
131
31
277
678
98
350
339
100
158
10
177
337
224
580
129
547
679
502
30
82
243
151
157
394
849
1107
713
233
714
132
227
120
237
89
553
137
102
399
165
185
82
136
164
171
96
78
118
902
260
70
129
206
38
360
239
93
756
109
90
583
259
52
266
222
29
536
58
270
163
495
103
254
571
62
182
29
426
43
276
277
75
542
9
156
1068
315
577
698
44
20
189
222
386
57
103
377
237
390
449
70
480
542
113
164
180
193
295
152
252
156
362
155
184
67
299
470
166
258
311
135
361
19
813
188
11
179
54
153
254
631
492
324
57
107
158
908
91
65
99
339
120
329
410
659
149
41
44
133
48
475
161
12
13
620
432
49
38
229
581
61
107
386
28
96
296
894
1114
5
20
406
19
89
483
113
239
193
866
296
58
63
30
245
5
177
100
29
186
168
239
92
103
168
185
504
37
624
33
504
105
40
56
341
8
989
112
140
115
12
195
47
139
367
536
48
396
628
303
829
489
22
73
267
11
24
246
87
2181
72
34
1
86
12
182
361
237
153
217
25
143
248
405
958
293
495
233
71
183
92
100
78
399
237
32
78
105
137
445
5
81
387
151
77
14
21
213
288
283
199
218
98
132
26
133
241
323
102
571
1060
605
8
124
717
444
5
12
337
30
639
41
356
322
961
86
48
248
197
93
51
225
27
116
154
13
594
17
342
149
175
137
155
133
201
266
21
229
108
265
75
171
690
98
618
559
102
81
337
358
157
200
387
78
187
213
15
231
165
13
409
85
33
179
727
680
316
194
237
346
246
320
596
51
207
90
47
266
63
129
97
185
107
164
345
36
50
26
579
149
278
315
104
189
414
136
158
3
233
4
367
63
164
590
20
90
49
685
139
350
27
30
191
135
322
314
49
9
179
1129
41
147
1
91
897
136
35
36
870
138
122
152
93
705
173
30
209
109
161
158
512
40
155
587
54
140
575
285
322
128
123
424
124
125
47
94
104
128
733
567
8
18
243
285
443
331
94
22
331
56
985
25
109
57
259
70
721
290
1016
79
330
293
115
215
284
169
240
437
75
126
66
534
208
683
170
5
3
172
68
256
79
707
21
531
144
146
471
56
148
626
23
558
124
246
148
205
57
448
68
46
174
901
72
171
226
187
11
140
99
282
84
65
9
640
360
125
224
63
38
1
7
54
935
849
22
263
195
274
34
190
126
486
293
369
247
103
55
185
244
239
137
118
247
201
303
22
367
117
213
127
125
692
274
1077
510
35
227
513
999
454
325
174
15
23
89
17
126
85
218
72
378
7
761
642
57
293
101
343
68
132
124
231
228
158
361
214
25
5
17
172
293
38
22
240
195
153
28
19
217
179
129
51
104
395
231
22
84
290
22
160
3
79
52
274
119
316
84
61
56
119
1
12
109
49
330
276
66
92
202
260
40
131
131
330
979
107
419
92
141
38
81
104
24
128
99
38
88
466
176
952
278
33
14
74
87
93
1394
245
82
69
405
253
67
198
563
168
371
314
253
538
7
75
1177
17
1
439
14
173
150
486
273
166
4
35
32
56
32
48
301
27
26
5
332
323
443
290
30
208
34
112
208
175
114
238
298
178
188
699
191
159
462
60
498
1
48
165
52
80
16
289
190
35
145
70
6
25
49
267
224
8
378
303
43
377
50
38
25
107
25
77
602
134
449
185
107
216
85
24
239
168
31
618
21
286
8
146
296
326
271
1
24
63
268
40
402
32
17
162
10
31
250
49
52
12
384
57
261
841
15
91
636
194
236
31
465
204
50
42
738
189
238
181
344
108
202
264
16
113
83
469
61
28
279
129
5
269
34
34
210
26
203
31
364
270
46
15
18
132
89
714
69
27
38
32
800
318
315
337
281
92
232
685
148
446
531
568
302
149
188
77
21
87
36
113
15
142
254
585
546
285
213
455
740
7
251
620
285
155
153
100
15
210
287
70
440
41
200
34
714
231
26
569
156
473
326
491
135
341
1548
55
254
135
324
376
126
510
41
118
253
4
30
105
165
403
190
116
410
808
256
2
137
276
86
38
210
256
257
140
63
210
276
382
184
17
57
140
9
108
578
798
463
249
410
156
37
377
37
279
35
134
339
21
59
107
632
213
31
985
64
349
12
425
69
507
83
