65
9
43
6
3
114
16
47
34
58
71
15
38
94
3
1
44
65
6
33
10
14
13
5
17
4
9
56
80
86
8
22
11
18
8
1
3
2
25
28
5
1
9
36
1
13
23
13
18
61
15
16
5
66
46
31
28
23
83
13
13
31
22
5
15
70
58
40
72
15
55
10
2
141
108
8
72
45
36
59
1
26
28
1
17
41
12
3
27
82
2
80
19
124
1
28
2
67
41
57
29
6
200
25
12
55
26
28
14
56
47
22
30
48
5
41
8
12
7
93
7
6
57
33
67
2
12
65
1
11
2
148
19
37
21
71
4
3
55
37
15
13
6
18
24
22
4
8
64
34
48
1
8
5
33
25
85
47
30
7
16
47
25
13
66
4
8
100
2
52
13
17
36
95
32
13
4
25
1
15
3
11
7
24
1
13
10
19
15
10
2
59
7
7
2
2
13
47
28
10
55
5
20
15
15
17
22
60
95
14
6
29
91
5
32
24
10
82
42
21
1
1
42
31
15
25
32
24
18
1
7
77
1
6
12
99
35
103
9
3
84
84
109
8
47
1
7
28
11
10
89
14
30
12
8
2
8
52
3
3
33
46
57
10
70
12
10
52
11
42
8
16
12
9
9
3
67
3
22
70
29
165
1
24
28
7
10
24
32
13
30
1
11
119
2
15
15
83
63
4
18
19
3
6
65
35
10
86
1
25
22
17
34
47
5
4
80
11
15
204
6
21
23
56
16
12
126
36
86
144
13
8
8
50
109
21
29
20
16
82
6
12
4
32
10
17
14
16
30
13
4
13
38
164
106
43
10
6
99
6
17
60
6
28
13
85
27
29
22
4
56
48
1
4
6
44
12
10
71
24
41
11
2
4
12
89
8
7
4
6
26
32
2
15
20
41
2
79
49
32
20
80
25
12
17
127
20
45
8
14
1
185
39
32
5
1
1
18
6
6
32
36
127
49
7
57
30
29
58
15
22
70
19
3
35
13
88
31
132
28
29
39
7
5
24
1
24
86
72
1
18
192
32
95
30
92
8
7
37
10
84
21
130
10
8
42
15
57
48
3
2
35
28
23
20
30
5
36
6
163
71
24
33
6
58
51
15
79
26
11
2
8
10
70
56
19
37
37
6
55
39
1
2
27
15
43
86
19
3
74
6
80
14
24
41
21
4
60
6
16
28
37
1
1
44
74
7
58
9
29
24
11
14
79
2
37
88
32
31
90
18
33
21
27
13
27
10
3
79
38
11
24
31
14
17
2
50
32
15
9
42
9
14
7
82
12
11
5
6
26
14
15
50
2
14
47
37
25
88
9
41
54
27
8
39
8
10
40
23
19
18
108
6
31
1
20
15
62
7
35
29
8
44
56
85
10
10
22
20
2
19
12
4
12
8
4
64
27
29
64
16
33
32
50
22
75
9
7
6
1
6
246
28
85
11
14
3
21
18
3
87
18
11
75
5
27
29
11
38
62
92
21
28
10
162
64
2
40
23
16
45
24
7
7
62
32
55
7
25
35
101
19
36
45
12
16
107
25
38
18
20
43
44
32
11
1
122
49
82
19
23
13
9
110
47
28
8
6
16
39
168
69
3
14
22
9
13
2
27
91
3
13
2
2
24
16
14
21
7
1
3
22
40
4
35
57
33
16
20
57
4
17
18
4
15
6
7
1
13
3
13
26
23
10
41
8
43
11
18
32
71
100
10
6
52
8
30
68
3
1
43
52
40
8
3
46
36
14
28
54
11
16
45
27
2
105
1
21
20
60
28
12
24
10
48
10
5
7
27
4
10
5
43
10
13
34
8
8
41
28
2
14
12
28
21
12
58
6
4
13
31
49
36
18
41
4
20
11
52
25
8
8
3
10
49
23
117
13
11
3
11
40
13
56
27
10
71
103
12
36
2
79
4
9
4
36
10
25
17
42
35
72
102
2
8
17
34
9
23
3
4
6
5
14
13
54
22
62
15
51
28
1
4
11
21
51
57
10
16
220
129
35
44
122
30
50
12
21
17
34
57
23
42
3
23
7
66
78
1
13
19
34
34
6
24
28
5
19
26
90
15
19
67
5
36
20
12
21
16
81
47
13
54
45
49
2
33
66
2
29
54
60
20
9
38
14
1
4
3
38
24
12
43
10
42
19
16
160
41
14
18
51
61
17
45
21
5
16
1
61
55
67
7
64
44
25
18
12
2
17
26
83
2
27
55
13
38
9
16
5
26
17
4
33
13
135
70
7
15
82
64
1
8
21
22
20
59
28
54
70
