51
80
146
75
107
262
371
466
483
249
773
1053
268
121
40
3
15
139
694
172
274
333
117
1956
317
454
26
55
608
177
293
194
509
491
826
813
58
47
388
147
714
67
93
267
280
124
700
93
89
100
1188
683
270
720
921
130
149
577
163
339
1171
7
517
117
1114
296
259
1019
282
189
256
146
130
307
21
924
202
78
41
548
1653
303
511
117
476
169
227
92
749
484
312
506
135
446
101
66
421
609
751
727
194
301
466
413
135
455
686
1235
35
59
536
91
33
25
362
137
40
26
57
189
371
424
176
597
59
204
395
1109
1219
1048
144
223
2094
441
80
304
10
92
189
168
945
16
432
119
159
81
333
391
728
1312
366
47
1493
290
27
75
150
568
227
162
238
317
45
1270
314
426
259
466
642
574
35
556
92
111
238
101
276
37
696
418
1561
7
697
186
16
281
28
324
163
577
19
687
1582
1253
123
365
189
44
100
308
357
403
60
265
61
13
443
59
81
296
819
204
167
230
55
149
185
91
160
469
1314
383
25
110
414
225
309
104
225
282
508
184
278
238
1194
319
955
257
931
387
247
632
97
56
618
94
297
111
311
226
141
106
105
498
256
446
15
39
414
21
33
64
477
350
78
513
195
408
592
190
1207
174
137
4
242
493
610
780
772
149
481
410
228
131
37
346
237
471
518
31
377
30
477
495
26
234
161
848
510
81
179
155
159
69
424
50
558
58
164
102
318
150
385
1149
385
115
204
332
382
540
789
409
628
70
342
197
283
727
27
98
182
205
156
119
449
375
34
1121
819
32
376
379
487
285
430
44
115
375
533
36
125
67
301
319
589
30
358
11
203
408
159
343
300
108
83
79
234
1501
55
74
339
1030
361
24
606
1350
273
3
629
1844
302
89
966
185
89
355
549
252
99
751
534
109
208
404
67
389
24
212
1041
1159
291
135
287
178
106
151
194
192
320
110
281
99
80
215
546
97
41
365
135
390
628
280
145
345
459
1043
623
87
145
386
146
8
124
78
563
483
463
683
107
807
141
481
541
772
112
103
402
78
154
119
41
14
108
219
285
647
685
76
178
356
54
195
333
146
231
65
262
715
284
7
312
41
23
981
257
599
92
853
101
195
865
219
50
1095
741
432
23
27
294
949
985
122
410
82
96
242
112
745
18
281
143
434
192
51
540
35
114
387
544
238
63
577
518
840
236
855
103
152
210
78
52
173
197
1
1134
512
584
2771
156
227
266
90
266
86
264
208
38
271
754
376
383
71
832
757
1
145
842
34
358
387
236
195
466
244
94
491
197
1275
129
228
140
52
35
98
840
393
238
198
533
1096
65
637
568
753
68
15
786
804
597
54
339
59
438
314
1806
242
172
479
135
1519
32
1279
226
1400
1258
206
27
300
19
228
307
431
49
86
120
563
25
102
31
7
509
1206
68
319
525
67
294
617
788
448
903
321
281
725
161
136
97
937
158
247
363
179
677
25
24
716
1837
229
972
374
406
393
694
369
494
175
1017
61
488
423
1476
261
113
412
173
41
1328
152
642
725
30
210
200
79
44
82
232
454
43
591
280
68
361
156
49
344
680
1047
180
427
82
229
36
204
337
91
294
61
1331
1356
146
469
137
99
371
540
66
1015
572
211
950
72
1530
130
456
865
749
12
173
1161
85
248
1380
188
568
493
972
21
138
206
2
445
592
39
431
86
99
28
151
342
640
850
543
382
177
225
1242
405
727
278
372
56
437
212
447
1308
478
125
472
55
959
570
583
585
916
529
819
499
7
1142
423
40
146
492
10
77
362
20
13
2071
626
237
316
140
155
359
328
890
43
591
100
85
107
935
210
173
52
364
33
202
33
105
399
1430
118
77
149
504
8
1228
213
428
440
162
41
498
50
330
93
462
541
614
1048
314
848
232
954
574
252
142
344
472
137
84
466
257
325
82
422
1382
399
626
117
466
94
41
1127
311
11
137
72
254
690
172
92
80
1261
1888
60
569
408
94
18
132
257
328
115
111
532
197
32
97
509
658
614
53
15
2298
253
167
487
177
5
688
882
811
243
70
1360
1022
74
71
1150
2958
60
1151
1308
144
13
245
187
310
530
150
195
240
579
5
557
212
375
343
385
215
1405
995
184
61
106
874
131
181
143
671
605
5
140
187
116
687
121
346
49
40
84
306
663
919
102
64
483
588
62
666
345
651
640
386
63
153
43
348
839
651
859
228
312
793
437
444
326
345
552
699
55
296
336
447
338
226
213
53
456
363
193
518
641
730
182
184
987
585
165
613
719
591
278
26
73
97
1583
407
82
285
267
58
722
182
46
2637
477
25
67
265
150
795
220
276
329
606
537
49
29
312
227
408
1409
372
79
235
189
411
209
25
240
96
68
521
3477
236
440
536
890
77
165
258
1217
386
149
46
542
163
47
135
305
155
7
530
27
674
520
253
1394
371
200
144
540
582
632
298
136
105
1253
194
102
485
84
542
100
107
74
87
233
825
172
110
103
127
508
104
1610
400
367
517
314
428
752
1107
103
48
63
389
234
1289
322
670
694
230
385
63
23
199
39
59
89
139
550
468
663
494
1462
151
1305
1024
441
480
1539
157
239
578
395
708
245
205
281
17
590
177
10
575
955
572
328
249
913
518
250
150
491
920
108
142
245
211
130
97
181
227
670
438
356
12
78
97
55
67
778
1345
372
98
151
193
325
229
917
312
39
702
697
49
99
41
133
72
405
268
56
380
617
723
291
109
795
1145
15
107
51
509
315
1057
215
294
584
146
201
14
20
340
1460
563
86
105
216
271
493
289
387
28
39
335
323
493
335
520
107
181
2073
2
106
298
314
228
118
86
324
347
147
25
199
154
251
518
532
215
293
1210
1425
946
584
194
13
178
947
152
37
1445
65
1301
229
582
766
387
261
403
341
152
372
36
118
163
37
28
909
2
580
557
1001
213
453
894
142
238
335
1750
324
408
372
197
129
209
638
96
394
281
283
41
107
405
735
141
450
257
174
218
184
22
315
750
80
146
343
137
645
202
86
98
379
153
301
281
773
121
358
601
200
141
1233
86
229
354
244
177
1082
660
153
336
98
499
66
631
40
72
81
445
62
1652
341
412
52
227
12
370
285
577
162
117
230
348
259
462
625
746
347
45
94
29
330
514
170
588
19
124
133
500
381
203
262
1411
219
217
828
429
786
510
28
22
39
391
298
1056
104
87
19
87
419
1224
179
1416
455
151
924
84
1685
137
82
826
847
986
770
155
186
24
248
425
392
660
184
377
56
41
96
722
525
124
639
248
169
124
89
1071
155
618
11
1232
107
346
320
785
151
31
12
127
2304
173
32
119
41
661
498
136
123
135
470
338
372
600
176
625
1301
1130
383
324
94
529
485
9
4
653
250
13
307
269
25
39
63
881
275
76
258
56
100
5
5
306
746
63
745
279
809
427
52
323
1535
2151
515
263
347
453
778
5
1013
81
271
325
272
297
302
918
137
194
173
77
454
393
622
75
242
10
559
698
88
171
260
578
66
788
7
23
726
51
380
172
282
798
190
629
323
968
567
8
591
23
202
346
332
232
131
769
784
146
99
1621
205
610
73
316
81
235
468
528
803
5
161
47
107
180
40
170
842
853
685
95
61
5
416
583
95
1053
139
307
706
1065
243
877
48
646
195
716
533
688
753
199
875
667
935
30
1035
342
96
219
742
172
185
14
87
109
515
494
705
270
468
12
311
699
636
735
508
203
180
14
113
244
806
69
66
54
686
185
410
21
134
732
110
466
203
299
1280
1535
84
393
417
352
289
927
148
503
33
1856
259
272
383
350
44
850
185
199
80
35
97
1107
467
519
178
189
607
683
839
879
126
400
504
118
240
12
390
134
1027
174
153
214
353
593
250
30
1102
376
102
216
118
369
92
692
47
40
602
249
35
1039
350
392
438
337
90
38
1540
819
9
49
18
707
2
119
36
778
44
508
15
285
274
279
341
188
328
24
185
24
350
547
217
956
437
203
177
44
410
1549
217
177
196
533
176
386
1611
784
73
643
707
276
86
1117
844
658
177
709
8
2409
803
108
34
219
45
212
196
4
233
931
194
89
3
193
91
57
604
170
293
615
881
374
32
947
302
10
733
553
149
96
160
222
374
1232
73
332
175
86
621
111
33
343
1094
231
275
1093
72
349
1799
409
64
1237
121
563
53
296
341
101
202
643
531
452
882
149
721
449
1161
562
70
27
235
59
579
512
482
389
1782
199
28
936
231
271
125
215
932
309
536
4
94
245
56
172
655
162
111
107
216
359
263
428
15
84
453
81
488
121
216
244
77
55
160
236
276
360
136
806
149
419
49
2546
975
501
101
226
75
60
466
716
185
251
53
128
151
73
792
544
44
496
125
36
170
130
358
79
629
68
81
401
717
1161
639
69
872
1313
572
556
279
434
17
367
320
56
104
902
449
103
530
158
374
279
507
21
99
433
549
19
207
957
704
197
449
321
853
579
9
134
996
216
136
1611
964
574
513
88
1115
1221
822
709
925
543
494
545
2189
491
322
874
4
280
106
452
141
242
210
93
2762
131
382
499
777
808
851
1279
268
141
61
442
619
163
591
266
600
553
43
16
439
39
2083
1590
60
63
38
62
100
372
214
1206
7
494
728
106
444
80
433
544
179
2545
329
132
855
405
323
724
1688
1
1189
537
5
11
39
495
1034
236
536
303
599
284
514
1195
569
48
56
644
290
550
514
47
94
366
221
355
73
151
84
268
459
354
570
388
108
116
218
528
58
5
257
453
190
527
433
168
182
467
440
83
631
959
2
320
211
631
841
346
673
178
235
423
1136
44
166
104
49
251
256
67
50
173
293
111
95
243
195
434
74
819
202
99
296
141
1342
217
869
520
129
142
85
180
96
401
73
167
69
674
483
815
147
644
10
199
278
1419
19
18
461
42
151
283
876
337
108
148
678
359
228
494
333
526
457
408
659
81
150
514
263
974
687
95
1199
25
438
395
1913
1114
183
686
669
47
641
546
1
39
11
147
290
215
323
5
138
3
841
129
209
723
314
249
605
198
950
674
615
650
169
591
238
149
490
280
245
321
353
289
768
460
133
64
227
3
239
1095
35
530
681
186
87
1111
219
437
83
5
78
19
822
483
694
315
280
1890
17
1275
945
151
130
19
357
39
941
580
1317
467
165
459
613
689
60
134
83
774
45
39
51
149
902
389
566
336
52
390
1109
461
664
603
1028
456
405
404
67
64
18
414
1033
31
63
207
24
620
214
182
1330
301
300
107
516
112
1647
58
71
441
138
3017
654
494
70
131
247
532
888
3
323
398
393
161
1831
492
283
219
23
103
107
235
917
28
309
138
452
377
1894
731
1136
383
903
749
5
6
290
321
322
1191
348
578
416
604
105
90
414
23
113
70
32
717
52
58
18
1703
562
103
344
197
297
606
400
763
123
1102
288
341
327
400
234
414
72
143
364
1483
123
479
167
193
41
343
59
282
958
109
554
600
165
339
387
310
205
150
310
512
445
463
373
1244
239
461
414
866
53
1516
25
19
856
443
308
1273
144
1
395
46
480
191
382
3
167
529
78
18
84
578
583
609
830
15
8
458
621
227
446
204
347
152
580
360
66
95
98
558
154
578
589
34
1232
3
144
137
514
1494
503
672
229
522
110
571
533
171
15
731
516
470
158
1814
548
141
4
41
22
46
327
233
517
851
3
68
377
1125
176
763
730
503
1135
1759
125
1214
449
543
26
1180
3026
662
522
402
271
77
6
278
724
694
488
197
8
511
21
195
169
347
59
78
1081
516
264
149
193
374
290
845
537
360
139
481
119
461
260
246
957
30
133
411
989
38
370
435
215
417
580
641
154
1183
275
81
683
878
755
359
77
18
180
1191
136
43
184
62
551
616
56
235
349
111
1
203
701
206
442
962
2086
575
120
437
738
183
217
455
97
80
243
352
565
461
15
237
122
380
605
469
281
258
27
117
862
1360
439
339
441
473
252
384
581
47
1605
305
237
200
2132
620
14
68
690
1648
60
787
467
499
173
119
1276
381
167
50
217
257
463
1213
271
546
123
584
129
92
659
452
303
337
725
196
407
446
442
205
282
866
68
1076
172
1784
169
288
6
178
1804
83
113
1223
152
168
551
443
1091
301
176
150
663
21
30
407
216
218
139
356
24
122
428
513
79
224
460
471
614
221
181
2
155
880
51
572
569
379
170
219
551
315
20
805
306
344
77
449
276
186
132
80
1374
2068
262
274
1501
206
16
424
156
551
171
1081
67
106
310
2
1333
135
91
243
353
58
4
528
322
759
33
180
623
169
131
242
839
484
882
383
1209
9
126
238
338
40
606
282
333
64
138
367
149
105
156
124
623
968
639
158
437
1102
1057
875
547
231
5
257
8
323
36
220
115
863
336
509
211
99
695
359
462
596
213
75
440
1438
215
223
292
1310
720
138
692
661
33
89
65
361
545
334
1
1421
1
351
45
945
265
190
101
463
475
51
187
139
305
469
761
270
59
609
1033
208
146
264
283
302
125
167
1165
17
57
69
191
18
86
86
1224
226
404
316
164
6
1100
860
5
110
553
45
532
125
728
529
210
358
135
1200
11
111
68
284
116
120
384
286
309
35
6
588
452
241
162
133
473
446
110
1297
393
1406
176
409
1847
46
249
370
1325
672
93
299
1004
284
75
828
708
587
738
446
235
322
397
17
473
101
241
123
316
90
297
701
730
168
271
213
986
430
211
456
220
982
601
164
139
6
149
294
264
933
524
327
27
94
97
50
300
343
1241
67
563
309
747
703
153
91
146
160
275
70
284
35
179
144
473
250
8
7
1814
14
35
31
175
1468
28
363
67
692
482
95
9
165
172
399
883
502
892
585
515
108
660
294
1060
402
1173
43
319
145
860
1057
275
115
336
643
676
158
607
736
525
600
120
321
394
166
88
315
75
156
311
527
24
1120
1765
659
24
77
340
733
541
36
1071
147
167
810
590
98
325
636
85
1805
39
263
392
45
14
46
219
666
381
73
89
639
68
7
557
202
239
359
598
631
1165
477
349
311
391
2042
1493
322
606
562
939
403
277
422
206
487
463
514
402
191
2005
98
633
386
415
215
99
185
280
332
83
1591
78
187
804
548
239
693
531
287
436
165
424
429
455
139
536
1289
322
168
6
922
361
383
206
34
242
98
163
564
729
55
144
14
181
408
51
480
418
667
340
130
59
1282
169
437
715
67
190
351
349
32
303
309
267
122
1608
651
219
2
128
91
446
16
111
842
1088
1147
243
696
151
15
177
111
300
71
1532
38
288
570
451
233
787
260
104
389
5
70
92
215
343
913
457
38
31
533
189
97
542
199
232
152
416
70
368
588
79
259
1263
193
135
1706
30
75
1860
182
355
445
313
57
634
156
151
321
767
39
304
382
440
1875
518
25
930
18
300
19
383
507
317
6
402
248
205
1193
43
946
98
1117
59
199
121
1018
817
178
123
247
365
496
216
50
29
113
416
181
255
151
45
819
3
207
291
180
609
121
584
921
525
312
840
184
319
117
170
67
449
931
10
359
557
179
436
585
640
1385
31
204
187
1378
433
299
63
535
468
483
1485
171
107
221
169
336
251
1586
147
902
1065
1519
954
231
348
422
378
122
1032
112
624
839
118
63
611
805
138
458
1978
499
1055
3
174
1081
504
1250
410
41
161
52
437
325
347
173
94
275
622
96
147
232
159
622
25
249
777
957
1
31
689
675
312
473
679
664
6
133
510
710
670
1280
896
17
222
186
68
382
76
520
190
366
707
197
973
1249
25
687
109
864
102
31
162
567
206
30
755
328
357
129
187
14
93
75
612
187
8
344
1059
213
22
201
366
136
652
87
39
523
514
1123
248
1068
212
1033
282
722
534
342
199
179
438
681
47
1163
219
307
965
221
542
102
109
513
11
703
983
97
60
72
145
1020
282
38
337
92
627
102
652
18
52
333
1100
220
509
227
223
90
321
94
313
99
138
546
220
173
314
120
296
156
415
254
1154
651
228
143
658
651
686
1266
13
798
302
1257
333
178
96
331
314
2386
1188
112
1242
221
540
501
14
1592
39
406
221
116
1042
632
9
475
1579
436
74
236
103
32
54
20
694
647
80
76
42
657
3
227
231
324
576
283
8
468
110
186
887
722
46
437
104
193
91
184
706
266
372
24
668
163
118
294
530
144
37
488
271
1279
147
354
244
353
91
308
42
970
37
189
1060
49
250
544
298
502
318
90
54
114
926
129
919
401
249
39
80
24
69
1330
247
351
5
917
114
532
741
302
989
57
413
34
143
43
493
470
166
172
468
42
398
134
16
1190
180
2
109
131
320
398
1512
732
1710
1014
463
45
164
158
144
471
1152
413
353
853
295
110
270
874
694
207
237
255
739
13
535
269
25
7
36
927
584
1334
364
130
473
534
751
272
312
382
139
353
3
254
281
8
640
201
495
69
109
258
236
131
251
1329
819
1170
502
111
126
134
141
183
315
292
563
428
172
889
489
161
121
329
775
211
242
538
381
197
104
303
199
93
550
142
210
117
398
567
188
316
64
238
71
306
323
495
92
111
657
112
98
1955
680
83
588
598
59
848
682
1202
696
567
822
458
191
394
339
54
1591
339
590
257
215
706
235
249
210
793
785
529
181
323
16
93
709
60
1377
97
97
77
802
141
535
333
32
332
306
178
83
259
648
121
204
408
578
1122
5
150
501
433
215
34
47
950
988
1205
392
905
1107
1358
140
1169
168
106
445
458
240
195
359
389
79
598
476
73
499
704
531
1384
386
778
389
279
153
85
184
1088
672
951
433
589
562
10
24
178
203
7
636
378
66
992
461
56
560
371
48
759
1589
197
46
109
1053
50
855
472
251
348
1317
307
79
924
371
1097
131
845
269
376
729
361
733
824
265
95
195
298
187
164
142
13
526
220
96
152
26
375
85
154
252
638
17
481
339
605
3
1341
85
757
54
560
162
360
857
156
630
751
120
389
232
218
235
261
95
273
6
780
814
6
781
89
64
408
44
175
169
270
322
22
481
54
277
47
339
258
297
179
175
184
349
41
964
457
390
82
252
548
209
552
581
9
325
35
286
485
48
413
432
339
167
54
382
23
438
145
92
194
47
223
214
542
470
1087
184
471
353
1609
77
226
343
436
146
69
744
6
86
89
378
478
33
31
808
3
286
1265
267
340
7
517
503
650
406
552
248
707
227
406
776
1099
472
154
772
710
288
1212
542
67
568
229
477
630
219
427
554
38
86
87
852
303
216
216
291
489
132
63
372
1442
246
1136
191
84
149
348
212
81
69
31
694
820
433
91
251
110
141
34
122
163
247
346
211
201
9
1455
273
422
527
175
222
1491
1001
335
415
377
15
207
320
280
78
429
314
124
279
52
584
578
1188
142
612
193
599
21
728
443
696
515
284
62
441
523
1054
181
141
676
155
204
317
519
102
782
785
132
308
1104
492
334
381
211
191
21
157
117
65
339
50
2051
191
83
1389
48
697
6
115
1218
421
108
1340
37
94
42
262
506
461
1852
210
1
1560
779
201
124
268
207
152
309
201
95
477
958
1287
272
526
271
846
686
169
75
66
419
228
702
703
344
333
759
51
31
101
709
254
176
1217
441
541
1242
442
690
71
519
168
1066
1321
647
1089
432
693
52
674
731
115
216
124
6
409
431
22
39
141
165
400
207
232
245
84
26
51
114
65
74
1083
1835
1475
806
9
390
258
10
82
366
752
253
128
835
54
504
118
927
512
421
93
371
101
402
125
504
175
1086
162
650
239
125
98
775
1028
151
84
549
210
38
431
28
17
408
567
12
180
816
275
525
296
585
65
274
346
100
53
649
99
112
674
111
23
637
481
565
625
524
663
694
178
1961
465
284
1493
1322
520
43
717
18
501
94
22
183
184
230
184
578
187
132
133
227
61
496
9
402
599
26
911
667
441
354
824
111
484
17
40
92
125
267
76
382
976
208
75
119
648
1043
787
200
310
560
667
223
74
101
1639
554
759
290
336
1116
9
356
106
44
213
382
491
1008
18
299
2
195
906
400
18
572
229
572
11
460
11
117
879
24
980
40
282
94
273
1100
566
1025
228
200
437
295
104
599
309
151
339
804
437
32
42
18
1074
180
385
164
193
481
110
29
1568
563
738
499
648
1174
370
3140
238
302
538
625
9
367
619
81
38
1033
131
572
813
397
498
15
571
10
626
271
800
482
709
694
603
121
588
235
904
96
214
133
702
131
444
36
500
177
319
143
195
205
1295
108
857
502
199
55
78
418
525
709
313
493
2529
507
29
209
705
7
139
1360
57
339
208
30
212
939
52
603
251
1493
72
352
101
95
173
208
260
230
856
140
423
98
369
123
614
46
417
24
925
747
1541
66
16
57
409
809
581
498
114
316
301
398
167
222
54
420
159
183
212
919
561
1010
1150
1558
341
177
7
482
53
165
255
5
412
180
132
11
234
4
269
468
242
211
469
64
129
255
56
111
1469
686
1065
155
422
2
55
245
1012
87
88
399
240
419
40
380
882
415
140
44
646
540
86
1158
965
496
1242
233
62
608
2
199
482
57
250
367
101
732
192
939
1000
223
23
238
1654
90
4
177
1116
164
407
426
131
371
73
945
974
1842
130
369
123
77
251
44
631
853
401
69
366
784
152
38
116
109
52
112
46
111
86
167
73
238
140
868
7
188
12
1030
302
752
149
349
176
943
39
520
136
650
135
843
472
1069
47
195
179
156
812
196
301
14
257
487
574
693
131
693
689
735
81
220
327
1157
329
634
1480
490
51
414
572
2839
525
153
125
421
112
292
474
918
69
1667
69
216
35
738
601
210
657
344
134
377
624
105
316
293
42
55
152
218
835
1340
128
221
726
185
4
673
550
150
387
395
164
276
817
348
125
121
236
464
226
114
2442
586
333
1575
369
476
202
231
1277
389
210
265
565
131
684
91
561
60
87
75
144
475
645
7
13
219
1435
175
1295
30
218
537
270
176
9
311
47
1106
18
302
1667
9
254
69
990
216
391
57
1524
55
218
678
481
712
1705
63
238
168
258
104
247
62
251
77
386
159
127
289
744
169
452
83
441
252
224
566
334
77
299
488
44
23
228
50
783
540
61
1097
26
1120
276
86
318
7
339
465
2391
125
29
240
551
139
193
68
78
16
698
366
170
354
347
286
158
13
1287
167
223
526
360
6
32
77
175
53
349
1745
199
275
520
135
1193
1676
110
693
68
471
1129
250
130
155
324
104
517
90
535
86
580
353
185
472
168
313
197
446
215
231
446
643
557
772
104
39
467
269
639
307
372
459
611
131
79
551
464
169
944
245
572
232
247
229
21
273
181
150
103
223
136
162
333
1374
116
403
117
94
566
803
324
1121
314
40
366
189
494
371
620
39
618
45
646
585
387
175
50
298
686
224
209
471
256
65
257
148
245
167
266
860
157
1179
20
142
19
743
550
122
996
261
199
19
276
175
169
697
234
30
514
454
1405
184
215
247
986
381
425
556
245
972
40
10
1025
693
523
132
27
967
1912
936
1687
729
245
1321
1274
63
132
909
380
54
789
402
264
94
39
375
411
662
296
473
282
49
395
5
232
267
24
6
442
568
164
87
537
386
173
335
353
49
162
14
244
150
122
20
388
831
201
128
74
737
129
676
342
102
856
118
777
619
98
575
353
718
220
531
687
101
173
709
121
268
95
362
1513
260
54
97
76
257
302
783
340
159
1500
968
628
315
141
282
973
282
1133
614
456
253
208
363
51
1685
253
411
85
178
22
526
567
1062
16
498
18
32
435
1120
278
270
24
60
38
542
69
48
948
47
637
314
634
254
39
757
944
497
497
1036
88
590
828
900
750
534
518
48
546
1332
692
48
53
285
290
162
94
1322
29
125
370
289
184
329
689
1332
6
356
1510
194
5
541
492
50
331
34
439
14
917
205
167
423
798
964
118
266
245
1776
268
454
108
171
271
437
48
474
63
157
798
93
19
441
252
246
551
271
314
21
130
31
114
87
90
373
17
85
1312
931
489
310
468
344
327
197
266
768
51
1102
313
441
408
583
125
556
128
363
776
877
43
143
256
273
136
212
99
41
246
105
375
196
24
492
466
412
161
483
9
346
905
775
435
501
171
1062
697
212
91
845
93
139
1143
255
369
545
878
133
182
44
160
565
83
401
100
280
29
709
138
801
130
293
68
394
916
273
430
181
177
157
378
724
552
344
2001
495
471
1139
510
10
64
289
1158
98
403
1168
27
390
63
1
144
77
92
532
891
433
252
527
140
322
639
84
87
460
171
1136
338
89
100
63
185
137
46
1614
289
31
533
409
188
643
756
21
613
1610
303
22
34
729
456
1140
1363
2184
548
69
66
500
236
17
61
552
236
170
785
75
40
222
452
334
484
236
101
913
500
117
330
202
953
544
968
125
166
82
98
219
277
205
388
15
14
166
60
248
250
360
292
1163
67
207
518
192
1578
443
348
233
61
497
13
244
476
45
468
186
362
824
734
12
374
260
454
36
335
252
63
238
105
520
354
1697
26
254
839
502
277
43
112
891
864
35
26
90
79
263
209
129
292
610
206
363
862
955
373
315
418
324
311
429
789
531
173
767
465
114
34
58
485
131
177
252
245
281
150
156
121
357
302
1068
463
488
2433
650
88
489
468
1130
78
840
268
97
237
56
228
402
273
60
386
710
44
158
143
527
1123
406
406
16
493
205
622
162
81
1
1541
650
247
714
39
577
379
195
22
579
487
122
52
51
152
369
569
269
340
600
397
3
49
627
921
779
121
175
11
195
91
72
123
230
25
280
310
95
558
561
20
49
421
201
620
548
36
312
338
380
156
745
352
585
145
27
3068
268
48
82
14
151
182
533
6
508
959
1175
1196
143
390
888
87
312
265
268
175
117
217
95
301
649
9
69
162
707
65
393
41
1246
232
718
1192
679
209
21
113
244
129
1045
75
28
1141
313
787
519
167
198
941
27
527
17
428
655
152
438
412
158
292
382
138
71
784
545
294
769
101
849
823
37
332
407
10
423
345
177
181
17
1231
86
68
270
286
424
580
318
479
732
543
766
543
163
252
104
173
39
1632
787
1043
162
370
644
102
204
67
232
28
333
847
600
377
1299
358
279
11
1680
257
304
1099
1072
1039
571
69
137
247
85
393
91
266
1898
964
80
890
384
355
71
271
221
153
919
519
385
416
387
352
576
269
340
183
470
407
558
409
573
1008
105
525
421
801
1023
192
266
658
451
488
147
908
31
60
379
114
964
89
47
132
485
28
999
96
487
585
190
20
5
132
636
2610
40
60
869
555
250
179
510
539
238
995
437
71
76
449
417
642
232
24
297
230
199
392
302
533
238
21
546
893
1173
18
163
288
48
428
21
88
1365
1127
1754
282
170
495
39
686
20
114
140
355
733
841
91
1218
42
325
36
979
2020
125
547
261
360
609
491
36
308
661
731
286
184
72
12
60
334
61
122
456
58
235
97
885
581
274
800
87
179
445
764
595
221
240
117
1495
128
79
280
81
245
47
130
473
270
792
186
211
1388
194
109
377
95
795
135
137
187
354
69
689
407
307
342
232
188
148
576
96
60
950
260
104
140
1463
38
94
208
1523
193
65
1
8
358
320
415
192
88
164
76
184
218
323
26
978
289
875
962
378
1266
139
44
47
335
37
883
297
120
58
4
30
378
93
137
58
505
102
143
1108
728
242
40
406
384
179
27
981
652
277
82
109
138
404
311
111
472
128
243
59
118
227
206
83
29
1047
227
74
643
11
414
876
243
426
195
8
49
654
15
90
181
165
166
537
46
1536
291
254
949
169
181
75
203
159
1046
155
54
163
141
193
471
139
236
14
170
2
1233
1033
444
579
776
104
734
240
172
294
63
140
4
614
13
15
15
202
966
735
204
256
138
412
207
430
348
472
397
1892
192
55
489
576
240
10
331
1051
37
89
77
15
268
434
835
533
254
85
1160
1483
1
124
240
191
303
204
424
1047
540
5
185
709
107
575
92
347
424
610
587
828
230
207
674
839
1287
196
75
89
303
435
109
997
209
615
10
1347
440
9
1268
8
1048
533
303
22
575
168
345
15
877
247
88
631
102
424
146
85
52
992
27
69
353
406
483
159
56
931
1185
50
171
79
539
58
813
366
784
226
104
298
241
266
109
276
534
976
75
671
519
387
1377
105
364
745
152
614
185
42
95
490
103
188
759
246
89
365
550
100
139
92
322
191
311
104
771
346
595
143
36
721
436
7
188
103
571
107
171
297
166
92
593
855
61
1236
669
321
388
2809
18
225
471
530
468
365
233
190
236
45
283
7
57
40
1618
234
592
14
954
1506
50
798
63
75
152
871
361
379
1360
232
52
94
12
193
437
43
172
1305
443
3
129
28
209
379
123
695
539
979
34
44
427
126
589
307
123
175
244
315
184
412
64
147
169
37
749
192
259
150
536
85
440
135
1196
86
67
138
617
374
461
269
715
384
316
610
207
283
63
75
120
516
956
271
395
193
944
459
233
1117
1577
521
134
155
12
109
20
705
410
222
22
141
62
304
110
1177
105
450
1424
268
200
400
119
312
65
85
13
433
789
350
290
244
626
74
1130
219
47
305
382
449
280
249
220
119
134
234
1981
450
225
94
476
664
1300
479
28
605
123
347
839
117
646
573
530
529
249
277
536
88
29
1100
89
615
388
1042
451
78
1045
668
175
202
14
430
139
1922
191
54
219
365
42
208
420
407
3
260
377
1336
231
378
34
1322
284
361
121
125
14
510
39
194
465
147
394
440
293
311
1088
35
908
326
14
181
103
611
115
971
304
15
349
11
1494
71
495
104
120
330
31
60
788
37
472
586
535
1199
25
623
67
284
52
119
435
844
170
435
163
98
453
130
474
111
177
236
249
59
127
246
387
216
407
717
106
761
141
1484
1209
12
296
217
12
1377
171
34
167
54
273
624
947
286
154
207
16
116
331
10
419
27
911
567
338
385
87
254
1459
28
1252
188
142
355
206
65
438
403
101
236
184
562
732
922
230
233
140
650
120
379
598
1193
111
1359
84
127
159
168
302
1433
468
1630
184
257
527
342
878
182
737
54
1156
17
106
388
67
793
428
228
139
324
817
171
2
176
1056
322
506
109
635
637
30
258
549
638
159
199
1056
1647
184
207
178
21
643
289
286
344
45
509
473
25
801
18
1684
1145
400
349
2669
319
158
139
70
415
44
360
407
3
923
477
382
310
192
82
82
146
52
1301
812
58
329
416
350
619
9
477
55
632
113
73
44
599
69
680
136
116
818
391
202
869
214
310
404
564
502
117
501
554
274
87
102
988
21
1110
566
45
150
153
49
238
1
244
237
625
43
1457
768
968
27
396
972
165
1
444
101
68
130
863
197
622
459
2072
36
702
1138
139
1010
221
55
154
101
51
280
170
237
69
68
102
93
1518
317
917
173
595
572
244
254
29
296
181
320
23
235
655
161
466
107
303
735
775
844
108
387
222
355
323
434
110
916
43
287
1207
89
312
360
11
43
164
397
442
296
523
1625
101
1003
250
205
1194
94
96
45
1335
436
291
294
627
811
12
34
69
983
104
326
864
889
477
345
633
611
511
267
175
58
915
124
222
130
118
59
31
540
77
701
144
914
86
584
96
266
410
644
83
51
180
465
676
538
123
199
817
102
32
143
289
114
2586
115
149
8
94
796
309
14
386
160
40
700
674
41
402
757
86
286
412
246
206
206
1327
85
171
165
727
430
187
368
69
96
211
97
74
211
255
352
234
422
142
140
148
1686
427
114
230
223
755
118
192
398
721
17
445
1494
688
680
1002
23
122
1010
632
117
485
236
63
116
47
290
17
1064
940
596
32
207
729
81
108
36
662
549
1118
708
588
219
784
455
533
100
290
798
52
550
589
209
81
508
521
53
176
304
128
418
218
615
485
437
85
430
637
125
1165
1507
108
154
66
1456
79
124
280
112
757
78
60
139
38
186
579
1355
88
652
359
148
355
751
269
305
934
6
66
286
691
366
390
84
475
282
48
199
243
42
97
19
28
478
375
120
134
170
873
61
2169
263
518
345
618
556
232
492
336
1223
83
526
18
58
48
77
70
411
19
407
1752
120
101
49
117
253
555
266
1106
22
1
315
260
35
343
628
139
875
316
147
355
562
62
206
479
30
520
898
525
43
541
217
141
226
871
42
422
168
39
145
266
526
328
223
2159
101
1091
943
15
205
189
1166
410
1075
676
320
579
192
698
170
20
1053
179
163
207
237
61
508
372
1201
1227
231
1440
1147
365
30
660
137
588
145
2
2229
454
119
889
48
698
2133
93
370
406
176
142
876
26
24
107
691
666
121
37
158
493
440
32
271
129
482
850
30
364
283
403
1303
101
32
727
442
21
748
589
70
507
293
5
71
215
809
174
264
18
334
1192
113
1153
667
18
1063
658
740
320
322
100
502
74
502
1239
757
8
414
16
945
335
214
114
828
158
1494
168
131
1632
73
265
883
1838
359
308
744
123
124
340
243
314
501
32
388
302
68
22
50
525
87
290
184
836
184
877
265
36
266
1
454
490
842
257
472
138
767
572
221
394
726
190
1462
157
346
549
131
1296
282
94
458
291
114
84
165
502
243
54
751
3
163
293
441
45
398
460
1085
968
210
765
76
667
361
418
1028
136
1572
192
272
539
160
1677
29
1058
344
156
27
581
368
665
332
35
378
653
286
1
50
1
186
213
56
728
140
515
55
315
427
417
311
589
576
204
436
131
269
286
614
269
298
296
184
189
264
277
600
292
617
182
91
311
308
279
147
212
1853
117
347
41
49
211
166
482
302
633
597
37
316
458
68
673
22
1062
314
428
347
125
368
597
648
74
136
77
544
529
121
541
939
29
515
274
292
108
135
348
754
782
60
88
191
24
626
59
2298
237
21
334
452
547
79
86
392
842
103
300
881
425
204
604
7
391
302
253
559
676
566
149
1358
719
134
11
349
694
452
469
40
62
108
1080
425
127
436
493
105
370
454
488
308
76
301
344
1527
150
173
136
174
751
558
286
599
404
1439
1894
433
257
181
384
465
131
22
172
236
312
115
1225
596
1266
190
804
302
790
871
188
305
255
3
79
454
14
222
2
295
297
356
451
332
416
449
784
525
210
842
82
286
608
834
68
368
392
210
347
315
23
648
15
13
69
110
92
257
685
362
308
21
852
156
714
322
78
37
588
251
63
255
184
252
143
1198
155
34
324
188
983
79
443
96
90
500
42
366
864
622
603
646
29
124
329
270
1220
78
181
1316
338
100
223
376
157
968
298
29
253
59
584
2
119
322
549
271
60
2305
363
124
318
132
664
375
24
115
1070
19
542
1120
12
575
103
1008
8
203
253
8
736
724
59
1340
645
727
206
1082
443
679
161
247
606
1365
169
290
1
82
563
302
1153
635
1524
84
74
86
195
379
114
174
1567
916
114
726
190
1214
303
1045
145
159
1034
101
322
668
500
1
215
387
17
200
105
241
85
68
285
823
704
276
54
454
116
247
77
29
998
123
1185
238
1843
1019
1078
119
210
32
1255
881
114
768
483
395
781
291
342
1151
176
817
101
955
391
62
655
1113
423
32
611
486
123
615
37
11
307
1061
167
330
133
717
122
651
1017
288
178
937
190
194
711
664
249
193
51
269
27
772
28
614
153
190
282
393
168
34
126
119
327
460
318
19
829
626
90
881
40
329
2002
173
75
162
633
103
14
73
124
17
741
66
943
133
757
307
96
411
675
362
109
150
166
620
763
15
298
373
905
577
140
727
657
5
269
143
296
298
55
59
178
222
83
399
284
50
882
403
664
72
240
1276
43
4
1003
295
435
5
88
108
59
196
833
297
766
1288
219
404
362
818
710
71
568
150
214
211
767
534
118
107
316
237
140
64
399
269
1158
68
766
355
677
22
1007
280
444
225
615
62
216
467
101
136
484
67
576
242
50
288
1234
222
156
813
905
255
528
119
1913
48
737
781
1392
176
154
99
370
215
1170
120
118
222
864
397
295
492
1636
81
754
485
1487
23
308
749
161
1461
1054
192
162
351
70
6
35
29
479
135
668
72
1257
189
1048
179
55
117
321
943
89
94
685
631
219
609
149
144
216
155
363
373
425
676
92
322
142
127
252
118
164
273
17
620
778
398
85
125
263
466
186
850
32
306
392
776
154
342
148
1096
690
348
14
2
318
90
1676
769
222
343
732
278
439
447
311
39
654
13
115
617
508
86
985
400
523
1215
183
1041
262
138
359
112
154
706
124
1193
246
166
619
1342
48
473
72
682
64
192
62
519
70
54
738
224
180
549
76
360
292
904
53
101
129
51
240
556
356
203
383
413
1454
615
171
1004
558
255
1267
132
157
1151
493
270
199
98
445
39
1062
532
47
3
370
208
85
411
194
258
273
391
288
2
946
152
135
385
135
146
929
13
573
410
370
525
30
343
1430
348
262
1047
211
500
755
155
1278
137
157
752
124
118
339
229
28
948
417
347
1736
434
1282
1016
255
18
27
77
296
621
19
28
282
198
74
173
161
18
50
93
868
412
454
465
593
871
552
639
624
406
227
53
284
347
917
164
648
101
7
156
129
21
93
416
668
1163
156
845
130
228
222
372
1378
42
208
99
455
376
181
861
346
288
350
1236
282
233
101
34
19
100
107
86
8
169
610
915
299
483
15
1816
60
95
976
166
10
50
882
12
266
687
172
556
878
321
256
127
82
507
333
426
866
250
36
508
320
441
317
30
201
142
124
183
175
1773
294
963
79
55
150
140
531
561
237
31
574
221
15
332
289
1038
1320
599
340
96
228
1197
152
306
73
158
204
463
9
7
283
243
568
772
222
388
206
192
129
104
227
251
280
164
23
437
563
412
438
100
276
4
89
273
1447
36
145
164
48
4
107
802
159
303
200
373
1288
1027
370
166
120
520
479
245
87
237
345
391
54
1354
17
46
373
516
126
61
679
344
2
126
24
131
382
76
166
7
426
125
149
201
597
51
359
427
5
35
268
293
397
328
314
466
180
26
184
411
37
894
259
455
30
541
274
383
76
485
573
73
6
45
554
411
88
170
316
282
854
209
558
425
15
54
332
308
207
535
678
222
43
1739
207
660
231
910
274
631
52
1135
93
167
116
95
58
597
51
42
35
48
1745
700
223
267
923
378
320
230
22
167
94
183
680
222
609
128
83
303
641
8
1267
474
615
500
669
1737
57
52
265
394
62
214
1601
298
127
84
500
458
54
137
822
64
160
172
193
201
344
148
746
175
11
167
171
140
182
67
1007
368
423
851
103
330
65
282
56
180
291
246
49
89
743
134
230
1000
671
628
147
27
310
459
115
82
3
76
806
15
29
294
158
38
189
491
498
86
338
142
51
446
300
265
19
759
1283
886
640
40
357
265
307
217
407
1026
24
51
371
585
682
901
1686
1059
265
20
1085
40
164
382
758
19
50
514
561
20
1137
146
585
1736
260
1753
169
306
26
1
369
283
782
315
383
1683
2060
519
403
110
220
197
237
164
99
157
40
19
123
6
350
162
73
294
350
123
216
356
58
6
17
438
183
227
98
72
39
80
357
101
1084
260
477
1554
43
181
447
213
918
1154
1011
879
303
268
33
121
389
929
742
1265
154
248
239
1184
142
1262
780
431
123
44
918
212
352
178
715
137
177
1406
370
267
440
508
1096
388
862
750
259
72
308
122
196
134
237
472
348
1811
251
562
808
926
320
66
412
697
11
506
66
35
339
203
228
7
401
307
189
114
655
1155
132
268
182
748
518
160
384
586
99
380
131
226
76
52
150
267
2464
666
83
153
1975
142
93
231
538
529
463
181
356
502
83
75
87
258
77
114
218
568
226
8
65
143
412
648
144
29
18
51
158
235
671
598
620
1564
266
96
414
378
312
1109
21
256
466
84
308
43
591
406
821
23
255
10
356
25
420
976
161
271
384
1450
1264
280
30
605
14
542
171
666
296
330
193
758
256
1527
267
1356
809
1122
436
106
175
445
565
109
383
11
272
69
296
347
39
168
45
58
108
20
760
938
127
199
181
653
230
122
336
394
1539
234
29
369
550
523
103
2898
573
217
96
509
183
49
838
253
260
447
18
76
599
191
253
312
222
796
528
130
25
1615
558
35
1160
244
910
91
136
862
239
1435
604
298
530
122
139
499
299
105
26
1236
23
566
648
473
876
848
306
1104
35
549
423
455
699
485
13
20
887
436
450
1443
1042
17
280
457
27
188
29
211
173
242
1303
324
279
403
1752
371
227
468
725
567
59
629
744
431
13
776
145
582
484
121
36
82
164
392
444
1
137
316
397
136
109
136
113
217
99
244
345
298
277
133
624
25
104
1513
293
2
146
308
181
50
211
74
147
67
388
228
160
56
53
650
1032
231
414
61
206
85
15
294
89
1163
128
615
24
126
201
225
61
928
190
172
19
39
371
862
539
236
344
786
553
320
64
219
841
137
181
139
297
408
586
2
318
70
834
295
884
73
143
300
113
287
1440
99
67
43
30
1306
90
493
170
506
27
41
268
111
677
14
391
170
100
175
128
401
56
1
43
91
59
1061
31
557
844
103
523
320
30
30
850
1973
114
351
1000
579
248
910
143
9
685
92
315
293
73
613
1733
201
35
122
267
396
850
164
494
79
21
717
288
7
278
172
736
17
383
404
386
553
85
6
70
36
8
780
685
132
13
385
520
1297
237
44
542
1557
168
377
626
736
96
30
7
155
204
89
101
395
14
696
247
17
61
300
508
214
88
444
880
534
400
256
92
183
1912
293
396
44
182
316
195
67
68
271
783
12
210
53
10
522
473
213
159
251
1197
608
721
526
1130
26
1406
313
289
771
184
447
335
880
55
454
715
972
294
219
478
64
2305
2068
1191
1588
132
93
368
303
405
1296
271
3
411
1080
150
500
607
540
883
193
274
77
676
187
26
109
594
431
353
212
1439
29
166
535
72
202
782
687
308
133
284
626
24
43
188
573
555
31
503
390
138
703
1055
683
515
507
117
3
96
50
180
474
254
1224
734
154
331
997
42
61
325
63
454
432
539
738
651
3
15
433
321
395
444
523
258
12
167
1039
116
694
224
114
62
698
1921
891
65
182
141
153
56
657
510
10
414
345
720
87
349
446
365
988
627
553
48
403
464
1187
1070
14
405
216
584
534
881
170
330
214
224
15
602
665
2015
594
144
402
162
290
589
795
161
266
588
3
248
118
631
178
580
668
380
152
120
1038
412
98
1574
658
464
282
109
541
135
338
721
182
589
618
10
187
84
491
472
486
266
772
4
440
221
64
584
219
108
313
648
317
765
1301
112
547
253
682
1576
32
440
39
403
311
1640
1229
649
40
238
67
447
325
517
866
551
872
22
407
231
165
466
36
5
315
110
96
19
624
47
210
1310
83
270
267
281
232
72
768
247
261
39
256
212
16
23
63
39
55
331
178
665
108
528
262
119
355
1772
375
862
432
370
511
87
362
94
415
170
155
247
1598
253
527
40
377
80
39
3
542
395
118
471
604
261
16
1204
16
303
1840
233
31
714
615
470
203
646
50
937
1437
679
685
846
1129
508
123
526
325
114
83
370
606
257
63
235
69
896
11
376
206
145
464
963
115
772
102
40
428
84
766
2
809
1156
618
644
175
1073
5
514
552
723
1022
27
1076
432
399
670
556
241
1066
213
338
35
292
351
156
200
14
394
742
15
2144
1091
291
84
36
37
384
759
265
101
57
105
206
526
657
97
64
331
360
125
336
287
591
57
775
33
150
17
2038
162
483
722
758
165
35
71
522
625
926
78
550
47
331
96
1698
320
65
104
101
66
122
824
308
263
172
618
324
222
51
38
2155
350
302
80
671
441
149
30
302
480
85
9
539
650
477
133
231
65
676
923
946
355
271
600
423
461
47
48
314
2261
940
983
785
313
370
31
15
929
698
233
1053
633
357
281
559
436
75
508
339
81
320
140
303
340
58
111
39
273
403
188
137
618
827
799
38
1341
3
145
200
36
103
176
124
517
16
165
189
215
383
85
165
16
783
1
444
247
674
95
544
382
222
225
259
617
682
239
18
117
89
282
584
298
1376
676
543
811
77
920
238
230
477
164
371
116
288
2
301
19
458
4
824
1087
289
219
7
591
1099
172
591
242
119
495
166
349
95
826
1365
300
228
5
1052
9
222
398
385
25
110
740
1
121
687
154
47
36
175
415
181
180
600
490
216
121
100
152
108
234
249
301
13
5
2
293
439
243
1675
829
18
154
293
1234
5
84
298
361
806
499
36
193
141
31
322
271
1073
111
563
996
189
92
765
305
1123
116
321
127
867
340
23
57
57
121
1301
430
57
55
275
513
341
158
578
1102
518
179
515
1364
179
58
1607
819
244
210
168
215
233
573
640
227
201
471
898
1736
898
198
99
61
14
313
1495
118
385
226
10
675
30
794
177
41
339
138
339
125
848
123
395
249
420
320
274
110
1354
231
9
126
459
360
177
17
216
87
122
459
170
11
852
72
132
692
400
511
203
811
192
645
76
920
220
153
599
141
24
74
279
101
192
538
318
1199
5
30
410
397
72
891
1259
196
6
446
127
2
230
473
342
326
323
17
11
311
135
308
320
306
43
505
238
69
13
273
118
81
468
344
2018
62
215
123
805
1450
54
316
146
238
872
20
212
365
411
340
116
293
272
659
255
61
281
162
22
85
355
553
112
169
166
467
72
453
146
304
365
769
33
819
401
376
273
875
290
414
352
510
530
173
214
1216
509
241
128
764
291
53
371
6
45
95
33
22
810
1129
324
216
713
844
358
203
141
283
493
489
86
120
18
227
220
1412
760
197
85
590
44
42
46
498
258
506
38
323
96
52
205
228
344
103
1496
1491
134
40
23
94
1484
67
55
945
176
297
523
526
144
45
114
464
420
1369
259
1812
136
446
501
282
198
49
470
24
353
1733
474
34
482
165
8
9
671
512
742
411
676
125
319
1103
575
1111
255
407
308
1545
260
113
1118
41
112
695
662
247
128
936
277
645
436
557
402
168
605
35
692
43
166
31
184
13
239
35
28
911
158
1575
119
279
100
42
31
170
35
63
237
872
453
137
117
287
104
411
189
653
334
23
352
6
453
431
436
42
76
340
608
132
147
224
45
86
235
441
547
3618
130
219
333
195
112
157
286
140
65
11
17
504
83
265
551
132
380
200
272
233
37
93
255
1080
89
10
154
943
494
1821
18
715
478
535
730
1428
259
252
138
444
311
690
730
91
281
180
329
543
4
77
168
566
376
55
320
351
2251
452
399
29
26
483
1992
755
255
68
483
648
211
89
288
548
525
54
66
1137
685
183
41
454
133
145
429
2206
56
4
144
5
633
104
428
51
1005
613
25
45
378
333
223
67
622
141
107
98
285
