7
18
27
13
25
72
36
39
13
43
2
27
5
18
29
9
18
21
26
54
10
21
11
8
9
177
20
32
1
15
24
2
168
53
35
31
17
5
20
55
7
33
9
32
6
30
19
20
16
77
7
70
13
8
47
66
5
83
18
160
8
4
48
35
29
15
3
20
36
4
40
54
32
8
4
5
2
44
17
35
23
16
5
3
39
29
52
21
35
99
1
8
34
34
13
5
43
40
34
39
4
21
30
3
4
21
29
15
5
26
22
6
14
46
23
31
10
13
44
11
12
25
8
3
16
52
18
23
8
15
15
22
25
23
57
28
3
10
18
11
28
18
26
45
9
18
4
95
27
46
21
53
52
21
25
42
13
20
26
16
44
5
43
21
16
24
14
46
4
35
7
10
53
12
3
4
27
8
60
26
78
1
9
15
2
97
17
21
11
33
27
32
5
40
28
30
4
7
1
6
43
53
82
48
3
100
11
45
7
30
62
40
48
2
46
2
20
37
35
7
13
24
41
12
23
10
21
32
8
28
75
13
60
9
23
21
6
63
2
87
20
80
36
65
29
25
34
55
3
8
40
20
44
4
9
20
12
22
5
57
20
108
8
4
10
10
7
44
15
9
35
27
24
5
19
13
11
39
16
33
21
29
28
23
44
74
13
2
14
48
8
5
13
3
29
101
58
5
1
74
8
30
7
2
21
8
13
30
7
10
78
4
4
45
26
18
17
3
18
6
68
86
57
32
2
26
44
53
30
29
20
10
16
25
35
3
35
15
25
30
11
39
82
32
16
9
32
43
13
18
98
96
18
25
12
34
35
15
4
2
40
24
28
16
40
7
34
11
29
75
44
119
9
59
14
4
41
11
38
4
8
43
12
19
36
21
1
10
2
1
15
16
62
54
36
43
13
33
19
5
3
36
74
14
13
51
9
9
23
17
11
13
10
19
31
19
27
55
25
78
53
35
21
33
9
36
4
69
15
8
11
79
33
16
2
14
55
19
19
29
1
9
16
182
82
16
29
33
12
8
8
7
7
24
15
5
2
74
19
16
13
7
3
2
1
57
3
23
35
65
18
111
57
4
19
1
120
4
50
10
50
17
39
6
2
37
24
10
19
18
34
14
3
35
32
17
28
30
46
4
13
16
12
17
22
48
9
11
21
27
4
6
54
38
90
8
73
58
12
1
90
22
9
49
1
57
1
18
2
83
112
11
4
65
38
5
30
55
15
116
4
18
9
51
38
43
23
10
16
78
11
4
11
16
27
29
2
25
2
7
3
112
33
118
1
14
21
14
3
83
7
66
37
44
12
21
56
10
29
5
20
63
47
9
19
2
100
14
31
4
9
36
16
32
31
39
2
29
34
27
23
42
28
40
21
21
1
41
19
26
70
33
27
11
58
11
44
15
42
59
45
80
1
6
56
27
72
23
33
42
181
43
13
5
10
9
32
5
16
23
19
2
28
14
48
11
22
16
3
20
7
7
67
17
6
18
46
82
5
51
92
32
19
16
107
43
22
19
30
31
19
23
22
12
3
33
18
10
18
20
43
53
7
27
3
57
35
14
12
32
36
37
27
41
64
8
12
14
84
18
39
29
44
2
88
11
8
68
25
90
4
4
34
9
1
65
131
15
19
7
3
9
15
23
9
15
19
26
17
4
4
10
26
11
56
11
8
25
3
11
12
33
6
30
44
28
3
43
10
98
15
1
59
18
180
54
24
1
34
46
6
20
32
52
17
5
2
1
16
12
5
8
39
11
25
185
2
26
71
15
26
17
23
15
23
50
44
14
29
8
33
3
37
15
69
8
83
14
37
5
85
41
14
25
31
13
5
72
4
37
59
9
6
32
2
9
16
24
41
37
1
14
7
40
30
47
2
11
56
73
61
2
10
14
61
94
8
8
3
12
8
35
6
110
40
14
24
109
6
20
31
93
21
42
3
11
3
28
30
1
19
13
48
12
10
69
11
8
9
48
24
3
40
6
68
32
9
21
89
2
8
21
2
2
40
1
21
57
17
26
30
30
41
33
4
52
48
92
40
19
14
18
56
14
14
27
13
16
22
58
35
22
62
16
27
37
9
17
43
2
60
16
45
21
54
27
14
7
15
12
2
28
65
57
5
39
31
14
91
6
84
21
92
93
40
15
5
26
10
2
32
111
42
8
1
13
26
26
21
21
56
26
9
65
3
126
101
16
14
26
16
55
9
23
29
19
8
57
38
175
1
55
99
29
4
35
2
16
2
83
23
34
86
46
19
43
7
29
13
8
