28
85
11
9
31
66
15
22
29
65
74
32
22
29
10
15
12
3
15
7
28
4
2
102
120
2
82
1
21
77
42
13
65
9
98
29
2
202
26
67
60
21
3
41
2
14
68
44
13
38
13
39
9
53
1
3
2
32
12
3
4
4
47
156
44
17
9
7
24
29
65
19
8
11
11
1
1
7
6
52
64
51
34
45
5
7
16
11
1
26
3
2
13
1
43
24
21
14
37
24
30
24
4
14
6
23
20
23
6
71
24
49
7
2
21
13
57
30
4
9
129
57
19
12
24
62
33
68
1
51
18
20
9
35
34
31
5
51
88
68
45
46
1
26
33
16
14
11
26
50
28
15
84
27
11
15
13
3
6
47
4
194
19
12
136
34
36
15
49
6
37
3
7
20
98
61
202
24
5
17
113
3
26
14
51
16
8
1
16
52
24
15
12
10
19
101
6
11
34
150
53
48
94
16
4
39
42
3
32
32
27
47
10
32
15
52
82
20
3
1
15
91
15
26
6
21
25
25
67
12
5
4
15
63
23
19
27
12
39
19
38
15
21
10
41
3
5
7
7
14
22
9
12
54
10
64
3
16
8
11
35
18
7
9
30
24
1
11
13
16
91
8
29
109
17
15
7
100
17
9
22
39
2
80
2
15
10
2
26
32
14
5
8
49
30
12
24
32
15
7
63
45
11
2
11
15
13
2
24
15
8
9
36
28
33
5
55
69
12
33
123
47
4
7
20
10
32
32
11
2
33
6
50
4
23
20
18
36
15
22
1
51
1
16
17
31
69
45
11
26
32
57
106
19
88
87
6
112
11
20
40
2
12
15
30
38
7
88
18
51
69
14
3
178
63
3
40
42
40
10
6
37
7
76
31
60
48
43
14
59
63
4
1
47
8
17
35
81
23
29
15
75
71
20
4
40
9
81
40
47
20
10
34
38
32
17
7
21
28
24
38
87
238
23
17
6
2
9
60
5
14
6
9
3
5
137
56
70
78
21
32
51
6
18
26
18
66
23
13
4
37
5
9
76
3
65
20
7
11
29
5
16
55
22
50
15
6
24
1
128
13
3
42
21
4
24
14
54
4
49
31
2
20
54
39
8
8
5
11
43
4
41
69
20
8
15
14
4
39
25
12
18
11
65
15
123
11
5
120
28
64
4
30
28
3
2
9
12
52
5
42
67
2
25
4
41
14
63
95
23
16
20
23
74
66
37
4
1
18
41
16
41
45
18
11
57
7
32
4
40
24
19
5
10
8
56
1
117
29
42
64
13
21
32
77
40
11
15
2
6
39
25
82
33
4
35
39
37
13
11
9
6
3
26
41
8
10
19
39
75
20
7
10
122
69
38
2
13
5
71
40
4
10
32
44
38
3
100
6
7
3
3
50
31
33
16
177
34
18
31
7
13
30
48
15
27
118
30
106
4
73
14
124
9
9
8
60
58
29
16
18
55
97
28
10
3
5
41
31
27
76
21
8
39
5
7
28
37
1
67
55
37
39
28
47
5
28
21
68
7
15
27
2
5
97
91
56
82
8
77
65
77
24
87
37
5
27
5
3
41
34
24
3
10
48
42
36
3
36
37
16
34
35
7
26
11
18
38
53
92
13
21
17
41
1
3
15
16
14
10
10
6
11
2
92
93
75
15
17
34
7
6
43
2
38
107
15
6
24
9
14
7
55
19
34
6
39
45
9
33
56
118
19
58
1
17
14
14
8
20
13
28
2
48
21
32
27
10
115
34
26
4
11
3
86
42
8
47
1
19
11
14
53
6
1
27
12
49
16
63
43
93
2
4
7
45
12
15
9
6
43
103
5
31
40
11
9
13
45
1
231
151
21
72
44
26
42
21
27
71
47
26
121
5
34
5
49
14
14
6
40
41
120
5
1
5
9
9
15
19
20
52
9
17
31
68
1
32
36
86
5
9
66
10
2
128
40
110
60
4
20
27
23
6
85
43
35
15
44
31
16
29
16
6
104
56
4
18
35
5
22
13
43
15
36
34
1
4
64
36
12
38
26
66
6
2
23
19
18
10
22
61
16
3
19
32
3
44
21
47
6
98
22
6
53
4
8
24
57
7
21
72
8
25
26
48
14
10
12
3
75
20
38
85
1
19
10
9
5
230
45
47
36
20
22
108
28
39
2
11
18
1
18
41
8
29
33
65
15
3
66
36
32
35
7
4
27
2
66
17
60
1
25
31
52
39
17
34
32
63
5
102
43
37
7
23
25
15
17
66
36
47
34
62
29
5
12
16
13
18
