104
95
92
98
95
100
102
110
96
103
104
116
102
107
114
100
94
106
106
103
108
106
109
110
102
95
104
120
122
104
114
103
98
117
116
110
117
109
108
123
123
119
134
113
109
125
110
128
117
156
110
99
100
103
104
97
102
100
93
102
105
98
92
104
105
97
105
113
103
105
104
104
110
105
98
111
113
106
106
108
107
106
116
106
104
111
109
97
129
110
118
117
111
123
135
130
111
133
122
133
101
108
104
107
114
108
103
101
105
100
105
103
108
99
109
102
107
103
117
101
101
105
94
102
110
99
113
107
103
112
101
117
115
111
125
126
118
129
100
102
102
102
110
104
125
109
118
110
113
105
117
103
95
108
104
117
105
100
97
101
108
100
111
101
99
103
104
106
100
101
102
104
117
102
106
112
96
103
111
107
133
100
107
112
112
110
107
113
101
115
116
95
127
136
104
119
111
102
112
114
101
119
110
112
95
102
114
96
112
104
109
104
99
111
105
117
119
111
96
116
123
106
128
103
109
125
119
100
129
100
102
94
115
115
101
92
121
129
125
117
118
107
160
102
103
105
102
133
112
108
155
106
99
112
102
105
113
106
116
124
137
109
103
102
110
114
102
118
104
111
116
111
109
104
98
104
96
97
117
122
97
120
117
102
106
110
101
114
125
100
104
108
102
102
117
108
103
116
111
93
102
123
106
104
106
121
107
108
100
103
98
118
100
114
107
104
95
104
114
109
104
101
93
107
109
112
108
135
113
118
112
103
118
106
107
133
109
111
92
120
113
94
94
96
98
116
100
121
105
113
134
96
112
106
115
99
98
102
116
108
104
103
93
114
109
141
100
103
107
107
101
115
104
116
95
123
107
97
101
102
120
121
107
103
102
100
104
107
116
124
107
111
109
113
114
118
108
110
118
114
124
96
116
102
104
119
107
107
117
111
100
94
107
119
100
97
121
117
136
113
102
99
101
108
107
109
101
95
139
117
110
95
105
128
101
112
107
117
104
120
100
113
120
116
107
104
110
110
127
120
133
100
111
98
109
124
104
111
110
107
120
107
117
119
123
112
106
121
107
91
101
99
99
102
110
97
115
119
112
121
97
115
117
125
99
121
104
97
111
111
106
113
103
107
113
119
118
116
97
116
106
99
107
119
126
110
112
116
102
122
105
107
124
102
96
118
136
132
124
101
98
115
109
107
134
132
101
114
93
98
105
100
98
111
90
101
109
113
112
117
98
102
97
110
125
110
121
104
107
104
108
120
106
133
107
115
117
113
118
117
120
93
93
108
115
114
108
105
126
98
105
108
100
110
117
90
107
125
116
118
112
129
124
106
108
103
109
146
94
97
112
117
110
114
118
115
149
111
93
113
110
106
107
107
122
121
106
116
110
143
123
108
127
115
101
112
112
97
100
101
98
113
114
103
100
108
107
112
110
103
101
87
106
92
100
95
109
98
114
129
100
107
96
95
130
100
107
116
100
103
134
103
102
94
117
108
98
96
99
103
96
97
98
116
103
100
102
98
107
130
118
105
109
106
116
125
111
103
130
113
114
126
107
105
111
96
89
121
107
119
102
101
109
106
96
106
102
108
106
100
95
108
91
113
105
95
119
105
105
101
96
105
121
102
106
114
107
124
102
111
107
103
96
113
109
95
104
104
115
99
107
116
104
112
114
124
107
102
96
110
101
132
109
102
105
105
101
111
117
166
118
103
110
99
130
112
113
107
116
112
95
114
104
135
120
107
132
101
101
103
119
112
109
95
119
92
112
109
110
104
116
108
94
123
116
103
101
92
95
118
100
108
110
149
93
116
111
107
117
100
107
118
134
98
160
124
113
101
117
108
105
107
105
110
101
115
103
114
135
112
110
104
103
106
106
98
112
118
105
112
103
102
108
98
103
108
112
127
119
110
117
103
116
110
115
100
116
100
110
119
100
103
96
103
121
110
100
115
102
92
124
104
105
112
97
106
104
107
123
107
102
102
98
101
113
106
137
116
106
102
118
126
106
95
96
103
100
99
111
108
97
125
102
114
115
99
116
101
99
109
112
104
137
114
106
103
101
93
97
107
108
116
114
123
117
115
106
121
100
107
110
101
111
120
105
113
119
118
104
113
102
106
109
108
107
99
107
97
111
100
101
104
103
112
142
103
96
101
115
110
109
103
115
115
110
117
120
110
124
120
105
96
103
106
95
108
92
123
114
117
125
105
119
139
118
158
116
103
99
106
106
144
103
118
107
104
111
122
128
98
112
116
111
109
117
111
110
110
112
106
