95
64
235
60
40
5
131
361
584
113
89
131
28
273
89
21
49
87
158
8
53
46
4
304
179
172
187
275
53
20
469
194
457
96
271
132
80
37
4
140
56
52
219
58
192
36
115
70
50
162
131
273
145
45
2
121
78
438
326
122
40
221
12
89
179
26
34
5
21
108
23
2
136
534
94
132
122
132
187
44
23
155
245
216
155
25
28
452
368
207
6
124
554
34
23
55
60
31
63
13
112
13
20
59
25
29
185
55
97
163
25
588
9
45
118
35
67
70
20
114
54
148
139
33
49
301
229
36
434
118
165
165
81
7
17
201
488
153
72
99
16
20
50
35
69
12
192
244
305
162
11
133
112
56
228
188
108
35
198
80
159
44
262
118
133
79
77
518
230
21
73
210
39
38
135
188
11
35
18
138
163
57
39
165
23
96
137
296
114
350
133
25
130
103
220
315
412
13
184
31
81
14
67
93
276
136
163
139
72
9
228
91
584
88
17
43
75
124
93
146
430
59
180
146
33
248
110
14
102
164
25
133
38
202
136
269
128
47
24
106
28
32
18
146
378
9
16
71
46
34
116
6
106
126
116
43
9
41
218
122
18
31
129
43
335
344
57
5
90
480
422
55
336
263
18
35
3
22
69
358
339
54
17
98
63
38
773
264
44
47
1
156
78
102
102
235
33
251
19
323
683
177
6
56
80
542
407
414
30
71
292
3
33
4
202
481
25
73
20
182
38
8
90
42
80
378
36
67
105
265
235
50
120
95
252
216
138
14
173
138
296
9
51
170
51
184
144
55
39
206
386
95
545
73
255
235
30
162
34
84
169
139
103
78
221
183
387
59
183
144
38
22
8
16
101
52
8
32
344
10
44
501
28
15
72
60
10
92
140
497
123
35
123
248
62
123
61
367
94
415
406
192
184
61
114
76
312
397
100
100
18
38
151
177
107
1
196
146
7
121
71
18
250
145
90
427
192
260
357
361
318
172
38
221
33
51
295
224
231
267
175
88
357
173
88
68
297
16
33
79
14
115
19
231
28
1
313
31
62
169
18
214
65
507
41
48
31
147
33
57
58
72
329
166
197
75
36
313
116
291
181
125
82
63
71
138
22
274
56
136
447
39
392
41
275
87
105
312
280
44
57
88
220
209
66
389
195
157
84
32
154
232
316
479
176
176
51
147
227
143
5
17
239
231
274
208
114
153
188
43
100
47
151
445
157
18
99
61
131
15
110
22
9
63
611
43
667
533
64
132
89
367
136
225
71
44
329
20
269
112
61
275
71
293
44
186
95
680
302
109
219
248
138
124
38
304
202
31
92
271
9
225
26
4
22
370
30
441
40
117
191
161
223
259
24
68
33
24
192
33
166
10
164
6
444
573
29
3
93
15
442
9
235
197
146
350
124
18
117
2
4
115
331
74
212
168
17
223
192
153
243
22
384
210
32
32
128
149
630
44
101
65
107
22
81
108
82
34
375
255
60
190
75
14
150
154
23
107
96
5
16
79
19
4
92
124
210
30
110
272
367
179
78
307
46
6
2
16
274
93
17
112
93
100
7
72
143
114
171
57
139
22
193
80
28
38
88
629
133
94
85
36
217
104
98
278
316
31
257
10
181
103
213
40
141
47
265
1
170
191
67
190
116
259
275
186
686
61
247
65
177
20
104
253
36
175
245
77
216
160
4
102
392
57
25
1
131
169
385
558
40
188
163
87
513
208
14
61
285
129
58
141
2
365
4
290
28
42
6
20
14
17
51
95
58
8
107
240
27
95
206
140
326
576
240
135
343
67
78
143
143
139
81
484
11
83
40
155
35
9
62
450
114
555
66
166
170
8
5
35
192
3
480
359
173
120
299
134
162
19
23
145
294
562
187
26
21
35
62
175
261
131
205
9
163
213
580
5
151
291
522
13
276
53
129
164
91
262
18
1
101
254
103
134
15
147
140
115
226
5
298
302
384
167
120
324
69
106
14
252
13
312
122
251
182
20
578
208
6
10
2
202
385
6
106
520
9
289
46
66
3
126
405
191
267
56
5
120
57
126
152
126
16
177
8
246
247
50
92
270
208
67
109
4
387
149
131
276
90
207
146
52
95
62
115
33
242
88
29
565
81
588
33
139
321
52
66
391
76
20
143
109
36
393
68
31
301
143
16
41
210
10
250
227
206
111
14
148
113
82
66
207
33
133
17
53
214
141
225
391
20
14
94
597
214
141
95
72
158
47
35
146
87
61
168
447
303
25
138
1
332
185
145
69
138
95
137
136
66
206
159
264
150
441
258
297
131
423
74
442
39
20
142
178
124
18
27
73
73
148
355
198
566
274
132
180
9
338
255
25
274
10
42
178
194
323
145
20
450
180
133
23
45
68
23
79
7
222
119
8
170
38
130
4
327
14
116
91
292
141
11
264
220
284
350
137
251
90
56
66
66
216
2
203
282
138
29
239
68
197
4
124
118
557
261
249
86
164
66
33
64
146
151
340
221
28
280
95
112
218
102
148
393
276
38
105
49
35
324
133
101
73
203
756
96
89
29
445
287
10
45
251
35
515
12
10
160
67
556
175
76
396
35
552
133
140
40
252
60
39
99
594
402
63
1
103
304
143
241
59
18
60
313
122
87
8
62
58
293
156
64
114
214
248
13
29
485
12
329
59
190
152
27
2
165
9
57
391
744
79
358
8
105
49
127
46
211
287
340
131
11
119
508
49
7
7
91
64
72
118
46
626
46
48
237
199
423
102
124
118
733
148
157
111
39
159
192
94
22
22
309
223
15
118
260
1
134
79
111
115
10
450
257
86
47
288
136
139
498
1
114
379
62
9
144
73
16
112
14
165
270
120
164
3
129
17
4
24
90
421
127
131
70
93
181
441
153
48
13
249
45
84
168
293
40
314
101
247
49
112
3
69
219
204
145
85
89
144
126
249
208
75
245
24
129
12
583
190
119
7
50
245
101
47
79
69
74
2
39
10
19
119
124
100
86
29
20
664
43
2
23
115
91
27
25
20
3
45
96
46
181
21
188
51
111
62
194
382
184
200
92
30
30
8
112
333
283
494
171
35
258
268
83
40
63
7
188
23
130
179
21
73
136
5
111
189
322
132
323
352
82
49
27
40
232
243
45
181
123
95
285
207
8
20
134
36
28
293
61
14
157
113
42
17
190
62
233
340
2
14
378
53
2
133
95
374
296
33
51
168
79
182
17
70
8
14
25
107
29
121
119
204
26
57
170
59
87
58
174
134
510
85
161
383
392
96
184
137
72
10
40
536
17
62
102
68
183
14
143
61
188
17
398
42
43
31
238
133
121
10
781
46
62
30
74
53
123
403
115
21
76
32
375
215
54
9
102
297
126
270
46
54
62
81
173
255
223
184
355
230
217
195
69
973
379
153
161
15
64
172
28
105
35
161
310
113
33
5
3
67
17
194
542
480
131
161
96
187
204
204
42
113
240
456
174
240
146
139
58
279
176
61
49
97
72
224
142
10
218
75
230
7
110
322
45
30
206
109
293
159
106
164
209
197
47
306
27
44
29
92
8
247
278
231
126
251
76
39
22
66
450
66
147
85
45
4
105
217
141
169
180
652
104
394
14
509
102
83
175
82
112
265
42
18
211
49
11
136
69
24
7
85
80
79
122
61
262
105
245
53
16
162
113
61
434
47
2
16
279
107
490
125
103
185
123
22
152
94
46
5
29
101
204
145
320
108
139
88
17
138
186
298
139
266
43
67
72
14
9
30
121
98
536
220
277
67
317
37
223
16
217
23
10
16
352
65
53
8
189
28
197
210
13
35
632
51
286
671
5
99
94
184
69
204
47
324
281
80
51
45
135
26
211
42
79
14
152
88
63
303
7
39
478
125
48
75
244
34
91
14
30
324
261
49
93
361
208
192
159
90
241
174
29
182
133
325
20
115
272
289
191
8
112
274
186
53
2
6
38
130
61
177
379
59
41
165
19
72
64
70
42
234
136
65
86
65
329
300
23
32
357
160
96
257
47
139
80
52
61
83
43
184
30
58
56
76
62
301
16
105
187
58
161
52
79
412
5
175
70
220
107
352
1
97
9
40
41
360
292
158
221
85
163
72
330
611
84
393
100
20
90
96
259
156
700
31
346
199
473
117
63
304
172
1
154
1011
72
175
361
449
14
77
311
67
273
336
216
29
194
41
16
198
38
126
129
77
27
60
157
63
115
45
166
133
71
88
9
180
229
20
28
191
124
14
106
139
179
88
59
145
276
43
118
83
23
80
16
6
168
213
227
279
162
1
116
15
148
67
148
267
355
17
410
148
21
3
6
44
92
287
547
80
73
212
34
253
77
11
10
246
11
48
127
150
31
159
182
98
92
180
303
256
20
89
199
194
54
79
356
64
43
5
50
92
23
106
48
101
272
53
166
75
14
28
69
191
268
18
78
25
170
119
66
40
349
151
2
200
116
136
266
157
302
139
278
79
336
152
56
171
262
57
184
87
74
94
14
34
126
142
94
48
7
25
104
286
85
291
10
67
213
170
8
103
260
78
294
107
478
540
88
355
13
124
57
60
287
60
78
88
274
202
9
78
78
79
36
223
82
259
40
91
57
73
58
16
354
31
22
90
49
301
142
94
26
85
322
84
43
38
30
220
21
60
19
28
33
60
139
14
47
187
10
233
28
274
188
159
264
66
167
230
139
19
93
150
233
192
41
145
44
170
41
1
164
409
181
159
95
2
35
63
270
173
39
26
46
32
211
3
179
140
283
288
59
187
188
11
21
35
296
58
102
182
14
218
279
119
101
4
185
19
53
129
220
60
215
63
619
173
451
119
226
721
32
152
80
23
345
24
2
159
94
140
100
407
121
76
53
361
60
492
70
77
89
11
12
77
123
22
149
81
6
41
113
154
63
274
242
171
104
131
259
14
104
265
103
128
764
134
140
136
119
5
28
218
128
62
31
174
73
298
141
147
56
395
110
36
99
6
173
193
129
80
27
34
91
51
95
29
2
71
179
209
55
190
35
41
276
6
103
162
91
66
110
56
98
31
59
81
45
104
138
117
82
18
146
86
57
207
4
111
54
454
15
57
97
80
71
244
82
75
85
5
96
96
214
5
305
74
31
96
22
69
31
151
57
122
144
320
27
332
92
18
368
27
174
176
42
378
368
387
63
121
84
72
275
96
350
213
212
81
160
270
282
193
72
51
125
302
106
31
174
18
992
93
176
94
82
42
44
73
128
586
253
133
802
81
29
88
26
71
191
4
32
344
179
12
124
48
425
88
87
386
7
169
82
104
170
60
70
225
212
30
39
76
25
29
219
757
63
171
4
416
253
33
123
538
431
40
282
605
36
505
159
119
75
212
3
1
3
220
408
458
111
476
124
71
62
241
141
44
87
44
246
6
106
47
37
172
176
195
18
188
3
184
39
39
17
318
148
10
147
302
69
60
72
199
303
219
172
307
396
162
97
241
71
47
82
72
12
23
111
399
98
46
61
183
267
191
240
1
207
19
231
124
167
240
252
322
184
73
111
19
3
20
92
197
118
52
120
82
22
45
110
293
75
73
3
27
76
221
541
119
270
136
159
14
159
122
191
59
326
34
6
348
126
91
242
11
44
35
89
264
131
232
139
255
45
260
371
35
98
283
55
2
26
378
40
12
321
31
7
59
93
356
19
50
221
27
89
41
128
84
222
207
87
193
197
36
154
56
144
48
337
40
53
74
176
228
108
87
45
77
42
13
265
30
32
27
153
89
131
357
27
158
46
14
5
74
381
12
82
283
92
243
78
176
50
64
42
382
140
58
32
399
104
25
383
376
13
17
42
103
383
47
54
25
210
91
298
38
47
4
66
96
28
31
217
187
83
533
98
54
171
21
93
142
6
47
110
3
43
1
85
164
92
82
54
18
6
101
283
30
330
30
9
76
182
12
271
403
62
461
448
54
66
182
62
146
224
219
60
109
22
100
89
177
1
95
196
33
62
4
339
17
145
295
19
207
293
43
184
72
21
57
30
180
64
201
167
438
12
9
330
200
157
39
405
158
75
245
65
136
56
261
49
131
16
132
22
13
169
23
5
26
146
28
100
170
234
167
134
12
194
1291
281
209
70
39
8
10
35
59
114
34
226
580
20
78
764
23
50
33
290
128
78
165
738
26
39
495
90
23
125
138
46
172
138
48
141
94
1
141
17
191
212
35
58
112
233
31
97
93
23
56
532
555
136
308
9
103
50
7
91
218
223
124
108
7
180
92
26
315
2
59
178
190
151
25
63
147
5
127
496
565
125
43
57
173
80
249
324
492
17
206
171
112
184
59
205
192
36
25
100
114
38
129
121
372
34
135
278
74
302
49
226
46
37
230
12
172
25
16
96
104
81
72
276
60
69
21
123
108
110
332
325
185
14
315
368
152
438
244
47
307
248
143
333
179
500
53
296
75
141
256
108
398
21
451
145
41
6
539
421
72
172
54
84
33
146
112
82
27
214
113
51
124
159
618
47
105
137
150
206
20
204
31
35
133
58
24
166
124
159
40
33
42
112
25
106
173
81
231
43
124
3
279
122
32
307
166
274
79
185
81
233
121
77
175
38
714
45
103
46
117
65
48
41
263
532
27
63
6
70
181
118
81
2
105
147
169
300
30
187
108
59
128
36
77
368
31
82
277
208
154
87
24
41
82
161
278
56
517
202
142
98
1
61
573
63
177
288
22
150
383
225
186
97
53
85
24
35
488
271
170
25
35
104
196
187
43
83
19
237
357
129
70
14
125
222
83
48
6
194
236
70
151
280
527
205
124
113
316
389
135
21
520
105
202
3
365
287
66
613
10
109
211
101
240
214
12
221
99
13
83
443
138
32
273
19
297
253
50
62
239
144
101
41
104
148
68
340
89
70
127
424
4
146
55
95
134
279
37
4
39
258
242
34
247
140
227
10
113
20
65
656
176
159
80
83
34
185
401
72
144
45
21
54
572
216
211
12
513
76
208
343
233
342
146
91
184
72
258
2
244
75
319
62
146
41
373
159
531
89
27
28
476
417
275
139
158
20
125
17
159
247
93
54
79
11
40
77
157
95
6
58
361
9
454
46
12
138
572
4
710
142
18
90
151
301
16
122
150
25
240
69
37
34
72
10
111
329
201
504
171
180
184
23
299
132
21
153
571
181
182
132
142
90
125
27
77
281
136
193
71
16
248
182
47
26
150
157
29
21
21
19
5
61
81
788
154
128
81
226
76
64
211
227
58
132
487
341
447
22
93
293
221
101
147
204
185
279
28
26
68
31
138
174
293
157
22
74
59
28
30
157
62
53
169
102
36
378
31
258
3
290
208
90
54
23
126
68
286
77
97
63
212
77
24
35
10
39
226
104
63
458
117
86
93
84
198
100
28
80
76
108
53
45
74
13
68
46
42
76
52
306
295
2
34
273
254
46
5
79
231
301
37
68
345
40
191
5
168
116
92
142
29
51
72
238
7
115
55
40
76
192
3
44
30
74
53
53
53
89
384
7
52
13
45
13
206
153
689
573
139
61
86
151
91
125
176
151
80
222
80
248
471
22
21
109
235
15
37
105
35
649
52
202
400
173
61
34
260
95
99
198
66
51
321
16
226
15
218
209
185
174
383
815
294
81
40
6
86
18
120
221
2
28
94
102
204
640
2
26
246
4
66
173
431
127
62
61
29
32
231
78
81
343
10
248
264
90
15
120
227
148
372
747
49
48
25
294
277
71
214
105
18
449
173
342
272
1
65
202
17
34
56
267
154
94
158
289
115
46
9
494
93
26
494
361
125
471
51
56
115
107
7
362
135
74
62
115
32
474
121
90
46
120
227
189
156
133
183
71
198
70
62
108
21
106
157
32
444
331
83
94
146
176
243
23
39
133
58
313
388
33
78
42
5
60
97
144
261
149
9
32
98
7
41
181
2
94
467
35
197
272
126
46
15
169
52
10
104
235
33
66
129
129
104
33
158
90
371
81
369
26
165
43
220
11
334
176
14
6
202
15
483
113
32
54
159
3
32
92
480
258
54
141
51
242
35
46
33
256
172
8
104
239
18
17
88
166
175
372
293
201
141
298
19
119
95
341
406
130
47
10
203
11
28
682
29
107
12
68
280
154
150
36
381
49
55
39
285
21
54
131
350
101
170
27
166
165
63
210
274
70
5
59
90
111
190
271
75
409
225
157
116
80
16
178
223
30
24
224
63
55
299
148
175
744
163
76
43
12
270
231
116
2
54
305
92
107
148
10
299
532
142
115
235
307
40
13
121
29
11
278
71
1
189
52
92
336
80
238
11
118
284
422
459
4
44
189
99
58
108
100
2
28
4
309
274
184
61
333
87
17
138
84
54
26
217
109
18
201
21
103
46
276
212
171
81
33
2
169
72
336
132
21
503
229
28
79
182
58
9
60
68
148
103
54
315
541
128
176
76
59
111
145
23
60
151
84
50
15
47
25
33
58
169
72
20
272
20
146
15
490
77
51
18
330
226
226
270
37
74
13
112
61
226
551
35
548
433
113
77
75
489
204
88
209
115
344
119
734
145
27
38
35
183
198
99
88
109
16
19
3
303
34
69
9
3
94
202
479
80
27
16
222
64
50
19
270
60
247
819
83
49
45
23
124
95
38
169
267
125
98
99
39
21
131
191
156
71
25
210
26
28
8
33
115
40
72
187
253
3
205
96
30
167
6
129
87
44
111
89
124
12
1710
52
193
119
40
26
172
38
99
103
352
59
23
97
350
252
145
51
118
131
47
12
2
110
192
6
44
55
231
133
488
11
210
41
62
146
70
75
188
14
154
22
201
135
50
116
8
101
7
214
234
274
187
107
17
66
122
612
158
219
75
59
175
281
20
230
139
97
150
89
257
51
328
228
56
70
50
79
27
10
136
425
14
2
172
515
242
144
79
51
14
333
67
131
178
86
16
207
41
73
70
31
224
34
94
17
125
12
144
2
48
139
196
171
102
89
41
129
119
26
113
2
48
34
281
164
6
334
169
63
45
648
104
25
373
303
218
164
62
36
282
104
125
44
39
78
97
5
117
221
247
412
80
23
38
199
204
22
20
7
223
11
183
60
127
92
82
24
368
9
68
79
131
131
385
250
11
73
255
92
292
172
100
388
105
173
291
111
272
8
9
392
166
241
142
94
78
21
26
1
99
193
259
196
69
405
110
428
42
168
44
69
180
46
86
1
61
122
53
446
122
292
76
193
203
40
237
102
21
121
58
131
43
57
20
77
189
80
129
275
104
304
152
59
119
14
272
91
176
3
106
193
8
14
76
482
1
506
234
89
24
78
34
300
278
53
351
574
66
104
81
104
86
146
24
192
157
5
74
145
120
2
61
92
162
16
61
120
207
408
19
219
24
151
39
243
41
410
60
3
26
5
52
432
105
31
25
171
117
40
17
203
75
54
21
198
88
45
125
94
163
290
138
294
47
80
78
235
84
25
9
39
11
95
489
53
178
27
119
26
148
529
63
107
65
73
180
54
225
295
342
61
99
173
34
329
142
10
149
7
140
366
32
43
5
69
115
396
80
108
90
262
28
119
201
154
35
42
177
164
44
99
391
264
124
35
459
13
167
19
43
237
96
217
66
196
11
404
80
51
96
19
100
293
191
64
104
190
49
9
86
140
206
203
13
82
200
67
609
196
57
9
6
42
89
107
201
297
229
387
80
190
49
401
289
19
149
3
134
60
167
168
149
130
278
101
288
4
98
71
112
32
43
57
93
123
186
513
45
49
21
38
406
13
140
28
63
3
129
33
115
28
150
547
49
8
265
93
26
69
149
9
82
324
59
147
30
159
72
501
18
199
48
13
4
398
26
8
254
41
50
194
145
152
282
28
127
91
62
369
720
1
280
43
62
73
400
81
224
8
103
404
138
128
704
213
85
59
13
5
284
3
351
481
18
182
140
168
147
22
142
61
352
75
153
84
106
75
43
95
6
179
105
140
40
154
561
105
75
322
42
169
5
262
127
137
120
176
865
94
30
399
11
160
156
74
302
119
50
105
277
33
179
75
56
285
220
29
486
223
324
618
37
309
392
210
79
217
26
648
361
245
16
166
329
56
27
107
19
249
266
196
134
50
609
160
78
11
105
270
395
64
127
112
67
266
76
7
96
106
42
223
170
157
418
33
127
38
81
112
86
115
50
87
14
182
308
9
108
1
120
221
116
5
64
89
104
25
66
359
2
31
35
625
182
268
193
176
506
46
100
53
180
295
98
45
189
446
116
51
6
56
82
6
686
40
42
37
27
261
240
200
2
2
86
103
84
3
23
52
266
337
45
24
46
87
161
64
28
331
23
81
41
80
138
92
57
26
197
8
57
55
56
206
91
56
61
191
106
21
333
51
124
9
100
396
70
72
80
123
418
122
49
134
33
14
349
30
242
66
7
270
718
43
143
62
325
113
101
92
113
285
127
51
96
309
27
204
246
125
15
346
242
11
30
98
283
158
900
174
482
78
16
133
90
348
4
597
178
136
71
424
85
15
286
64
72
94
15
101
416
1
163
67
114
34
64
51
7
135
134
82
131
154
173
216
660
137
215
186
162
398
8
158
39
196
209
69
122
1
69
147
57
23
168
197
123
39
256
259
81
106
4
77
4
13
133
398
21
506
114
11
234
169
103
14
101
40
57
545
46
321
139
25
108
10
311
111
5
324
10
189
185
175
5
88
4
242
7
68
10
85
87
171
152
25
398
208
100
181
101
7
47
124
57
183
1
31
207
414
91
326
19
88
583
237
4
112
35
124
103
252
42
127
37
33
40
105
161
267
72
621
23
94
83
227
199
88
176
627
4
50
65
225
108
82
152
114
30
353
323
92
77
187
165
83
128
219
46
146
33
102
21
57
7
131
356
31
23
260
42
75
24
7
2
205
54
508
152
39
224
103
387
63
337
241
163
4
257
15
2
14
137
55
147
23
231
502
307
396
38
247
137
1
9
194
330
120
43
333
460
47
178
94
7
121
62
172
251
10
64
40
205
175
119
9
166
233
165
115
67
83
52
170
53
24
45
98
40
170
331
13
105
121
164
66
176
372
58
33
428
48
88
77
97
59
11
140
30
17
88
4
26
230
87
49
73
50
386
35
348
420
214
59
114
108
51
682
26
317
147
107
127
124
173
6
213
43
63
344
143
80
121
64
271
95
52
30
137
236
60
190
6
235
100
410
291
152
593
53
112
204
80
56
22
87
183
2
348
12
120
309
101
18
113
190
53
110
64
24
50
85
316
35
80
223
78
196
105
1
210
39
177
5
29
234
458
3
101
25
308
21
112
128
158
70
61
25
38
8
75
62
247
274
39
8
236
81
28
10
56
137
34
17
63
65
70
91
203
82
214
118
133
12
24
104
65
210
28
66
106
168
204
35
468
351
81
245
230
3
203
44
195
40
5
90
163
226
158
42
149
235
8
138
184
40
11
162
206
64
190
222
163
27
45
84
60
87
106
30
724
146
158
236
58
84
471
174
208
112
257
198
54
76
59
68
279
81
27
757
63
3
193
43
175
321
211
301
71
66
32
159
146
31
175
25
5
593
27
113
15
372
52
349
287
173
74
120
97
37
125
21
181
57
334
118
312
1
3
259
403
233
26
142
27
111
228
8
144
257
10
13
41
79
25
128
43
29
5
52
8
9
428
106
160
49
114
328
384
40
71
108
71
210
59
71
208
401
48
28
24
13
67
104
143
3
31
79
90
77
225
209
209
151
127
6
80
487
88
35
160
410
61
116
343
217
2
36
15
182
381
171
62
6
76
182
128
24
26
404
76
37
215
184
415
388
63
160
80
107
92
81
4
62
28
185
53
152
29
335
124
79
43
191
19
60
516
205
87
163
209
18
12
52
168
149
170
55
254
74
466
49
196
13
19
265
178
98
183
46
383
137
137
26
105
276
51
104
53
11
79
212
22
107
314
37
4
320
103
27
102
160
70
56
30
120
23
258
29
218
176
135
139
187
83
181
100
117
407
38
118
3
13
179
14
89
7
176
21
253
119
381
308
337
45
75
121
94
21
457
59
62
18
15
76
266
145
78
152
189
62
186
116
49
265
111
505
603
205
31
130
201
87
392
41
102
131
137
97
50
68
79
324
85
73
83
16
180
9
74
74
1
43
108
99
14
178
78
60
174
355
62
22
438
16
48
312
187
25
202
78
53
136
681
138
91
291
12
93
309
9
623
15
228
20
86
222
22
150
198
77
139
106
164
209
43
29
381
254
46
384
226
63
61
47
224
70
366
376
114
194
252
177
309
239
195
32
211
199
29
197
164
55
250
6
30
290
148
392
238
187
54
160
23
279
79
84
225
56
315
98
242
12
143
65
37
393
462
114
99
188
498
53
88
48
48
308
43
440
256
4
131
31
73
107
52
41
88
23
78
396
13
221
120
115
57
107
24
154
333
79
66
28
20
23
20
189
137
65
493
63
63
176
73
110
448
100
437
193
66
208
13
34
53
30
33
262
282
145
145
13
158
592
380
234
16
367
15
226
58
230
46
29
90
111
107
8
1
38
163
37
90
194
169
52
8
73
26
495
80
282
59
64
265
183
412
100
54
219
144
33
106
95
21
290
238
155
71
158
2
33
73
116
206
176
290
296
364
274
53
138
58
59
266
4
20
125
340
298
69
51
449
113
38
8
311
74
224
50
106
42
16
5
379
30
50
325
53
5
82
414
46
94
11
64
38
16
168
424
102
78
294
28
92
88
15
63
37
64
138
190
29
9
118
53
207
116
298
118
26
208
139
225
57
357
48
164
24
345
44
26
402
19
39
4
127
350
3
239
54
99
1
64
529
47
254
287
731
31
39
150
229
217
63
188
46
62
61
53
158
25
140
130
42
347
17
40
1
52
80
131
251
92
4
124
35
6
38
213
361
44
63
177
66
232
252
170
85
157
21
56
42
662
68
466
90
195
381
33
70
204
207
113
79
19
44
137
31
31
52
532
75
105
5
244
27
233
232
386
541
72
57
13
2
470
467
107
188
327
69
54
178
261
135
17
105
96
198
21
237
25
67
21
7
325
245
7
129
88
394
14
77
316
38
307
31
19
28
260
115
88
297
20
126
544
42
280
188
170
148
130
688
86
280
38
207
15
111
174
8
76
20
167
77
34
207
70
12
37
389
13
34
90
900
199
110
240
213
346
523
140
178
233
413
125
26
482
6
266
85
223
212
203
69
142
176
387
44
76
3
49
44
13
10
88
29
94
224
580
198
115
168
527
330
302
117
466
27
11
67
189
21
30
140
5
82
39
83
177
139
2
178
325
164
381
275
107
240
242
40
56
65
78
248
142
118
57
45
15
149
314
57
24
109
228
45
53
87
128
197
186
145
596
97
75
16
224
106
199
889
87
156
70
6
62
31
51
58
40
116
27
72
27
62
278
133
21
55
99
19
60
42
406
142
162
96
23
13
329
23
158
243
55
49
351
86
166
33
68
349
10
219
109
162
134
308
157
50
56
297
169
332
180
106
14
133
30
327
219
70
179
20
31
213
19
39
82
79
129
637
92
197
163
3
60
149
29
273
470
53
165
6
161
149
136
153
40
137
166
171
119
98
193
131
79
284
110
62
228
28
170
173
42
150
218
112
381
176
13
131
143
54
132
79
110
39
100
105
238
256
138
25
158
45
339
108
205
13
339
12
37
30
319
14
38
28
110
18
177
11
146
12
123
210
126
107
727
5
229
160
71
69
17
171
58
6
179
608
60
95
17
30
15
85
21
35
14
165
133
45
256
47
43
265
34
354
215
111
180
23
76
16
266
135
148
79
60
91
120
107
476
96
16
66
130
95
30
89
457
123
209
62
351
256
15
135
432
110
438
29
138
154
91
65
9
300
127
288
68
59
112
120
119
22
91
374
108
233
206
74
27
47
84
26
18
169
218
72
421
30
4
97
96
41
99
108
36
50
98
23
177
89
14
358
63
120
26
3
20
23
217
43
320
143
261
82
82
49
226
512
18
280
180
49
301
258
410
3
325
685
219
63
2
120
30
122
60
74
73
304
113
163
450
10
374
27
50
464
414
149
78
48
112
129
237
289
210
366
11
239
438
39
47
196
20
402
231
42
284
86
122
87
50
139
26
40
142
28
207
528
530
32
7
38
114
13
55
148
28
38
131
36
52
108
256
200
50
30
140
14
5
7
137
38
129
133
30
225
114
128
19
127
92
55
121
60
67
407
54
87
60
281
936
130
25
171
462
44
68
51
26
143
12
388
14
90
39
72
278
190
335
63
75
388
34
216
97
343
47
94
92
263
17
184
302
50
14
389
35
231
33
114
69
171
7
13
91
346
282
61
111
10
86
255
194
182
547
427
103
29
119
226
498
122
43
177
263
291
20
464
100
136
119
202
229
83
6
38
111
8
75
131
27
533
91
4
77
62
24
247
297
161
34
375
231
116
319
155
45
121
84
157
123
102
51
104
167
137
11
221
132
145
722
107
128
115
187
109
107
170
22
125
64
222
529
70
18
317
55
71
179
23
106
184
112
177
473
47
237
29
304
25
70
265
140
133
190
73
326
44
193
88
34
155
61
71
651
158
52
43
84
98
164
500
42
128
12
184
182
127
379
89
82
15
170
11
33
145
738
53
475
182
82
40
125
62
168
108
249
21
80
301
204
78
50
65
38
36
16
338
205
63
163
31
83
254
31
19
396
254
49
191
23
95
82
72
37
104
402
336
197
150
107
18
111
98
343
13
127
44
74
2
3
191
187
16
449
160
37
339
15
123
51
41
32
22
1
13
20
9
105
16
577
9
271
2
184
236
411
186
115
235
72
179
10
18
138
162
88
560
61
57
33
6
48
236
342
14
60
202
74
43
238
17
94
276
21
239
188
33
31
90
4
331
26
188
71
88
20
196
99
196
105
80
434
88
182
113
38
150
147
467
144
246
6
273
142
41
313
49
727
128
22
20
79
83
88
38
120
121
130
105
80
181
52
131
221
312
10
155
33
142
12
15
42
87
5
41
32
161
21
78
496
349
311
13
71
68
75
21
114
224
170
128
279
89
22
206
209
207
95
126
259
462
181
23
481
97
141
69
154
66
374
211
477
171
114
69
49
111
334
83
340
15
10
164
302
207
36
22
18
273
388
116
111
373
273
85
2
10
111
159
232
79
51
408
259
68
136
86
10
101
77
215
114
719
163
63
71
88
421
73
301
112
71
26
400
55
350
76
170
24
134
2
3
94
88
100
307
203
20
13
25
116
526
71
51
3
12
303
154
344
193
115
158
193
28
299
420
196
82
82
14
19
141
129
364
1
89
8
135
127
76
22
155
112
85
151
167
10
130
181
158
76
38
583
596
112
241
1
115
38
53
115
9
73
569
95
200
48
6
93
717
17
104
47
115
99
59
60
15
340
22
271
65
125
197
69
44
370
40
154
229
96
187
62
214
132
168
93
52
120
11
12
47
4
231
177
60
41
252
68
24
4
13
201
110
111
57
139
24
64
102
106
91
51
63
51
37
27
125
532
81
10
25
91
409
48
33
235
67
16
2
63
91
55
83
138
59
217
6
106
224
367
192
42
157
38
64
301
32
81
8
138
237
42
118
166
340
353
87
54
274
59
516
99
6
70
241
7
248
42
98
361
60
157
182
241
279
35
21
53
202
331
11
229
240
145
116
115
105
5
182
10
202
20
446
114
16
313
201
146
33
398
72
85
42
234
199
207
287
423
16
341
547
159
284
58
221
43
83
63
144
2
48
20
37
192
76
74
235
214
205
156
219
139
142
37
113
29
299
6
66
110
3
99
209
46
32
257
674
159
30
126
20
419
527
115
138
219
48
77
200
61
200
333
292
58
171
170
62
105
89
38
162
205
92
49
476
206
53
4
26
250
178
430
266
81
61
341
27
97
46
343
111
11
859
88
256
274
57
63
12
144
214
17
14
155
40
53
178
134
299
9
49
12
110
293
275
43
156
251
6
131
126
47
101
2
47
149
91
167
122
125
179
42
34
157
67
217
20
8
34
165
76
63
60
372
267
183
51
70
295
28
73
11
228
94
19
62
140
121
308
240
165
220
173
62
215
293
250
146
55
142
91
348
12
120
34
282
107
40
173
128
109
180
72
151
531
132
158
236
214
453
587
790
521
253
127
231
34
67
198
180
50
315
210
36
8
399
221
272
81
438
139
164
3
144
46
110
18
74
4
142
131
23
99
15
307
19
96
11
122
278
41
93
150
78
98
2
41
39
58
138
114
91
8
214
243
267
75
344
22
93
274
158
97
128
466
17
31
277
488
133
50
236
50
130
85
126
213
80
80
34
90
39
5
73
6
135
143
158
277
36
32
24
102
115
51
440
186
261
106
93
121
54
45
172
78
326
69
202
170
18
280
43
178
125
70
93
53
62
46
50
11
167
152
290
13
76
22
153
114
52
1
81
517
4
30
82
61
169
264
183
15
24
9
35
161
278
373
44
274
153
109
94
389
33
2
123
49
263
244
68
28
777
256
129
47
246
19
28
489
55
196
449
206
326
235
341
67
337
129
67
53
33
6
350
4
6
82
59
575
88
879
88
130
45
39
242
37
6
35
444
468
242
257
576
316
237
66
195
254
30
89
185
18
55
244
149
41
121
73
197
95
25
25
313
10
12
232
95
125
88
10
245
439
247
135
535
29
11
28
79
123
228
179
266
156
165
24
20
27
161
50
45
579
6
129
55
197
8
13
135
41
160
339
80
112
5
130
23
48
59
128
140
21
143
149
102
18
92
61
31
134
33
10
90
168
23
41
78
108
245
31
72
10
46
165
89
277
74
293
163
81
77
1
35
120
136
59
57
72
162
186
187
265
119
171
45
139
174
100
142
32
153
49
64
76
41
521
93
85
22
126
409
74
414
11
46
184
135
151
462
134
168
124
288
67
38
234
130
235
230
11
71
79
51
34
258
46
185
5
64
53
65
294
29
131
146
175
48
225
17
48
3
100
52
42
258
210
62
145
315
46
306
188
30
251
62
176
339
476
78
38
125
21
4
31
4
24
58
107
1068
163
503
249
64
173
201
69
203
67
108
3
331
260
22
235
267
19
109
83
76
165
30
274
73
126
29
145
46
66
15
346
498
48
103
399
208
465
158
64
85
94
30
71
78
60
39
73
128
189
7
130
318
145
61
134
76
47
46
21
125
21
16
168
55
130
356
127
30
20
200
314
77
309
124
4
174
427
2
220
74
193
106
3
504
100
35
18
40
37
218
41
86
3
194
64
121
39
94
40
156
253
58
233
38
109
30
54
62
17
60
272
11
202
21
61
48
190
50
210
350
330
409
222
145
297
38
43
247
8
255
120
191
4
101
460
363
513
156
45
202
46
98
184
197
53
16
189
81
90
57
407
65
108
80
68
167
62
40
53
144
101
2
80
697
205
60
4
540
16
127
108
6
117
21
73
12
20
5
44
126
72
358
74
14
11
19
259
70
122
36
135
14
343
221
158
348
70
72
102
532
17
15
23
122
354
79
103
430
202
309
84
23
159
59
146
220
375
110
96
32
116
93
16
18
51
142
105
164
118
71
362
86
76
34
47
25
556
26
28
73
59
80
57
213
48
125
271
113
194
124
222
255
87
104
101
13
42
54
109
366
189
148
58
246
242
2
127
463
20
286
18
6
298
169
29
53
278
175
90
66
453
295
388
127
249
19
431
10
10
4
2
52
99
106
44
78
202
46
123
21
10
93
41
33
522
202
379
52
154
15
179
39
138
8
148
2
55
51
316
498
315
123
55
85
23
111
50
28
13
728
58
302
195
79
196
36
57
211
78
75
96
78
42
79
103
168
56
109
111
7
99
229
268
78
194
112
65
311
12
117
17
41
38
21
26
21
19
755
84
104
27
224
24
87
279
68
32
494
58
58
23
43
118
127
99
150
234
190
69
272
15
230
157
32
21
151
18
90
158
175
15
112
133
437
128
194
104
519
137
16
33
30
103
104
8
53
283
165
30
27
214
60
2
32
14
1
62
127
190
142
15
102
89
97
107
3
20
6
129
14
44
199
31
232
59
12
55
62
415
75
18
571
55
354
28
150
84
51
405
25
262
503
54
418
196
168
85
19
95
197
52
223
26
284
196
9
111
91
110
21
219
278
374
131
85
146
59
150
201
249
31
251
24
27
250
14
71
59
48
720
494
26
125
700
212
6
11
37
90
19
54
37
141
18
43
150
83
516
84
262
41
108
226
427
335
82
138
102
215
93
67
142
86
128
171
196
82
11
148
11
32
15
256
136
57
217
8
427
234
118
331
3
166
29
189
3
438
67
136
85
303
14
74
312
350
311
123
28
22
108
22
121
50
129
197
204
364
166
64
380
26
5
187
85
36
4
198
67
151
91
21
339
3
240
152
7
410
104
30
180
199
58
315
156
176
155
15
144
177
25
106
33
145
353
176
89
105
21
60
153
32
107
63
89
284
120
25
51
398
230
13
92
573
100
50
125
60
5
45
51
93
447
139
215
275
177
46
161
224
25
90
338
107
246
115
316
14
92
56
113
473
45
294
89
312
50
138
15
6
41
523
118
121
160
354
94
411
6
254
91
222
40
61
548
82
155
96
279
37
98
13
9
62
7
206
38
111
340
110
25
286
148
19
106
79
85
26
71
357
89
22
12
127
148
909
78
212
83
41
27
165
192
66
79
305
262
23
37
146
188
142
14
394
22
82
147
24
2
125
40
7
216
170
92
60
216
44
95
190
34
571
337
5
50
44
17
30
297
115
77
8
171
10
240
35
87
410
158
206
466
107
157
278
33
63
90
62
2
114
181
43
327
134
231
64
54
173
36
19
61
1
8
33
294
350
127
11
285
53
206
54
9
13
159
67
120
316
28
4
583
40
42
301
79
53
41
172
123
66
497
46
8
235
152
65
85
137
47
590
51
25
179
15
186
27
152
100
23
156
4
116
256
67
86
37
161
110
39
175
42
246
12
21
29
102
51
115
133
266
389
214
186
127
265
139
94
44
71
101
170
7
12
108
317
355
199
251
1
51
216
7
234
52
53
63
196
149
166
72
139
331
64
321
105
166
55
10
104
116
54
26
19
145
40
125
54
58
210
94
22
86
82
578
713
13
191
342
80
37
2
82
50
7
46
193
71
12
107
141
202
1402
64
193
248
1
233
146
170
254
70
324
84
118
32
221
12
378
193
160
84
179
68
255
308
128
118
137
65
296
812
87
20
67
31
45
40
296
15
226
64
394
86
2
351
164
93
364
20
406
167
10
212
155
22
259
6
185
88
48
110
37
45
208
107
16
301
388
82
58
123
116
1328
135
6
384
44
20
79
218
184
3
216
756
12
517
123
83
167
10
109
46
17
50
86
344
102
71
328
45
161
97
308
4
148
432
431
112
44
43
85
72
13
8
142
16
96
9
83
21
28
368
57
150
17
27
5
20
244
8
84
6
157
324
44
498
41
147
6
260
106
106
103
50
158
170
61
6
80
6
340
4
98
94
42
78
25
3
58
60
95
86
104
136
65
50
285
83
209
78
28
46
31
1
40
54
6
191
521
11
219
292
305
19
13
285
165
169
52
211
146
196
225
100
55
192
213
99
198
56
32
83
216
10
199
203
165
142
37
19
76
11
243
48
283
118
122
42
183
18
429
77
113
132
118
411
120
29
245
211
166
135
40
191
33
241
27
33
162
6
378
329
135
229
26
132
1
70
193
38
129
202
4
135
45
196
31
36
442
4
77
134
76
76
65
126
57
82
15
45
100
17
210
60
136
179
225
47
256
287
61
565
13
180
70
94
457
14
722
232
278
12
310
29
147
307
70
56
50
69
82
256
16
33
89
31
140
101
187
540
248
139
13
28
73
306
88
26
31
30
79
211
21
266
130
143
83
63
141
144
46
49
107
66
874
139
398
194
80
97
42
41
164
189
591
188
166
93
181
583
139
83
563
17
5
143
162
86
233
176
80
36
167
5
34
440
379
369
164
73
189
104
44
237
11
55
114
94
203
10
58
134
234
157
199
59
125
24
53
267
3
15
24
257
257
145
274
175
184
21
349
82
79
15
72
3
43
384
14
109
263
20
47
209
91
5
167
59
215
266
143
100
373
177
17
6
32
179
12
59
64
225
42
30
40
44
78
186
36
148
410
41
191
140
130
144
472
142
49
189
67
151
71
109
234
45
345
4
17
77
37
58
161
37
207
105
34
78
39
47
50
43
99
167
100
75
121
60
6
150
138
36
50
60
276
28
181
98
164
9
345
321
191
14
210
43
11
351
70
263
167
115
237
35
2
16
217
144
374
2
36
4
104
3
60
160
14
326
401
141
102
126
247
155
58
5
388
100
37
258
273
137
580
11
130
118
196
51
49
55
612
367
8
43
326
230
227
89
58
212
50
57
141
129
55
18
23
94
159
12
210
327
324
189
149
269
18
8
325
246
292
129
164
226
55
22
105
9
199
157
138
59
581
13
293
430
128
393
66
140
83
111
157
204
21
206
2
112
328
212
60
204
138
80
403
188
29
26
103
145
612
67
417
80
52
386
42
31
7
11
59
53
35
44
24
74
57
107
12
198
41
165
8
82
40
5
381
73
15
28
5
127
168
51
27
5
296
416
47
66
203
49
369
102
108
257
347
801
141
91
130
55
123
6
109
114
16
3
61
37
125
128
219
280
179
55
22
103
62
18
77
216
37
408
202
14
145
134
70
124
168
65
151
277
211
141
59
66
22
217
120
100
217
30
113
204
65
36
300
120
66
66
28
47
21
164
51
308
424
148
101
87
70
316
20
184
29
202
461
35
270
188
122
133
40
92
70
137
54
272
126
269
102
57
191
134
64
512
55
38
34
22
24
121
77
37
437
69
13
86
111
37
103
21
91
35
92
29
22
39
95
132
331
149
400
146
606
88
58
53
27
62
34
233
157
3
419
169
57
141
188
279
35
25
99
211
34
167
118
40
42
47
105
40
252
64
221
274
39
55
103
22
27
61
24
54
18
232
14
14
111
143
194
12
106
37
54
141
112
45
403
612
107
150
310
179
123
3
590
171
28
81
9
175
30
125
63
66
119
5
559
251
97
54
83
3
242
42
206
2
6
79
43
184
94
56
188
148
19
41
4
21
307
205
142
53
108
92
5
448
51
30
63
11
89
136
264
85
177
81
279
23
127
76
125
86
494
77
29
122
336
46
321
98
77
79
77
76
40
63
299
720
42
120
205
120
11
67
96
15
6
62
150
297
108
45
179
56
95
50
352
21
222
283
6
12
253
15
48
91
79
351
66
8
178
158
3
345
112
104
103
316
23
73
77
1
54
25
517
83
50
45
143
16
20
218
171
139
173
54
33
263
145
87
261
30
125
150
32
187
452
4
55
11
94
3
11
43
10
123
63
191
134
427
17
105
425
290
85
25
11
109
56
244
65
53
138
207
2
112
597
22
169
12
161
498
220
177
85
76
124
251
15
11
38
112
1168
87
94
256
143
88
30
260
21
16
165
11
72
13
1
27
72
70
681
138
114
230
245
343
505
88
104
325
105
181
236
270
56
11
331
13
103
246
170
204
119
133
142
218
1
312
438
8
63
145
64
36
59
45
194
75
285
15
343
270
4
43
99
390
14
80
43
198
338
32
288
53
40
133
56
119
66
15
638
153
216
93
262
42
90
167
124
252
111
103
106
90
355
109
80
220
84
13
30
342
149
180
328
151
85
74
93
508
310
122
148
4
77
277
328
65
189
86
668
5
8
68
125
216
88
115
14
14
120
20
411
225
25
10
64
315
357
99
14
93
4
404
246
509
21
290
342
55
719
356
30
49
202
30
205
78
257
86
126
398
229
92
281
89
4
24
205
163
387
61
20
328
72
153
362
244
100
72
235
51
20
169
325
315
35
24
149
67
230
169
237
104
29
32
137
21
174
11
174
192
342
5
115
47
79
53
105
104
25
26
78
210
47
94
23
22
5
25
248
4
46
3
72
46
296
16
110
27
52
224
261
33
6
37
8
148
92
424
51
234
42
205
549
106
144
123
523
107
71
193
23
229
24
143
129
105
244
15
386
15
84
54
20
24
23
43
361
109
48
52
75
311
122
77
115
698
65
249
92
61
104
138
89
17
15
12
5
52
51
202
480
170
195
61
76
105
33
261
445
82
110
42
85
180
3
63
207
169
218
10
59
293
67
198
108
288
98
11
9
55
325
286
225
80
78
10
25
650
68
31
614
115
176
223
205
51
421
3
108
84
70
215
245
174
233
31
93
30
305
1
3
351
82
354
212
227
99
4
75
636
141
85
40
365
31
1
38
35
237
359
474
31
250
7
37
41
64
140
82
54
12
26
115
885
20
120
91
54
66
37
15
73
125
18
214
348
169
439
186
49
100
45
155
142
76
63
112
326
68
227
118
77
57
162
157
41
26
115
2
290
26
243
18
204
21
58
90
25
123
105
25
17
26
342
425
25
98
130
23
92
35
121
23
83
42
233
223
19
5
9
162
40
30
106
145
147
12
237
42
157
83
258
86
35
139
167
68
177
167
181
100
19
12
108
117
229
280
30
84
262
228
22
154
8
210
181
98
203
268
228
114
213
219
182
183
54
424
15
23
225
45
3
119
348
7
296
308
131
127
300
89
151
133
125
45
61
14
50
65
144
126
143
60
68
54
19
111
188
69
177
87
97
85
