57
64
64
68
63
69
69
66
70
64
62
72
77
73
61
64
75
62
62
83
64
74
68
64
69
64
64
77
72
69
69
76
75
77
66
85
73
68
80
68
79
75
70
64
60
62
69
69
63
63
70
73
74
85
68
77
68
77
66
74
81
62
62
63
68
64
77
65
63
84
74
74
66
70
66
74
73
64
77
65
71
67
66
65
68
73
66
78
72
58
76
68
74
87
63
62
68
77
69
86
77
65
73
74
76
73
65
65
65
67
73
75
73
69
73
70
70
60
72
65
77
65
73
65
75
80
61
61
78
60
70
66
69
69
74
74
80
70
76
66
59
63
61
63
63
65
64
67
64
86
67
75
63
63
77
72
71
71
64
72
70
62
70
70
73
72
74
83
65
73
81
63
81
68
61
70
66
71
67
78
71
64
68
67
71
70
70
67
64
66
64
66
72
76
67
71
95
70
81
64
68
76
73
87
72
80
65
72
68
79
86
68
73
84
61
86
71
66
74
73
67
64
76
65
80
62
72
75
67
63
72
71
85
79
68
70
68
83
69
63
94
63
72
77
60
64
63
64
71
84
60
76
62
62
65
80
75
68
78
70
58
60
71
76
70
81
82
66
78
79
71
60
66
71
67
70
66
70
68
76
81
68
82
80
70
71
74
62
76
62
63
74
61
63
65
78
86
70
70
64
75
62
64
75
70
61
64
78
68
63
72
72
68
70
68
66
77
59
66
68
71
72
59
63
68
66
70
66
81
65
65
73
64
68
77
69
87
69
73
75
100
71
69
61
66
80
69
63
65
69
72
69
61
63
65
67
66
92
68
71
97
74
77
69
65
66
66
81
67
80
63
76
67
65
81
60
76
70
74
66
69
68
61
73
79
75
81
61
63
59
67
80
70
59
66
69
65
66
59
64
73
69
68
99
71
74
76
79
81
90
75
71
78
66
75
68
78
81
73
75
76
72
70
79
80
89
74
63
78
69
60
75
68
70
65
69
76
68
78
96
59
57
70
77
69
73
57
64
69
70
65
70
74
69
73
80
74
69
88
68
68
81
75
68
66
80
72
61
67
83
66
82
85
63
66
65
70
62
68
65
73
77
68
66
79
76
75
65
76
80
74
67
91
64
77
69
78
73
78
57
67
61
69
85
65
66
58
69
68
73
73
64
61
84
63
67
67
74
78
68
64
83
78
81
57
71
63
77
70
67
71
62
74
71
64
77
77
65
72
89
64
75
77
74
74
65
63
70
75
81
62
66
74
58
70
92
73
78
63
66
75
76
79
82
72
64
68
63
65
71
66
64
71
68
60
66
66
75
71
66
72
76
63
85
78
96
79
62
72
69
67
68
67
76
72
66
77
66
67
73
67
67
72
73
66
71
74
64
82
66
73
76
64
62
65
79
70
86
60
65
68
80
72
62
70
68
71
69
86
63
65
68
75
65
80
64
81
70
63
72
62
85
73
68
68
61
73
75
67
64
74
72
66
79
63
61
68
67
60
70
81
59
78
72
78
64
63
68
69
68
68
71
65
67
80
66
59
62
77
71
82
69
62
69
59
75
64
66
89
83
60
63
66
66
72
78
66
71
68
71
78
77
64
77
75
61
70
68
76
75
66
73
67
65
70
67
70
74
70
66
65
72
66
73
71
76
64
75
63
69
76
69
62
67
77
66
69
60
65
68
71
62
67
70
57
67
73
72
63
68
67
64
69
80
59
80
74
68
62
61
67
60
94
71
61
71
66
71
65
69
66
61
68
76
63
70
68
63
64
76
66
68
67
67
63
67
67
78
92
61
73
77
66
74
74
61
67
70
68
91
69
73
68
68
69
74
63
71
61
69
84
68
81
60
64
67
61
82
80
74
72
64
71
67
72
65
73
75
76
69
68
67
83
73
69
75
67
75
85
62
61
60
64
74
67
71
72
70
71
66
81
78
84
69
75
71
71
62
66
87
60
69
72
93
66
69
59
69
63
79
64
68
65
72
76
70
75
65
80
57
60
68
85
70
70
81
71
65
94
76
72
64
94
66
70
67
73
71
66
70
68
78
93
65
65
68
85
71
69
71
69
75
66
83
79
75
70
69
71
68
67
84
69
70
79
82
65
67
74
69
66
71
64
68
77
71
67
66
79
68
83
75
56
78
69
75
60
81
66
75
68
72
69
66
66
69
56
77
64
64
86
66
64
66
77
69
66
76
60
69
71
70
68
81
65
70
69
68
80
70
79
75
68
64
68
64
71
58
76
61
67
66
70
71
69
61
65
65
69
72
