15434200
15369000
15428900
15583900
20120900
15395600
16060100
15339100
15410100
15363400
15475400
15672700
15414600
15538300
15339600
16132200
17903900
16054500
15483900
15320400
16031300
15389900
15404700
15329300
15433800
15347600
15361600
15371800
15354000
15378000
15293400
15212100
15169100
15149200
15313300
15216100
15141100
15197600
15221200
15283400
15324100
15321100
15225300
15713900
15165000
15293700
15216700
15359800
15153700
15273800
15176000
15196900
15214300
15173600
15147300
15196900
15151800
15149400
15030100
16036100
15391800
16213200
20660000
15635000
17550800
16568100
15716500
15663200
20462500
20536100
15349000
15407800
15332900
15270600
19355600
15389700
15928500
18531900
15402700
15363100
15366200
15380300
15290500
15425100
15342800
15507200
27015400
15640000
16164800
15331800
21918300
15631000
15557600
15392400
32991700
21456300
20754500
16565100
15294500
15324600
15403400
15382500
15752900
15922300
15324800
15380800
15289300
15852800
16970500
15378600
16014600
15356300
15329400
15315100
15354600
15442600
15294100
15328200
15308800
15668500
15199900
15159300
15418700
15238700
15282000
15362700
15268300
15203600
15341700
15317700
15400900
15315100
16137900
15261500
15316200
15366900
17943200
16921100
17254100
15343500
15386800
15353900
15695200
15373000
15395400
15372800
15354700
15260800
15309900
15282600
15310700
15293600
15327400
15299300
15364900
15967100
15356300
15339100
15293700
15345300
15322900
15185900
15264500
15245900
15276500
15320500
15089200
15259700
15235600
15214000
15481000
15238300
15306900
15256300
17662100
20253300
18989600
16056000
15344000
15216900
15279300
15421800
15302000
15214500
15246200
15362400
15268400
15282700
15323500
15354300
15340000
15340900
18806900
15247500
15362900
15513100
15619900
17939700
16891400
15325700
16866000
15536100
15416200
15389400
15429500
15416600
15401400
15382500
15470600
15377600
15425100
15405700
15331800
15316400
15328400
15355700
15359900
15477400
15388700
15284700
15330600
15335800
16116400
15241300
15281100
15243400
15253100
15265200
15050100
15132000
15580600
15166400
15069800
15091300
15226300
15272200
15193900
15263100
15220500
15212600
15179000
15065900
15166500
15202300
15122400
15813800
15106300
15156900
15155000
15286100
15204500
15300700
15216700
15131900
15223900
15197500
15295400
15309000
15310200
15755300
18666400
15884100
15335300
15349200
15469400
15537400
15384800
16138400
15321400
15225400
15234000
15229200
15306300
15254600
15196900
15212700
15112700
15163900
15191200
15154600
15097300
15121300
15210200
15016600
15159400
15108200
15281600
15225300
15302800
15533100
15991000
15484100
15384900
15296100
15440400
15345800
15225900
15258800
15296600
15281600
15242000
15241600
15577300
15499600
15456200
15402900
15354500
15323800
15297000
15335700
15309900
15343400
15936200
15344000
15292800
15312800
15550200
15278200
15158600
15089800
15161200
15069200
16539700
18523000
15482900
15371400
15378200
15476300
15363200
15202400
15406600
15306500
15128800
15182900
15889900
15103000
15086100
15048700
15130200
15036600
14970000
14988100
14987400
14928600
14964300
14953500
14945900
14986500
14958800
15127500
14973300
15035800
15042700
15299100
15506400
15256600
15217100
15856000
15252200
15253900
15241500
15217800
15176500
15184700
15095800
15142600
15140900
18256200
15247200
16349200
15251400
15271400
15271500
15217500
15053300
15305100
15477400
15086500
15066100
15904000
15117000
15154300
15112200
15294700
15173400
16079400
18268200
15637900
15321100
15326700
15312100
15322300
15364600
17153600
15365200
15315600
15238900
15025100
15078600
14996600
15137400
14968700
15569500
14988600
14988500
15076600
15001500
15075400
15005700
15145800
15063300
15042200
15090300
15147600
14970900
15054200
15358700
15128400
15085100
15132400
15234300
15152600
15051800
15139500
15811300
15155300
15184600
15000300
15062600
15156900
15039500
15112900
15287500
15093700
15070800
15146300
15113600
15109600
15089700
15025600
15045500
15023400
14946500
15060800
15027600
15027000
15713800
15054400
15443200
18164800
15821400
15343600
15325700
15217000
15269600
15260900
15277400
15242400
15145000
15230200
15260200
15136500
15134600
15050900
15053600
15114400
15020000
15291700
15033200
15786200
15099400
15022500
15063700
15022200
15044300
15032500
15072000
15133400
15103900
15070600
15163200
14994400
15423000
15061600
15048500
15081900
15084700
14890800
14971100
15037800
15017000
15977400
15117200
15133000
15079800
15010000
15164600
15094100
15238100
15043000
15145600
15129800
15274500
15121200
15118200
15056000
15090700
15131400
15181400
15126800
15043300
15028400
16387100
18665900
15477100
15382400
15386600
15511400
15533000
15576300
15324500
15391400
15296600
15423600
15376900
15319600
15242600
15567900
15385800
15234600
15076000
18414500
15730600
15309500
15306800
15317700
15798800
15294000
15174600
15091900
15199500
15204300
15056600
15052400
15350300
15116800
15108400
15333000
15116900
15107600
15137100
15135400
15121600
15090500
14957000
15009600
14944500
15031800
19871000
15311800
15248600
16879500
16830100
15256600
15266200
15222000
15259500
15241300
15249300
15207800
15281800
15250100
15242600
15279400
15657200
17767400
16201100
15334000
15367800
15312900
16200400
15369900
15388600
15268300
15287400
15224200
15305900
15264500
15249200
15040300
15080100
15139200
15189100
15076500
15040900
15236000
15188400
15158100
15067200
14946600
15831700
15045300
14993400
15663300
15135800
14963100
15289100
15308800
15763700
15232900
15591200
15346400
15199100
15213600
15314000
15312600
15414000
15213000
15216100
15272600
17007100
15357300
15062300
15269600
15194000
15772000
15095800
15233300
15129900
15101300
15096200
14989000
15080700
15127000
15065900
15014900
15088300
16581000
18275600
15782400
15307700
15279100
15777200
15345100
15291100
15270100
15317800
15972600
15290700
15263800
15361100
15273800
15145800
15109900
15191500
15224300
15185900
15121900
15171200
15159600
15149600
15233700
15167700
15142500
15184800
15158800
15118800
15112000
15105400
15209800
15751800
15144500
15140600
15147000
15144300
15128700
15026100
15063100
15112800
15097600
15061900
15075500
15104500
15151500
15202700
15133900
15108900
15075900
15108000
15208600
15387000
15152400
15779200
15251100
15113400
15025100
15031800
15223700
18001200
15281200
16392000
18363000
15451500
15315400
15310100
15305400
15317200
15340100
15355100
15277500
15262100
15274700
15350900
15261300
16115400
15945700
15394300
15318100
15336100
15254000
15339300
15149800
15172100
15111500
15081700
15183100
15122500
15104700
15133000
15156100
15204400
15109100
15128900
15203600
15080400
15166400
15129500
15764600
15079200
15193500
15152300
15180900
15147900
15183500
15142000
15275600
15231100
15411000
15261100
15254700
15229800
15254800
15322800
15452500
15231300
15303300
15723000
16581600
15364600
15961200
15432700
15347500
17492300
17177700
18086600
15896200
15336100
15943300
15377200
15351200
15351400
15215600
15290200
15340200
15308400
15277600
15290000
15313800
15313000
15211200
15326900
16222700
15254400
15213600
15169900
15239700
15206400
15216600
15191800
15126100
15200300
15166200
15108600
15206500
15160300
15186800
15136700
15222100
15204800
15194600
15203600
15171600
15145000
15177800
15696400
15092200
15147900
15155100
15139600
15152800
15268500
15212300
15205300
15161400
15113000
15118400
15189800
15161000
15166800
15167400
15152100
15133400
15047400
14978200
15000300
15004200
17035100
17717600
15340200
15306700
15312600
15354500
15305000
15246800
15276500
15323000
15260200
15130500
15158100
15093800
15158600
18702200
15844400
15065400
15064300
15130600
15084400
15035100
16028800
15140800
14980200
15029200
15030000
15025600
15021900
15029200
14972300
15009000
14966500
15129700
15113200
15105600
15264100
16595200
15263900
15137100
15203800
15366400
15160700
15151000
15132100
15837900
15120000
15289000
15184200
15201900
15192600
15136100
15136200
15333200
15136400
15197500
15179700
15243900
15181400
15211300
15152400
15434200
16564000
16994200
17795800
15378700
15309100
16108200
15317600
15314200
15344900
15281300
15322800
15328100
15297500
15211900
15147300
15192500
15194900
15099000
15134700
15149400
15101200
15152100
15148900
15142400
15159600
15070100
15147700
15176100
15719300
15118900
15077700
15132700
15162000
15138500
15152300
15048100
15039300
14975800
15076100
17654500
15429000
15320000
15342600
15364900
15332800
15334700
15319900
15338700
15357900
15390000
15919300
15360600
15313800
15323200
15275500
15381200
15305300
15252600
15323700
15192400
15094100
15202400
15167700
15092400
16003100
18220800
15453600
15350500
15290500
15286500
15303900
15345900
15938200
15261200
15328700
15331400
15318500
15345500
15286700
15264400
15379800
15295800
15159000
15802000
15140700
15137300
15168100
15142100
15102500
15195900
15241200
15238300
15165700
15278100
15182000
15684300
15120300
15185000
15103400
15185800
15137500
15148100
15139100
15140500
15253500
15181400
15150100
15189600
15175900
15141700
15222700
15264900
15175400
15177000
15182600
15165000
15157300
15962300
15200600
15207700
15168300
15157500
15223000
15132800
15183500
15182300
15161700
15820800
18258000
15833000
15363800
15313400
15324000
15402200
15435700
15306500
15309500
15313000
15064500
15786200
15154800
15185100
15142900
15188900
15160100
15194100
15157800
15114300
15131100
15153100
15187500
15136300
15150000
15271900
15182100
15095100
15196000
15205300
15156500
15144800
15224900
15238500
15648000
15217300
15134100
15095400
15047700
15089100
15073000
15049600
15024400
14953500
15078700
15160900
15278600
15006600
15038500
15100800
14988000
15056000
15197900
15033600
15102900
15041200
15714000
15080200
15119000
15105900
14982800
15083600
15406400
18280300
15933500
15311300
15329700
15319900
15294100
15268600
15315500
15588400
15345700
15279900
15119100
15156600
15188100
15180200
15909900
15156900
15278100
15159500
15148100
15254900
15144000
15090100
15050000
15066300
15089500
15000900
15014800
14955300
14881300
14944500
14979100
14987400
14951900
14971600
14993900
14996700
15013500
15577900
15025800
15011100
15101100
15102400
15206400
15206800
15258900
15195200
15303700
15188000
15203900
15166900
15210000
15179300
15309300
15152900
15075800
15109700
15096700
15090900
15093300
15856400
15165100
15077700
17779700
17276100
15405300
15337500
15346100
15376800
15346100
15230000
15381900
15253300
15253000
15220700
15394600
15167400
15209100
15172700
15390700
15455300
15252400
16027400
15168500
15145500
15246500
15147000
15225500
15214900
15135800
15238200
15197100
15116200
15199400
15128400
15189600
15107300
15226100
15132200
15126400
15172300
15165100
15109900
15107800
15083900
15803200
15131100
15186800
15176500
15194800
15259700
15187900
15166100
15260700
15106300
15188200
15221100
15244600
15279300
15125100
15201900
15132200
15137200
15000500
15018700
15143200
16611100
19179000
15348200
15367100
15325800
15316800
15321400
15199700
15219300
15212800
15180700
15191300
15162400
15158600
15168600
15216800
15162900
15166700
15153100
15205200
15223300
15323400
15237300
15227500
15764000
15203200
15217600
15209300
15039600
15095000
15154800
15187800
15109300
15173100
15094000
18755500
20154800
18713400
15127500
15144300
15049900
15020500
15087000
15197100
14996600
14901600
16033800
15083100
15090500
15081700
15080800
15148800
15133000
15320300
15124200
15053400
15564400
15223100
15121300
15185200
15114000
15166200
15278100
17713100
16776000
15373400
15310100
15337600
15341600
16071700
15572900
15481400
15341300
15266100
15348100
15359500
15318500
15319400
15272200
15270300
15262100
15536700
15490000
15260800
15439900
15343000
15310500
15304400
15249500
15152200
15160800
15904700
14988400
15177800
15184200
15177500
15194100
15220200
15185500
15124700
15127900
15343200
17761300
15367100
15262100
15310400
15350700
15405700
15192000
15230500
15351200
15305900
15286600
15300900
16691300
15418100
15322400
15302800
15318100
15340700
15168000
15167000
15104900
15182700
15183600
16217100
18187900
15330700
15326300
15352800
15346800
15328800
15304500
15298500
15239200
15331400
15814700
15167700
15178300
15210300
15104900
15122200
15849200
15212800
15123900
15197800
15141100
15316500
15246100
15321600
15265700
15254300
15164300
15207900
15139100
15231000
15105300
15058400
15046600
15699300
15212900
15179300
15189200
15131200
16056800
15095800
15034900
15031500
15032000
15167300
15149900
15076700
15179000
15279300
15082600
15195700
15068300
15127000
15329700
15108600
15234200
15836600
15201700
15110600
15124500
15125100
15063400
15110200
15579600
18446800
16178900
15387600
15329800
15348900
15338800
15361300
15270700
15224300
15192600
15211900
15157100
15192900
15216900
15263900
16213600
15380000
15330000
15347300
15385300
15248500
15244100
15250000
15228000
15226800
15286000
15069800
15101000
15053500
15012100
15041800
15005700
15087700
14995100
14951700
14972500
15220100
15884400
15031900
15089800
15113700
15135400
15003600
15252200
15077300
16541400
18540600
15123800
15126400
15080700
15111000
15055900
15122100
15103300
15184700
15141600
15010700
15109700
15096300
15151600
15719000
15103300
15676200
18608500
15895400
15346200
15388500
15348700
15315600
15365100
15355700
15213900
15241400
15165300
15110700
15143500
15184800
15257200
15346700
15466200
15183400
15409400
15909400
15247200
15303500
15309700
15304900
15286100
15302800
15296600
15511200
15398400
15213000
15255800
15118300
15158700
15229400
15215800
14953300
15161500
15209400
15025300
15024800
15127000
15859000
15215300
15140100
15128300
15266200
15193600
15099900
15182900
15252000
15696500
15413000
15300300
15211400
15227600
15245600
15228700
15194300
15175100
15233400
15159100
15204200
15353000
17737200
17431700
15352900
15295200
15297100
15346200
15370800
15355500
15245300
15286700
15156800
15182400
15223900
15111600
15141600
15181200
15200000
15135700
15200900
15182700
15186200
15194500
15128300
15870700
15219400
15210500
15256100
15181100
15146100
15177200
15510600
18073600
15271300
15236400
15273400
15311800
15255600
15348500
15226900
15278500
15357600
15190100
15111700
15148700
15097800
15155500
15952300
15206800
15281900
15216400
15119100
15158700
15170800
15174000
15131100
15274500
15193500
15097900
15072000
15187400
15086800
15075400
16333100
18311800
16156200
15339400
15285300
15276300
15957700
16891200
15343400
15296600
15269000
15215400
15142500
15182500
15190400
15150700
15208300
15184700
15242000
15158500
17328700
16135300
15362900
15354800
15317300
15258700
15190200
15130000
15151300
15667400
15153800
15110800
15116000
15154000
15162700
15215700
15158100
15164400
15362000
15322900
15642400
15483900
15136000
15178500
15120800
15122900
15160100
15535300
15267700
15319600
15273700
16076800
15314900
15466300
15305300
15284800
15159700
15165100
15095000
15210900
15209200
15151700
15091600
17401600
17090200
15334900
15291200
15285700
15323500
15308500
15274300
15319500
15221500
15162000
15646200
15782800
17834400
15306100
15293400
15303200
15411800
15298000
15304800
19774000
20473200
20462700
15113300
15132700
15125900
15211600
15193900
15197800
15200700
15146000
15163100
15062400
15888200
15158600
15269100
15062300
15237600
15159400
15098800
15091100
15120900
15154700
15016300
15096300
15077500
15221100
15096900
15089700
15054800
15110600
15121600
15118900
15061800
15095300
15119800
15732200
15207100
15199500
15147300
15202500
15124200
16071800
18267600
15357300
15350700
15303000
15311400
15267700
15298400
15160500
15224400
15119700
15191500
15162700
15140000
15165400
15100500
15988100
15115100
15165400
15191000
15150000
15164400
15144400
15219200
15175900
15239200
15178400
15207900
15201300
15202000
15181300
15133600
15140000
15202700
15187100
15133600
15193100
15182900
16067000
15155000
15098300
15146800
15106100
15071900
16563800
16640300
15159000
15413300
15274500
15444000
15616500
15233700
15877600
15352800
15094400
15192300
15180700
15219900
15140000
15176600
15143500
16081000
15455300
17758800
17336600
15333300
15307100
15288800
15275600
15316400
15306100
15378600
15308800
15322700
15247500
15332700
15299900
15353900
15241200
15235500
15409400
15265300
15218200
16320200
15284300
15257000
15368300
15334400
15268900
15314700
15298400
15254600
15211300
15224100
15114600
15075800
15097200
15078000
15249600
15209000
15165800
15127500
15211100
15259400
15088100
15045400
15649200
15135900
15111600
15060000
15567800
15164600
15121500
15095000
15194300
15105800
15213900
15068300
15124800
15154100
15115900
18117100
15574200
15349900
15141600
15234700
17739800
17215400
15973600
15229200
15300100
15286900
15329900
15317300
15259400
15439500
15336400
15264500
15280500
15229400
15283900
15275900
15357000
15260200
15336500
15358600
15262300
15278500
15312700
15387600
16072300
15303900
15344700
15316800
15259400
15315800
15220900
15139000
15152400
15209200
15183100
15095300
15101900
15060600
15118300
15033700
15468900
15256100
15222400
15242200
15179000
15259600
15204100
15948400
15230100
15233100
15202100
15190500
16028200
15431600
15310800
15206500
15111800
15230300
15220500
15245900
15205500
15311800
15284100
17638400
17098400
15342000
15325600
15303100
15303300
15931700
15261200
15265400
15317100
15295800
15279900
15286800
15289000
15189800
15201200
15047100
15173800
15106400
15159500
14991900
15102600
15193500
15098500
15001500
15071900
15057600
15088400
15771000
15174200
15148100
15147800
15089300
15036500
15084100
15141900
15077600
15101300
15064300
15011600
15126500
15133000
15073900
15169900
15086900
15047900
15039800
15323300
15000200
15006400
15065200
15771800
15044000
15166500
15136000
15092700
15108200
15014500
15097300
15115100
15112200
15084000
15066200
15481000
18411700
15664200
15302600
15291900
15250200
15158600
15089300
15170100
15140400
16033100
15181400
15203300
15158300
15388800
15346700
15341200
15190700
15253300
15146800
15190900
15229400
15073700
15139100
15151100
15170900
15184300
15125800
15189700
15180200
15267800
15189500
15130800
15685400
15183800
15172300
15151100
15135300
15133400
15185800
15102100
15122000
15239100
15126000
14989600
14913900
14961100
14992300
15102700
14981000
15137400
15125900
15210200
15113100
15325300
15815400
15277800
15733600
15726300
15278500
15256200
15183500
15194600
15081200
17623200
17784300
15800400
16341900
15299300
15354000
15321200
15345400
17135500
16951600
17165800
17042500
17294800
17735000
17120200
17137800
15768200
15266000
15265200
15317500
15315600
15305500
15299500
15334600
15250000
15357700
15348600
15274000
15172200
15124400
15243400
15241900
15214000
15185200
15142500
15287600
15672500
15187200
21886500
15104500
15164300
15264400
15276000
15237100
15128100
15284900
15255100
15221800
15211500
15235600
15228000
15250600
15201000
15281000
15301100
15235400
15235300
15138300
15811000
15523300
17762700
17002100
17429900
15311400
15356200
15324000
15316800
15258100
15337800
15289500
15314400
15238900
15284900
15272300
15304500
15269100
15090400
15169500
15197400
15082900
16007300
15087500
15309600
15275800
15229300
15269800
15318600
15284600
15307500
15145100
15172600
15172400
15141300
15174900
15203100
15135200
15189300
15276400
15178100
15182800
15164400
15170900
15349000
15763400
15212900
15293900
15222400
15168400
15289000
15211600
15207700
15237300
15118600
15167100
15339600
15868200
15197300
15112500
15186500
15149000
15194200
15135700
15120700
15134600
15829100
19087700
15540500
15327900
15341900
15302600
15304700
15289600
15402700
15290100
15294900
15287000
15344800
15246700
15116000
15086800
15145600
15124800
15098900
15112200
15125300
15091100
15168500
15874100
15314900
15232400
15285500
15137800
15147400
15186900
15205400
15202300
15245900
15195800
15132700
15199500
15214300
15253100
15174100
15213700
15169700
15106000
15163600
15918700
15175000
15193100
15856800
15452000
15162800
15159500
15239000
15204500
15124800
15183500
15156800
15199400
15222800
15840000
15226400
15218400
15262200
15264900
15190100
15439400
17991200
16318500
15315500
15355100
15899800
15317800
15281900
15296100
15225200
15183600
15079100
15189700
15090200
15144700
15171800
15202900
15115900
15082800
15133200
15177000
15207600
15155800
15192600
15173000
15174400
15189200
16061700
15172900
15086000
15098600
15190000
15019100
14986200
15012300
15046400
15086000
14991500
14996800
14946100
14995500
15001800
14968200
14922700
15018300
14895400
15068800
14960000
15262500
14863700
15494900
14911600
15176200
15015300
15245800
15027300
15109100
15109100
14988500
15073900
15149700
15095500
15063000
15001400
17765900
17684900
15367300
15307000
15314200
15324900
15318300
15316000
16250900
15351500
15309400
15257000
15302400
15317100
15318200
15231400
15159600
15219900
15159000
15208600
15220700
15192500
15149900
15143000
15070600
15055900
15009900
18186200
15363600
15040900
15758300
15079000
15112500
15109900
15049300
15079100
15069900
15159500
15093100
15117800
15120400
15061500
15262800
15204000
15179800
15256800
15337300
15339300
15213700
15058500
15118600
15198500
15153300
15863100
15144200
15178100
17171100
16093900
15311200
15344600
15314000
15371300
15553200
18118700
16606500
15313500
15280500
15281900
15314100
15280600
15276700
15307000
15304800
15335000
15307000
16089200
15286800
15247700
15255400
15379900
15233200
15325200
15257400
15136200
15127300
15096800
15086000
15120300
15171200
15084300
15116400
15119700
15068300
15087100
15097400
15086300
15135700
15959500
15146200
15324100
15153900
15181500
15191400
15190600
15178700
15212600
15426700
15190400
15149500
15195800
15165100
14963200
15060500
15044700
15024000
15056500
15274300
15037700
15096100
15033200
15696300
15009500
16644200
16628100
15310900
15513000
17887400
16376900
15345200
15289000
15273200
15321100
15258800
15274800
15322500
15304000
15320400
15288200
15322900
15333200
17083800
15130100
15837700
15261600
15430200
15142100
15118700
15294100
15223100
15162500
15211400
15154200
15210500
15075100
15196500
15214900
16979100
15193200
15151900
15150400
15148200
15072100
15265200
15196500
15267100
15840000
15210900
15161600
15297400
15086100
15243900
15195300
15567100
15194800
15055400
15173000
15187800
15268300
15149800
15076600
15145600
15118900
15289100
15379400
15504300
15261000
15245400
15906100
16650200
18105900
15325400
15338200
16893200
16293200
15314100
15342200
15311200
15291500
16005700
15299100
15263000
15285500
15295100
15310900
15280100
15323500
15235700
15225900
15190900
16013500
15156500
15194200
15117100
15110600
15114900
15247300
15123500
15201100
15209900
15221600
15190300
15218800
15113900
15184600
15145500
15095500
15134400
15194800
15193300
15196000
15197100
15266000
15750600
15081700
15042900
15588400
15070400
14951300
15011700
14954600
15007400
15214900
14968100
14954500
15016700
15414800
14998000
14996200
15053600
15070300
14970200
15301000
21316300
15494500
15875600
15295900
15264800
15323900
15095400
15339000
15344400
15376900
15332800
15332100
15298000
15354800
15328200
15111400
15171600
15192900
15198600
15125400
15206400
15153400
15179100
15146600
16022100
15211300
15318600
15307300
15264700
15238700
15288000
15157500
15234600
15286900
15334600
15319900
15348400
15261100
15283800
15320800
15289500
15180400
15191200
15426400
15257200
15100900
15254400
15704700
15063400
15140700
15158500
15144100
15196400
15163900
15198400
15320700
15461400
15406500
15375200
15288100
15304800
15326900
16724800
17188200
15367000
15289800
15287300
15311500
15306900
15974300
15325400
15265700
15132600
15143300
15205600
15130300
15147400
15336800
15117700
15082400
15198900
15200300
15063000
15150100
15173900
15177200
15147300
15112600
15145900
15206700
15119400
15957700
15090900
15146800
15108700
15114000
15077300
15070900
15145600
15114100
15076300
15103700
15167900
15208100
15130600
15171000
15094300
15105600
15121300
15153900
15089200
14976100
15026100
15029100
15676600
15285400
15072700
15049200
15024100
15372200
15257000
15224800
15121400
15131000
15103600
15432300
18401500
16703200
15293300
15278300
15295900
15357500
15331500
15259500
18059800
15697200
15917300
15288100
15351700
15379000
15328400
15293500
15312700
15545900
15360900
15315800
15289700
15214200
15158600
15287600
15188400
15120200
15216600
15207400
15261900
15888200
17461200
15313000
16037200
15363100
15405100
15385700
15289100
16103100
15335400
15178300
15333400
15306400
15306200
15281500
15354100
15252600
15267400
15261200
15163100
16026500
15283600
15546100
15229700
15151100
15245700
15971300
15442600
15342600
15418900
15546000
15367300
15325800
17803900
16889100
15408800
15372100
15353200
15338900
15344400
15355100
15361900
15327200
15373900
15317400
15304200
15309600
15317600
16218400
15390300
15319000
15239600
15391000
15142400
15201900
15107400
15324100
15220900
15258200
15215800
15171700
15217400
15228200
15105900
15069000
15053500
15173400
15101900
15223700
15137000
15213100
15794800
15163400
15282700
15167500
16112900
15395700
15089000
15129100
15034500
15073600
15146100
14932400
14988700
15034200
15008100
15303600
14975100
15472200
15350000
20129100
20224500
20069900
15625800
15074400
17201500
17562100
15351100
15340700
15319800
17967500
15755500
15321100
15331700
15368200
15323700
15284500
15415900
15286500
15288300
15285900
15320200
15178300
15109600
15133500
16102000
15095500
15094400
15102700
15048200
15055000
15049900
15117100
15064500
15046200
15061700
14971300
15004500
15000000
15006300
15677900
15019600
15056500
15007100
15019400
15155800
15159900
15071400
15755800
15203800
15118800
15078100
15190200
15395000
15120000
15170300
15151300
15162600
15159800
15115600
15102300
15183500
15191900
15220300
15157400
15164700
15136400
15199400
16720000
17886100
16165800
15312800
15322300
15334500
15340800
15283400
15291300
15159100
15102400
15160300
15131800
15154100
15115600
15158200
15314500
15197300
15173900
15214500
15148300
15143100
15164600
15153000
15932000
15194700
15187400
15218100
15195900
15186000
15206600
15164600
15170400
15075300
15061600
15147400
15010800
15135100
15207400
15029800
15159600
15052100
15051200
15072400
15063000
15030900
15082000
15755900
15246700
14897800
14948300
14883700
14929900
15124600
14993400
15064000
14902300
15042100
15088700
15120100
15056400
15114300
15007900
15319300
17947400
16222200
15321800
15298500
15331300
15932700
15321900
15295700
15226300
15221600
15173700
15123700
15148600
15209900
15174500
15155800
15186000
15222000
15145900
15166500
15054700
15075400
15078600
15088700
15221300
15246100
15133600
15963500
15226800
15176900
15166200
15135800
15182700
15186900
15189600
15150300
15189200
15211700
15166000
15310100
15244100
15183100
15135400
15165700
15111400
15312400
15015000
15267700
15090100
15035800
15676200
15030700
15062000
15061600
15048900
15015100
14990700
15144800
15016000
15119900
15094500
15071200
15071000
17869900
17223800
15319500
15305100
15318900
15296000
15281600
15316400
15426200
16287700
15319600
15253000
15143200
15073400
15231300
16049700
15910600
15899300
16051600
15609900
15392300
15587400
15306200
15364500
15467800
15458400
15608300
15871500
15491400
15436700
15486700
16185000
15394700
15382800
15377500
15400900
15354200
15375800
15390400
15393200
15391300
15353800
15376800
15380900
15364600
15326700
15352100
15401100
15439200
15425700
15335900
15593900
15473000
15621700
15944300
15393600
15383100
15392300
15391100
15348800
15344500
15491000
17506400
17159200
15371200
15371400
15321700
15250800
15341300
15349300
15339500
15394800
15351300
15463400
15684700
15300200
16042600
15762200
15401000
15406600
15541500
15641800
15634300
15421800
15591400
15460700
15606700
15484600
15430100
15313000
15314000
15283300
15323800
15320300
15279300
15317600
15201800
15287400
15127800
15755100
15200500
15245700
15262400
15267600
15186800
15513600
15440600
15430400
15212200
15299000
15950700
17363500
16969600
16972500
16920200
16995100
16574900
15823000
15272300
15292400
15281000
15861500
15239600
15576500
18271900
16371200
15349200
15330300
15333000
15234100
15349200
15404400
15481900
15340000
15380200
15404800
15321100
15333100
15263500
15359700
19357200
15501200
15355400
17129800
15443900
15508800
15616200
15350600
15389100
15402800
15384300
15301700
15356600
15384500
15449500
15762300
15650100
15634300
15316500
15348800
15311800
15303900
15312600
15307400
15307900
15296700
15786300
15276100
15288300
15288400
15816900
15766500
15303100
15262100
15188400
15261200
15214700
15122500
15229500
16282300
15144000
15253400
15217300
15273400
15127000
15327000
18533000
16431500
16106500
15316700
15346400
15340900
15344800
15805300
18510100
15409500
15328500
15405400
15346700
15403900
15340400
15329400
15308900
15369200
15351000
15306000
15300400
15343300
15316300
15297200
16025900
15295500
15324000
15312900
15257200
15296100
15303800
15268400
15279800
15327800
15272700
15327000
15300300
15314100
15263800
15183500
15210600
15185300
15115700
15191100
15117600
15157500
15191700
15971300
15147200
15137900
15174000
15073800
15288300
15287100
15272100
15350600
15213900
15393600
15348100
15469900
15381000
15340500
16660200
18690600
15381800
15260000
15421100
15350400
15355400
16273700
15364400
15357100
15380900
15341100
15357200
15371300
15511100
15504300
15401300
15398300
15625300
15384600
15592700
15342800
15317000
15357600
15270900
15292300
15280100
15243000
15348000
15906500
15116700
15252400
15131900
15160200
15184200
15192800
15217000
15162200
15041900
15081400
15139700
15074800
14957200
15029000
15005700
15614200
16839000
15865100
15487400
15586100
15878100
15855200
16286000
15449000
15406500
16247400
17453600
15433500
15360600
15296200
15308200
15558100
16983000
18029100
15383000
17363300
15342600
15375900
15351800
15375500
15543900
15322700
15525300
15345900
16102500
15428300
15331600
15318700
15343500
15601200
16789300
15309500
15299400
15311700
15379500
15279800
15288500
15308200
15357200
15293200
15407800
15368000
15389800
15336600
15343200
15347200
16051700
15291300
15288200
15311300
15287900
15543500
15178400
15206200
15127700
15178100
15194400
15219600
15153800
15208000
15092300
15130200
15197200
15144200
15102900
15178400
15072400
15071100
15064800
15731300
15107700
15119800
15166800
15105300
15070500
17614800
21099000
15294500
15294600
15309600
15373300
15329300
15356700
15332200
15313200
15317300
15277700
15476800
15400500
15398600
15247500
15889400
15297800
15329400
15311500
15412800
15149500
15263800
15139900
15263000
15360200
15298700
15271700
15314400
15371300
15310400
15360500
15346500
16072100
15398400
15339700
15336100
15300000
16003000
15275900
15345800
15204200
15170100
15115700
15131700
15214800
15229100
15261500
15138000
15215300
15956600
15377700
15466700
15398100
15343400
15323500
15370400
15464000
15476500
15413000
15419800
15927900
17196800
17688300
15576900
15369100
15337200
15379900
15315400
15361700
15289500
15324900
15334500
15310900
15462200
15355000
15308700
15306800
15311700
15333600
15219800
15427500
15144800
15970500
15144400
15142500
15171000
15201200
15177500
15115700
15199600
15211000
15079900
15086600
15177600
15224300
15527000
15570600
15370200
15191000
15160900
15531100
15280400
15176900
15257500
15960300
15136000
15362200
15140400
15154000
15213500
15195300
15155700
15143100
15147300
15137000
15164400
15165300
15162100
15086400
15078500
15055400
15052500
15073300
14948300
17508500
17219500
15423700
16005700
15330700
15382300
15308000
15344600
15674300
15330600
15377000
15412500
15325900
15375500
15399200
15305800
15273000
15329500
15313100
15281500
15322000
15315500
15261400
15313100
15343900
16129800
15358800
15330800
15304900
15359800
15345500
15331900
15370400
15332900
15307900
15330600
15290300
15261900
15134900
15178200
15204800
15285800
15291600
15302700
17267300
20452300
20317900
16041600
18784300
15406800
15367100
15480800
15519900
15289300
15591500
15347600
15337700
15333200
15380900
15339600
15354100
16010000
18661900
15746000
15726500
15378200
15344900
15384400
15339100
15378700
15944800
15351300
15374700
15363500
15290800
15252400
15366700
15325400
15394800
15377100
15367400
15324000
15291200
15279100
15275800
15260300
15247100
15290300
15319000
15385700
15334700
15446700
15891400
15152900
15228200
15119400
15111000
15317900
15370200
15309900
15288300
15259900
15306600
15298100
15215500
15190900
15408900
15711000
15357900
15277300
15260800
15680900
17508500
15350300
15422100
15840400
15301000
15386400
15328700
15661500
15273100
15318300
15391800
15765800
17954300
16981000
15343000
15316000
15314400
15303500
15440200
15301300
15643200
15276800
15332400
15392800
15302400
15984400
15387300
15341400
15320000
15415700
15338900
15432800
15361000
15269600
15293300
15277400
15315300
15311300
15290000
15339200
15299100
15304800
15846900
15495100
15302700
15334000
15239400
16031800
15291500
15303700
15312400
15334400
15244800
15210500
15189800
15144600
15207600
15192500
15175600
15192300
15168900
15142600
15390900
15270400
15506500
15405700
15367300
15738600
15464200
15264500
16157600
15533600
15465200
15335400
16788400
18051800
15405300
15288100
15328100
15655100
15759100
15353700
15335200
15428200
15452500
15341800
15294400
15394700
15313800
15319100
15460000
15324100
15935400
15382000
15332500
16282500
15456900
15813700
17466600
16811900
17344100
16671400
16485700
16640800
17263700
22479800
21551500
18762300
18121200
18050000
23775000
18115100
17708000
17388700
20715000
17030800
15290800
15313400
16513700
15290300
15299700
15302800
15306400
15335600
15367900
15415000
15384400
15310700
15342700
15364400
15407900
15342500
15655400
18806700
17629600
15308500
15926200
15800900
15305300
15392800
15316800
15388900
15341900
15333200
15351200
15350000
15306600
15339700
15437000
15436400
15479000
15324900
15646200
15361000
15354800
15253300
15328100
15391000
15323200
15939200
15340100
15301400
15288800
15291700
15268300
15318000
15365800
15331300
15293100
15175300
15137800
15516200
15194800
15261100
15340400
15336700
15165500
15232700
15165700
15171100
15250000
15889600
15175300
15183700
15206200
15499500
15361100
16127500
15386000
15336500
15286800
15381000
15354200
15304900
15369800
16826700
18520800
17852500
15929400
16779400
15431100
15360600
15300400
15522000
16330500
15359100
15375300
15402500
15342000
15821800
15912200
15365500
15342000
15547900
17553200
16751100
15912000
15440800
15548500
15420500
15535000
15306700
17258300
17339000
15291500
15303500
16147000
15329500
15354700
15359000
15374700
15800900
15508800
15384300
15442700
15303600
15277200
15294000
16304300
18975100
15351600
15684300
15373400
15342200
15349700
15338300
15500700
15731500
16234300
15439800
15370800
15336900
15252900
16087900
15382700
15309200
17968500
17465700
16093600
15460700
15343900
15367600
15381800
15695200
15348200
15295300
15366900
15298300
15379000
15313000
15655400
15893900
15375700
15337200
15391900
15338400
15341100
15404500
15301400
15321900
15368100
15347400
15332500
15286100
15317600
15328700
15288000
15287800
15295700
15427100
15388100
15195500
15222800
15857300
15250100
15379100
15581900
15522100
15200600
15332300
15329100
15535600
15234000
15412500
15348800
15261900
15182700
15167300
15311600
15258800
15197900
15145300
15082500
15171600
15120900
15829800
15198000
15105300
16337600
18189900
15342500
15316200
15360000
15321900
15228400
15348200
15345400
15303500
15306400
15324100
15360800
15389600
15322600
15331800
15272900
15318000
15326300
15299400
15846300
15332000
15224900
15242100
15189100
15218200
15238900
15249800
15238000
15203800
15325000
15379000
15238400
15260000
15175600
15206100
15106600
15253800
15241700
15210100
15271500
15231000
17310700
15120200
15072500
15090400
15149700
15046700
15386000
15335200
15422200
15239200
15336300
15254100
15166300
15191700
15223800
15100300
15182500
15104500
15075800
15104300
15091200
18567000
22768400
15350400
15386400
15330000
15370300
15405200
15371800
15325600
15361000
15478800
15329400
15319900
15302100
15311800
15315600
15363600
15346400
15338200
15323800
15839500
15641500
15834500
15616600
16097000
15373600
15362600
15369000
15313300
15312500
15296800
15313000
15378400
15359800
15297800
16330700
15591500
15354300
15383000
15366900
15260700
15285000
15307000
15716900
15523400
15505700
16061000
15395700
15388100
15560000
15397500
15291700
15511700
15275600
15300600
15300100
15298300
15298300
15300200
15308600
15311000
15247600
17611500
16921900
15263400
15336700
15291800
15279500
15299400
15893500
15351500
15343300
15354500
15337600
15256000
15316200
15290900
15284100
15259300
15332600
15291300
15312300
15348700
15322700
15440800
15384200
15336800
15320700
15313200
15199400
15341700
15781600
15122300
15163300
15188300
15216900
15161700
15097100
15112200
15109700
15128400
15093500
15122400
15110200
15189300
15145000
15079300
15069600
15102300
15390400
15306700
15280300
15335700
15931300
15286900
15400700
15230600
15210300
15869800
15512800
15306800
15219800
15357500
15397100
18002200
21793400
15580700
15387400
15357100
15452600
15355700
15365400
15421500
15362200
15337900
15629000
15944900
15448100
15379600
15525400
15365400
15326800
15290100
15307700
15304800
15306900
15300300
15288900
15300900
15349300
15261300
15267900
15330700
15317300
15329300
15316400
15293400
15319900
16034200
15315700
15514300
16510100
15313300
15440200
15702400
15695000
15307100
15353100
15376200
15392900
15392800
15354900
15357900
15412800
15409800
15270500
15470900
15319600
15332200
15284300
15923000
15181400
15184900
15135500
15125900
15232900
17437200
16504700
15347100
15273900
15232700
15281800
15319300
15458500
15366800
15350100
15294500
15208000
15168700
15251000
15124900
15214600
15220600
15701000
15165300
15134800
16432100
16727900
15305800
15244000
15264500
15245000
15252400
15155900
15305200
15324400
15493700
15362900
15401900
15351100
15401000
15265400
15299800
15981800
15372800
15888400
15299800
15290000
15348800
15350700
15287400
22132500
15358700
15405900
15381700
15338100
15365800
15387200
15340500
15352900
15325900
15345100
15353600
15366100
15330800
18362400
15361500
16038300
17742500
16806300
15307300
15289700
15272100
15409700
15374800
15380700
15304400
15307100
15291900
15342700
15316200
15301400
15295700
15313600
15370000
15302500
15304300
15299600
15346400
15319400
15876100
15329200
15235700
15065800
15139700
15145800
15140000
15154700
15154200
15130400
15132400
15171000
15049200
15072100
15004200
14977100
14948600
14993900
15156700
15881800
18409900
17980400
15930600
15155300
15072700
15298700
15068900
15160300
15031400
15045500
15258200
15120800
15092500
15139300
15045900
15063800
15080500
15141100
15065500
15171900
15588300
18183100
15964600
15299200
15281400
15908700
15373400
15313600
15381800
15337700
15315400
15349400
15307300
15215800
15179600
15195400
15175700
15160700
15193800
15225500
15141200
15115300
15128900
15132000
15148900
15141800
15166900
15810700
15268700
15114400
15182700
15082900
15076000
15103000
15028100
15011100
15102900
15104800
15374800
15152000
15086100
15056400
15088600
15131700
15092800
15034100
15086600
15075300
15048900
15170100
15753500
15006700
15091400
15076700
15075700
14977900
15002500
14974500
15018100
15014200
14911600
15089900
15196800
15179300
17474600
17464200
15359100
15405100
15349400
15378000
15307900
15360300
15958300
15300000
15275300
15262600
15241000
15187300
15179300
15178300
15166600
15144200
15225300
15151800
15239000
15248300
15114400
15087500
15142200
15182400
15207600
15161300
15181100
15267200
16078100
15194000
15101900
15096100
15169500
15121000
15163700
15067400
15169500
15080200
15229300
15061400
15201100
15067800
15109000
15074800
15129100
15080700
15174000
15072100
15156700
15036900
15317000
16188700
15169300
15191600
15192400
15245500
15259300
15222800
15237900
15422100
15365000
17611300
18414600
15490000
15311100
15297200
15297000
15301900
15284800
15319600
15353800
15318900
15406800
16020100
15316700
15301100
15330600
15334400
15352800
15335900
15303800
15326700
15313100
15418200
15322900
15380500
15298500
15335800
15304600
15302800
15295700
15343200
15277500
15173400
15493400
15301000
15796100
15339200
15323900
15166700
15263800
15153400
15182800
15248000
15206700
15163200
15142700
15015300
15092200
15095000
15048000
15105400
15057700
15105800
15263400
15032700
15180000
15176500
15987000
15084700
15055400
14975600
15190800
15257100
18654700
18062300
15360400
15292100
15308100
15307400
15269400
15252100
15638500
15423500
15378500
16369200
17546400
15332400
15325400
15246500
16001800
15331100
15349600
15309600
15275200
15332300
15330800
15297400
15337300
15292600
15262200
15213200
15159300
15958400
15469200
15326700
15307300
15286300
15433600
15370900
15290700
15321400
15452000
15925600
15332900
15400700
15374600
15465500
15481900
15510200
15467400
15634800
15443000
15298400
15537800
15400400
15539200
16432300
15434900
20684500
20224800
15485800
15564000
15556900
15514800
18753400
19060500
15366000
15336000
15350600
15405600
15613000
15540000
16637800
18046400
15297600
15382500
15292000
15299500
19794700
16285800
15270300
15290600
15318900
15292300
17267800
17070900
16063400
15289400
15323900
15332300
15391100
15358500
15363900
15363000
15365900
15341800
15389100
15360300
15289900
15327100
15339500
15432800
15508100
15556600
15574900
15782000
15459600
15585500
15476300
15977500
15743700
15546000
15445900
15345900
16828000
17792900
15347000
15353800
15364900
15424100
15313900
15319200
15305000
15279600
15302000
18438200
19087600
15309900
15355300
15303600
15323600
16314600
15384500
15372700
15356100
15362600
15324100
16617900
15472100
15415600
15396500
15344300
15425200
15369000
15379900
15385500
15373300
15367900
15402700
15320500
15366200
15298100
15229800
19620000
15881700
15388200
15298300
15285300
15340900
15340600
15399400
15369000
15606600
15370200
15383400
15370600
15288700
15197000
16282700
15505100
15265000
15143300
15499600
15167600
15217000
15010300
15933600
15317900
15179900
15135300
15144900
15157000
15265400
15179900
19537600
15631800
15650500
19110100
17918500
15331900
15319300
15584200
15489000
15472800
15421100
15482800
15366900
15476100
15412100
16049800
15475500
15504700
15493300
15479800
18870600
15569100
15395600
15282000
15479800
15373100
15370000
15365000
15349100
15391100
15318300
15302400
15356500
15358400
15286800
15343100
15340500
16242200
15476800
15301500
15355300
15378100
15417000
15389600
15341800
15374100
15379800
15388000
15291400
16485700
15437700
15431900
15470500
15386000
15317700
15503500
15523000
15484000
15398400
15373600
16057100
15829600
15398100
15340300
17047600
18921300
15881600
15370600
15463100
15379600
15494100
15438400
15402100
15490300
15745500
15519200
15553800
15518500
15459200
15499600
15369900
15332700
16186000
15424400
15389000
15238400
15358500
15336700
15289500
15236000
15347700
15305900
15282100
15370500
15324300
15246600
15378600
15311000
15294200
15321800
15539700
15523900
15399800
15382800
15384300
16081100
15398100
15474500
15400900
17933000
16413700
15343000
15324300
15274600
15370700
15300800
15497400
15327000
15324600
15298300
15285200
15285900
15333700
15290300
15133200
15624100
17012800
18494500
15584800
15411900
15355800
15343900
15300800
15309300
15362000
15541800
15556200
15392600
15348100
15497000
15494600
15386700
15643300
16656000
16286200
16259900
15381100
15330900
15299700
16074800
15441300
15314000
15675900
15678700
15352900
15259700
15487900
15288300
15291100
15298900
15306500
15297800
15449500
15638700
15495300
15424000
15352200
15398100
15349600
15421700
15211100
15147700
15802100
15423000
15140200
15137100
15152400
15300700
15377400
15280400
15395300
15320800
15387800
15239800
15159300
15192000
21923300
15160500
17245500
17294700
15500600
15425800
15490900
15552000
16230100
15516200
15480600
15564600
15496700
15539200
15468200
15439200
15400300
15393200
15647400
15469800
15327100
15340500
15483000
15353400
15363900
15311300
15305200
15302900
15243000
15167700
15257500
15714400
15130300
15260100
15173800
15140600
15132200
15154900
15236500
15225800
15102400
15122300
15116200
15184100
15232100
15154000
15415700
15285700
15233000
15145100
15152500
15118100
15279100
16086900
15318300
15138900
15177100
15173200
15141100
15191400
15332700
15255900
15276400
15335700
15732500
18089300
16147900
15569600
15365700
15357300
15379800
15664900
15359000
16781200
15710900
15314800
15891900
15410800
15314000
15240700
15347900
15323300
15192900
15278400
15322300
15195900
15115400
15117900
15066000
15159500
15130200
15200500
15369100
15171600
15456800
15289400
15216600
15168800
15959400
15369900
15320800
15202600
15382200
15664200
15493400
15426500
15601600
15558300
15405200
15384300
15361000
15390100
15696800
15354200
15364400
15351100
15304300
15376800
15383400
15334700
15499800
15837300
15343300
15406200
15351300
15366400
15401900
16963800
18442100
15552800
15561600
18789600
15382000
15416500
15459100
15399500
20483000
20526700
17501900
15354200
15297800
20749900
17174000
16175600
15481600
15498100
15510800
15733400
15312300
15379900
15251300
15229600
15230500
15464000
15360400
15443800
15379900
15774100
15328000
15337300
15283600
15310000
15230000
15321400
15231700
16036000
15484100
15313400
15222900
15247600
15342900
15577000
15225600
15316800
15249200
15216000
15301300
15392600
15662800
15296700
15274200
15773800
15418800
15345300
16508200
15600300
15469200
16105700
19128200
16151600
15338400
15514100
15401300
15510600
15681400
15677100
16618800
15526800
15529300
15474400
15405000
15440200
15378900
15390000
15409300
15364700
15330100
15658300
15378200
15625400
20177400
16437900
15374700
15428500
15325000
15344300
15351300
15552700
15380400
15396200
16344200
15413000
15331900
15283100
15356300
18906100
19369200
15343800
16453500
15352500
15370600
15429600
15660000
15998800
15479300
15401600
15511600
15436100
15360400
15303100
15401100
15119800
15136400
15240900
15088300
15161200
15337900
15389000
16133700
19190500
16930900
15513300
15408100
15362200
15338200
15932100
19255100
15381800
15452800
15521600
15379500
15418700
15382500
15439500
15429300
15366500
15348100
15334600
15275200
15218400
15206600
15237500
15250300
15158500
15327400
15250100
15270900
15253100
15793900
15065800
15308300
17074400
15363000
15316700
15290900
15281100
15175600
15169900
15534500
15390500
15139700
15120900
15133800
15170900
15088100
15290200
15048400
15063400
15005100
15114600
16277500
15213000
14990500
15093200
15043800
15053200
15074800
15006700
15001100
15059600
15304000
18453900
17841500
15387400
15593400
20739600
20722100
19555000
15323400
15184300
15367200
15271600
15323500
15862700
15311000
15325200
15282100
15078800
15179200
15143800
15101400
15247000
15251900
15182800
15158400
15609100
15628100
15363400
15333800
15315000
15481100
15359500
15455000
15305600
15248600
15912200
15193200
15181400
15191400
15129800
15737100
15274400
15583400
15460200
15401600
15443400
15346500
15421800
15364400
15390400
15372200
15348400
15309500
15257900
15208300
15301500
15041900
14988000
15553800
14911700
15000100
15009600
15958700
19836600
16248700
15334300
15327000
15352500
15364800
15217000
15347200
15220600
15045700
14964700
15170800
15161900
15102100
14952800
14923500
15002000
15781900
14950600
14912300
14978400
15003900
15052600
14958200
15047400
15039700
15645900
15080000
14973400
15008400
15186200
15122000
15042600
14985500
15203000
14998700
14985300
15023900
14996000
15260000
15836000
15232100
15073700
15200500
15116200
15031400
15068000
15238700
15084500
15053200
15045700
15001700
15172000
15039100
15064400
14956800
14927100
15029000
15020800
14985200
14922600
15017500
15874400
18021500
17743400
15351900
15314100
15298800
15294600
15312100
15784100
15209400
15329600
15190100
15129400
15187300
15233200
15194900
15074700
15021500
15021000
14920800
15057300
15011700
15823200
15217000
15096200
15161900
15161100
15215100
15234400
15224100
15172500
15291600
15154300
15139500
15145100
15090700
15128800
15186900
15197300
15107600
15183800
15150600
15193700
15107500
15211800
15876200
15137700
15086900
15198800
15355200
15204900
15588800
17128700
17352200
15406300
15345400
15323000
15323900
15388100
15387500
15362600
15316800
15253600
15400500
18720600
18083500
15462400
16223800
15300700
15300300
15308500
15296500
16942600
15275800
15306100
15287000
15345100
15262800
15080700
15170500
15180300
15149400
15125600
15152700
15225300
15178100
15110200
15174000
15095900
15043500
15924300
15094400
15119900
15157400
15135700
15118200
15091600
15131300
15098900
15145400
15082300
15098100
15092800
15155200
15126600
15142900
15150700
15117500
15176800
15115700
14952400
15033200
15609700
14822800
14848400
14948000
15068000
15114200
14802200
14873600
14889700
14899800
14899300
14871900
14899800
14933500
14936700
17671400
17367300
15330000
15300400
15320200
15373300
15318400
15324100
15790800
15290800
15077800
15141000
15203000
15186900
15135400
15293500
15320600
15333100
15282300
15158700
15180400
15093900
15128000
15147500
15134200
15161800
15123600
15196400
15187300
15173900
16015600
15190400
15167100
15112000
19286800
15903900
15297200
15286800
15178800
15252900
15105900
15162900
15130700
15067200
15161300
15336300
15245100
15354300
15340200
15301800
15348600
15249300
16006800
15335900
15134600
15173200
15084000
15150200
15174500
15227700
15118100
15133300
15142100
17383300
17172000
15305100
15292500
15273700
15347900
15318400
15313900
15318700
15243800
15321400
15239000
16087300
15384500
15348300
15380200
15348500
15355800
15330600
15299800
15275900
15370200
15314300
15234800
15170200
15212800
15113300
15266800
15074300
15106200
14923700
15025000
14886000
14971500
15681200
14904400
14920300
14867000
14952200
14944700
15000500
14970800
15035700
15023400
14944400
15001900
15037700
14978500
15161100
14967800
15008300
15026800
15024400
15164400
15105800
15085200
15957700
15194400
15217100
15083400
15179200
15189000
15123700
16110300
18076900
17157600
15270500
15308200
15414300
15501000
15453500
15548400
15268300
15317200
15328300
15304800
15333900
15323100
15304900
16000800
15375100
15369800
15317900
15371600
15321400
15210600
15229100
15159400
15208300
15200800
15295400
15282900
15173000
15138600
15272700
15274800
15197600
15186500
15190700
15270000
15162100
15869400
15168700
15357200
15073400
15123100
15165500
15179800
15214100
15143400
15217100
15641000
15289500
15319000
15205400
15133500
15226400
15160300
15207100
15056800
15056800
14990500
14971100
15039700
15574500
14864400
16821200
17608400
15348000
15332200
15294100
15291100
15338800
15318000
15284500
15258600
15185200
15219400
15193300
15127000
15210500
15232200
15204200
15162000
15209100
15186800
15863200
15269300
15221700
15254100
15155000
15097500
15117700
15083000
15188300
15154600
15169300
15182400
15202400
15107900
15002900
15057900
15033000
14998200
14941200
14917000
14965300
15097900
15847800
14879400
15003300
14992100
15065800
14954300
15286100
15030700
15016700
15013800
15115100
15328000
15202500
15236000
15201300
15269300
15235100
15269600
15160200
15153100
15175200
15891900
18259600
15825700
15316500
15288500
15327900
15289600
15400900
15305000
15147500
15180500
15157500
15160500
15197500
15176100
15303000
15274300
15276300
15226500
15187300
15161400
15142900
15014400
15246700
15605000
15040200
15078300
14993500
14946700
15057100
15039600
15024600
15039600
15024900
14991900
15051000
15090200
15100400
15001400
14964700
15016300
15198300
15172600
15114200
15142500
15116200
15975100
15127800
15251200
15118900
15143700
15099600
15190900
15164700
15239800
14919400
14919400
14858100
14863600
14902300
14824100
14914400
14981100
17555300
18597900
17548300
16431600
15290900
15296400
15978800
15337100
15298100
15346700
15306300
15313400
15319800
15313300
15326400
15367100
15378900
15302500
15417200
15398900
15271300
15405500
15151400
15163700
15086000
15117500
15129800
15143600
15965500
15159400
15190300
15216600
15203500
15149200
15215800
15235900
15152400
15133400
15148200
15001500
15047300
14935800
14945300
15051300
14933900
15012900
14909100
14966600
15257200
15114900
15021400
15516800
15081200
15172400
15139300
15112700
15027800
15160500
15083300
15109800
15004700
14944500
14963000
15225100
17872500
16559400
15342500
17127200
15309700
15304700
15295900
15286400
15285900
15947800
15164800
15155500
15143500
15177600
15196600
15184700
15185300
15215800
15201500
15249100
15187400
15212800
15273000
15158500
15160700
15193300
15160800
15174700
15193600
15198400
15177600
15950400
15210600
15201700
15160600
15149000
15149500
15117000
14997800
15128800
15100700
15078100
15034300
15048300
15018600
15078000
15325100
15234700
15371800
15167800
15118400
15205400
15208600
15250900
15943500
15125500
15456000
15313600
15287200
15194300
15161900
15187900
15213300
17504300
17252700
15299100
15346300
15365300
15353400
15297200
15279600
15269600
15267200
15096800
15155900
15467600
15837800
15131300
15137000
15349300
15324500
15356300
15301600
15282300
15349900
15293700
15291200
15322400
15273200
15287800
17628800
16624200
15358500
15354500
15311600
15314900
15323900
15311700
16038100
15249100
15215700
15286400
15316300
15517900
15302600
15342500
15279600
15160500
15262100
15194600
15245900
15086600
15130200
15146800
15123500
15447400
15273200
16188700
16799000
15326100
15223700
15880200
15636200
15468500
15281400
16203900
18619800
15404300
15339800
15320200
15288400
15324500
15335500
15373900
15285400
15293900
17060200
16270600
15375700
15308300
15326200
15308600
15298300
16009000
15287300
15294800
15291100
15071900
15074300
15130700
15097600
15203400
15178100
15132200
15151600
15183600
15187000
15195500
15179700
15100400
15087600
15108700
15113300
15108100
15104800
15911100
15171400
15056000
15013600
15030700
15095100
15078600
15012000
15176400
15093500
14986400
15073900
15020500
15086600
15664100
15210600
15239700
15602700
15174300
15149900
15221200
15179900
15238900
18923200
18636100
15321200
15320700
15288200
15343600
15339700
15311900
15320400
15313100
15389400
15299100
15250500
15225000
15163400
15193000
15196400
15263000
15276800
15274500
15293700
15295600
15914800
15211800
15514300
15080100
15142700
15148400
15168900
15227500
15142900
15221300
15150700
15086500
15057100
15129700
15067900
15056100
15087100
15102000
15237700
15224700
15147200
15191600
15225100
15573300
15051500
15103500
15165600
15142600
15159400
15116200
15259000
15064400
15113200
15009700
15032400
15293700
15302400
15131800
15139000
15168600
15094900
19108500
18276900
15329200
15294400
15925600
15312800
15321900
15317300
15349400
15311500
15285600
15320600
15386800
15301300
15588700
15940000
19008800
15300200
17978000
15388900
15360900
15381000
15343900
15341900
15375400
15306000
15967300
15246800
15268800
15256600
15269400
15373900
16014200
15186000
15230100
15179400
15153700
15110300
15109800
14973800
14944400
14924400
15030100
14957600
14985800
15090600
15059900
15165300
15053700
15726500
15147300
15044800
15079700
15180500
15063900
15034200
15101600
15169000
15114900
15083700
15082500
15086600
17385800
17747400
15458100
15332300
15348100
15363400
15390300
15383700
15342600
15911700
15196800
15154600
15182900
15077700
15115200
15145300
15141500
15206100
15152600
15223200
15285700
15242000
15377800
15256500
15177600
15261500
15242600
15260000
15274900
15240900
15262100
15920600
15073900
15341400
15106500
15178100
15206900
15239900
15123000
15175200
15073300
15085700
15104100
15043500
14995200
15095100
15015900
15103300
15215900
15065100
15055600
15092300
15033800
15349700
15482000
15064300
15035400
15051300
15021700
15042600
15060600
15115200
15045100
16538300
18496300
17749700
17565100
17748800
17596700
17613800
17743400
17665400
17094100
15310700
15301600
15307200
16079200
15302800
15385200
15372100
15391200
15480800
15363300
15352800
15364400
15411400
15394800
15327600
15365300
15381400
15290200
15208300
15209600
15155100
15169000
15270200
15184800
15066900
15921200
15008800
15097600
15030600
15053500
14972500
15393900
14980300
15221800
15440800
15799500
15640400
17007300
15401600
15361700
15488200
15332400
15357800
15905800
15685400
15692900
16769200
17643700
18632000
15394600
15365600
16295900
18668900
15500000
15614900
15486600
15528900
15498400
15485800
15527600
15530200
15467200
15518200
15524200
15540200
15514500
15341600
15390700
15375400
15354700
16098600
15399300
15583700
15442700
15441200
15373200
15284300
15300200
15235200
15131000
15237600
15196300
15154000
15236600
15413400
15465600
15469500
15422500
15416100
15523500
15508100
15842300
15560400
15855200
15336600
15393200
15419600
15405100
15427700
15474700
15562800
15454700
15361000
15455300
15363800
15386600
15349700
15366000
15372700
16010500
17693600
15475700
15474800
17305300
17723900
16021000
15392800
15340300
15313800
15360000
15534700
15582300
15506400
15449300
15535300
15558600
15477200
15856700
15718200
15472200
15426200
15665000
15392700
15427500
15407400
15430800
15347300
16065100
15398000
15378100
15394400
15504000
15344500
15446300
15478700
15513700
15475000
16261400
15502500
15356900
15374000
15431200
15491300
15475400
15536400
15442400
17556300
17589900
15414000
15531100
15903100
15433200
15445100
15350500
15424100
15465800
15332800
15505400
15419700
15344100
15504400
15455500
15349400
15953500
21655100
20987400
16541300
16433100
15439900
15371800
15367600
15316700
16204500
15351000
15416400
15361100
15413100
15444600
15413900
15319000
15351400
15284200
15260900
15241600
15253600
15152500
15228900
15244100
15260300
15249800
15359800
15274100
15230200
15057500
15348400
15940700
15400800
15414600
15396900
15344000
15556600
16020100
15374500
15368700
15351500
15302800
15301600
15287100
15334500
15325500
15341000
15734000
15388900
15309400
15344300
15340000
15402800
18890100
15925800
15339100
15309800
15273900
15162200
15264300
15169300
15261200
17661300
18549500
15343000
15351600
15336600
15429600
15334800
15346200
15306000
15297000
15299800
15246700
15301400
15303700
15984100
15368400
15304500
15334700
15347300
15311600
15275100
15139200
15163500
15188500
15155400
15136900
15090600
15165500
15023000
15248800
15220000
15165000
15209100
15124300
15362400
16299400
16867000
15562500
15460000
15975200
18164800
16602900
15461300
15849600
15462400
15573200
15372200
15747300
15335800
15277300
15345400
15406300
15370500
15365600
15327800
15326400
15347900
15335600
15294600
15823900
15428300
15297900
17540200
18914800
15549300
15493100
15383200
15442600
15494500
15514800
15327000
15354000
15361200
15347800
15364100
15358800
15361200
15276500
15217300
15172000
15269600
15858300
15163500
15049100
15100600
15192000
15147100
15111400
15070400
15082800
15088200
15129200
15080600
15108700
15192800
15211400
15312000
19144600
15124600
15000000
15026600
15025500
14959600
15210700
15620900
15312500
15110500
15045400
15146900
15160400
15149700
15063100
15182800
15142000
15250300
15286100
15100200
15144700
15170400
15099500
15187200
15261800
15398600
15329100
15434900
18295700
18460800
15324300
15416800
15646900
15700800
16208800
15663200
15416700
15391600
15477600
15416700
15359900
15265800
15273200
15347300
15368300
15465600
15393900
22047800
15336300
15329700
15303100
16480200
15999200
15435700
15587400
15623700
15526600
15612700
15532800
15327700
15350200
15440800
15390100
15323300
15663300
15849000
15388700
15404600
15381000
15360300
15271900
15313100
15349000
15544000
16532500
15363600
15403600
15317200
15362000
15497300
15275000
15323500
15241400
15228000
15257800
15282300
15029000
16041000
15689600
16526200
18338800
15557000
15502900
15471500
15449600
15542700
16127800
15289700
15470600
15800100
15472500
15463700
15363700
15387100
15388300
15501000
15362800
15343100
15218100
15218600
15155800
15213800
15077000
15148500
15197700
15162600
15162900
15131200
15131000
15867500
15233600
15203300
15108900
15387700
15180800
15238400
15275600
15178500
15173000
15210800
15180800
15023100
15007400
15117300
15012700
14955400
15089600
15458100
15159000
15100300
15312100
15909300
15396900
15248900
15317000
15172700
15143000
15184600
15331100
15552100
15415100
15468200
17086300
17949400
15365100
15280700
15300800
15339800
15318200
15352800
15337000
15404400
15338100
15406800
16061800
15518400
15496600
15510200
15442200
15378400
15395000
15313700
15354400
15371300
15303600
15294900
15365000
15407000
15417700
15492000
15494900
15286000
15400000
15361800
15295800
15288800
16006700
15343700
15318600
15300200
15287400
15377900
15310600
15219700
15331200
16038600
17935400
15464000
15292700
15479400
15382300
15478800
15345500
15404800
15352700
15151600
15120400
15229800
15247100
15887500
15309400
15298000
15284800
15269600
15634700
18352700
15787000
15288000
15333900
15441500
15967300
18079900
17279700
17064900
16651500
16818400
16988500
16755700
16548600
16471900
16424900
17303200
16489800
16631200
16956000
17293700
16578900
16517000
16321100
15341500
15268200
15339100
15437800
16612200
15534100
15632400
17710200
15448600
17662600
15566900
18355500
15678500
16331300
22217200
17304000
18321500
15407100
15352400
15362600
15525800
15396300
15414400
15550600
15375100
15642700
15362300
15332500
15395100
15375800
15387700
15387000
15376800
15389500
15588900
18114900
16452500
15900300
15392200
15360700
15363900
15357000
15580900
15766000
15693600
15456000
15431800
15428800
15838000
15527800
15595200
15512500
15508600
15395300
15343000
15921900
15434000
15426300
16942500
21817900
16087600
15931700
15522400
15402000
15353400
15417100
16162800
15702400
16443800
17124900
17378500
18037600
17266600
17187200
15425000
15475200
15619900
15441900
15320700
15431000
16445400
15989600
15578600
15390900
15543000
15366700
15503300
15389800
15371900
15355800
15421900
15941000
15447500
15386800
15402300
16645800
17702300
15372500
15391900
16101800
15656500
15361500
15517600
15512900
15895800
15382500
15353200
15721000
15693600
17172400
16621300
16730500
15395300
15344500
15367600
15376800
15352900
15378700
15397900
15329200
15358100
15384000
15371500
15348900
15434900
15419500
16245600
17423900
17955400
17198200
17831800
15430600
15357000
15370800
15389700
15346000
15381600
15310100
15324100
15349800
15354200
15405300
15350400
15351700
15392400
15388900
15661900
15523800
16044300
15388300
15674500
15772800
15315800
15653700
15521800
15466100
17000100
19096800
16185700
15538800
15539400
15470100
15375800
15364500
15426100
15286500
15344500
15294900
15349900
15326900
15340700
16249400
16821500
15332300
15341800
15306700
15334900
15307600
15298400
15289400
15425800
15356800
15378100
15371000
15508900
17380200
15929400
15309200
15336000
15326800
15275000
15330000
15337600
15952600
15303200
15312700
15305200
15374300
15329000
15151900
15187000
15293100
15519700
15243900
15248900
15536000
15469600
15188100
15209700
15268900
15186800
15211600
15318100
15549200
15402100
15490000
15854900
15567600
16879500
18469400
15425000
15429900
15341800
15341900
15430300
15407700
15317200
15596800
15549100
15400300
15516800
15432100
15427600
15523000
15456800
15403700
15479400
15393700
16168900
15436700
15410400
17305900
16120500
15321400
15275600
15276600
15388300
15333800
15303500
15296600
15303500
15385500
15249600
15358400
15321700
15310400
15374700
15343600
17875100
16088200
16133400
15359600
15550400
15610900
16272400
15628600
15341600
15411300
15829900
15769100
15682900
15487100
15501000
15579200
15585000
15391800
15379900
15406500
15413400
15439800
18745500
16776100
15486900
16111300
15421000
15360900
15456400
15566400
15524200
15419800
15358500
15373700
15360400
15515900
15373400
15461000
15424700
15547700
15472400
15444900
15469400
15548000
15553000
15363200
15400900
16474500
15643800
15499100
15911700
17305100
17384600
17579200
17018500
15509600
15403200
15474600
15511600
15462000
15477800
15588800
15522500
15462200
15513800
15503500
15402400
15524000
16600900
15527800
16006500
15559500
15574700
15568800
15374500
15563100
15360100
15528500
15394900
15484000
15388000
15454200
15412300
17751000
17547000
15516200
15461100
15486200
15478200
15377300
15374000
15428200
16103200
15425300
16124000
16438800
15394200
15426700
15393500
15312700
15319300
15409300
15404000
15328400
15252800
15362200
15420900
15321200
15252300
15181100
15151100
15216800
15164500
15385500
15956000
15169400
15122900
15254300
15317200
15255800
15252200
15428600
15404000
15432800
15460600
15456600
19294900
15711700
15522900
15516400
15640100
15325100
15425000
15357400
15381100
15496100
15488900
16068900
15600600
15545000
15908500
17109500
15360900
15355300
15635900
18178600
16881100
15341100
15397100
15560400
15581000
15602600
15515500
15587700
15478300
15417800
15333900
15396400
15363000
16348000
15343000
15349700
15291300
17169400
16228700
15361300
15317900
15477600
15824600
15422400
15438800
15347900
15334500
16041400
15358400
17817300
15360900
15392100
15376900
15388600
15342000
16173500
15403600
15471200
15489600
15366600
15384700
15322400
15357200
15420200
15374300
15384700
15387300
15363000
15371500
15373500
15354000
15397400
15364000
15400100
15405400
15461900
15427900
15400200
16045400
15514500
16736400
18547100
15409200
15365300
15566900
15493100
15438900
15405600
15355100
15348000
15496600
15427600
15453100
15488300
15421700
15484300
15545900
15437300
15394200
15412200
16337100
15404900
15366200
15330700
15299900
15300400
15345300
16966200
17696400
16468900
15429700
15381100
15366800
15335800
15501300
15386000
15357700
15350800
15407600
15308600
15429200
15294200
15250700
15962500
15363700
15410700
15564800
15588800
15305800
15346400
15339200
16324600
15720200
15313100
15384300
15372400
15228700
15399700
15394400
15174100
15163600
15489700
16549400
18843800
16095200
16014400
15683000
15592300
15373100
15274000
15289300
15350500
15297300
15333800
15367700
15363200
15317100
19340300
15193200
15233900
15132400
15207400
15132700
15045100
15108500
15120300
15152600
15935300
15098600
15131100
15158700
15086000
15143800
15084300
15124700
15111000
15107100
15090100
15138600
15050400
15161000
15241200
15244600
15267900
15309700
15263900
15105400
15114400
15219900
15176500
15880000
15142200
15155000
15176000
15220600
15162200
15100200
15066600
15081600
15051000
15118900
15163600
15087900
15103200
15088600
18801300
18256600
15384500
15343000
15416100
18245900
15499400
16153800
15344300
15382300
15380700
15413900
15396200
15366000
15341000
15410200
15516600
18876700
15609800
15817400
15461900
15487000
15404800
15352100
15398700
15385400
15454700
16106800
15520100
16289500
15306000
15400900
15445300
15397700
15394000
15380300
15396600
15736500
15372400
15340800
15389600
15521000
15507300
15393700
15360300
15516000
15771900
15504400
15532800
15361600
15365100
15452200
15912500
15298000
15329100
15352500
15314300
15268000
15368300
15368500
15322500
16022700
18184600
15587000
15389000
15377200
15372100
15505300
15350000
15386100
15392300
15458600
15553200
15434500
16242100
15485500
15411700
15321600
15296400
15311300
15340700
15266900
15137500
15273300
15323600
15129800
15108500
15141600
15834400
15374600
15182600
15191500
15195900
15125000
15081900
15179000
15290300
15656100
17454300
15855300
15213500
15199600
15317300
15366900
15555100
15308000
16386500
15323000
15982400
16847100
16690300
17059300
17315900
15423000
16760400
16583400
17318800
17427100
18385200
17646900
17575800
17580300
18455000
18056800
17065700
16138600
18057100
15534300
15433700
15371800
15496500
15337500
15311000
15376300
15322100
15337100
15351500
16019500
15643800
15572300
15277400
16289500
15395200
15467900
15344800
15322100
15338100
17165000
15928500
16403300
15548700
15405900
15380000
15425200
15304000
15506300
15565400
16057900
15431500
15286700
15306200
15290900
15303000
15320600
15739800
15303500
15327900
15309200
16466400
15509100
15991200
15489600
15325700
15437300
15360000
15328200
15343300
15726400
15325400
15318600
15456000
15336500
15457900
16630300
19021300
15474300
19475800
20529500
15320300
15320800
15267600
15402000
15344100
15328900
15240100
15281200
15284300
15316900
15338100
15277200
15225300
15363600
16343700
15580400
15310100
15307200
15374300
15263900
16014900
15321100
15388000
15290700
15282600
15868300
15376800
15312100
15219100
15168800
15183200
15132800
15152500
15094300
15126200
15074200
15117300
15136800
15356300
20804400
15433700
15322100
15379500
15869400
15284300
15356600
15336900
15343600
15353300
15483200
15584500
19448400
15353300
15277900
15344200
19949700
19083600
17851900
19907300
15411900
15385200
21671300
15877000
15387800
15409400
17887000
15333200
16445800
15566300
15567400
36740200
16407900
15566300
15357900
15346400
15357200
15417400
15379800
15536800
15338100
15361900
15310000
16371900
15391100
15389500
15349400
15398600
16190400
15383800
15413100
15423000
15531000
15417000
15365900
15390900
15390000
15368400
15350100
15342100
15276200
15310700
15350000
15289000
15332800
15341800
15378300
15473200
15307500
15230900
15285600
15860300
15215100
15270500
15276600
15256500
15268900
17291700
17033800
15347700
15592600
15364600
15380600
15333200
15419000
15296400
15285200
15264100
15212200
15248900
15211800
15279700
15263400
15892800
15217400
15179200
15185500
15254900
15257600
15221900
15191300
15259400
15298500
15290600
15307800
15584500
15160600
15204300
15546100
15384200
15372600
15381000
15379700
15404500
15303100
15421800
15861400
15378900
15340800
15505300
15437700
15405700
15451200
15478900
15394300
15398500
15391300
15616100
15456300
15360900
15348200
15382900
15316600
15340900
15303700
15292600
15185500
15194700
16081300
15535800
18355700
16186300
15341100
15323200
15381600
15391600
15352300
15391600
15364100
15376300
15479000
15344400
15348600
15388600
15393800
15383600
15439100
15859100
15405500
15385400
15370200
15909100
15399500
15428900
15326600
15328800
15340200
16649500
16733800
15334800
15332000
15401300
15380900
15442500
15396800
15394300
15318100
16305400
15367300
15345700
15377800
15311200
15245900
15982300
15303200
15302100
15366100
15317400
15325100
15391700
15351300
15383500
15408800
15344900
15360800
15343600
15352100
15317600
15303200
15274600
15795500
15843800
18310200
16034800
15334000
15261300
15892100
15392200
15723300
15356900
15385500
19004500
15340300
15395100
15352900
15419700
15352500
15316200
15356700
15339400
15384100
15590700
15353700
15335400
15288900
15289400
15304500
15340500
15928800
15316700
15346800
15430600
15261000
15431800
15321200
15336800
15330600
15414400
15383700
15380400
15381300
15275200
15470600
15944400
15652900
15332700
15299100
15683900
15320400
15342300
15772200
16050300
15300400
15282700
15321000
15395900
15862800
16029000
15298400
15314400
15737000
15305300
15296300
15967800
18516200
15718300
15360800
15318300
15649600
16339500
15554500
15416600
15323000
16103200
15410000
15371900
15314700
16248100
15341800
15276800
15342200
15334800
15335400
15322000
17416600
15280300
15297000
15439100
15436300
15416600
15350100
15321200
15252200
15372600
15471200
15518400
15933500
15457700
15364200
15384300
15371800
15293400
15351100
15313600
15618600
15746000
15359000
15387200
15336100
15399100
15534800
15337700
15393100
15580100
18700300
15736600
15526100
15330100
15944700
16508000
16231100
15441600
15432400
15565400
15730500
18103600
16269300
16025800
15412800
15337500
15395400
15471000
15807100
15556100
15348200
15587400
17566600
16162500
15771200
15286100
16274400
15343900
15338100
15286900
15352300
15526300
16226500
17091900
15397400
15323400
15314300
15338200
15344800
15295400
15342500
15300400
15418500
15313500
15709200
15834000
15753100
18087100
20551100
18645300
15426000
15343500
15354300
15412600
15427600
15517900
15369000
15401100
15360800
15365800
15366400
15364300
15341800
15280700
15289400
15299900
15399900
15285300
15169100
15172400
15126400
16495300
18777800
16097600
15316900
15369200
15311700
15336000
15283100
15418200
15356000
15383400
15286100
15511400
17001400
15942700
15789300
15275300
15312400
15312200
15274300
15227200
16050000
15354800
15945500
15290500
15519700
15300500
15259900
15283900
15264400
15199600
15170100
15311900
15129500
15197400
15204800
15215100
15201300
15275500
15160400
15156000
14988100
15471600
15408600
17856400
16365200
15401200
15249700
15291600
15155100
15253900
15221200
15334300
15217400
15298500
15337000
15282400
15264900
15307800
15266800
15284000
15330600
15250100
17597500
16952400
15334100
15309900
15307600
15796700
15490900
15404100
15392700
15392600
15363900
15310700
15248500
15256900
15326800
15310300
15964600
15327800
15300600
15355900
15428500
15481400
15469600
15371900
15567000
15521100
15565600
16227100
17694100
15379600
15747900
16500900
15315300
15276900
16781500
15367500
15355900
15344400
15548800
15381200
15321200
15486500
15266300
15302400
15314500
15365800
15321100
16006600
15365500
16180800
15426000
15455900
15342100
15587300
15522900
15764100
16456500
18560000
18133400
21171800
15467200
17760500
17874700
15370200
15669200
17579000
23625300
15367600
15443200
15534900
15396700
15461900
16100000
16300600
18773000
20544600
20940900
17431700
15362500
15473100
15381600
15363400
15306900
15430600
20354500
20497300
22939100
20546200
15883800
15345100
15347600
15313800
15544100
15343100
16098700
16929800
15346700
15323600
15396900
15615600
15663300
15543200
15778500
15548700
16499000
15319200
15309900
15327900
15324200
15370200
15293500
15530400
15439800
15380100
15447700
15405500
16135900
15313400
15314300
21740400
17501600
15580400
17171100
16001000
15657800
15493300
15304800
20125300
15488300
15433000
15383500
15329000
18866300
15315800
15294400
15339100
16018500
15442100
15434400
15894300
15333100
15387000
15416800
15446500
15541200
15355600
15622200
15395100
15413400
15403700
16183300
15450700
20252400
15619900
15439400
15521900
15605700
15468300
18930900
18829400
19438400
16362200
17008200
20587900
16855700
15500500
20549800
18014700
15428800
15471400
15417100
15441000
15473200
15384700
15436600
15378300
15503900
15335100
17875700
26035700
15770900
15384600
15334100
35297100
15387300
15244700
15388700
15360500
15355700
15379600
15481800
15402000
15340400
15326100
16921800
16814400
15379900
15322400
15343200
15332400
15539300
15483200
15305400
15391300
15388100
15673000
15979200
15445200
15458500
15701200
15523400
15298500
15314500
15423700
15301900
15302100
15338700
15287200
15330400
15311700
15372600
15318300
15336800
15678000
15322600
15372900
15350100
15330900
16344800
15600100
15537900
15373000
15336900
15377400
15366400
15337200
15346300
15530000
17410400
16932500
20109800
15391700
15373900
15371000
15489000
15362800
15348500
15370900
15575400
15309200
15374000
15829400
15389700
16321000
15656800
15509100
15277300
15349000
15310900
15390400
15330300
15364600
15342500
15331300
15302500
15370300
15348900
15323900
16121500
16495900
15547200
15338900
15379600
15952400
15337300
15339200
16432900
15316800
15599300
18925300
15360600
15387900
15599500
15420300
15458700
15433700
15416500
15422000
16378300
15597500
15654800
15375100
15322000
15354200
15372100
16415700
15726000
15557400
15531400
17249900
19055600
18252000
15465000
15359900
15406100
15517300
15431800
19421500
17073700
17454900
15530500
15384400
15384700
15503100
15324700
15353800
15379100
15316500
15767000
15418700
15308400
15286800
15332100
15375800
15296300
15309200
15347900
15295600
15235300
15309900
15384000
15800900
15367700
15377400
15304100
15394200
15295100
15290800
15320400
15375200
15941300
15314000
15281000
15299600
15701300
15493700
15404400
15744500
15431200
15341600
15350800
15517500
15354500
15349100
15414600
15390300
15377200
15411500
19657200
15379700
20722600
21718700
19800900
15322300
15395700
15277000
15412800
15372800
15837000
16006900
15388000
15484700
15421900
15480300
15814800
16393000
16100900
15357300
15317900
15307900
15276500
15559900
16398800
15328300
15385100
15987400
23184500
16648800
16495500
15386900
16825700
15382400
15268100
15506500
16239000
15592000
16241700
15320700
15469400
15295200
15306700
15326200
15333300
15285100
15451500
15327800
15330400
15928800
15274000
15262300
15429200
15299600
15324000
15343400
15753500
15284900
15333000
15393200
15316300
15406400
15886600
19495900
18117300
15339800
15258900
18206200
19313400
15359300
15328100
16036300
15286300
15304300
15303900
15333500
15294600
15318600
15316200
15293700
15406500
15314500
15366500
15357400
15278200
15440600
15448100
15344200
15376500
15386100
15404100
15598300
15674300
15439600
16255200
15338600
15342000
15422400
15393700
15359300
15354600
15337800
15341800
15310700
15302300
15271000
15320700
15385400
15310200
15353000
15325700
15320700
15401600
15340100
15528600
15376900
15928000
15485700
15249000
16107200
15630400
15312800
15410500
16370100
17925800
18211600
15325300
15327200
15348500
15325800
15390300
15431100
15595200
16266900
15397700
15331300
15350500
23913600
16178500
15375800
15342200
15362000
15353100
16259400
15328800
15615500
15441600
15293100
15301500
15376400
15317400
15307700
15296400
15254700
15172400
15202400
15257900
15211100
15248300
15470600
15174000
16636700
15238900
15277500
18612300
20558800
20317300
15193200
15233800
15157000
18683100
15767300
15345500
15307300
15325200
15172300
15180900
15216400
15202600
15188800
15239300
15190300
15196500
18903900
18017600
19622300
15710200
15363700
15285100
15415200
15338500
15360700
15329300
15387600
15370900
15719700
15392200
15421700
22565700
15731500
15594100
15695900
15359300
15367900
15322000
15322000
20657600
18076400
15530400
15745900
15364200
15349900
15361500
15336200
15319100
15298100
15390100
15487900
15387600
15640000
15304000
15282500
16246800
15301800
15398800
15372300
15334300
15261700
16806300
16497800
16380000
20780600
24502300
15746900
15432600
17491900
15918300
15677300
15389500
15362600
15341600
15287500
15326600
15354700
17990800
17741000
15385700
15729800
15905500
15431700
15333800
15880500
15342600
15338900
15635800
15311500
15527900
15397300
15359400
15384600
15309900
15316800
15374100
15333000
15399300
15289000
15406200
15305300
15629600
15322600
15314400
15311300
15362600
15974000
15353600
15303200
15303300
15301100
15325300
15370500
15293300
15336200
15296600
15319000
15215400
15265700
15233900
15200600
15223900
15289200
15530100
15314900
15422200
15372500
15254300
16117300
15323900
15260300
15344500
15207500
15259400
15227400
15210300
15274600
15270900
16005100
16129900
19364800
15468100
15282500
15283200
15295900
15293100
15377800
15295300
15306300
15352700
15347200
16008400
15377100
15267800
15406400
15333000
15289600
15324000
15262400
15280200
15308500
15586600
15303100
15625500
15273100
15338700
15280000
15266600
15254600
15341700
15314200
15191800
15191600
15900500
15180000
14965400
15161300
15291400
15099500
15183200
15164200
15158400
15149500
15180700
15208700
15195300
15212000
15467600
15137400
15226700
15151200
15263900
15253800
15198000
15123000
15416900
15888200
15219400
15138100
15124500
15063900
15180200
16047200
18285100
15521600
15338900
15319300
15300700
15271000
15338800
15291100
15317400
15275200
15289200
15360700
15394400
15347200
16563600
16154400
18996200
15441400
15545800
15704300
15362300
15518500
15410000
15389300
15338700
15266500
15283000
15312700
15353800
15374000
15351000
15727200
15510900
15398400
15280600
15376100
15379000
15310700
15914800
15269900
15279600
15269400
15303300
15308900
15247100
15301200
15307500
15412000
15332900
15356900
15315400
15366800
15401000
15391000
15366900
15374900
15289600
15550000
15446400
15347100
16051800
16961700
17398400
15342500
15298700
15297500
15280300
15268700
15330700
15396000
15377700
15309500
15361500
15464900
15335500
15332000
15385800
15363300
15356500
15358500
15321600
15305800
16153200
15299400
15333000
15329400
15302900
15384300
15206700
15179200
15206300
15244900
15184300
15046900
15298900
15431900
15237800
15257100
15275700
15800000
15613600
15700500
15583900
15600800
15649800
16047400
15233100
15326300
15339000
15444000
18939200
15253500
15233900
15461400
15223000
15150700
15306400
15339500
15310500
15311800
15479700
15676100
15536100
16126600
18486600
15369400
15353800
16106900
15308800
15316600
15364500
15373000
15350400
15379100
15610900
15384000
15350300
15643300
15620200
15318700
15575500
15327200
15289400
15312800
15335300
15440200
15450300
15503600
15337200
16173800
15311700
15302800
15380900
15344600
15347100
15354600
15417000
15398900
15368100
15377100
15463100
15307400
15408100
15390800
15311100
15349300
15365600
15360400
15357300
15436800
15382700
15663800
16172300
15737600
15797700
15445800
15355900
15394000
15357900
15325200
15333900
15522600
15398200
15351100
15448300
16740700
18219600
15354800
15311700
15273500
15358000
15343800
17172600
15647400
16046900
15324400
15269800
15265400
15372300
15379000
15467100
15505200
15380900
15342100
20583400
15351100
15360100
15298100
17226400
15359100
15337800
15383400
15336800
15286200
16140500
17525500
15364800
15910300
15330100
15386500
15298200
15329500
15325800
15309700
15532800
15338300
15331500
15319300
17542600
15712900
15344400
15316600
15730000
15331500
15343900
15282900
15336300
15412100
15337300
15885000
15286300
15355200
15300500
15323300
15344200
15365400
15332000
18012600
17337900
15973100
15315500
15307500
15323300
15323100
15346400
15349500
15301400
15353200
15334100
15325100
15335100
16107400
15277100
15308100
15629000
17918700
17415300
18006500
18410200
16217100
15484600
15358900
15459600
15377000
15299600
15400500
15351200
16514900
15887300
15300300
15344200
15313600
15342300
15302100
15890600
15350000
15308700
15267200
15302300
15409700
15485500
15563500
15488500
15375400
15327700
15353000
15333800
15794200
15353400
15420900
15634300
15520600
15323700
15376900
15358600
15378400
15897400
15342300
17179800
17744400
15415900
15315100
15303000
15403800
15300900
15325900
15277200
15337000
15219400
15333100
15293900
15270800
15290800
15218700
15159200
15175100
15387700
15130500
15849200
15309200
15326300
15605300
15752400
15507700
16020400
15328700
15384000
15340600
15328700
15331600
15389400
15356300
15330700
15324300
15351500
15372300
15388100
15347500
15268000
15202400
15130500
15695900
15163300
15162700
15143500
15132300
15286100
15157600
15145200
15080100
15638400
15308800
15356200
15355000
15377400
15341400
15312100
15339700
15305900
15275000
15833100
17981200
16475000
15918100
15366100
15354700
15335600
15381400
15330400
15353800
15370500
15381700
15289900
15364400
15335500
15348200
15335900
15350600
15317700
15315900
15310400
15132300
15284400
15203500
15128900
15872600
15166600
15216500
15107800
15176500
15260500
15155700
15176800
15200200
15151800
15061700
15104300
15166000
15148000
15181300
15213600
15162600
15121700
15175600
15199000
15300600
15354500
15326400
15923200
15404300
16121300
15291700
15321800
15338000
15352400
15309000
15321500
15483400
15369000
15360300
15333300
15276800
15325900
16309500
18815900
15439400
15489600
15378500
15321400
15311900
15961800
15395200
15332400
15317500
15400800
16118500
16900400
15337800
15334100
15281900
15322100
15296000
15261200
15305000
15322100
15264700
15337500
15367100
15291400
15281200
15402300
15321500
16028900
15640900
15475300
15461400
15422700
15570100
15417100
15622000
15377400
15264000
15189000
15267500
15328700
15157700
15047100
15127300
15062400
14991000
15184000
15216600
15099200
19304400
18431100
15930600
15198500
15258900
15337500
15305200
15243800
15697900
15253000
15355000
15341800
16825300
17668700
15220000
15298900
15300500
15323300
15302400
15302400
15282100
15385100
15325100
15351200
15886600
15320900
15353100
15274400
15286900
15292500
15246200
15161300
15237600
15144700
15724700
16757400
15502500
15458800
16065300
15571800
15511700
17960200
21058300
20308600
15499200
15738400
16329500
15613400
19535800
15617500
15328000
15404100
17369200
15759800
15397600
15481800
15370100
15425900
16191700
15405900
15347000
15365300
15374000
15612900
15701200
15432200
15342400
15375700
15315700
15973700
15402000
15383300
15379500
17636100
17304500
15363900
15341600
15403400
15407500
15387800
15337900
15404600
15431200
15397300
15392100
15316900
15414900
15399900
15408300
15366800
15315300
16019900
15288200
15262700
15312200
15187000
15246300
15158200
15111100
15180500
15165900
15148800
15178500
15098000
15127100
15036600
15084600
15162000
15089500
15035100
15117600
15084600
14979400
15910700
14983400
15373500
15080700
15041900
14967700
15115900
14988900
15084100
15027600
14956700
14926400
14923600
15080900
15123100
15224100
15239800
15233900
15308900
15283900
15169900
15228700
15248700
18421200
17488400
15481300
15291700
15354600
15415500
15339100
15357100
15297400
15287400
15285300
15363100
15385800
15350500
15385200
15379100
15312400
15488600
15328100
15175200
15286900
15459000
16198200
15341000
15424200
15345700
15325400
15351800
15442500
15395100
15418600
15382100
15324000
15274400
15232400
15338200
15354700
15362100
15348300
15325300
15310200
15289600
15761900
15335500
16165800
15405900
15332200
15631800
15319300
15273300
15299500
15288000
15329200
15260000
15221600
15155200
15224200
15179500
15083000
15050900
14996100
15114700
15625700
19299300
16618500
15370900
15362000
15978800
15318100
15508900
15361000
15318200
15367800
15325400
15368700
15350000
15351000
15334500
15375600
15869100
15278200
15303900
15301400
15336200
15352000
15279900
15268100
15343800
15300600
15975400
15324700
15363300
15326000
15328300
15372200
15313300
15284400
15315300
15490000
15814700
15625300
15328200
15376000
15322100
15415600
15397400
15330200
15386100
15325300
15421400
15421300
15636100
20923800
20314100
15461100
15336100
15310400
15326700
15303400
15318600
15352000
15296900
15293600
15662700
19549400
18298500
15295800
15313800
15323600
15354000
15942500
15329000
15541100
15503100
16595100
15612600
15413000
15339000
15281800
15322400
15330300
15282600
15256900
15277700
15182500
15148400
15085000
15210300
15225800
15298800
15330400
15273600
15272000
15292900
15155200
15185000
15862700
15182000
15213800
15400800
15261400
15301000
15379800
15296400
15295800
15281300
15285100
15262000
15234300
15268400
15297700
15736700
15436800
15396200
15293700
15316900
15318000
15173400
15236400
15719300
15228400
15161500
15052200
15116100
15092500
15119000
17721600
17476000
15330200
15319700
15327100
15432000
15327600
15338100
15345200
15367100
16029500
20696100
17147200
15327800
15652700
16009300
15264700
15457800
15334400
15397200
15342200
15348600
15337200
15403000
15332200
15304200
15279700
15294100
15298600
15328100
15337800
15367300
15340400
15529400
15383100
15337800
15323600
16024900
15471500
15441900
15318400
15363100
15541100
15658200
15444200
15647900
15323000
15429600
15357000
15378900
15237800
15305900
15399400
15515900
15459600
15387300
15340700
15322400
15313000
15318900
15913200
15348100
17954400
17607800
16417800
15338500
15656400
15378200
15350700
15291300
15523800
15362500
15391800
15344200
15310600
15372600
15387000
15496300
15326900
15364300
15305100
15309400
15944000
15299200
15329500
15325400
15291700
15283600
15287600
15286500
15369900
15303100
15290400
15319200
15299100
15407400
15297600
15300800
15322400
15355800
15306400
15308900
15300800
15282400
17295100
15345600
15293000
15464700
15290600
15504700
15357200
15376500
16749600
15383800
15313900
15343100
15316500
15334300
15795300
15515800
15361100
15369000
15339600
15388000
17058400
17526200
15356300
15953600
15352800
15338600
15285900
15315800
15572400
15363500
15310900
15286000
15323300
15345800
15395900
15315700
15834600
15508700
15561700
15609400
16981700
15434900
15542300
15356200
15357200
16184800
15487900
15612500
15422300
15513200
15511600
15389900
15365300
15521600
15595900
15558300
15566300
15578400
15399600
15330300
15376600
15337500
15868300
15401500
15323300
15360400
15552100
16403800
15368700
15430200
15466400
15337100
15257900
17969100
15569600
15336600
15311300
15318400
15287900
15295000
15310500
15270300
17467900
17167500
15361400
15321400
15290200
15308900
15356700
15291900
15845200
15304000
15984900
15258600
15330400
15278300
15345600
15306700
15293500
15316700
15331000
15319200
15298600
15329500
15346200
15340700
15375700
15380200
16101700
17660200
15410100
15448700
16590300
15382800
15372700
15365000
16130200
15355500
15327200
15358000
15358000
15264400
15333300
15331300
15275100
15316600
15325200
15348600
15305000
15598300
15327200
15157000
15114500
15193300
15965200
15156400
15095200
15161900
15145300
15179100
15169200
15208600
15183200
15139000
16499400
17933100
16679100
15339600
15278900
15316200
15331300
15517800
15406800
15363900
15364100
15348300
15373600
16044000
15318400
15314200
15773700
15331000
15307400
15308800
15347900
15300600
15319200
15286600
15122600
15203600
15299100
15304500
15317000
15301500
15311800
15294000
15291400
16459400
16710000
16041400
15357900
15353800
16234900
15305000
15376500
15340300
15349500
15305100
15303800
15342200
15349700
15284800
15440600
15372100
15267000
15286100
15295800
15365100
15349000
15295800
15342600
16119100
15303100
15250300
15334200
15335600
15380200
17757400
17185400
15309300
15342200
15397700
15491400
15586200
15579400
15429000
15561700
15394100
15496900
15525300
15512900
15511600
15583300
15409600
16018900
15396900
15380200
15297500
15303600
15270900
15197000
15169800
17855600
15696800
15499600
15526100
15514300
16174500
15501500
15444900
15397400
15373500
15495300
15370200
15341500
15356900
16071600
15361300
15321700
15272800
15282400
15177600
15206200
15162400
15249000
15166100
15195300
15132100
15344700
15285000
15259100
15205400
15450900
15633800
15735900
15671400
15536300
15404200
16419500
18031600
16484100
15507800
16452500
15345300
15407600
15350800
15427200
15634500
15584100
15330000
15342400
15934900
15472300
15568700
15529600
15421000
15336000
15385600
15508200
15393800
15616200
15946100
15387100
15394900
15330500
15289400
15263000
15348800
15319500
15398500
15277500
15257300
15343800
15293500
15254000
15237800
15287200
15255600
15368900
15284800
15255500
15247400
15601800
16071000
15604500
15398400
16136100
15389100
15364800
15529900
15374400
15765100
15526900
15552100
15366300
15453000
15381300
15402800
15382700
15354300
16072200
17646800
17256900
16574600
16434200
16579500
16826400
16343100
16286600
16614800
17394100
21385500
21458300
18943600
16459400
16055500
15514700
21915400
17255300
15619100
18397400
16530300
15321500
16059200
15293800
15344800
15346100
15366000
15884100
15251900
15497800
15364400
15347800
15391500
17041900
17445500
15349200
15388400
15306000
15344300
15343000
15391900
15546500
15393900
15413100
15571500
