294900
295200
297700
294000
295100
299800
296400
299100
307300
298900
326400
355000
328600
332900
297500
293700
298200
340000
295800
295700
293100
295000
295500
294600
295700
296200
306800
294700
293700
295800
295300
295800
299300
294600
296500
295600
298600
297600
293800
300600
295200
293700
294200
297000
296700
294300
297000
294800
297700
305100
295600
298800
299400
297600
294200
295500
297900
296600
293900
297300
296300
298800
299200
296300
296600
292700
314100
297700
298700
297500
299000
299600
295200
297600
293500
294200
293400
295000
295700
295900
295500
293500
293100
300400
296100
296200
298800
294600
299500
295200
297600
294900
299300
296000
294500
297100
299400
389100
299300
296900
298600
298300
345400
390200
355100
381700
299500
297700
299800
298500
299400
297900
299300
302000
297400
297800
333500
298900
300300
320600
334900
297700
296500
296900
302900
307000
299700
300100
300300
306400
302200
296800
299600
298900
305500
332000
312200
305500
304500
318700
295300
295100
300700
294900
295500
294600
301700
301600
315900
300300
309300
293700
311600
294800
318000
295600
310300
294200
325200
308200
306300
307500
309000
297900
294700
300100
293300
294700
295300
298800
302400
296600
319200
297700
298400
297900
302400
297000
297200
297700
298400
298800
297100
292500
300300
318100
302200
321100
298400
302100
297300
294900
299900
300500
299700
292800
298700
301300
300300
296300
298800
320700
317400
294100
293400
298300
300900
313100
296400
297900
293600
297700
294100
293900
298400
303300
295400
296500
296000
298300
292800
295900
293800
296800
404600
403500
401300
408800
402400
409600
396100
419600
440400
421100
396000
400900
396900
397100
397900
400100
399800
402600
404300
435100
410600
441300
398500
408100
414800
403100
404700
407600
415300
401400
399500
398900
397400
398800
415500
401200
400600
400100
396300
401300
409200
315600
312600
295200
296300
303200
401400
400700
403000
400400
323200
304500
295000
300100
407800
404500
424400
432700
411100
399600
453200
413700
316700
303000
296900
305400
401400
401500
426300
425700
431200
455500
427700
384800
347300
310900
298400
325900
301500
301300
321100
299700
303700
343800
349800
315900
334100
314500
345900
297100
296000
320000
297100
297400
298400
295800
304700
300400
299100
294600
293500
299700
297100
300100
295400
299000
296700
300800
293200
2235300
298600
299700
297300
300400
294900
295300
299900
294600
300100
300700
296900
298500
295800
297700
294500
298000
296500
334700
294400
298400
293600
299400
294600
297700
297700
300800
293900
297600
298100
299200
297400
298500
297100
300300
300400
297900
294600
297600
305900
325900
294300
332100
298300
306300
307800
330900
303700
306500
295000
313100
300400
310600
299700
314200
295000
297900
312200
323700
303300
296900
299000
294900
305300
295700
312500
314900
294300
295400
295300
295400
296200
298400
298300
302000
300000
299400
298000
299500
296000
299100
298900
298900
300300
294000
297500
299200
296200
300000
295300
293500
293800
299700
294300
293600
295200
299300
307600
297400
305000
296000
301500
294000
297500
292700
296500
299500
294400
296900
299100
296800
295100
298300
294700
295600
297600
298500
297500
295100
298600
298100
295200
295700
299200
295800
296900
303700
298300
302900
299100
296000
296200
297100
296000
293800
297800
293200
296300
305300
296400
296300
296400
300000
294200
297200
299200
296100
299800
296800
295200
295800
303000
309200
363100
373000
393800
363100
315700
301700
487600
487100
488200
294400
299500
298600
298600
295700
296700
294300
296900
295400
301900
301100
299000
296500
312500
299300
299300
299000
297000
294500
293600
297500
296800
302500
294100
298400
302600
298300
295400
294100
299000
293500
296200
298400
317800
299500
298100
315500
320800
298800
323500
318000
315000
299000
299200
298500
297300
296700
298100
297400
295100
293400
293800
299200
294400
293500
293700
298000
299100
294000
297900
294700
296800
296300
298400
295700
301800
298900
296900
294900
300800
296300
297600
297900
293800
307900
298800
298100
295900
299100
301100
298200
296600
293100
297600
298000
296000
297100
299200
296500
296100
301600
296500
299200
297400
293700
295400
301200
298400
297400
294600
298900
298500
305700
295000
301900
296000
299900
294300
297700
296400
298100
300300
295000
300800
298300
304900
294500
299200
298700
298800
295100
319400
299700
301100
300700
300900
300600
296000
293800
297100
296000
294200
298000
295600
413800
399900
401600
396000
399400
399900
413000
396300
399500
401000
403200
395700
399900
397700
400200
395900
396900
399400
397000
398700
399600
396500
400700
400900
397900
397300
396400
396500
396200
399700
400100
397600
401800
400400
397700
396500
399900
399800
399900
399300
401000
402400
401200
398300
400100
399900
402800
401400
398800
400300
403100
415700
399200
399400
401200
406800
298100
305500
300300
295000
299800
293800
298300
297300
299700
299900
300000
294000
300000
295200
307700
297800
300800
303000
310700
298500
300800
296800
349000
379800
362000
386800
372100
366300
360400
347100
356200
326800
347800
371000
403400
398900
370300
381600
368600
327400
388900
298600
300800
294100
295300
295400
295700
298600
294700
296200
299200
302400
297000
297800
295300
294600
297100
294900
294800
298500
301300
297300
295300
298500
294900
295300
295200
294300
299400
294000
297300
299400
296100
293800
295400
298000
297500
294600
296000
298700
298200
293200
293400
296900
296000
296600
295600
295300
294400
297500
311600
299000
298900
294900
296400
306100
293800
298900
296600
307100
308000
298700
310000
295600
306000
302100
308100
328600
325600
310700
341300
312100
327800
311600
319000
312900
319800
307900
304800
330600
325200
321200
306000
322500
330000
294900
300000
300700
338200
321500
327500
304700
311200
319200
300300
304600
316100
327000
331500
324400
310700
320800
318100
323800
319300
340200
315600
326700
300800
315300
318100
312300
373800
325400
297200
357700
369500
318200
362000
349300
350600
366300
369400
355600
333400
346800
326200
347700
379100
348400
347200
297200
373600
357600
369700
344100
374800
381700
374400
476200
379500
369100
373200
364100
295800
300600
293900
300000
297800
299100
292800
300100
297200
301500
300300
294100
300400
299600
297200
298000
300400
293800
293800
297800
297100
297200
294600
295000
298500
298500
293200
298400
357300
296600
300700
299600
297300
297900
306500
293900
296000
296100
398600
401200
396400
396500
399300
398900
403500
395800
398000
428600
398300
400200
400100
401700
400800
399300
395900
395700
396100
400800
392600
403500
399000
412500
397800
426500
399800
399600
400300
403100
403900
404800
402800
399500
403200
401700
399500
401600
402300
400800
401100
396000
400900
402900
402900
396100
399600
409200
310000
297600
305200
300400
330200
299600
297900
309600
307800
295600
298200
305000
298000
300700
294100
304800
298600
308700
323100
404800
339600
323600
297100
305000
333500
294400
299100
299700
310000
299400
293700
296800
311300
301300
315800
301100
304800
297400
294100
297700
302600
304400
310000
320100
295600
302200
294400
296600
296100
297200
296400
293500
299100
309100
298200
299400
295200
296400
296600
296600
295500
298900
296400
294300
299000
295500
296500
335600
296800
298200
295000
297200
296700
300100
295600
295700
299800
298500
294500
295500
294500
299800
295600
301000
304200
294900
299700
294500
297000
303300
304400
306900
295500
297600
311600
295100
308500
293700
310600
308800
299400
308500
295900
306900
304300
297100
304300
292700
309300
309500
304200
412600
319400
302400
300700
298700
299500
296900
334600
300600
307500
297800
320900
301500
300300
302200
300500
303200
293100
353500
398400
317200
314500
298500
303200
300900
307800
303900
302200
308300
310600
297500
297600
295200
344300
300000
297200
303900
302900
298600
331800
313100
296300
298000
323100
297600
323900
295100
295000
302900
297900
296100
294900
298700
295400
295700
295100
294300
293400
298700
295400
298500
296400
295700
299400
311900
297000
294300
295900
299400
301300
294400
294700
296100
297700
296500
295400
293300
301600
299600
296900
293000
293900
296400
303300
298800
294100
295400
294800
295300
293600
295800
293900
299600
296000
296000
293700
295400
294400
299500
301000
296100
294100
298400
298500
296600
296300
296400
294200
294300
296900
294500
295400
294200
299200
296600
320500
295200
308500
306700
301700
317200
296900
302200
297500
299500
297000
295100
314900
299000
296400
302900
295100
296000
298300
298700
301300
295100
304500
299600
317000
295000
294900
296000
293800
297500
306000
299300
296100
332200
312100
300800
311500
314300
297700
301500
295700
314300
293500
298900
315500
296100
307300
306100
300000
296000
295300
299000
293600
298300
293400
298300
294700
294600
296000
299700
296200
292500
299200
294000
293300
295300
297400
300700
293600
294900
293700
299500
294700
298000
293700
297900
296500
295300
295700
296700
310400
295800
295600
296900
296500
298000
297600
298500
295400
297500
294500
295400
295900
297600
299200
295100
299500
293800
295600
297800
296000
298100
298700
297200
294800
297600
296900
299800
294100
297800
300500
298300
295900
297600
296500
299700
296500
294800
297300
295000
299400
295000
293700
301000
310100
296900
295000
321500
307400
294700
317300
296000
311800
299500
303200
307200
296900
336200
304200
305800
298400
310200
298800
349100
353300
354800
352100
354900
360300
352800
360000
365800
359200
363100
352300
358800
361700
366600
355000
354400
399100
360200
377600
361600
364900
365900
352800
353600
352600
352400
351100
354600
378900
354300
353700
352000
353500
355900
370100
355700
353300
354500
354000
351900
353800
358500
354600
355300
352600
352700
352700
355600
356400
352700
354800
352700
353600
354100
353400
355100
353800
354200
353400
353100
356500
352600
353200
372100
354400
353100
351000
353200
354200
375800
357200
359100
353500
353300
354200
352000
359200
355800
355300
353100
352900
355700
352300
357300
357400
353200
354900
351500
356700
355200
352600
359600
359600
376900
358100
364000
370200
352400
361800
374400
367200
387500
407900
396400
385300
397100
402500
388200
366800
364000
353900
353700
350300
388000
378700
363400
354100
354100
352200
351900
351800
354900
356300
357100
351400
352500
352600
385400
353000
355700
353700
352000
352300
354600
353600
352400
353200
354700
351200
353600
352800
350900
360500
375000
354600
352400
355800
349100
294100
299700
298100
296400
295000
304100
316200
296900
295000
313100
353200
353500
354000
354600
353000
351700
352500
353600
354100
356400
353600
353900
352200
353000
352700
354800
353100
350100
352700
352300
353900
354500
359700
356000
352800
353000
355600
352700
357400
354900
355500
352500
353000
352900
354300
355600
354000
354400
351900
355700
353300
353800
353800
354300
354500
351600
353000
352900
352500
355200
353200
355600
353300
352500
353000
351100
355100
356000
362100
353000
353700
354300
354300
352500
355100
363400
352800
351700
355400
355700
354900
355300
354900
387200
378500
357200
361900
380500
355300
371700
373500
377400
390800
407400
396200
389300
400100
400700
357300
351300
361300
354500
354800
354400
351800
377100
355200
360400
360900
352600
351500
352300
355300
354900
353700
351900
348900
353800
353900
352100
357200
352300
352600
351900
363600
352300
353100
352300
352300
1980500
294800
296800
300300
297600
297400
295100
299500
300000
296700
296700
296600
310300
297600
295500
295100
295500
297200
298600
294600
294800
293600
294200
298000
298000
297700
296800
296200
298000
295300
294800
295800
310100
300400
299000
296400
295200
298600
298800
298000
294900
293800
298800
297300
296500
297300
294700
298900
296100
293800
299400
296400
314900
296400
305100
295100
297100
301000
295600
296100
296200
305400
302500
295000
294200
295900
300300
297200
294600
295400
297200
296200
305700
298600
296300
296600
303500
298900
297900
293900
295800
300300
298800
296900
297000
295700
298100
294700
295200
297400
439600
297800
297800
297800
295700
296800
298100
294900
294200
294000
293400
301900
297500
297200
295200
296700
303900
294900
294900
294500
294600
297300
296900
299100
295600
296700
296900
298100
297000
297600
299900
298300
294700
294800
297700
302800
302100
296600
296900
297300
300200
297700
313500
306600
296900
295100
295700
298800
298600
297300
298600
297500
296700
299100
296400
297600
295200
298100
298800
296000
297900
304200
301600
293700
299000
295600
301100
297200
300400
294300
297200
296600
301900
294400
299900
298400
296000
296200
300100
294100
297400
296200
298300
297400
293200
295600
297500
299900
296200
296600
292400
294800
295100
294400
299800
295200
297600
296000
298300
295800
298900
295100
295700
298900
296700
295000
296000
296000
300100
297200
294400
295300
301200
294600
299600
298900
296800
299900
297400
294700
315100
295400
302500
383400
297800
297900
294000
295000
323400
298400
296800
295900
293400
302600
296900
298100
295600
297800
300700
377000
301900
302800
298000
293800
299100
298000
297700
296900
301800
296400
296200
296200
296800
300600
296300
298100
295000
299400
312700
297700
298900
294300
295500
300100
295600
295200
294500
295300
297300
295900
298000
307000
299600
293500
296000
297800
294800
299500
295900
297400
298200
297800
296000
296600
298900
295900
298600
295900
300800
293800
296500
294600
295500
293800
293600
293100
296800
299100
295400
312500
294800
300300
295500
296300
293800
296900
301000
297500
298900
296200
293800
295400
295300
299200
297700
297800
294900
298900
298900
294700
296000
298100
310400
296700
297900
298200
298700
296500
297100
294200
296600
298200
296300
296500
298500
296800
298000
295300
301100
298900
298700
296600
298900
293600
294300
298500
295600
294200
298300
296400
299800
299300
294500
293000
296500
299000
298200
299500
294500
299200
324900
297200
296600
294400
299800
298800
300000
297400
294200
300500
295600
297900
298300
297000
297200
298400
298600
298400
295400
318700
299400
295500
295300
295700
296800
301700
297600
297600
297300
304700
298000
296200
295400
297300
296800
296500
296100
294100
317100
307900
296000
301600
294300
301100
300300
339600
297200
306400
294900
297100
295000
296100
294500
297200
298600
300000
295500
339100
308300
313300
300700
315200
303600
297200
301000
296400
299800
298300
304400
309300
309500
303200
304100
297900
334200
318300
313200
341100
328300
323500
302000
332800
327100
337400
328200
365200
370800
356600
374500
371700
378800
378700
296900
298900
364500
361100
342000
381000
358000
369400
364500
376300
372900
386600
364000
368700
351300
299800
295900
298300
298400
299300
296700
298600
299900
295200
299200
294500
306900
295300
299700
296100
300000
302600
297300
296200
296500
298200
297800
293200
303700
294900
295300
296100
296100
297400
299900
295200
295300
298900
297500
296300
293200
292900
297400
295900
296900
293800
295400
300200
299600
297100
296500
297900
299700
306000
296600
296600
297800
296600
295400
294700
298500
295400
295500
295400
298700
297800
296500
305200
298000
300000
322800
296600
298900
319200
304500
298100
296800
320600
301700
304700
346800
299800
307300
302500
298600
297200
298700
312500
299000
328200
300400
305300
299200
334300
304800
303500
294700
315400
295200
295300
295800
318000
305000
308600
310200
313200
298200
299500
297000
337300
305700
302300
301000
299700
317000
297000
298300
296800
294200
296300
296400
298400
293300
296200
297200
297800
295600
294800
298300
299200
297800
293300
295700
296600
296200
296200
296000
293400
296100
298600
297900
294600
297500
296800
298100
298200
297900
297200
296700
294600
296600
298600
296100
296400
299800
295800
300500
298000
294900
294700
298700
299500
298100
294800
299800
296300
299600
294900
295400
297000
295700
309400
296400
298600
293500
298500
297700
298600
296300
300700
305200
296000
297700
296000
309700
296900
296500
299700
296900
303700
292800
295900
295000
296800
299700
299500
296900
297000
296400
297000
295700
298300
296100
341000
315700
315800
296700
315500
296500
301300
310700
325600
304000
295400
325500
300000
296100
295600
324300
309000
304700
295100
308100
332300
300300
314600
303700
295800
315300
309900
304700
297500
300900
341200
302500
307400
301400
304700
294200
307800
312800
296500
303700
297000
303500
298100
304000
298100
309400
295200
297200
298900
295500
296600
296900
299600
295200
294900
293800
299000
308900
297400
295900
296500
296700
298700
299700
298000
294400
300100
295200
295400
293700
300500
297200
299300
296300
299900
296900
295700
298000
295200
301500
298600
294500
294800
295900
296000
299700
297900
295100
297300
292900
296800
296400
297700
296300
295500
297300
296400
300700
295900
295500
295400
297600
296200
300000
297600
295500
298800
298100
293500
299000
298100
298300
298000
298500
299000
296900
298000
293800
296400
297900
299300
294400
295700
296100
300600
293200
296500
296400
300700
299200
296800
298700
295400
296100
294600
298300
293700
293500
300100
294000
299500
310300
300100
298400
311000
297000
297100
336200
298400
308800
297600
322600
298400
299800
311500
305700
296100
314800
299200
335600
300600
301800
297700
314400
304800
299200
296900
296300
303400
297000
297700
300000
306700
303500
294600
324700
293500
298900
314300
293800
297900
313000
309500
308700
303800
305400
297800
296400
297800
294000
294400
296300
313500
309200
299000
294800
298100
295500
309100
298700
297700
294000
301400
298600
298200
298900
293200
299100
298600
298100
298200
294400
293900
295500
296300
294600
297200
298700
307600
297800
296900
294500
294100
298700
297600
297500
297800
297600
301300
303200
297300
292900
300000
298800
297700
293800
299200
299200
305200
294900
295600
295200
294200
299200
297500
297100
297700
297700
318600
297400
297200
295100
294900
296200
304000
293000
294000
293300
304700
295500
295000
300200
296800
297600
294000
295800
294800
298300
298900
292700
293600
297100
299200
295200
293700
295800
298100
295700
302300
307100
302000
305800
293500
317800
298700
300800
300600
296900
293400
300800
301300
296200
299700
296500
298700
345600
303000
294700
301400
298800
293400
298800
304100
305800
293400
299600
296500
316600
299200
298900
306700
317500
299600
300100
305100
336700
298900
293400
293800
295300
296400
295200
296700
294400
311400
294600
298500
297100
297600
295200
304000
296400
298200
295800
294400
295300
294000
294700
296900
294500
301700
293900
294400
297400
293500
296000
297000
299300
294400
296800
300100
294900
296400
294700
295300
299400
296800
295100
294700
312300
298600
292500
298200
295300
298300
297000
294100
295100
299900
299200
294200
294500
293400
296100
297200
298000
292900
297500
314300
297600
294500
295700
297300
299700
300800
296300
295000
295100
296800
297500
295600
295100
295700
295600
298000
296500
298600
316600
294900
300200
322400
294100
297900
294200
298100
294500
298100
299800
310000
301900
300100
299200
332300
294500
304100
295500
364900
300400
309200
298200
334500
307600
308500
305700
320100
296100
295800
297100
298100
304600
298800
297900
294800
301300
296900
296900
296000
300200
296900
299100
295600
295200
293600
296900
294100
297200
295800
293900
297500
296800
299500
295200
298800
295500
296600
296000
315700
297100
297800
295300
299900
296400
299100
297000
296800
296500
297500
299800
302800
299500
297400
296300
298100
296100
294100
296900
299300
299500
296400
297300
294800
296200
304100
294500
303000
296800
326200
300500
301000
297200
296100
298800
300400
298100
298600
298100
296500
296600
298500
297300
295600
299800
298900
296100
299100
295700
298500
303400
294300
298600
319000
294800
298200
295400
304600
306800
295900
299300
297100
299800
295800
298100
295100
296900
297800
299500
295400
301700
297800
318200
301100
294200
300800
294900
307300
306900
301100
297100
299900
293500
299300
297400
300600
299100
300500
296800
297000
297700
299900
294500
298900
298900
297300
297100
295400
295100
295200
302900
294200
298100
298500
294400
299800
302000
301000
296000
296700
298000
300300
296800
298900
299000
296700
600500
296600
300400
297000
300600
296900
295600
297200
296400
296900
301600
294600
293300
299100
295200
292800
296800
296900
300000
295100
298600
297200
296500
295100
294400
294100
294000
299400
300500
293700
297900
296900
296200
297400
296600
299700
300600
297800
294500
296800
294600
1458800
297400
298300
296500
294500
298600
297300
292500
294300
297100
301300
294000
294400
296200
298200
293100
296400
296500
310900
293600
295100
296600
297100
298600
295100
302600
294500
295600
294600
294400
293200
299000
297800
297000
298800
295200
295900
293800
299500
294400
298900
297200
297500
294100
415500
298600
297400
318300
296200
303500
298800
295500
298800
297100
299700
296700
296100
307500
296200
297000
299500
298400
298600
297600
294800
300400
293900
294700
294000
299700
296400
294500
295100
302300
297900
297400
298800
294800
300900
306600
297300
293100
292700
295400
292800
296700
295800
313500
299300
292800
296100
297000
295300
295700
294100
297900
297100
294900
292800
294700
308500
299600
296900
300000
299000
297300
298000
295500
299300
297200
293400
297700
294800
298400
298200
295100
294200
293600
297600
298800
296900
294900
298200
297100
297500
296700
297100
299300
296200
295300
297400
296000
294000
297900
294700
298900
300000
298800
298600
294000
297100
294500
298800
297500
296300
299200
296300
301700
294900
297600
294000
301000
302200
297200
296400
297200
298600
296100
297600
298100
297300
332400
308600
294500
308600
294000
296000
340700
299300
300400
305200
328700
297500
302300
295900
298300
303100
301300
307300
307900
301700
297000
303200
296600
301100
315300
293700
301700
330900
307300
298800
293900
296100
299600
295100
301900
294100
294800
322700
294900
293000
297000
312200
307900
306100
314300
301200
302000
298500
297500
296500
301400
300000
299300
298000
301600
294400
330700
297300
323200
294800
299100
298000
302100
297400
300400
294200
300700
301700
299700
295000
298300
293300
297400
292400
297700
298000
324200
304100
296600
298000
299800
295800
299300
295600
300500
294100
298900
295500
299700
294300
299000
297100
303700
294500
297700
297900
323800
294900
296300
295300
310300
295200
294900
294000
296900
296700
295200
297200
298500
299700
300600
293600
299400
296700
298500
296100
317900
311300
333900
297300
296900
299400
300600
306200
294900
295400
342400
305800
298900
298700
313700
295700
298500
295000
341400
299400
292900
297600
314300
298800
299000
300700
315700
298500
295900
309900
309500
300100
298000
321900
308000
293600
308100
306200
321100
295500
296600
293300
298000
303500
295800
313500
296000
299200
294500
294900
297000
299800
301800
293000
294900
294200
298000
306600
297400
296000
293700
299000
299200
298000
297400
293500
301000
297400
297900
295900
297700
296000
299000
295200
295100
298900
300500
300100
297300
297100
294500
296300
293400
293100
293700
299200
299200
296500
298500
297500
294100
298100
295900
299500
297000
298800
296400
295500
300100
296100
297200
300000
296800
298500
294500
300300
295800
297800
293300
294600
300800
297100
294600
299500
297700
294900
296700
295000
298500
300600
294500
307200
301200
316800
297300
301200
295500
350100
308200
313300
333300
298500
298600
350600
347300
375700
371800
369400
354700
349400
334100
377900
362300
370700
298700
294900
333400
381000
354600
371800
350000
343800
377300
345600
343100
401700
299300
302100
307600
371300
304300
301700
295000
299500
304100
300600
303000
301400
294200
299400
298400
300500
298500
300800
294600
295100
301900
307000
301600
293400
295600
303000
306400
302500
293400
295500
300100
296800
300600
294300
300400
295200
323100
310500
314600
315500
325000
302100
297100
296700
298500
299700
299100
297600
302600
299700
295800
296400
295000
293500
300700
299300
301600
300100
299400
299800
299600
301400
297600
300300
293700
298000
294100
302900
297800
296700
297600
298600
298300
304700
294300
335100
310300
303100
322000
295100
297900
300800
321100
301500
302600
303300
299000
296000
301500
307100
319700
306000
306800
301300
312600
304400
298900
313500
321300
303600
306300
336400
296300
304600
299700
304500
312500
296300
294800
296300
313000
295700
327900
297600
293200
295900
292200
295200
293800
298000
298500
293800
294700
298300
341000
295900
301000
293900
296600
295600
297400
299100
294800
296900
298400
296400
293100
297600
293800
299500
298200
299300
294000
293500
323100
316600
298500
301100
301100
302100
298500
293100
301200
297300
299800
297900
336000
297300
303900
296700
302300
297200
298100
300800
297400
297200
294200
298900
297900
297100
295800
297800
298000
299500
302800
296300
299300
293100
296500
294500
297800
299000
298700
295800
295300
322800
308200
293000
315500
300000
298000
298500
322400
310600
302700
301300
301500
300700
301700
302000
297900
294100
325500
296800
299000
300500
308900
302300
309500
299600
295400
295600
304000
308700
306800
297100
317500
294100
299300
298000
332800
311600
317600
296000
299700
300800
300800
299500
300000
298000
299900
296000
301700
294900
300000
296900
297300
299700
297000
298800
299500
296200
295500
294400
297300
306900
294600
299300
297100
301700
300500
297700
296100
299800
294800
300900
293900
296400
297000
300100
296900
295500
296500
298300
295200
295700
296200
292800
296200
299000
293800
294300
299500
295600
299000
301400
298200
299500
293800
299200
297100
296400
299400
297100
295800
293900
299900
299800
297900
293700
295500
297000
301900
294400
295600
298500
296800
295500
294700
296000
316100
299200
295700
295900
298800
295700
295000
298200
294500
296300
297100
295700
292800
297400
299100
299300
297700
294600
297200
296400
299200
311700
298600
295000
301500
296700
303400
297400
298900
295200
294600
298500
295700
298000
298700
294500
510400
297700
300800
296500
297300
296900
298700
298600
299000
296300
294100
298100
298800
295700
294100
305800
299000
299100
297600
293700
313000
297800
294000
292800
300400
299200
304300
299200
299000
297200
294400
297800
298500
294900
293600
298100
294400
293900
297600
293000
295600
294700
309000
298700
336200
298500
294400
302400
328600
294400
305200
297000
311900
292800
297200
304000
299000
293700
295300
298500
362300
297900
299100
299000
297200
308200
305000
299200
297700
294300
293400
302300
297600
293200
298800
295700
297300
293700
296500
295700
314100
294200
296500
294800
299400
294800
298900
294700
296100
299800
296100
337500
300800
295700
298200
294300
301700
294700
300700
294500
304800
293000
295700
298100
297200
292800
295800
293300
298000
297400
318900
297800
298100
298800
294300
299900
298800
297400
298500
296600
299000
296800
296700
297300
296600
293800
294200
297600
294100
315600
296200
296300
299400
297500
296600
293400
294200
292400
307300
295800
297100
299100
301000
298700
295900
298400
296600
296000
295800
297100
297800
296300
297200
294800
297100
298700
298000
293900
296300
299800
294900
556500
302900
335100
309700
331400
316600
337400
297300
297700
295400
296100
298800
297800
299100
293900
299900
295300
298500
296700
296700
295300
295600
293700
299900
293800
296700
294700
298500
297600
296100
293600
302200
299600
292700
298500
295400
300400
297800
299200
299100
295500
297900
323700
298200
316500
299800
293500
299700
298600
302600
296200
297500
294400
299800
300000
300800
294500
306700
298300
296800
295300
298100
294900
297600
298900
298200
300600
293400
299700
295600
300500
297100
294500
293400
295000
296700
297700
297700
296200
293700
296100
295200
303200
299400
300500
297700
296600
294900
298800
298300
297600
294700
295000
295100
294100
295500
296400
296300
309100
294200
297100
298000
323300
296000
298200
294100
295000
302400
295200
293700
298600
296500
300800
294500
298700
298300
295200
297300
296100
307700
294900
329800
322400
300900
295600
298900
300300
296300
299900
295200
295900
294700
299600
298400
296400
294300
297600
297500
297400
298700
294800
298000
296400
293100
293400
295800
297700
294300
294800
299200
297000
298000
298900
297600
297100
298400
295900
295100
301000
315300
300300
295200
295300
295300
298000
293000
297000
296500
296300
300000
298800
296500
294900
300900
294600
296700
293900
300400
320100
295500
299800
308500
301000
300200
293000
297100
295500
297700
298700
296600
300700
295700
294900
300100
295000
296700
294900
294900
293800
309400
301700
295100
306400
295800
295600
316100
297800
295300
300600
293900
297100
295700
300200
297800
295200
296200
294200
297600
296600
297500
345900
296000
299000
295900
297200
293300
298900
296500
294300
296100
296600
300000
297800
296800
300800
298300
296300
295500
295800
293800
307000
295500
295000
296000
294700
294300
298100
298900
299600
297000
297600
296000
295200
297700
295300
295500
297700
296400
299000
300100
295800
295100
302200
298300
299800
305100
295500
305100
321900
297100
954300
524800
577400
707700
1237800
1437500
396400
296800
296600
295800
295900
295600
296700
299700
314500
316900
299500
296800
295800
294900
295800
297000
298800
309300
294700
293400
294000
295200
295700
294000
293000
323800
321100
349400
295200
294700
294700
293200
311300
297000
299800
295400
295500
294400
399800
400400
399800
399700
399100
399000
396300
395800
399600
400300
399600
396100
399000
399900
399200
401200
398400
399400
297300
294600
301100
307000
298900
297400
296600
1544400
302900
293500
297000
298500
300100
295000
292600
294400
382200
317500
297600
306800
295100
298200
300500
299600
296100
297300
301500
302500
296600
295200
294500
300600
298800
298200
298600
295400
299200
309400
295900
315300
294100
299400
295200
297100
296600
300000
294800
300700
294400
300100
293700
297300
295400
298600
294900
298400
317300
303800
298400
298100
293500
299600
295400
298200
296500
300800
295300
295500
297900
295400
297700
294900
297500
298700
300100
299400
293800
297000
303800
300800
339400
298200
366500
312100
301700
298500
297100
299100
295600
297700
295500
296900
297300
294500
297000
299300
299300
298500
298900
294400
300500
293800
297100
297400
298000
297100
298100
294500
303000
292600
299500
293600
297900
293000
297100
321500
297100
293600
296700
369300
296600
296400
293700
298500
300300
297900
293200
299000
299400
298100
294300
296300
294900
301500
297100
297800
297400
300400
300000
299000
295400
299300
311300
294900
295700
304700
299000
297200
294700
294500
295200
298100
295200
296700
293300
299300
297500
293900
299500
299800
296500
296700
296000
295200
297800
297200
293100
297800
298900
300000
294100
297900
297900
298500
294100
296800
296700
304300
305800
296300
328100
299900
303700
296100
305400
299000
347100
303000
303700
298700
325900
300000
304400
297300
313400
303300
293800
327100
297300
303400
300700
317100
294200
295000
303600
304100
304600
300300
301700
312200
302300
300100
309800
307700
307600
294500
296100
333000
304400
305000
299200
296200
295600
295300
296500
294200
297800
296800
295000
298700
297900
296600
296900
293400
298900
302000
316300
297400
298100
297100
298400
298200
296100
294300
296100
295300
295300
295600
293200
297200
299500
296700
298700
294200
316600
323100
336000
297200
315800
296000
308600
297900
295700
298600
300200
296400
299000
295600
298700
299300
302200
297300
292500
294600
299400
298900
296000
295900
299500
299100
296700
295300
298100
297500
301600
296800
298600
293400
293100
298100
297400
295300
295900
295700
305500
302300
321900
293600
295400
300200
324300
299200
298800
368100
305000
301200
305000
318200
308700
293700
300100
314800
294800
296800
318800
301800
321200
294800
303700
302100
323500
300300
295000
297400
301400
294800
296900
297700
293900
299300
295600
307000
296400
293500
293500
292600
305300
298700
296700
294300
295700
298700
295700
294600
294800
295400
317600
296100
293200
294600
293900
310900
295700
295100
297300
298300
298200
296300
298600
298800
295300
301100
299600
298700
296600
296600
298200
293400
297700
294700
296000
337000
295000
349900
326000
293900
325700
327300
381700
312900
341400
324200
355200
365100
354600
355100
354000
376900
360600
384200
376800
369800
299700
320000
363600
329500
361900
359500
376300
367500
369400
375100
361400
385000
354400
366600
298300
300100
296700
295000
299500
294200
302200
293400
295700
298400
294500
297800
298100
298400
296500
296700
295100
294800
295900
322000
295200
298900
299000
297700
300500
295700
296900
296200
302400
299600
295100
301300
296000
300200
297400
295600
298800
295200
303700
295600
295500
294700
297100
299500
296400
295100
294800
294700
297200
298000
295000
296100
295300
299500
297300
297000
296200
302600
315900
317800
317900
315600
324100
312900
298700
307100
293600
327600
325500
296100
296600
314000
320500
322600
296700
306000
323800
329500
315800
311100
328700
315700
301700
298400
320800
322600
331000
323400
307800
300700
311500
312500
315900
314100
324400
331600
332900
311700
303200
322900
319900
323100
296700
315900
321100
317600
322000
314200
318300
303100
296700
313600
326300
313800
330500
297700
294500
293700
299200
297000
294000
297100
297300
298600
296000
295200
299200
297400
298900
297400
296200
297000
298200
363500
298400
297600
299200
299400
299600
295100
297000
296600
297300
299300
296700
296600
297700
300300
295100
294300
296200
293300
302300
296200
296900
297100
295900
331000
300700
297700
297100
297200
296900
295800
299800
295500
297700
297100
297900
298800
297200
348900
304300
298200
296900
294300
295900
295100
300200
296300
299100
299700
294300
303800
295100
298200
300300
294400
298100
293900
298800
293800
301600
297400
320800
296300
293700
301600
293300
299700
297100
298800
295100
300400
296200
293800
295500
293700
300000
305000
295400
295900
293400
294700
295000
298300
296100
293500
299500
298400
293600
298900
298400
295000
295900
299400
298700
297800
294400
294600
303800
298500
298500
300400
300600
294600
297100
300100
296100
298600
295800
293900
297500
298900
293500
300000
294800
297300
294400
335300
327100
363600
352400
355000
367700
302400
302400
300200
297400
300900
297600
299000
324700
297100
297400
293300
296900
294100
298500
311400
296700
298800
304200
301600
304700
304300
333200
307200
305000
319100
310000
294700
298200
297200
315700
313800
330000
305800
302500
297200
293600
301300
335600
296800
302700
298700
316500
299900
299300
297900
305400
300400
308700
301000
296300
295900
298700
344500
304600
306700
300400
295100
292700
297200
295900
299600
296800
295500
298200
295200
297600
297800
294700
298700
524900
316000
298400
294200
298900
297400
293000
295700
294200
297000
295200
297900
295600
295300
298700
295800
297400
295900
295200
313900
297100
296000
293900
293600
299100
294200
295300
293500
292700
295500
298000
296900
299000
293200
299600
294500
296900
295100
294700
309000
295600
299100
293700
297600
295200
299300
293800
299300
295400
299600
297500
297000
294500
295100
312200
299000
294800
301000
296100
309600
317300
295100
301700
293800
300100
300200
297000
299100
294700
295800
298300
297700
297000
294800
300600
295200
298600
293000
298500
312500
296800
331800
297800
295200
302300
315200
297700
301800
299200
319600
302000
296400
301800
328100
301100
310200
297800
311300
300600
300500
323200
301000
304300
299600
306100
305100
301300
295400
310400
298100
295900
301800
304300
297300
293500
332100
295300
297200
298200
299000
320100
297700
305500
293100
318300
299500
295400
296800
304700
297800
300900
295700
297200
301100
296100
309500
299000
321600
319000
298100
300600
298200
297400
298600
300200
295300
323600
332600
301900
301400
299500
322900
297600
298000
307500
294400
294200
295500
294700
297000
319400
296400
333100
300400
297100
295100
308300
299600
296000
294900
296700
294900
299400
295400
294800
294600
298900
292900
295000
297900
300800
296400
292800
295100
293700
317600
299600
294000
295000
297800
296000
296100
299300
300200
299100
296000
297500
295200
293400
306400
297200
294700
317500
293600
333800
295900
295600
294000
293500
295900
296100
297200
293300
294600
303500
297600
307200
296300
294700
317700
299000
312300
300200
297800
299500
308800
310300
296500
300900
294800
302700
293100
300400
308300
306900
293600
315000
305400
313100
300100
294900
293700
299300
294700
353500
296800
307700
301300
307900
305600
295900
298600
299900
295400
295200
329700
295600
308100
296200
315700
306200
304900
298600
295600
294000
297900
295700
295100
295100
295900
298800
299000
295400
299400
294300
318000
315600
318600
350400
317700
329900
339800
315700
299300
295200
300000
293700
296200
299500
301000
303000
298600
294000
295500
298000
296200
299500
301800
295100
299700
294100
300100
301800
297300
299000
298300
295100
296100
297600
295000
293400
300100
297800
297500
298600
300200
298400
296700
295700
300700
299700
300100
295600
301600
296400
297400
296400
296700
295600
299300
296900
299000
296000
296700
296500
295900
300100
298300
296100
293100
298800
299800
299200
299000
296900
296600
298500
297200
297700
294700
298100
359700
297300
331900
299000
308700
315900
297800
296300
317300
307400
299900
302000
294500
299900
297500
309200
310500
298300
297100
296200
298100
295100
296000
333300
308800
296700
319300
295100
308300
307700
306900
298800
321500
297700
298400
296900
317800
298300
297000
298200
314900
302100
305100
332400
304100
308300
303400
296000
293700
297900
295600
299800
296900
298500
296700
295900
313700
297600
294200
294600
295700
296900
299600
293500
297600
296300
299000
295700
299300
296900
297400
297000
301100
296600
296200
297000
314900
304500
300400
298200
298800
298900
301300
294700
296400
296100
296900
295600
301100
293500
297000
300500
299700
297800
300300
293500
299900
295100
300700
299400
295900
297100
296400
296900
294100
294800
294400
299900
296000
297200
300500
298800
297900
296500
295700
335100
298400
300900
338000
299100
297100
303300
296800
297500
293600
298000
298400
295100
297500
294100
298200
294600
297100
299300
322200
303300
302800
300000
302300
343800
299100
297000
305400
298900
299100
307900
299600
324800
305500
297700
302500
318900
295100
297900
318600
301600
299600
308700
305900
299600
338200
299200
305700
295500
325100
304000
294400
325300
308200
297100
315600
293800
300100
305700
298300
309200
295600
301200
326500
305500
312200
321300
298800
294900
300200
295900
300700
297200
321900
333400
297800
303900
298900
301300
296700
300700
294900
298100
297100
296500
299200
300900
299100
296900
295700
293600
321400
309000
297700
293700
296100
296900
296800
299400
296000
298300
298000
296100
296600
301600
300900
299400
297600
296200
323600
296800
298100
296100
299500
299700
294700
297900
297400
299500
294500
296400
293600
300400
297400
298600
296000
295600
297000
294400
295400
299500
293100
297100
303800
298500
294200
340100
305900
311300
303500
295300
334200
308500
308400
323500
294200
308600
295600
312300
304900
310800
303000
299000
303200
300500
298900
300300
315100
308600
308600
303400
320500
298100
303100
309900
327000
299500
294800
343800
296300
298800
307200
301300
341900
293500
301700
299500
298100
299200
293000
296900
301400
301000
296100
294900
295200
293500
316300
293600
296500
296100
297200
299200
295500
293800
297500
299300
295200
298900
297800
296500
297100
313300
293800
299200
296100
298800
296800
295800
305500
299100
293900
294600
299000
295500
294700
296600
297600
300800
294300
294000
294900
292800
299400
293900
297000
296000
296100
298400
297900
293600
297000
303400
299500
294700
301200
301800
297600
300600
297500
297800
299700
300200
299600
295900
297700
299500
294200
310600
298500
307600
296300
299500
334600
309400
304700
301100
316800
294700
299500
298200
319100
305800
302100
295900
310300
295200
310400
300500
295500
303400
312700
303300
307200
293900
302000
308800
302400
312800
304400
296500
297000
301200
297500
295200
297500
311900
298300
293600
297000
294000
297800
297600
298800
298300
295100
295000
298300
297700
295500
300200
295400
296300
299700
299800
295000
305900
299200
305100
297400
297800
297300
298200
296500
295600
295000
295200
300400
294500
295300
298600
295200
301100
295300
295600
294200
295200
296400
295400
294800
299100
295600
293100
299100
298600
296300
299000
293300
296100
298400
295100
292800
295000
296100
297300
294900
293500
298300
300200
295500
296800
296000
299600
294400
293800
296100
299200
298000
303900
295300
299300
297000
301000
297700
297500
296800
297000
301500
300800
304700
296100
300000
295600
297700
296900
296800
299800
295200
295800
303400
293800
297800
293900
301100
299400
300700
295600
301500
295500
300100
296000
297400
295000
296100
293800
297000
303500
297200
299100
296200
293300
295600
297500
293800
302700
299000
318700
312400
321000
404600
416900
425800
421400
399200
427700
421400
467200
447600
471000
462000
451800
442400
448600
461700
463100
445300
457900
402700
417500
437900
417000
458500
461000
443700
463000
455900
471000
463800
427700
398900
401400
401200
403300
402700
400700
401300
399200
403600
402800
402900
401200
399900
411700
401600
402600
404500
399600
403800
400500
400500
400500
396800
400300
399500
399600
403300
413800
401700
401200
413400
415100
403300
399900
403300
399900
402200
400400
400200
396000
402600
401300
401400
400200
399900
402600
304100
300300
294700
298400
295500
297600
295500
296800
295400
294400
316800
299300
294200
299500
295800
297700
294900
295000
299100
295900
295100
295500
294000
301200
309300
305800
303800
293800
300400
295600
301100
295300
299700
295300
296800
298800
300300
293100
298800
294500
300200
298600
293900
305100
310300
299700
296400
298500
297500
298400
296600
303200
300600
299600
294600
307300
297400
301100
299600
302800
300200
296900
298100
359100
300900
296200
302200
296600
296600
298200
298200
297700
295000
294900
299800
297600
298400
293700
297800
299900
294400
296800
301700
299300
294400
303900
293800
317700
305100
297000
299600
298200
298900
296300
300600
300200
294600
298000
293800
300300
293000
852600
498500
298700
299100
295100
298200
295200
301100
301900
295400
300900
298600
298300
297100
298100
298700
312700
295200
298600
295500
295000
296500
293800
296700
297700
295700
301100
294100
294300
296400
298600
293300
298700
299000
295200
299100
297300
301300
296300
298500
296500
299600
296100
296500
297600
300200
303000
297600
298200
294700
301100
299100
297900
296000
320000
299000
299200
298200
303300
298200
297600
297200
293300
296800
296100
300200
300400
300500
294300
299500
296900
298300
295300
294700
323600
351800
304400
298900
328800
298100
306300
298300
299700
303000
293800
293200
304500
296300
297800
338200
301300
294200
297900
315100
296700
294500
314700
305200
294500
299400
302600
295600
303000
307500
295900
301100
330500
293800
308100
295800
320800
312000
298500
309400
335100
310600
305100
295700
309100
322500
305700
296100
296300
297800
298500
297000
294400
300400
293800
295600
306800
294700
297300
294700
296900
299200
296300
297800
295800
296300
298700
296500
292800
295900
296800
298500
295900
293300
294900
295800
316800
317500
331100
309300
320300
325700
331600
295600
296800
324100
298900
299300
300500
306900
313100
315300
298000
306300
332100
314100
334900
310800
325800
329800
300300
328900
308300
301900
319600
325100
321700
295300
320900
318700
318300
323600
304500
320300
308300
329200
315400
337100
298800
331400
306000
345700
322800
313500
308000
298400
323200
299100
327400
329100
320200
297000
329100
302100
317600
321400
315800
348400
319300
296600
308600
309400
323600
325700
298500
295900
306600
302700
318300
302300
295400
313100
296300
299900
318300
305100
301200
303200
318600
298500
297900
298400
306700
302700
313500
297500
296300
293000
300200
328600
310400
301400
300100
332500
299000
299200
304200
300200
296800
322500
308500
295600
294200
299800
294100
297400
295500
299300
295500
300700
296200
305600
294600
297500
298300
299900
298300
293800
299300
298900
299800
294200
295000
295100
299200
300500
293100
297600
300700
295400
294400
297100
294900
295800
297400
296800
294200
296500
298100
294000
292600
297100
299200
296000
297700
295300
294200
297100
294200
295400
295200
299700
295700
298200
294800
298600
295500
293800
298500
298900
296700
296700
296600
297800
300400
297700
295000
296000
298400
299900
298200
297000
298000
295600
311700
298400
301000
295400
295200
318000
300900
296900
294600
294200
309400
303800
296000
294300
319500
317300
333200
320700
347700
299500
295500
320100
296700
296100
299000
305600
295300
299400
297100
318400
310500
298400
311500
303900
293900
315400
336500
319400
294600
294900
303200
301600
322000
344700
334200
368200
363700
347700
983600
682800
708200
301900
295600
315700
1066000
300000
308000
300300
301800
297400
295300
294800
300500
296200
295100
295800
297700
300500
296400
294200
397100
396200
400200
399800
417100
404100
403800
402400
408500
399500
396500
399700
396500
398400
400700
396600
404000
428200
440400
471800
407900
402800
409400
402900
402200
396500
395700
400200
398100
396100
411700
400100
404300
423100
426800
403800
456800
459300
407500
399200
404800
439400
433500
415900
441600
403200
398900
415100
401600
405000
402600
400200
399700
311600
297500
294100
299000
301900
295200
319500
305000
297200
296500
325600
342300
384400
325000
309000
322300
302500
294900
306200
302600
297200
297300
341200
333300
302800
307700
322900
342300
344600
381000
298800
320500
329500
298200
293300
304900
299300
299700
298400
298300
296200
296300
294700
297400
293700
297100
297500
296500
339000
297800
296300
295200
297800
296000
293500
296600
299400
298700
300100
300000
297700
299000
299400
295600
295600
295400
295900
303200
297800
298700
298000
297400
295500
295400
295100
638400
517600
604200
611000
398300
409200
399400
405400
400700
400300
398900
397600
400700
395600
396200
410000
417100
436500
414500
396100
440700
411400
395900
400100
399700
395900
399500
398800
398600
400100
412800
396400
399100
405600
403500
299100
301000
307500
298500
298600
326800
298100
308000
298300
310900
325200
330800
305800
322100
307100
326700
345600
296200
297000
304100
298100
306800
300500
297500
295300
318200
307400
292900
303000
317100
294900
293500
303700
295000
302600
297500
327900
307800
300500
312600
310500
323300
295800
297300
297600
298900
298400
298400
300700
295100
301000
296600
298100
293700
296600
301300
306400
298700
297000
303900
300600
297800
295100
296500
295400
298900
299700
303700
298600
294000
299200
296800
297400
300400
294600
297000
300100
295900
294600
319100
300700
293400
295100
294800
299000
297700
293700
293100
294100
298600
296800
295700
299000
295000
297900
300600
293600
294100
302400
299300
298600
298000
367600
356300
329900
354400
364500
369500
366700
343700
317200
496500
449200
465400
440200
479600
434200
439300
409500
418400
399800
402800
299600
315100
305200
360200
298500
299100
358200
301900
296800
304000
301100
327100
296700
298300
295100
298900
304300
296600
296600
322700
307700
298900
297100
308400
308700
307400
305900
300600
292500
300400
299100
296500
297600
295800
299300
296800
299000
295000
297300
295000
295200
297800
298800
294600
293300
294700
298400
299200
299500
298200
294800
295300
302200
299700
297900
294500
295100
295200
299200
297700
300100
296900
324400
295100
293600
293600
293700
300200
295200
295700
295900
296500
299500
295700
293400
295900
294700
296100
297900
1517100
297200
298900
295500
300300
298800
300700
300500
296600
301400
298400
299800
298200
298200
292600
297700
320800
297500
298400
292900
296900
295900
296700
298000
295900
292500
298700
296100
295300
293500
298800
298600
299300
296100
295100
298700
295700
297300
295000
311600
297800
293900
297800
298000
304000
299600
294200
297300
296600
295900
298700
299600
294600
294100
299300
296900
299100
297900
299800
306900
328000
296400
294900
296500
296700
297000
293000
295800
298300
299200
293200
298700
292900
298500
297700
297100
296300
294300
297900
297100
296200
295000
310400
295500
306300
300500
299700
299000
316800
300800
294900
297000
317500
298100
300400
297300
326600
302300
297600
299700
311700
295800
303000
297300
314000
298500
299300
335500
294200
296200
299000
307500
300100
294000
309400
303800
299100
319800
308100
300700
308900
315200
297000
314100
316800
301000
296500
298400
298600
298300
300200
296000
301500
294500
297700
295500
309400
293600
295500
297400
297000
293500
292700
298500
295600
297100
293700
296100
297200
297700
295400
293000
295300
303400
295400
299400
309400
298800
298300
296400
298900
298800
297000
298600
295500
297600
294000
296200
294800
294500
294800
307800
298900
301900
299300
312300
297900
297000
302800
300000
296700
299100
297800
296300
296500
296400
296600
296800
301600
302900
297300
296900
297000
297100
296900
299200
312200
297400
296300
296300
296500
295900
326900
310500
297600
310700
319900
300200
294500
294600
305500
303400
295900
297700
296200
300700
294100
334700
298400
307700
294900
300400
305700
300400
328600
301900
295900
311800
301500
300400
293800
296700
297500
297100
297600
295700
298000
298100
295100
297800
299900
301200
314000
360700
340700
297400
347900
320800
332700
365700
357700
351800
341900
371800
368200
357100
360700
362500
366300
367100
363100
298600
333800
344400
364400
359900
370700
361500
359200
382400
380600
369700
365200
318100
299300
296800
294900
295100
298800
306100
298000
294700
294900
296000
299600
298100
298600
305800
295300
299700
295500
300900
310600
301500
297800
296300
299300
297500
299000
298900
296600
294900
297900
296400
298300
301700
299600
297100
296900
295200
295000
297000
295700
294900
294000
299900
296400
297100
293800
294700
293800
294600
300200
295800
297400
298600
298300
313800
309600
313400
312100
306500
304700
296500
387100
401100
299400
299000
302600
292900
298400
294800
296100
301000
295200
295000
297000
303000
298000
294400
296800
297600
296100
309600
294200
298500
374700
309400
308200
298000
309300
292900
306500
308000
299200
297900
316100
298400
369500
307400
306900
310500
333600
305700
306000
293500
308700
308600
295900
298900
293200
301600
293700
295500
306900
303800
294800
296500
297900
292500
300500
296000
299100
298800
299700
300300
300000
298800
296300
298700
295200
334300
294700
296800
312500
297000
302200
300900
294800
299400
295500
298200
299100
295500
299300
297200
299000
297700
298000
297100
329100
295900
298600
295700
298200
301400
302300
301600
297000
301200
293700
300600
298700
299500
298900
293800
297100
292600
301500
298200
294200
298200
294200
300200
296600
307600
297900
300100
299700
297100
299300
296900
297000
293800
295700
299400
300600
303300
304300
297900
296300
299900
299100
301000
331800
384400
379500
376000
296000
302100
298700
298100
296600
302400
300700
297200
308800
296900
296500
295300
296700
293700
307200
296900
299500
300800
299100
296600
295200
299400
294900
298000
294100
299100
297600
298500
300900
294600
299300
299200
296000
337400
297200
297600
305600
301000
297700
301100
304000
298300
296800
298100
294800
301600
295500
298600
294800
301000
298500
299200
297500
301500
300200
297500
300100
295700
296800
298800
294800
294200
294600
298000
298000
309200
308200
297200
294600
292800
297900
295700
298900
293800
294800
301800
298200
298200
297700
295200
297000
298400
298100
296400
302300
304600
299500
301700
293900
297500
297500
298600
300700
296800
294700
293500
298000
298000
296600
294700
295400
297600
316400
297700
302100
296000
299000
294300
298600
294300
299100
296600
299100
298500
297200
294800
302900
294300
293500
299500
298000
323700
305000
298700
293600
294600
323100
298800
297400
297700
293100
299800
294300
299600
293700
298900
297600
296000
297200
299900
299500
302100
299100
296600
298600
296900
296000
294400
298400
296200
298000
295800
294500
296000
297100
298400
298100
297300
299800
292800
308000
298000
343200
295500
303700
299700
297000
298000
299300
298500
294600
299600
297400
293800
297600
295500
299300
297200
300200
298500
310800
304300
296300
302400
299300
296500
301200
300200
297000
298500
295800
296900
302000
294200
295800
306700
293700
298300
295900
300300
293400
298000
299400
295200
297200
295300
298500
300500
301000
303800
294800
299100
297700
296300
297200
299000
301300
319000
298300
295600
321700
294400
299500
297200
297100
299700
296800
298300
296400
297500
298400
293800
301300
296400
302200
295700
297900
298100
295800
293400
296000
297600
302500
297100
297000
295500
299900
300400
297300
297900
296500
296100
309300
298200
298100
293900
298600
324800
298900
298000
297900
298800
294400
294300
300700
293800
298200
292800
304200
300400
301400
302200
295500
299600
298000
297600
295600
301600
297400
299400
294700
295300
294700
298200
297500
298400
298200
298800
298100
298100
296400
301900
297800
307300
295700
302200
298200
300700
292900
297000
299500
300200
296000
299300
296800
294200
298200
300600
299000
295400
300800
295200
301100
306400
297700
296300
294300
293600
297300
293500
294400
296100
294400
298000
294600
334500
299500
299700
295900
301000
298000
320200
325700
297900
300700
295200
299800
295100
297100
296300
295000
298000
297400
353900
301800
298300
299900
296400
299900
299600
303100
293800
299000
296400
297400
301600
299500
296700
294500
295100
297600
295600
295500
299400
299000
296300
300600
295000
298500
301800
301600
301100
298700
296400
297100
297100
296600
298100
298200
295300
293500
292700
301800
292800
299800
298100
296700
295000
328200
314900
305000
299500
301700
296800
301800
305900
297800
300100
305000
338600
319100
294100
299900
325700
299400
299700
299700
496600
479400
308100
293500
296900
296100
295900
299100
295500
299100
338500
304300
296200
315800
298900
294100
302300
294400
309800
295700
294100
295500
297800
295500
297900
295200
301000
295600
301400
294000
299200
293400
314000
305300
295500
297600
296100
317500
299800
299200
295500
296300
339200
326300
317300
298600
295700
310800
294300
294800
296600
296600
294300
295500
298200
301000
323400
296800
337300
312800
297600
300200
294100
300000
299400
297200
299500
301000
294100
297400
299500
299800
293700
296300
303500
297000
295000
295900
298800
295400
294500
297100
299200
300200
296700
296800
295400
296300
300300
303500
300800
300400
297000
296600
299100
299500
301000
293200
300600
299000
296900
298800
296000
299000
298500
300200
300400
296800
299600
301400
298000
301900
293600
296000
302200
299500
296700
295100
299600
299500
298700
294200
298200
297000
295200
294000
300500
295800
296000
297900
293500
300600
296800
297000
303300
301600
298100
300700
295400
294100
301700
296300
296700
295800
294700
299400
297400
295000
296600
295800
293800
298400
333500
298700
297900
301600
293400
300600
299200
294900
299900
294800
300200
295500
299500
302500
300500
300000
295500
295200
294600
294600
294500
293300
301300
294800
296100
296900
297700
299000
296000
297600
295500
295800
295500
294300
293900
321400
297100
298300
296800
293700
295400
294200
298200
295900
298300
297100
293800
294700
299200
297000
295400
293600
293900
296700
316300
299000
293500
294900
397900
400900
414500
396200
400000
401700
402500
402600
400800
399300
298400
294500
300600
297000
297200
297600
298100
295900
299400
303200
298800
305100
296700
300400
295500
296500
335600
296500
297800
298200
295900
300900
321200
296400
298100
296200
300600
314100
323400
300300
295100
297900
300300
341500
351800
332100
298200
352800
297000
299600
294900
317800
321000
364100
300200
301400
297200
339900
297200
306400
298800
306400
297100
333600
300900
296900
301000
297800
314700
308000
299800
298100
295000
336500
294400
329300
306100
329100
304200
300200
303200
293800
314500
299100
294500
297700
299200
298400
294100
311100
298600
297400
294700
307100
300900
301500
299500
297700
299800
299500
307500
293400
297700
297300
298600
303400
298900
303100
298800
295600
298700
293400
313700
296700
296500
297700
300800
300600
298000
303000
295600
300400
294100
298900
298100
299600
298300
295000
301000
293500
299700
299800
298800
302300
297200
298000
298000
295700
297800
295500
298600
295000
296300
298800
295900
296400
295800
295600
294600
297300
297100
314800
300200
313700
308200
333300
296900
306900
301400
316000
300200
297200
308000
300200
299800
296500
320100
297000
295600
300400
304300
299200
296800
320400
300400
294700
308700
298900
295700
295800
321200
299400
296800
305600
1605800
353200
310700
341600
310700
293900
294700
296500
334300
293600
308300
301600
295200
297800
298100
296000
293600
297300
295400
297000
298400
294700
294100
296200
295800
294700
299200
298100
300500
296400
296500
294500
297500
299400
295800
297200
296700
298500
296600
294000
295800
297500
296500
299100
294700
296400
295900
297400
297700
298200
299400
302100
300200
297500
297700
302000
295700
299700
299000
299800
326900
294700
300300
297700
298000
294100
299500
298800
296900
293400
293500
300500
301200
295400
295800
298100
299200
299100
293100
296300
327400
298500
296600
312400
301300
298300
297300
297700
311400
302300
296300
296000
306300
303100
300300
300600
298400
303200
295600
300600
313600
299200
298600
303500
325400
296000
301400
321300
295800
317100
308600
313000
294000
297000
294100
299000
294500
299100
295100
301800
298100
298100
299600
293400
297100
298200
301800
297900
299300
295000
298500
298400
296900
297800
306100
314500
298300
297500
295600
301100
296900
297500
298300
297800
296600
305000
299100
299700
297200
297100
295800
295800
307900
296300
296300
295700
307200
298700
293600
299700
295500
298500
301200
297100
297900
297600
299800
294500
300700
304800
297100
295400
299600
296700
299000
307500
295700
300000
303900
295700
297200
296100
296300
295800
298600
297800
300700
301900
297000
295800
295000
299000
297100
316600
297900
298800
296200
297900
303000
294200
300000
293800
300100
299800
304200
301200
295900
350300
329100
296800
360300
319200
336800
330000
357500
359000
385700
383700
348900
361500
381300
381000
352100
356900
326700
377000
375600
374400
404100
359100
386400
366900
352800
384400
925100
342100
336100
333500
323600
315600
311700
337300
314200
313500
310300
384300
328800
338300
324100
321200
338100
321100
311300
328100
316000
299200
1169500
500300
1210200
304200
360500
307600
333600
314700
311000
317000
302900
308500
309900
320300
318500
326000
440400
295800
305400
293900
297200
299700
302600
301100
307800
298400
299400
301500
298200
302700
295400
299300
296300
299600
293900
300200
306400
334100
301600
297800
298700
296100
353900
400300
353600
347500
330900
317300
301000
301000
293600
296100
299300
296000
295100
296500
295800
300100
296800
295800
299400
299600
306200
297400
299200
294200
295600
293400
300200
297100
294000
296900
298900
296800
302700
304900
294700
298800
296200
297500
297900
294400
315600
304900
299500
295600
299400
295900
297500
298500
295200
301600
297000
300700
295500
298900
296800
304100
293700
307400
299000
297300
295100
299900
296200
299500
294200
299700
294800
301700
298100
297100
299200
294600
298600
298400
295300
294000
296500
325900
295600
301200
308200
316900
316400
304400
306900
320400
322700
316300
301700
302000
295200
301000
297200
298300
293400
301000
296600
299200
295800
299900
296400
300900
297000
300500
299200
300500
300100
300100
306100
293100
299700
317200
297200
305000
393900
295200
305600
302900
297300
602400
614300
601000
565000
574400
579400
296900
296600
297200
310400
306700
294600
303700
301900
302200
321500
303100
296300
300500
294200
298400
319000
297000
298300
308100
294800
304200
294800
297300
299400
325600
296600
298900
293900
324200
298700
396300
299200
297200
297500
307800
299400
298200
293800
296200
302100
305800
298400
306900
301300
297200
296800
297800
295900
294700
295800
298400
304100
294400
295900
298200
295500
295900
293900
295700
304500
299700
401800
430700
451000
411400
450000
441700
437700
459100
423800
425900
441300
454400
434500
422700
446700
445100
441700
403100
398600
401600
399600
396500
396200
429200
405200
402400
396400
402600
400100
401500
396600
399000
419500
408800
400200
402300
400200
399100
398800
402300
331100
315300
295000
301600
295400
298700
297600
297300
301100
300500
335900
300900
319100
299900
298700
308300
303300
315700
298000
301700
299700
295800
303100
302800
300000
301600
304000
309900
303500
324400
301200
296300
321000
322600
301100
323700
303400
296600
311600
302500
304500
315000
295000
296000
301600
297400
296500
309300
301500
294300
304000
301500
293500
311300
299200
299900
301500
300600
302100
297500
303400
293700
297300
319300
295300
299700
310000
294500
297800
298400
294600
296100
300300
297300
301800
293400
296700
295900
300300
301200
297700
298800
300200
299600
296800
305200
299000
292900
298700
298800
298200
299300
297000
297100
294700
296900
295600
294700
300300
294900
295800
297800
296700
298000
294100
300900
298900
298200
294100
299900
301000
297800
299400
300800
294100
300100
295800
302100
303300
301400
333500
295800
299100
294700
300200
294600
295100
293600
299000
299500
299800
295700
298800
325700
295500
295200
301000
298800
300500
295000
297800
305800
297300
298900
296900
298900
299000
319200
296200
301500
321200
296900
300300
302000
292900
328300
304200
303700
301500
299900
295600
302400
294800
294100
320100
303400
292900
304300
304200
311800
296900
294500
296500
298400
294300
311500
300200
297900
305000
304200
296700
300200
301100
300900
312200
319200
332200
307300
315600
303800
294200
307100
344600
297400
297800
319800
295100
334600
298700
306600
316700
321700
297900
297200
316500
294600
300900
295700
331300
307000
321000
330600
301000
294700
299200
300700
299700
298800
294900
298400
296900
295000
293300
296000
327300
312000
310200
319700
305200
296300
300000
295600
306400
298500
305000
295100
301900
299800
300400
301900
298500
292600
297800
295600
298000
298600
298800
301100
343700
298000
300400
294800
301500
298600
299800
299500
299700
298100
299300
312800
303000
299700
294900
298500
296600
304500
294400
297700
296800
295900
297900
294000
302500
295200
300900
296900
299700
298500
300700
293400
301700
297200
301700
295600
310300
294200
311300
294100
310200
302900
299300
296200
293000
322000
297800
293500
299000
305800
300200
315400
297300
301900
298000
385200
297600
293900
309300
303500
305500
319800
297600
298000
307800
309800
298800
296800
303400
302400
298900
299100
301100
297000
324900
298200
311500
302900
311800
294600
300000
294000
294600
296900
296200
296300
297800
297100
296900
298900
298200
300600
303300
301500
303500
295300
297500
298700
296500
298300
296400
298800
299800
296900
292900
297000
301500
298000
295800
293200
298300
296900
296000
297400
316000
300400
305300
298400
295300
297600
297100
296800
295900
300100
295900
296300
299400
298500
298200
296100
295600
307500
298300
298100
292600
294100
777700
754400
748100
871700
2391900
980000
2262500
713600
1208900
407900
404700
407300
404600
406500
396900
405500
444100
407400
413700
296900
306600
306800
311100
303700
299700
299700
308900
295800
305100
296900
335900
304200
303700
297200
318800
294500
296500
302700
314700
295100
309000
305600
315400
299100
308000
299700
333600
296400
304900
299000
294300
299300
308300
297700
321600
294600
300100
311300
299200
325200
295400
295400
299500
298400
292800
294600
300100
299800
298200
298400
293800
295800
298600
304800
298700
327100
295900
298100
301400
297100
298800
297900
295900
294600
300600
298400
296200
298300
297600
295000
298000
297000
298000
298800
293300
307200
294400
298200
295700
298200
297600
296700
296400
298900
296300
299300
293000
300600
294600
294600
293900
296300
296100
295200
296100
294900
299400
297400
295300
296200
300200
297500
296900
293500
299200
301000
292700
293800
296400
301500
297400
296400
307900
300300
314000
296900
299300
299500
297200
298200
300300
300300
297800
300100
299200
300900
297000
297300
310500
298500
300500
302300
293300
298700
310100
297000
298900
316500
297200
295600
327400
303800
308900
299100
314400
294200
311900
307400
477300
319900
308200
305600
351900
312400
305100
308600
305600
302800
338100
300000
297300
298900
343200
331500
299700
297800
311300
296200
293500
301200
296500
297700
296500
293600
294200
297400
294000
297300
295400
300600
296400
302600
296300
299600
295800
297100
295600
298000
301500
297100
294400
297000
298600
293500
294300
294200
299700
297400
294700
295000
295800
297400
293600
295000
294000
297200
294000
293000
293300
297000
295500
299900
292900
298300
302600
296700
294300
298900
296500
297500
293800
295000
300800
301300
295400
296000
299500
296900
294500
298000
294200
297400
295400
298100
302800
297500
299600
296200
296700
300300
302300
297500
294600
296500
295600
299600
297000
294100
297100
296300
296200
294600
298400
306300
298700
296800
294300
296900
295200
296200
295600
298100
295900
299700
296700
293600
295500
299300
298400
299800
295400
301400
297200
297600
298000
298600
300800
298500
293000
298100
297300
298300
297300
299100
294700
300700
294700
310600
328700
321100
300400
296700
299300
299000
309800
299100
293900
296500
298300
300300
295100
295800
294900
295600
296700
296200
298400
297000
301200
303000
296000
294800
300600
294000
294700
302900
296700
318800
298900
293800
294500
297200
296900
295100
295300
296100
296800
294700
299100
295500
298700
293800
296400
295500
298600
303300
297600
298200
293800
297200
297800
1494500
300300
296500
298500
296500
292800
296900
294700
296400
295400
296000
295000
297200
311500
295700
299400
298500
299200
298600
300800
296300
297800
297900
297000
299300
298700
299200
294000
298000
296200
295500
298000
321300
297700
295500
298800
292600
298400
298000
298400
295300
303200
296100
293300
295400
295400
296600
296900
295800
298200
298500
296600
297900
294700
299600
296100
296200
296800
294400
296900
297500
293000
295100
297600
300400
295600
294200
293600
297000
300000
299200
295300
296500
298400
297400
295300
313600
300600
296000
311100
308500
304600
302000
325800
306500
305800
302800
297500
305200
296600
303800
301400
310400
293900
305800
299100
306400
297200
295500
316000
318200
295700
300400
299400
310700
296100
299400
311600
306700
294600
294500
318000
297800
304300
335300
297200
302900
300300
308100
306500
299500
297400
296800
296000
299300
294000
293000
300200
299900
300100
298500
295200
293700
310000
295800
293300
294100
300000
294800
296900
297600
298100
300500
294400
295700
302800
296300
295100
295500
322100
310800
298800
305800
317400
314000
298700
345700
350800
359600
324100
382100
362000
380600
368600
363500
372300
324800
320500
297700
371700
329700
385100
374000
361500
351200
371000
365800
360600
376900
349100
344200
299800
301700
298000
302100
299500
298400
298900
297300
310900
297300
299200
295000
300100
294500
302400
298000
298400
296300
295500
297100
298800
296200
300400
296300
295200
297000
297700
315400
293400
330400
297100
299000
298400
294600
296500
297100
296700
322800
302100
298300
298100
327100
298500
304800
304200
325800
298700
299800
302100
314300
298800
298200
295100
315700
295700
298000
325400
300400
295200
301700
314100
301900
296400
327700
307800
300400
327000
300900
314500
318000
318500
303100
312000
312700
293400
309000
339800
318800
332500
395500
353000
343300
368600
385400
340000
391300
367400
342600
320000
355000
335300
367500
371800
378700
384400
361200
317900
306400
301400
301100
312400
317100
316300
314100
297800
328200
313900
297100
323500
328400
332000
318200
317700
305500
324600
321200
333700
308200
317100
333600
330100
315000
299400
293500
302200
296300
298100
300100
297300
302000
295500
298700
297200
293400
294600
293100
315000
296900
298800
298600
294400
297100
293200
297600
296200
295000
298400
295700
293500
299500
297100
300000
298500
298600
293900
296600
353000
336700
336800
298900
347500
307400
318500
308300
312600
311400
304400
302200
322100
296000
296400
296000
296600
298700
296000
295400
303200
296300
305700
302700
306600
297300
304100
297900
300300
343700
295100
320200
298100
320100
301400
305100
299200
336700
300600
303300
302400
325500
298200
303800
303700
310600
305300
298900
331200
307200
307400
304800
309500
297900
312400
297500
298000
297400
295500
292900
296600
294700
297500
300000
293900
298100
294800
301100
297500
300100
298200
301100
351400
366900
304300
353000
348300
372600
359700
332000
328100
344100
354000
367300
372700
360600
344400
358000
346600
351700
365500
407700
298600
345600
393300
372800
344100
358400
298400
293600
301600
297900
305900
294200
297900
298900
300200
294900
301300
295700
326100
295200
299300
294800
301500
298900
297600
298000
300300
293700
306000
294300
300200
295100
301500
294600
293900
299000
294500
297800
298400
303000
293300
297300
311700
297700
299200
301800
323000
298400
308300
294700
318900
302400
304800
313000
299000
295600
313400
316600
298100
301100
307500
318200
306000
295500
302700
319000
294400
304300
308200
312100
301100
301000
299400
318000
359500
305400
299500
305200
303300
304900
295000
296300
297800
298700
295900
301300
302300
299000
298000
299300
300300
297900
301100
317000
300200
296700
297900
298200
298400
299200
295800
294700
296200
296300
302100
295800
294700
299500
297300
322700
295400
298100
328100
303100
298900
296800
297100
298700
296100
293700
297800
293400
300500
296900
298400
297100
301200
325000
293400
297900
295600
308600
297100
298100
293900
296800
298000
293800
297900
298900
293600
299800
293200
300200
295300
298700
298300
297100
298900
297600
318800
297600
294100
301100
296800
304400
301300
296900
301100
295500
299500
299900
301900
296100
296000
299400
304700
386100
382200
404500
318300
301200
299100
335900
309900
303200
299700
307900
296000
319900
307000
294700
304400
296800
295900
295300
306000
334700
301900
307800
297300
311100
297300
296000
294600
310200
296700
296000
295500
389100
339400
373100
303800
303300
306800
297900
301400
299500
297800
300600
294500
298000
293000
302400
298100
298200
300600
297400
298600
300000
298600
300600
301200
300500
331300
299000
298100
295800
298500
296700
296300
309600
303200
293900
298800
297200
294900
303300
293700
298900
295500
297500
301300
295400
293700
295300
293500
299100
299700
294000
300700
295900
302000
300000
297000
296300
300700
297800
295400
301400
296200
298100
300300
297700
299300
296400
294200
296300
298100
297800
298800
297300
294600
300300
297200
297300
299300
294800
296500
294700
297900
297700
298900
296000
294300
298000
295200
295400
297300
294500
295900
293400
297400
300900
293900
296300
298100
293300
298300
294200
298600
293600
300900
299200
293200
293900
297100
298000
298800
293800
294700
299000
296600
296700
297600
296600
297300
296000
296800
294000
296900
294800
303400
298800
298800
294800
296700
301100
296800
296100
293600
298400
300000
297800
296700
293500
297900
306200
298900
312000
297500
296700
296900
298900
294600
297300
299400
298700
299100
295300
294800
294900
294800
300500
294900
294200
