3076800
3042900
3024600
3055200
3070400
3077900
3079600
3069300
3071200
3082200
3104800
3036500
3039300
3111200
3204600
3154100
3074600
3174100
3081400
3086500
3085800
3073900
3065400
3022400
3042700
3054800
3074100
3103200
3044200
3049600
3073200
3073400
3085200
3039800
3095100
3027000
3075000
3055500
3052200
3044800
3043300
3072000
3050400
3080700
3383300
3048700
3028900
3063000
3060800
3045000
3080700
3053600
3083500
3082300
3693600
3593400
3621300
3638800
3383300
3174700
3276800
3155500
3051400
3118000
3079600
3043400
3058700
3080800
3045200
3066600
3062100
3054700
3156200
3070300
3064000
3045400
3128600
3069600
3056600
3055600
3161400
3065400
3066600
3224000
3257300
3148100
3079300
3069400
3102500
3062600
3142300
3074800
3071100
3053300
3046200
3080600
3069700
3599000
3055000
3136700
3064300
3075600
3054400
3121700
3076100
3042800
3059400
3048400
3079500
3384500
3109500
3641300
3052900
3058300
3043700
3083600
3054300
3075700
3083900
3082800
3087500
3040200
3055200
3028900
3053000
3065400
3596900
3155700
3083100
3041500
3025600
3079700
3069000
3080800
3042100
3046000
3045300
3082500
3042500
3054500
3025100
3038600
3023800
3039200
3028700
3038700
3070700
3063100
3061300
3044300
3039200
3039300
3026700
3046000
3038000
3061200
3037900
3074200
3076500
3086100
3065200
3029600
3056000
3068500
3209400
3042200
3066800
3055700
3055800
3242400
3059100
3066400
3119500
3096700
3057700
3037200
3050100
3257300
3174600
3181700
3231800
3237700
3328500
3356600
3068000
3104100
3046800
3036000
3060600
3069900
3050900
3058000
3076000
3162000
3048700
3063000
3049100
3114000
3087300
3064400
3060600
3080800
3139700
3036100
3064600
3056600
3508400
3034400
3046900
3058500
3102000
3044200
3019600
3058600
3113800
3092400
3069000
3047000
3059100
3053300
3050300
3044000
3065400
3075500
3024700
3071200
3068800
3678400
3040400
3058900
3036900
3061800
3106800
3035600
3055800
3072400
3072800
3057000
3067100
3052800
3060800
3044900
3038700
3078100
3060300
3028600
3062200
3041700
3080900
3082800
3056300
3063200
3044500
3058300
3024600
3035800
3087200
3048100
3074800
3043600
3091300
3077800
5772700
3560000
3730200
3549900
3608700
3835900
3382400
3048700
3047700
3052800
3052700
3139700
3062400
3042100
3044700
3075700
3041200
3065900
3048200
3049900
3096800
3053200
3029900
3033600
3091800
3048400
3085700
3043500
3066500
3045500
3050000
3078700
3069300
3050900
3039500
3067900
3065300
3253500
3155600
3141100
3056500
3077700
3049800
3023200
3025500
3070100
3061800
3070500
3038000
3501200
3145200
3045500
3073400
3056300
3097300
3059800
3051400
3048800
3070400
3069800
3069000
3045500
3054100
3088200
3035300
3037300
3073200
3088600
3069100
3040200
3054700
3051700
3045100
3057200
3032200
3061600
3068300
3059500
3041400
3030600
3067400
3044200
3685800
3042500
3037100
3138400
3043900
3071400
3039700
3255400
3047300
3060000
3071000
3062100
3064600
3048300
3056900
3054100
3064700
3069800
3034200
3064000
3033500
3070400
3035000
3046800
3071500
3102700
3057400
3035400
3052000
3069300
3044400
3053600
3059400
3076200
3065700
3043400
3084500
3063100
3080200
3026900
3193400
3042300
3096500
3072700
3049100
3067100
3023000
3051200
3025700
3063600
3026800
3057500
3051100
3022600
3060300
3023800
3071100
3024700
3060400
3027300
3043300
3034000
3038300
3058200
3029100
3065700
3029600
3031000
3032600
3068800
3095100
3048300
3472300
3697800
3610800
3593700
3227400
3113600
3107600
3134600
3085400
3062400
3046300
3043800
3060700
3061000
3070700
3060300
3065200
3045300
3093300
3071000
3069900
3061500
3069800
3034300
3059200
3072500
3096700
3085400
3057200
3053700
3079800
3078000
3056700
3055800
3100600
3089500
3062500
3058900
3042300
3049600
3105600
3094700
3180800
3130900
3706000
3079900
3432900
3073400
3053500
3050400
3066500
3100900
3452700
3054400
3061500
3089700
3576200
3534700
3711100
3732700
3036800
3064400
3036300
3105500
3049700
3037600
3044200
3079700
3068200
3068800
3046900
3066800
3043700
3074200
3058600
3072800
3086500
3056400
3140900
3092300
3070800
3063100
3061700
3061900
3085600
3052500
3056200
3034500
3034400
3063300
3050700
3060100
3091200
3139400
3047800
3076700
3065800
3090200
3088200
3068700
3060700
3048700
3043600
3079600
3074400
3082700
3035100
3040400
3073700
3071700
3123700
3216900
3090900
3049800
3084100
3109500
3068500
3062400
3087100
3058700
3045600
3061100
4411500
5782700
3886500
3572500
3738500
3828100
3084800
3079700
3049200
3059200
3030500
3049500
3066100
3039700
3071800
3038600
3068400
3040100
3077100
3040600
3107200
3023200
3079500
3053800
3218100
3070400
3062200
3034200
3315900
3196900
3095500
3059300
3071300
3064200
3080000
3056800
3041500
3197800
3031300
3631200
3045400
3098300
3038000
3065500
3059500
3064100
3050900
3038500
3043400
3046100
3044500
3075600
3072500
3053900
3075300
3072400
3040400
3068800
3076300
3065700
3052600
3077500
3092800
3055600
3066400
3145300
3070200
3056500
3049600
3040600
3066000
3114600
3089400
3047900
3061600
3081800
3213500
3082300
3070100
3054700
3047000
3031500
3038500
3041700
3047100
3072100
3061500
3047000
3099200
3056400
3042600
3042500
3033800
3083600
3046400
3052300
3041700
3078000
3040800
3045900
3066500
3070000
3054700
3029400
3038200
3068700
3088500
3047900
3047000
3063700
3056100
3044700
3047500
3074000
3085000
3036400
3071300
3056300
3091400
3049200
3047600
3054800
3077300
3066400
3070100
3049200
3065500
3069400
3071200
3073500
3093200
3045700
3057200
3065100
3059400
3060400
3073100
3062400
3065100
3109800
3046200
3030700
3064400
3045200
3050300
3038000
3037400
3069200
3074200
3068100
3060800
3056300
3067500
3064600
3068600
3032400
3706900
3049400
3054900
3031300
3057900
3037400
3027900
3065800
3076600
3075500
3034500
3336300
3082300
3036200
3067900
3072800
3083600
3124000
3053000
3061600
3067800
3087900
3069700
3061500
3068100
3110200
3074500
3067100
3190400
3060900
3635600
3139100
3072100
3089400
3065100
3061300
3060500
3054800
3063700
3441000
3049100
3080100
3098800
3064200
3060300
3058100
3082800
3048800
3052600
3190600
3074000
3060100
3033600
3630500
3556800
3670000
3698100
3298300
3079500
3075500
3041500
3029000
3068300
3084200
3086600
3118000
3222800
3258100
3092400
3042000
3068400
3061900
3052400
3038200
3068000
3055700
3020500
3062900
3042700
3060700
3064600
3055100
3048300
3047900
3081400
3037500
3073300
3047600
3063100
3035500
3044200
3066900
3075500
3109300
3027600
3052200
3085600
3113900
3214700
3107800
3149700
3079000
3046300
3338600
3104700
3364400
3027400
3076500
3039800
3036200
3044400
3048000
3034300
3044900
3195400
3036500
3928200
3092400
3328900
3382400
3871200
3816300
3573700
3736800
3602200
3186000
3215000
3073600
3103500
3068200
3075700
3057800
3061700
3040600
3086000
3074000
3032300
3066700
3069000
3061800
3040500
3039900
3080300
3068800
3041300
3021200
3049000
3101100
3031400
3049500
3081500
3066900
3038000
3070500
3067400
3075200
3076000
3043200
3096900
3102100
3074900
3042100
3038400
3066100
3088500
3067400
3040600
3068500
3091600
3054800
3065100
3019100
3050900
3031200
3061300
3027000
3050400
3082400
3024800
3027800
3057600
3036800
3043800
3066600
3054200
3083500
3068300
3036000
3030800
3035800
3036800
3049700
3068800
3076500
3052700
3066700
3045000
3035100
3070400
3446400
3578300
3676900
3775900
3416000
3070600
3073800
3053200
3060400
3042100
3024800
3034000
3059300
3065700
3075900
3071800
3052200
3076100
3029900
3085300
3046600
3061800
3059000
3040000
3028700
3061200
3045600
3075500
3081500
3050800
3028800
3094100
3238400
3113800
3595000
3069800
3051400
3032300
3032400
3034500
3055000
3025400
3025000
3032700
3043700
3051700
3027300
3033900
3045200
3712800
3062500
3040000
3041700
3075800
3024300
3044600
3059400
3091600
3059700
3059600
3036600
3034400
3045700
3028200
3050500
3034900
3108000
3047200
3056500
3056300
3066500
3049300
3044200
3031800
3060100
3080900
3060600
3032800
3087300
3058900
3059100
3044000
3044400
3053400
3045600
3051000
3071000
3075900
3090800
3055200
3060300
3065800
3166800
3040600
3040800
3040300
3059500
3069500
3030100
3071500
3041700
3087800
3065500
3094400
3071200
3117800
3041700
3031300
3048500
3071700
3054900
3069000
3052300
3056000
3071400
3072700
3072400
3038800
3078300
3025600
3062700
3038500
3122300
3315900
3246400
3064500
3087000
3065100
3029900
3069500
3034800
3033000
3057700
3073700
3044900
3079200
3055200
3074700
3036600
3161600
3031100
3064600
3075500
3083300
3039400
3076900
3080300
3027300
3123700
3156000
3846700
4113200
4108100
4140700
4089900
3065200
3101500
3042500
3030100
3062400
3079500
3038800
3062700
3048800
3066500
3071700
3039800
3053500
3034400
3093900
3059700
3078900
3072400
3082800
3055300
3063100
3062600
3044500
3042500
3033200
3033900
3066900
3123900
3119800
3030000
3055100
3064400
3027400
3055700
3029500
3052200
3258300
3299500
3723900
3817100
3516600
3790200
3768800
3633400
3086300
3039200
3086300
3052900
3033900
3054100
3137500
3060900
3051900
3045400
3088100
3074700
3048300
3188000
3064400
3085500
3034200
3068900
3080600
3080100
3070000
3039200
3032000
3105500
3056200
3038600
3045700
3087000
3062300
3045100
3086800
3215600
3071900
3064300
3064000
3076500
3055000
3041000
3076800
3056500
3060000
3063000
3051600
3054900
3108200
3079100
3035500
3057700
3063900
3062800
3051900
3030900
3066900
3084800
3070100
3078000
3059400
3021700
3054300
3059500
3054200
3063500
3039900
3041800
3027100
3052800
3065600
3071600
3603700
3034300
3042100
3063600
3043200
3061200
3032100
3066100
3061200
3071600
3034900
3038800
3067800
3037200
3073900
3030300
3052200
3054100
3070400
3059700
3041500
3069600
3029900
3036200
3068800
3058600
3072200
3067800
3048000
3035300
3079600
3055400
3043900
3049200
3034900
3086400
3048600
3049100
3040900
3042200
3027000
3051300
3062900
3043200
3080700
3041800
3039800
3043800
3093400
3071100
3060000
3048400
3098700
3095800
3032200
3023200
3078000
3041300
3046200
3060200
3029600
3055300
3021700
3061700
3026600
3061500
3073200
3062900
3048400
3066100
3075100
3031900
3058500
3063100
3062200
3051500
3039700
3066300
3081100
3072400
3046700
3055600
3061900
3054800
3056000
3052400
3082500
3057600
3062900
3064900
3059500
3064700
3051700
3063600
3068000
3045200
3056400
3070200
3061600
3057400
3061400
3059700
3061700
3051100
3047900
3063000
3073400
3069500
3121800
3151800
3070200
3044000
3102600
3123700
3079900
3091100
3643400
3039500
3043700
3061900
3027300
3045800
3153700
3101200
3432400
3142700
3093500
3049100
3094000
3042000
3045800
3058800
3063200
3221600
3039500
3043000
3070800
3058100
3060600
3055800
3078700
3071700
3043400
3055900
3028600
3034200
3112400
3067100
3030300
3062400
3139700
3043900
3108200
3112600
3193700
3167900
3116700
3112700
3073800
3139000
3090400
3110200
3093000
3149300
3156500
3086100
3068300
3080600
3061500
3108600
3058900
3058000
3132300
3065700
3048400
3056800
3063400
3065600
3058300
3056500
3063100
3034700
3068600
3038200
3059400
3032000
3061700
3024600
3028400
3057600
3053500
3073200
3059300
3097900
3066400
3067700
3067500
3060200
3071700
3035300
3057800
3060300
3068700
3058600
3286900
3402600
3801400
3779800
3314300
3788300
3764600
3078700
3078200
3053700
3231000
3210800
3075900
3192500
3069500
3290800
3178400
3092900
3063200
3053700
3053900
3056100
3064200
3066600
3036000
3030900
3036200
3061200
3066900
3718600
3059400
3191900
3178200
3040700
3080800
3065900
3082500
3023100
3042300
3067700
3076800
3073900
3037600
3062600
3152800
3224200
3197900
3181700
3217500
3269200
3327600
3355900
3173500
3038900
3061100
3048100
3047800
3054700
3061000
3404400
3448400
3175700
3379700
3247100
3077700
3070000
3053700
3023800
3035700
3057600
3172300
3064300
3091600
3171300
3031800
3079200
3075400
3076300
3067300
3067000
3076900
3086300
3654200
3225900
3057100
3071300
3031400
3036400
3070100
3061200
3084900
3066600
3090000
3034800
3057300
3067500
3061700
3068300
3041600
3077700
3036900
3046500
3035100
3048900
3056100
3028400
3045100
3043600
3030000
3044300
3069500
3054100
3063200
3057500
3057300
3045400
3071300
3077700
3091600
3067200
3057900
3075300
3034700
3069800
3032000
3235200
3075600
3060700
3082400
3089500
3069100
3056300
3080300
3051300
3091800
3048000
3057400
3052700
3074500
3059500
3039600
3056900
3089200
3062400
3067400
3022300
3645500
3069500
3053500
3041600
3057300
3053100
3045900
5124100
4250500
3050500
3065500
3049800
3044200
3030300
3096900
3070000
3045600
3066300
3063500
3104800
3070300
3081700
3073600
3076500
3039900
3072900
3067300
3087700
3063200
3031900
3052100
3075000
3057600
3036500
3072600
3076900
3039100
3113300
3050700
3102200
3037000
3036700
3058400
3054900
3046400
3079800
3042400
3041800
3039600
3038300
3087100
3066400
3096700
3073800
3056300
3382700
5650300
4125000
4102500
4197500
4164900
4087800
4171000
4076500
4078000
4094300
4072400
3049400
3066500
3066200
3043900
3097500
3049200
3066800
3052400
3030100
3024500
3089000
3136200
3088700
3066600
3055800
3045800
3071000
3028500
3092500
3061400
3035600
3040400
3076400
3043000
3053500
3069100
3074400
3040600
3043900
3110000
3054700
3062900
3024400
3053000
3131200
3075900
3035500
3029700
3044800
3163200
3077300
3098900
3137300
3135300
3043800
3029200
3060200
3072400
3141000
3598300
3042400
3060800
3036800
3060200
3278000
3330900
3984500
4072800
3987100
3860200
4007400
4072100
3042100
3075600
3043400
3060800
3064700
3047500
3062000
3092200
3051200
3036500
3056100
3071000
3028300
3063000
3034500
3047600
3063600
3073300
3044900
3036400
3094700
3102400
3095200
3083600
3273000
3076000
3037300
3050200
3084200
3075100
3041300
3046200
3071200
3052700
3051300
3079200
3071600
3089600
3044100
3038600
3029400
3055700
3064400
3049200
3036100
3075900
3040800
3028600
3062000
3055900
3085400
3066100
3054900
3047400
3081400
3072000
3065900
3062100
3123300
3044800
3030900
3030800
3051900
3067800
3051000
3024200
3031600
3065300
3042100
3049500
3039400
3047400
3045900
3023600
3035400
3058300
3062100
3062800
3048200
3028500
3036200
3061600
3047400
3073500
3069600
3059800
3024100
3029700
3059800
3057700
3053900
3042900
3048600
3042000
3094900
3055100
3056100
3067900
3040300
3052600
3076400
3041400
3041900
3082200
3623700
3055600
3063600
3065500
3061700
3057000
3036100
3143200
3053300
3105400
3050600
3063800
3073600
3095900
3498700
3269000
3062000
3046800
3034200
3027500
3030600
3067400
3039500
3075600
3045200
3045700
3033400
3036600
3069500
3054200
3066600
3066800
3043200
3051000
3043800
3065900
3020400
3054400
3064100
3054500
3052400
3056000
3195400
3062100
3049800
3059400
3055700
3132800
3031800
3057000
3056000
3046900
3059000
3068500
3042300
3099400
3165700
3037200
3067200
3078300
3042900
3167900
3031000
3100500
3862000
3922400
3666000
3894800
3854600
3044500
3095400
3062400
3083800
3035800
3089500
3085500
3026400
3060700
3030000
3046200
3056200
3037400
3037300
3094400
3083300
3038500
3073800
3037500
3071400
3071700
3063100
3074900
3040300
3070400
3060500
3062700
3025600
3023500
3066800
3082300
3046200
3064400
3066200
3052500
3044900
3058500
3036200
3043300
3055200
3037800
3057200
3034200
3038400
3045300
3053300
3083900
3614100
3054700
3042100
3047000
3084100
3046800
3029800
3048000
3079500
3034800
3060300
3036600
3070000
3035400
3036800
3034400
3042500
3058300
3051100
3057300
3043000
3223300
3461800
3075000
3121200
3151600
3184400
3037500
3045000
3051900
3185700
3139200
3050900
3067500
3107000
3112300
3105700
3125800
3100800
3111100
3105700
3121900
3119100
3105600
3098800
3069300
3089400
3448000
3532500
3963700
3976000
3551000
3923100
3988100
3800500
3399400
3100500
3054100
3048800
3070700
3065700
3073600
3034400
3041500
3048500
3032500
3163400
3078600
3103500
3063000
3090800
3079300
3050700
3059000
3040300
3071800
3055900
3059200
3060900
3222900
3147100
3029000
3051200
3098900
3052400
3063100
3030000
3058000
3045200
3080500
3033800
3070300
3189100
3109700
3063000
3033400
3062000
3052900
3068100
3080700
3092300
3074600
3040900
3065400
3086100
3055300
3057400
3035100
3256400
4149900
4160600
4099200
4113500
4102900
4087100
4134400
4112300
4674100
4132300
4140700
3076200
3066500
3061500
3036300
3054000
3053600
3086200
3037600
3050600
3065900
3072700
3073500
3043900
3070100
3017800
3089600
3074300
3052700
3067300
3048000
3083400
3033800
3043400
3051000
3073700
3069700
3082400
3098700
3078500
3079300
3030800
3079100
3104200
3039000
3052500
3077100
3071000
3128400
3054900
3063800
3100400
3042000
3061500
3053900
3107700
3057900
3074400
3041100
3050100
3041800
3042300
3057600
3073300
3107800
3045400
3056700
3056600
3064800
3030700
3046700
3085700
3095100
3052800
3042700
3041100
3073900
3080000
3065200
3036100
3096000
3082400
3055800
3047800
3076500
3071500
3048500
3055200
3069500
3058000
3038500
3052500
3060800
3043900
3045300
3070300
3051200
3086400
3029400
3066200
3067300
3079200
3117100
3120600
3071400
3106400
3190100
3045700
3055000
3029200
3086400
3031100
3076600
3048400
3044300
3137000
3133100
3068200
3169200
3081000
3090200
3038100
3089600
3073800
3598800
3071600
3096100
3080800
3040600
3211100
3063200
3070200
3042600
3074600
3101900
3056000
3053000
3038100
3052000
3066300
3092500
3056000
3035700
3039800
3065500
3067800
3042500
3039500
3056500
3041800
3042100
3066900
3034300
3038700
3032800
3066900
3062700
3074200
3045500
3091400
3032900
3043900
3130500
3266200
3311300
3277400
3220500
3281400
3229900
3280800
3226500
3184900
3023700
3073400
3066500
3078100
3065000
3039600
3066800
3082500
3034500
3051600
3037700
3054700
3061700
3053500
3037300
3054700
3118400
3043100
3089300
3041400
3181600
3073600
3057700
3073300
3066600
3076800
3054300
3071100
3078900
3084600
3075400
3031000
3058400
3089400
3062700
3125700
3068700
3240100
3253300
3637900
3681100
3463500
3835200
3824800
3113200
3079600
3094800
3171500
3080600
3146000
3113400
3182000
3559400
3509100
3028600
3049500
3072800
3193400
3081700
3124300
3195600
3130500
3050400
3082700
3197100
3374100
3598100
3070700
3064400
3692600
3066000
3068300
3055600
3047700
3040700
3046600
3068800
3023600
3090800
3038900
3046200
3066100
3544900
5199400
3527300
3403400
3377300
3058100
3056200
3059200
3064000
3039900
3044500
3050300
3048700
3068800
3110300
3062600
3637900
5463700
4564100
4145600
4091200
4126100
4076300
4093400
4105000
4113200
4117600
4146500
4105400
4146300
3068200
3046500
3038300
3038900
3073700
3109400
3063600
3051900
3062000
3173100
3040700
3102000
3050500
3100800
3071200
3058000
3034100
3070000
3053600
3037000
3064600
3071200
3050600
3028400
3031600
3057600
3044200
3140100
3062800
3042200
3092400
3091000
3108600
3059700
3199400
3198800
3187900
3192800
3071100
3119500
3070800
3058400
3032400
3082200
3037700
3067900
3083200
3042600
3046700
3064700
3041300
3066500
3074000
3066400
3044600
3073800
3062900
3072900
3026900
3068800
3070500
3034800
3054300
3050400
3070300
3045000
3030600
3066100
3045300
3063900
3053500
3059100
3031200
3036500
3756600
3056600
3055200
3041800
3043500
3036800
3047400
3069200
3061900
3086300
3054100
3039100
3029200
3101800
3068200
3085300
3065100
3030000
3065500
3079300
3036900
3071100
3182400
3302400
3298700
3037700
3044600
3058200
3053800
3021500
3049200
3087600
3058500
3058800
3031600
3069700
3053600
3075400
3042100
3035000
3077200
3038800
3037900
3041400
3089400
3039000
3066600
3060900
3042800
3059000
3033200
3071700
3066500
3114800
3035700
3063500
3072100
3060200
3086100
3026800
3030800
3055900
3036700
3028100
3063400
3029600
3024200
3059800
3020000
3024100
3020000
3049000
3031800
3241700
3085800
3066300
3063200
3065800
3000200
3073000
3045400
3060900
3046600
3066600
3044900
3046000
3071100
3078300
3052900
3678600
3053300
3037200
3057600
3053600
3089400
3040700
3043300
3053900
3093700
3051800
3070100
3034700
6082200
3055200
3034700
3102400
3044800
3046700
3040500
3122500
3036200
3039600
3049900
3093000
3061000
3059200
3659900
3050600
3054000
3161800
3056300
3256100
3440100
3696800
3453500
3606000
3796900
3300700
3062900
3158600
3051700
3021500
3076400
3113200
3080700
3085700
3053500
3074500
3075600
3042600
3231400
3099400
3094600
3287500
3082200
3212200
3141500
3046600
3054800
3065200
5009800
3497000
3024100
3166200
3104300
3037400
3063800
3072600
3057400
3030100
3042300
3055200
3100300
3051100
3045600
3040600
3057600
3668300
3036300
3069000
3074800
3084000
3060800
3050100
3076700
3039500
3040000
3058600
3112400
3073000
3076800
3068100
3084300
3039200
3123700
3064300
3071500
3077900
3049600
3026300
3058400
3112600
3034700
3093800
3048600
3073200
3059700
3060200
3071200
3065700
3057500
3050800
3067400
3080000
3042100
3072700
3098300
3039300
3049900
3042400
3065400
3061600
3053900
3034100
3057600
3067800
3293100
3137300
3266100
3122900
3079800
3040600
3020100
3044700
3053500
3064400
3070000
3052900
3068200
3043800
3049800
3031700
3043400
3609500
3032900
3072500
3044800
3080600
3173800
3214100
3155500
3200700
3600000
3281800
3244400
3186600
3116000
3064200
3037100
3063300
3022500
3196800
3076400
3068800
3076600
3073500
3055300
3032300
3067900
3022000
3062100
3072000
3105900
3082800
3074200
3050600
3035500
3029700
3064000
3018400
3074600
3033200
3053600
3061500
3043900
3054900
3029700
3091800
3500500
3486200
3501000
3534500
3578900
3527700
3517800
3309800
3546800
3568900
3366000
3106000
3075100
3070100
3052700
3065600
3101400
3065700
3051800
3058200
3075100
3030200
3035500
3055900
3057800
3057800
3037900
3048300
3063400
3073500
3060600
3038100
3060100
3087500
3051400
3065000
3038300
3071100
3043800
3061600
3057700
3082500
3043800
3067000
3034500
3072100
3129500
3074000
3062900
3068200
3045500
3083200
3219100
3221600
3154200
3486700
3046600
3069800
3050300
3030600
3054100
3027000
3108300
3043500
3060600
3043100
3067200
3064400
3062500
3063800
3031600
3608500
3069900
3033800
3119200
4106400
4092000
4091700
4140000
4085900
4113700
4208400
4094000
4108600
4143000
3062200
3060200
3036900
3085200
3027600
3054600
3035000
3051700
3094700
3044300
3075700
3048100
3067300
3060800
3046700
3040100
3074100
3079600
3049200
3066400
3045700
3050000
3055100
3030500
3080600
3088800
3167700
3111100
3246700
3131200
3289000
3470900
3672200
3502600
3664200
3682600
3362200
3062800
3080300
3033700
3172600
3052000
3062600
3041200
3166700
3191200
3040100
3188100
3411700
3504000
3582100
3273200
3544900
3704600
4132500
4139600
4123100
4083900
4139400
4212900
4299400
4181400
4120900
3400400
3079100
3051800
3054100
3081300
3703800
3105500
3087800
3049900
3075600
3055800
3052100
3090800
3071200
3054600
3045200
3034700
3036800
3067200
3077600
3039400
3087100
3057800
3055500
3033600
3048400
3092400
3043400
3071800
3040300
3044400
3065700
3035500
3068000
3028300
3063700
3035100
3062700
3036800
3035800
3577800
3104500
3039200
3029800
3035400
3041700
3039500
3058800
3033700
3048900
3055800
3044000
3040500
3061500
3055600
3033600
3050600
3046600
3041300
3028400
3063400
3051200
3028900
3047300
3040300
3038100
3045300
3032100
3079600
3042000
3072100
3033500
3112100
3032100
3033800
3054300
3051300
3084000
3071000
3028000
3044600
3021600
3068600
3064000
3053300
3037800
3037500
3086900
3029800
3071300
3041900
3043900
3059300
3047600
3028700
3072300
3096800
3075300
3065200
3085400
3044500
3050600
3074900
3073000
3044600
3061200
3055100
3048500
3044700
3061800
3061900
3038000
3061600
3179600
3070500
3035200
3039200
3061100
3055400
3048900
3014800
3060900
3081300
3074600
3078100
3060000
3047800
3083700
3042600
3068000
3061000
3096000
3062200
3034400
3088500
3049000
3033300
3042300
3070200
3039000
3051300
3058500
3060500
3095700
3050800
3169300
3071300
3070400
3092700
3158300
3055200
3102200
3098600
3046400
3134400
3066600
3638400
3073500
3145400
6126500
3051500
3058200
3035300
3208000
5749700
5198400
3441500
4101700
4081800
4028400
3035400
3044400
3041500
3045600
3094100
3055200
3030700
3082300
3126500
3037300
3062200
3065700
3608200
3037700
3070600
3072700
3078500
3061000
3058100
3054800
3066700
3099700
3054200
3049400
3139800
3110400
3214300
3116900
3294900
3146000
3053900
3053200
3090900
3053300
3075600
3076600
3033300
3062100
3048000
3045700
3057500
3079300
3043600
3071300
3069300
3055500
3021100
3079200
3050800
3077000
3029900
3063600
3085600
3071000
3048900
3027200
3056300
3028800
3067500
3034600
3045100
3102100
3053300
3061100
3025800
3059200
3307700
3407800
3743400
3395400
3682400
3670900
3048800
3210300
3036000
3078000
3072100
3064800
3038500
3037000
3045900
3038400
3062000
3035500
3054800
3067900
3066500
3067700
3064600
3060600
3073300
3038700
3040400
3037400
3077800
4003700
3077500
3037900
3049000
3046000
3042600
3033900
3039500
3717500
3031100
3066900
3033300
3058300
3078000
3101800
3149700
3052700
3071700
3068700
3072600
3098900
3049900
3054400
3045500
3049200
3058100
3049100
3034200
3036200
3051500
7794200
10397200
6055700
3496900
3061500
3032900
3172100
3259100
3304800
3250300
3218700
3287700
3251400
3202600
3296500
3069200
3074800
3066700
3067800
3092600
3191300
3030700
3059100
3081800
4129300
4084600
4124200
4086500
3036100
3048300
3038900
3072000
3074200
3040700
3059100
3151700
3082500
3049900
3047000
3097700
3098300
3071000
3045000
3072200
3490600
3101100
3065000
3027200
3069600
3072400
3055200
3093400
3173600
3076600
3119500
3395600
3545100
3644500
3495400
3585700
3580900
3441700
3377200
3137700
3089500
3038600
3069700
3037300
4045000
4101300
4107700
4135000
4090900
4089400
4116100
4112000
4132500
4151100
4120900
3082800
3061900
3086800
3107800
3086300
3073600
3110100
3040400
3035500
3096100
3043300
3099200
3062000
3093700
3039700
3077900
3518100
3040700
3057200
3096100
3101600
3042700
3050000
3105600
3112900
3056800
3053400
3078400
3039200
3101400
3074500
3085500
3093100
3063400
3049300
3054900
3075200
3066300
3067400
3117900
3112400
3050700
3094600
3040800
3072000
3058700
3090600
3048200
3081200
3041900
3039400
3099900
3054500
3054300
3061700
3070100
3059500
3080200
3025100
3064800
3076900
3072200
3043100
3040800
3974500
4128600
4189000
3120200
3048900
3056600
3033300
3066700
3064900
3133100
3050500
3063300
3051500
3053000
3088700
3038000
3095500
3120400
3143200
3100800
3089500
3080500
3049600
3058800
3050400
3059300
3070800
3039400
3041000
3074300
3052800
3078200
3053100
3049400
3043200
3077300
3074800
3038500
3065300
3055400
3045100
3072700
3061600
3021600
3037100
3053300
3028700
3070400
3028200
3087400
3076400
3039000
3086400
3043700
3073200
3105200
3043100
3045700
3104600
3087100
3060200
3074200
3247900
3429100
3645700
3703300
3369000
3666500
4338700
3050300
3090800
3088700
3036800
3054800
3055400
3093800
3062900
3049800
3057600
3064200
3094100
3062300
3045200
3064900
3032800
3125300
3035400
3069900
3131100
3057000
3029700
3036000
3195400
3163400
3057600
3089500
3116500
3058000
3090700
3122200
3062200
3054100
3108900
3055100
3161700
3035000
3123300
3041000
3161700
3085800
3085400
3058500
3166000
3047100
3042600
3074200
3022700
3062400
3035600
3050600
3077300
3081800
3071300
3079100
3130800
3092700
3058400
3089900
3063600
3094900
3056700
3061500
3089500
3099900
3062100
3058600
3065900
3063400
3067000
3109200
3084900
3120200
3080100
3046900
3057200
3056600
3068100
3069200
3108100
3085800
3099700
3104800
3090100
3057500
3077400
3037300
3062600
3073500
3079500
3082300
3028100
3035100
3064000
3084900
3072100
3044000
3100000
3038200
3081200
3036900
3070300
3089900
3049800
3059800
3070600
3079000
3054200
3068400
3064900
3068300
3071200
3042600
3065100
3046300
3086700
3603800
3070800
3067800
3152900
3037300
3083600
3041700
3153600
3083000
3041900
3028000
3075800
3068900
3085700
3080100
3063400
3108300
3074000
3084200
3075000
3055800
3091300
3045300
3056000
3100700
3062100
3066800
3043100
3107600
3096900
3073800
3065100
3059200
3034300
3117000
3068000
3030200
3063700
3155900
3132100
3038500
3083000
3055400
3061900
3054900
3079200
3036500
3096500
3053200
3078600
3045600
3059100
3064300
3071700
3031000
3034600
3126100
3070400
3098100
3099900
3131600
3061200
3078000
3051100
3098300
3113200
3202900
3099200
3030700
3061500
3100900
3078300
3055700
3131900
3079500
3063100
3075100
3132600
3065000
3062800
3098500
3074100
3038200
3085100
3098800
3106500
3094200
3056100
3091300
3100500
3051600
3073600
3055500
3057200
3034600
3122900
3079800
3041300
3105000
3052000
3072200
3041100
3041700
3033000
3112900
3081700
3046600
3093900
3112100
3068600
3077100
3045700
3105800
3036100
3075500
3027800
3671100
3038100
3109400
3097600
3063000
3092500
3039100
3059100
3071500
3047600
3115100
3041100
3076800
3087500
3049400
3055900
3037500
3092800
3056600
3069700
3068900
3084400
3043000
3087900
3064400
3039500
3066300
3042900
3073600
3070700
3079600
3079100
3080800
3070200
3077800
3093000
3069400
3057200
3072300
3217300
3322700
3595500
3706000
3349700
3667600
3768000
3198500
3063500
3070200
3057200
3089300
3081300
3073100
3056400
3092800
3043200
3136400
3073500
3082800
3077900
3072600
3109200
3054500
3053100
3059800
3057200
3043200
3140000
3042200
3125000
3124500
3064800
3074000
3091100
3087800
3088800
3056000
3096300
3043700
3104700
3134500
3059800
3094100
3083700
3040600
3032600
3081800
3071100
3053700
3086300
3026700
3074000
3035600
3050600
3040000
3099000
3066500
3033800
3040400
3108600
3081100
3022900
3060500
3066500
3105400
3063500
3081500
3078400
3060500
3054300
3046800
3039000
3038600
3197300
3070100
3068700
3092400
3674400
3083600
3049700
3042500
3092300
3042100
3049000
3102900
3062100
3045600
3197700
3304600
3267300
3282600
3068900
3101600
3050800
3078900
3050500
3094900
3061800
3073700
3052400
3090000
3067600
3074900
3054500
3082500
3111600
3079600
3055800
3083800
3142100
3033800
3099700
3114800
3050800
3069500
3034100
3065500
3088400
3072800
3047900
3063300
3117200
3037800
3119700
3042600
3055700
3094000
3044000
3074900
3076400
3113700
3125300
3085600
3113600
3043700
3064600
3070600
3096100
3087600
3034700
3109400
3039500
3055600
3195500
3073100
3059900
3132500
3056700
3086300
3079000
3063300
3652600
3077700
3097700
3110300
3057600
3095900
3066900
3060600
3049900
3049500
3053200
3152300
3081400
3065700
3070600
3108500
3038200
3055700
3084900
3100600
3131600
3047000
3042500
3106800
3114300
3058500
3060600
3027700
3068500
3068400
3095200
3059800
3053400
3081500
3029500
3043300
3105400
3034700
3077900
3038100
3063600
3082400
3728300
3065700
3029600
3108700
3072600
3055500
3060300
3106800
3071300
3050200
3094900
3087400
3113200
3068200
3146700
3100600
3081400
3055700
3024700
3153800
3061100
3032600
3070000
3066300
3080100
3607100
3275900
3102000
3050000
3140500
3086300
3106600
3078300
3043900
3051100
3101600
3102000
3049600
3248100
3043700
3205400
3052500
3056100
3052400
3069500
3079000
3088200
3072700
3080500
3056800
3040400
3066700
3082800
3070300
3058700
3057500
3077000
3038400
3067000
3071600
3044300
3129700
3101300
3053200
3070300
3048800
3114500
3046400
3133500
3088100
3090600
3076000
3142400
3114700
3186900
3126900
3059500
3114500
3028200
3056000
3091900
3111700
3434900
3475500
3886400
3920400
3919300
3722700
3986600
4071100
3100400
3101800
3194000
3049400
3114900
3051300
3197000
3069100
3131800
3174900
3148200
3082900
3189300
3054200
3154600
3083400
3083800
3042300
3108800
3084600
3064600
3040400
3141200
3114900
3117800
3061500
3043200
3608400
3128000
3056900
3069300
3071400
3064100
3052200
3056300
3150800
3117300
3208500
3041300
3073100
3085300
3051200
3093900
3074000
3065100
3115700
3033700
3060700
3171400
3027400
3078200
3060600
3041500
3155700
3108300
3061000
3144900
3081200
3221800
3050300
3081400
3098400
3077600
3109400
3079800
3177600
3062300
3072100
3075000
3075200
3052400
3052300
3028700
3043700
3087100
3041600
3115500
3034400
3075200
3038700
3031900
3053800
3137900
3069900
3048900
3081600
3036600
3037200
3064700
3065800
3054400
3076200
3078500
3117600
3060300
3202300
3071200
3050100
3111400
3128800
3168600
3031900
3059800
3095200
3146500
3035000
3088200
3038500
3074800
3056200
3034600
3046200
3068100
3048700
3035400
3038800
3090800
3122100
3063700
3172600
3256500
3102000
3077700
3107700
3100400
3069500
3039600
3094200
3067100
3036700
3138800
3059800
3063600
3080800
3067100
3055700
3074100
3067100
3026400
3056300
3072300
3064800
3110700
3660100
3084800
3050400
3083100
3136300
3054500
3061100
3075700
3029000
3085300
3134600
3031500
3056800
3052300
3066700
3035300
3065100
3073100
3030500
3090400
3043300
3033700
3034100
3064000
3075200
3058700
3082800
3045700
3032800
3104600
3040600
3101100
3122200
3080600
3048900
3070100
3099600
3057300
3098500
3100200
3057000
3038300
3136300
3076700
3110400
3035300
3112200
3172900
3083100
3055100
3107200
3082900
3089200
3033000
3079700
3087100
3105300
3067900
3037800
3085400
3087200
3075500
3049800
3057000
3137000
3063700
3084000
3127600
3120900
3205100
3077200
3046100
3111900
3092800
3118100
3075000
3049300
3105600
3038900
3069700
3054600
3088100
3082300
3044300
3082100
3158800
3096300
3109000
3104700
3076900
3178000
3073700
3087100
3122400
3144300
3134700
3076700
3099200
3127100
3025300
3109400
3066600
3083600
3050600
3071700
3078800
3027900
3086400
3055400
3081400
3055200
3051600
3054700
3034700
3040300
3056600
3030300
3676200
3097000
3049000
3189600
3479900
3719800
3878800
3932100
3696000
4256500
4394900
3221400
3098600
3077200
3119300
3096600
3138600
3075300
3134100
3122400
3157500
3131800
3088100
3226400
3084000
3103100
3131900
3100900
3111700
3072000
3111600
3073700
3062900
3117500
3071400
3106200
3141900
3074300
3043100
3036800
3093200
3098700
3092200
3087400
3073300
3041000
3115300
3090900
3076600
3198000
3053100
3066400
3072100
3042000
3130700
3112200
3089600
3053100
3043700
3068600
3077200
3071600
3039900
3101500
3040900
3077600
3049300
3059600
3097800
3125900
3074000
3076300
3065900
3156500
3039600
3108100
3108800
3095500
3042800
3084200
3033900
3087500
3088600
3045100
3136700
3068800
3083400
3039900
3088300
3072600
3054800
3135800
3326300
3164700
3097000
3042100
3063500
3105200
3078500
3044100
3095300
3080200
3116800
3066600
3084600
3048000
3084600
3045400
3109500
3067600
3216800
3096100
3064900
3036800
3197100
3116900
3047700
3629400
3068100
3077200
3129000
3037800
3082400
3080800
3150500
3090300
3065500
3053800
3062000
3083900
3152900
3091200
3043100
3098300
3041200
3087200
3117100
3048500
3059400
3087500
3116100
3032600
3111800
3081600
3097800
3069100
3092900
3054900
3073200
3097500
3043300
3051700
3121100
3078200
3085700
3058400
3066900
3068700
3123700
3329600
3041100
3089800
3054000
3260200
3085700
3037600
3049100
3024900
3051700
3048600
3072100
3055800
3088800
3093900
3199200
3098700
3028900
3042800
3151000
3992300
3084900
3092700
3073500
3169200
3045100
3051100
3157000
3079800
3064300
3073800
3072800
3054500
3136200
3035800
3110700
3047900
3084100
3071800
3072800
3032500
3116800
3064900
3071400
3057400
3052200
3084400
3419900
3275900
4325200
5349600
3221500
3286600
3122800
3283600
3067200
3074900
3043900
3107300
3030200
3091100
3094300
3041900
3072500
3051800
3093100
3043800
3068100
3026000
3122500
3079900
3036300
3065700
3533400
3655700
3058200
3167300
3107800
3033600
3128300
3438300
3865700
3494300
3560500
3078100
3100000
3043200
3046600
3142300
3103900
3087600
3327700
3495800
3569400
4241100
4588800
4512300
4097900
4097200
3943400
3061500
3048000
3040800
3060400
3056200
3022500
3057200
3080300
3051500
3066300
3037000
3052200
3042300
3277700
3514200
3898300
3886500
3563700
3893100
3578400
3143100
3101000
3063700
3056500
3117300
3085700
3090600
3071100
3167700
3079700
3099100
3111500
3073400
3095700
3072300
3074400
3065700
3104300
3049000
3106000
3072400
3088600
3061700
3094600
3059400
3105800
3064600
3038300
3045200
3078200
3059600
3048300
3035700
3033000
3067700
3043200
3081300
3032300
3073900
3039300
3089700
3030700
3036700
3174100
3386300
3064700
3387700
3311200
3182200
3049600
3058500
3079800
3084100
3043900
3056900
3081400
3061900
3125100
3062900
3052100
3069300
3038600
3068300
3031600
3152500
4401200
3059300
3050200
3056700
3036000
3082700
3575600
3028700
3461900
3370400
3072500
3085600
3063800
3046100
3036900
3037400
3074400
3140400
3102000
3061700
3081900
3088900
3043500
3068500
3065500
3135400
3141700
3051600
3038400
3067100
3024900
3060900
3020700
3033600
3465700
3320800
3302700
3062900
3400500
3320400
3086800
3393000
3175800
3149400
3043800
3043200
3040000
3033100
3066100
3029000
3037200
3038700
3054400
3046200
3064500
3049500
3041200
3035600
3024400
3042900
3086600
3034900
3074900
3051500
3069300
3062500
3050800
3083400
3247400
3238000
3181300
3043800
3072700
3055100
3045300
3024400
3046900
3023000
3053900
3047500
3075800
3029100
3040100
3048600
3035000
3043100
3028700
3075300
3031100
3052900
3057600
3038600
3055600
3036900
3162800
3289900
3122600
3063700
3069900
3055700
3044400
3050400
3045300
3024400
3056900
3066000
3048500
3065100
3054000
3038000
3038900
3053300
3054100
3106000
3034800
3072300
3049400
3054000
3053600
3050500
3071100
3072000
3636700
3293200
3088500
3145200
3063900
3115200
3044200
3051600
3040600
3091600
3088900
3081900
3074600
3045300
3062900
3126800
3169800
3082300
3084800
3068900
3325300
4096200
4088800
4086800
4083900
4119300
4143500
4167500
4129900
4087000
4649300
4154200
3043900
3084600
3039100
3051800
3080500
3045600
3102300
3056600
3051300
3024900
3855100
5275500
4854000
3264200
3042800
3067500
3058000
3083100
3040700
3026000
3074700
3116000
3185800
3039700
3032900
3043800
3141500
3193700
3169200
3075900
3251800
3053600
3201400
3097200
3072400
3054700
3095300
3079300
4220600
3076800
3105900
3114000
3213300
3356900
3557300
3785800
3452000
3757900
3799600
3057200
3079500
3061000
3042100
3024400
3347300
3072500
3033900
3074300
3093600
3051000
3038200
3059900
3098600
3979400
4111400
4130800
3322700
3069400
3050100
3091900
3079900
3066900
3044400
3040100
3033100
3063500
3050100
3031600
3099600
3075600
3077200
3049500
3058400
3074900
3042900
3603500
3070300
3081500
3052800
3048000
3106100
3071200
3066500
3059700
3080200
3069700
3207900
3399200
3086100
3047700
3108800
3326200
3159500
3050800
3331800
3216700
3109900
3094500
3078700
3083400
3058300
3096600
3069800
3075500
3054300
3079800
3039400
3101500
3045300
3059400
3047700
3091000
3045900
3041200
3061700
3062200
4319300
4264000
4217600
3405100
3181600
3250600
3431900
4122200
4165300
4067200
4156400
3498600
3025900
3064200
3117200
3058500
3025800
3036800
3035500
3115100
3228100
3332400
3300000
3111500
3213000
3031400
3038400
3040100
3079900
3069900
3037000
3046200
3047100
3034200
3061600
3088500
3199800
3139900
3261800
3169400
3142200
3061700
3028400
3042100
3031800
3051600
3060400
3047700
3054800
3077700
3062800
3061500
3064000
3039000
3058600
3034900
3041300
3057400
3067300
3054400
3048800
3058100
3094200
3057500
3054600
3075000
3073500
3053100
3044600
3062700
3070200
3103600
3613800
3075700
3078800
3654900
3035600
3030200
3089700
3038900
3067900
3040800
3066200
3024800
3090300
3083100
3045900
3044600
3071900
3044100
3067900
3067400
3087900
3136100
3055900
3117200
3044200
3083000
3068800
3082200
3062700
3109500
3092100
3076700
3056500
3051900
3057900
3101400
3063200
3070000
3036400
3041300
3092800
3084100
3043400
3070500
3036900
3037200
3038800
3027000
3053300
3067500
3055000
3085600
3073700
3037100
3026300
3060200
3044600
3075000
3042900
3079300
3063100
3046800
3064300
3071600
3050300
3066300
3030800
3072000
3111000
3134400
3093700
3062100
3070500
3057800
3050000
3172300
3063600
3076900
3069800
3055000
3034900
3196200
3206500
3155000
3242400
3258900
3195300
3237800
3276500
3382400
3080500
3041700
3048500
3098900
3080000
3067600
3067600
3089600
3064000
3061200
3062000
3067900
3076200
3071000
3059200
3045200
3079600
3088700
3063500
3068300
3115200
3055000
3040500
3044700
3089300
3060200
3070600
3030700
3328400
3459200
4528600
3565300
3708400
3816500
3361800
3073400
3049600
3092000
3093300
3055700
3070100
3052700
3081500
3213700
3187300
3229300
3033300
3041000
3067500
3059600
3051000
3065800
3083100
3065600
3059900
3078700
3053600
3161700
3069200
3047200
3133400
3102200
3024300
3055900
3058800
3149600
3185200
3079700
3087900
3143100
3096600
3051200
3155400
3199100
3285400
3204000
3345800
4336900
4276700
4255100
4152600
3080300
3037600
3083900
3055600
3034400
3067900
3059200
3136500
3062000
3033400
3067200
3132900
3079900
3073200
3054200
3060700
3040400
3059000
3028600
3059900
3058100
3065700
3051100
3028600
3113700
3038900
3059300
3053300
3150500
3471600
3033800
3055400
3072600
3053300
3069000
3045900
3066400
3077200
3081700
3032200
3052900
3073700
3042200
3056000
3075100
3142600
3054100
3077700
3079600
3120800
3037900
3041600
3087800
3095300
3105300
3139500
3062700
3170000
3073700
3054700
3203600
3100800
3087700
3055200
3047600
3027300
3618300
3134800
3064200
3199500
3069600
3090000
3049300
3042400
3052200
3743900
3044400
3046200
3093100
3056000
3065700
3039800
3086700
4021300
5088100
3214700
3171000
3078200
3056700
3108600
3050600
3046900
3066100
3034300
3055900
3082400
3080100
3053200
3063200
3081300
3046100
3074100
3074500
3059000
3030300
3058600
3092600
3045000
3072600
3076900
3101900
3059300
3073900
3026300
3045500
3100200
3092700
3064900
3050700
3072900
3082000
3048600
3082400
3072000
3063100
3076200
3042600
3053300
3070600
3100400
3044400
3099700
3077200
3034700
3032300
3053400
3090800
3023900
3083600
3069200
3240800
3052900
3052400
3059300
3077700
3060800
3038900
3060700
3058900
3042100
3071000
3318500
3059800
3040200
3045400
3055500
3131800
3230300
3315000
3199800
3167500
3260300
3129800
3218900
3370500
3300900
3254500
3098800
3062600
3086500
3068700
3078500
3038800
3087800
3071400
3057900
3086900
3116400
3045700
3048600
3070000
3056200
3587500
3049200
3061900
3106600
3146100
3166900
3213400
3276400
3360200
3094000
3049000
3140700
3119600
3054600
3057100
3061000
3069500
3047700
3055800
3077500
3075200
3054300
3057100
3085300
3087600
3034400
3077800
3027400
3064600
3127900
3095000
3098000
3100000
3109200
3044800
3047700
3053900
3134600
3398900
3390900
4069000
3955100
3457500
3759400
3935500
3213300
3077000
3093700
3045400
3041100
3042200
3044800
3067700
3050200
3048800
3077500
3066800
3027000
3098300
3058100
3096700
3064600
3069800
3054500
3068500
3028800
3051300
3037700
3090600
3072700
3070200
3072700
3079400
3078300
3049900
6325700
3650700
3055400
3096900
3231100
3057000
3030500
3060200
3032000
3091800
3075600
3054900
3036200
3041700
3082700
3058500
3037500
3077700
3037600
3035300
3075800
3048300
3074800
3074100
3072700
3065200
3057300
3124700
3097400
3049900
3066300
3035800
3060200
3051800
3043400
3051900
3030100
3059900
3106700
3051700
3040200
3049300
3671100
3058400
3064500
3066100
3078700
3052100
3051500
3065900
3054500
3049500
3038100
3044000
3051300
3106000
3088700
3063200
3096500
3044200
3044400
3038300
3055800
3067800
3039000
3057400
3054100
3092100
3030000
3030800
3037100
3120900
3072500
6469700
3150800
3149700
3025300
3091200
3150700
3101500
3125600
3078600
3091600
3123200
3188900
3125000
3049600
3267000
3099700
3071800
3043100
3180200
3039900
3075600
3133700
3066500
3269400
3067000
3073900
3088500
3081700
3067200
3063900
3085000
3090500
3157200
3068800
3076200
3074000
3198700
3203300
3255900
3330200
3263500
3241000
3274800
3137900
3216700
3448500
3318100
3197000
3490700
3593600
3401300
3031000
3053200
3071100
3072000
3049300
3061300
3063500
3068400
3032000
3053900
3237700
3266000
3250100
3403600
3122900
3083100
3060200
3022200
3051900
3036300
3075900
3044000
3037600
3068500
3122100
3086400
3055200
3054700
3055000
3042800
3056400
3032900
3091400
3072600
3653100
3047200
3141900
3078300
3106000
3070500
3133100
3309300
3208300
3226000
3297300
3235200
3258100
3201000
3247200
3197700
3056000
3078400
3092800
3122400
3037900
3071800
3099300
3072100
3069500
3060100
3075000
3106500
3041900
3073500
3044400
3093400
3093700
3066400
3169000
3085800
3086700
3035200
3068300
3041400
3065100
3054800
3079300
3047200
3037700
3719400
3241800
3126200
3096800
3077300
3044300
3071400
3074000
3070900
3058000
3048800
3057500
3068700
3038200
3075000
3079200
3485000
4100000
4389300
4105500
4103300
4100400
4113700
4138800
4139400
4141600
4097500
4094000
3291000
3343700
5089100
4574100
3703800
3728600
3495600
3083600
3039500
3065300
3045700
3065900
3022100
3931400
4114700
3061600
3071700
3081500
3041000
3052800
3051600
3083700
3038500
3087700
3138200
3077300
3026500
3078900
3112100
3062900
3074100
3096600
3093600
3119000
3092200
3058000
3053300
3163700
3104000
3142700
3030200
3074300
3094200
3029800
3637700
3049000
3045800
3032600
3053600
3079700
3042100
3069900
3083500
3058700
3059000
3062100
3110400
3031600
3061200
3035400
3054900
3049700
3044900
3079000
3036600
3105300
3041200
3046900
3028100
3088400
3059400
3051700
3067900
3063300
3075200
3030700
3052800
3066100
3089000
3069500
3022200
3043800
3038000
3057700
3088900
3061900
3098000
3099500
3052100
3061800
3034400
3104900
3073800
3077700
3058300
3080400
3109100
3042100
3052900
3040800
3078300
3047300
3080000
3239400
3172600
3034800
3051100
3102000
3051500
3261500
3177400
3220500
3196800
3204100
3245800
3209700
3185500
3250100
3263400
3079500
3033200
3083400
3038700
3107100
3038200
3064100
3050000
3102500
3066800
3050700
3056200
3078000
3048500
3048300
3071000
3034700
3068400
3046000
3061400
3206000
3238500
3194000
3218900
3229100
3077200
3031500
3066400
3032400
3072600
3062200
3043100
3081200
3029000
3038200
3037600
3041100
3181100
3185100
3069500
3210600
3717700
3044900
3133400
3097400
3046000
3077600
3059700
3031900
3054600
3074200
3067500
3042300
3064100
3095600
3061400
3057200
3055400
3055900
3088500
3064300
3026700
3035900
3063100
3039900
3062200
3056800
3072100
3224800
3398900
3064400
3088600
3126800
3036300
3040200
3140900
3182800
3038000
3060600
3082600
3042300
3110900
3027700
3120700
3091400
3054400
3121300
3427000
3095700
3066900
3127800
3083800
3104900
3064000
3059200
3052000
3044900
3077800
3067700
3065900
3237200
3043400
3068200
3096500
3054300
3058400
3040800
3075400
3080900
3074700
3050200
3397600
3028500
3062300
3058100
3037300
3210800
3224600
3237600
3273500
3354200
3285400
3321300
3251200
3108800
3090400
3037100
3037100
3074800
3082700
3045800
3044200
3037100
3048800
3035300
3046800
3023200
3047700
3034100
3035900
3036000
3054300
3056300
3032100
3063600
3079100
3079300
3039700
3035200
3080000
3086200
3060000
3069900
3038000
3070200
3456600
5478300
4461900
4424100
3472200
3596600
3787100
3050600
3081800
3047400
3065300
3042800
3037700
3041600
3067400
3138200
3041400
3152700
3094000
3072700
3072200
3074800
3620900
5340700
5389800
5440000
4424100
3077100
4166400
4209800
4220600
4205700
4164700
4214400
4217800
4195500
4270800
4140900
4096200
4101100
4211100
4189200
3683300
3640000
3900600
3493900
3062600
3079400
3113300
3105900
3054800
3026500
3047600
3062400
3135100
3233100
3083800
3063400
3038000
3089000
3072500
3053900
4825100
5442800
4549400
3082300
3070200
3051500
3056400
3040800
3045000
3060100
3058000
3098800
3049200
3032900
3063500
3061600
3070900
3077800
3077300
3048700
3058400
3041500
3037000
3049600
3060100
3069100
3023100
3040400
3043200
3028500
3065600
3030900
3059800
3115300
3068300
3050200
3057400
3104700
3035000
3041500
3032100
3043600
3065700
3025900
3061000
3064900
3099100
3062700
3069900
3030600
3070600
3058100
3053500
3343200
3762900
4148500
3058700
3046200
3791000
3248100
3063900
3194100
3089000
3026500
4244700
4137700
4103700
4090700
4100900
4123300
4099100
5395400
4606800
9028100
8235200
4116100
4119700
4092900
4216600
3819900
3071400
3077400
3097200
3072200
3096900
3065400
3103700
3061900
3085700
3069200
3103000
3063400
3088800
3076100
3068400
3075700
3094100
3058300
3054100
3083900
3079700
3043300
3046700
3050800
3084000
3084500
3028000
3073900
3049500
3179600
3469900
3280700
3057800
3067200
3067700
3097800
3064100
3053600
3071300
3051600
3028600
3072900
3046000
3112500
3033000
3052100
3269600
3103400
3053800
3035600
3058800
3067400
3069900
3062200
3064700
3075000
3077100
3071300
3067200
3035300
3059100
3065200
3034900
3126700
3208300
3034500
3039400
3079400
3030900
3038400
3037000
3063100
3246800
3066500
3051300
3147400
3055500
3041900
3048200
3036300
3123300
3370800
3365800
3359400
3323800
4028400
3251900
3284100
3354900
3480900
4100200
4086700
3375800
3042600
3844200
3070900
3041100
3034500
3045500
3055400
3201200
3071700
3130500
3036300
3064700
3106900
3079000
3047200
3087900
3062700
3029900
3045000
3066700
5164300
4916600
3899200
3924400
4103300
3897200
3928500
3132300
3045500
3059400
3032400
3040700
3033200
3069100
3049900
3081200
3155600
3057700
3046300
3077500
3041200
3094800
3072300
3059000
3400600
3297200
3408900
3305300
3278800
3356800
3258300
3382500
4218100
4352800
4155300
3238400
3106600
3135900
3110900
3117400
3095200
3042100
3055500
3069400
3046300
3022900
3042000
3076700
3073200
3055900
3022700
3070000
3085600
3245500
3155100
3229000
3194700
3310600
3154700
3300800
3181000
3355800
3191300
3065000
3070700
3062400
3069700
3074000
3046400
3089700
3064200
3027100
3141600
3083400
3093100
3027700
3031400
3227500
3097900
3047000
3034900
3119800
3116300
3062800
3054600
3037400
3221500
3089100
3063800
3044700
3058500
3069500
3064500
3062500
3046500
3069700
3045900
3093000
3587300
3029200
3065500
3053300
3057500
3040700
3036400
3074300
3024200
3047000
3057300
3067000
3036300
3069900
3079000
3072400
3055300
3044000
3053500
3036900
3084900
3040400
3078400
3077500
3037000
3060100
3047500
3030600
3065500
3030500
3061900
3051200
3072800
3030900
3039500
3052800
3078500
3050600
3063000
3064500
3081500
3024100
3148400
3053300
3094300
3066000
3041100
3032800
3046500
3074300
3054900
3134200
3046600
3042600
3062500
3043900
3171000
3070000
3065800
3217500
3767500
3738700
3844600
3822200
3496300
3362800
3351900
3360600
3375500
3315800
3341900
3378100
3327400
3248900
3054600
3063600
3082200
3054700
3058700
3049700
3077000
3090600
3066100
3044800
3362600
3284300
3259800
3291900
3262200
3473500
3488500
3283600
3346500
3108800
3050200
3089600
3102200
3063200
3051200
3052000
3071100
3192500
3386300
6475600
3057900
3062800
3038100
3079000
3055600
3086500
3038700
3060800
3058300
3037500
3042500
3032100
3650100
3076400
3037300
3063800
3058500
3062400
3173200
3085000
3061700
3043200
3129900
3043000
3100700
3031300
3107600
3041600
3089000
3072800
3057100
3085700
3051700
3055500
3033300
3032800
3057700
3073300
3066300
3037800
3080300
3070500
3040600
3064800
3607200
4149200
4086600
4103300
4107100
4107000
3060100
3114200
3056400
3033300
3070900
3044500
3074200
3059000
3066000
3064600
3088800
3032100
3038900
3031400
3089800
3325300
3498300
3720100
3587200
3666800
3769400
3432700
3065800
3055900
3040100
3059200
3127000
3197500
3063900
3032400
3220100
3026300
3114800
3065800
3052300
3070600
3047300
3059500
3031200
3080600
3067500
3048100
3099400
3045800
3066800
3047200
3046500
3159100
3082500
3083100
3071500
3118600
3075600
3080900
3041800
3109600
3076900
3073200
3097900
3046200
3057900
3110500
3050400
3055000
3061800
3264300
3075400
3054600
3041900
3101200
3065600
3060500
3083500
3392600
3045800
3056600
3086200
3073900
3100700
3622100
3064700
3048800
3086500
3052900
3093600
3069400
3072900
3028100
3065300
3033100
3033500
3066200
3051200
3099900
3042400
3070900
3034400
3052200
3069300
3039600
3045900
3036700
3045900
3045400
3075800
3067700
3061900
3051600
3064000
3060500
3039300
3039200
3042200
3153600
3329900
3035400
3089800
3088400
3085700
3064900
3082900
3083700
3073800
3055300
3037800
3041800
3078100
3075400
3064500
3033000
3069800
3075100
3060000
3033400
3042500
3109700
3083300
3046600
3049300
3136100
3048800
3064000
3109000
3549700
3089100
3056200
3071700
3131700
3057200
3066000
3058300
3092100
3074100
3071500
3074600
3041800
3125700
3168800
3082000
3069600
3153900
3060100
3029500
3116400
3103400
3096700
3048400
3059500
3086400
3233800
3174700
3254800
3270200
3337800
3307700
3318800
3393600
3275600
3315600
3094100
3088600
3067400
3054200
3042400
3091100
3076700
3063500
3053300
3074500
3051100
3028400
3066200
3070500
3087100
3371300
3929600
3116700
3076200
3082900
3078500
3091000
3107200
3055800
3072400
3086100
3066400
3041400
3047400
3089200
3071000
3043200
3046200
3126200
3044600
3329600
3446100
3237500
3098100
3134500
3101400
3098900
3053600
3072900
3042500
3044900
3072600
3083500
3049200
3050100
3095900
3049400
3087500
3048900
3090500
3083200
3083300
3043500
3072700
3044000
3036700
3127400
3093100
3095900
3047500
3118200
3079900
3129600
3134900
3134300
3146600
3174700
3250700
3103800
3046900
3194500
3096700
3075400
3039100
3065800
3094500
3246200
3124400
3049400
3242200
3086900
3060700
3052900
3055900
3061100
3083400
3079700
3063500
3174000
3088600
3101600
3069000
3146700
3062100
3126700
3031000
3055700
3120000
3077500
3108700
3047700
3138800
3094700
3053200
3069300
3061500
3339000
3395300
3827100
3871100
3758400
3720000
3833300
3892600
3178100
3040400
3061700
3081000
3037100
3057900
3066600
3059500
3077700
3040100
3039100
3060400
3119100
3054400
3617000
3078400
3075300
3058500
3062800
3067700
3098000
3083600
3024800
3043400
3067800
3041800
3065200
3053200
3085700
3059800
3075600
3041500
3043100
3051000
3033300
3062000
3048700
3088700
3059900
3055700
3085600
3108600
3067100
3040600
3064500
3572800
3236400
3038200
3052900
3105700
3076100
3057600
3046600
3095900
3087300
3032300
3058900
3079400
3075400
3059000
3058700
3105500
3067500
3086800
3079600
3076300
3057900
3085100
3065800
3037800
3064000
3089000
3044900
3032400
3053800
3077700
3046800
3055000
3069900
3044600
3035700
3066500
3079100
3044500
3079500
3058000
3106400
3032100
3162300
3297500
3272000
3286300
3251500
3333400
3317300
3321100
3344800
3337600
3077000
3029900
3045300
3048300
3073500
3093200
3089900
3138800
3088600
3043100
3059600
3086800
3077100
3077700
3065300
3075800
3059900
3036000
3044200
3079500
3078400
3098100
3074000
3088900
3080300
3077400
3066100
3081300
3314500
3226600
3228700
3239200
3557600
3911700
3180800
3321200
3210400
3287400
3450400
3080200
3079500
3071700
3075000
3057000
3656000
3421300
3054400
3089500
3075400
3079400
3034200
3105800
4252400
4286300
4258600
4339600
4329700
4098800
3602800
3076000
3056500
3076000
3083400
3159000
3022700
3049200
3062900
3142700
3552500
4113900
3846400
3067300
3061000
3076700
3038300
3110800
3100000
3066000
3052000
3051900
3043400
3038800
3073100
3113400
3055100
3052600
3053200
3046500
3053800
3038400
3061100
3074100
3468200
3605400
3072600
3090000
3061100
3043000
3051500
3113200
3190700
3034800
3043800
3041400
3067100
3048000
3040700
3038300
3094200
3033300
3056800
3033300
3076900
3047900
3067800
3071100
3055600
3083600
3059500
3059800
3099300
3082300
3059400
3072300
3042600
3067000
3068100
3040800
3070800
3076700
3025100
3031800
3059000
3070400
3040400
3061700
3065700
3040800
3066100
3035100
3114500
3062700
3057500
3038800
3043300
3025000
3071000
3067800
3030200
3631200
3034500
3063400
3040500
3043800
3057200
3055300
3044800
3026300
3042400
3030000
3063700
3041100
3043700
3065000
3160700
3374600
3789700
3920400
3856200
3430100
4007400
3893000
3320300
3089000
3162600
3069600
3074600
3106400
3133400
3033000
3078500
3828300
3768500
3726700
3662200
3205300
3226100
3185200
3350000
3131000
3047100
3043900
3069900
3063100
3042100
3037100
3062100
3082400
3048900
3066900
3075500
3133900
3096200
3095200
3088200
3128300
3057400
3041100
3041400
3039200
3319400
3042600
3061800
3046300
3060900
3042200
3066800
3062700
3079700
3086700
3068500
3052400
3036900
3037500
3059100
3041400
3098400
3043000
3036200
3033900
3028400
3066300
3073700
3185500
3039400
3068300
3073200
3030700
3074400
3071800
3056000
3034400
3039100
3044800
3046300
3074400
3035100
3053500
3061700
3047200
3232000
4236200
4220500
4261300
4089400
4075100
4083700
4093400
4105000
4084600
4094400
4103100
3058700
3078400
3063100
3055700
3612400
3046900
3064500
3076100
3081100
3071800
3076200
3079200
3042500
3051900
3068600
3032300
3143000
3084700
3084500
3058800
3082400
3062200
3080800
3073600
3070100
3082000
3056200
3071000
3064600
3042600
3050100
3057500
3107900
3048900
3044700
3070500
3104800
3062100
3091400
3073100
3055500
3054400
3049800
3052500
3059900
3077500
3080900
3036600
3071800
3069200
3023700
3042400
3068600
3074800
3070200
3077900
3034800
3142200
3021100
3031700
3072700
3041500
3091400
3034800
3129600
3097300
3062200
3078800
3188200
3097900
3118800
3119200
3047700
5142400
4176400
3236700
3080100
3041400
3142500
3166100
3065100
3100000
3205900
3056100
3040300
3067000
3031100
3025000
3062500
3032500
3057700
3039200
3045100
3045400
3056100
3061300
3034200
3049000
3042600
3177800
4198500
4105600
4142800
4117000
4081500
4118200
3672100
3054500
3038100
3076100
3071700
3062500
3038800
3079800
3037700
3054400
3056100
3081400
3052800
3062900
3632900
3069800
3067100
3075200
3058300
3062300
3044200
3011100
3130100
3098600
3089900
3045900
3063600
3071900
3052200
3045000
3069600
3069900
3051500
3057100
3069200
3063700
3064900
3034300
3078100
3039000
3059300
3036300
3060400
3061000
3056200
3247500
3181300
3197400
3210900
3193200
3378900
3197800
3194400
3272300
3183400
3378800
3042200
3090700
3018600
3062000
3037800
3069800
3040800
3044100
3062700
3250800
3374400
3679100
3723900
3393500
3695700
3702900
3050500
3106800
3178400
3207700
3217500
3077400
3049600
3048600
3066900
3093000
3045900
3056900
3045900
3065200
3060100
3069000
3031100
3067800
3061100
3063700
3213500
3236100
3246900
3577100
3245300
3239500
3226600
3222400
3221900
3069900
3064900
3061700
3091200
3078600
3063100
3048600
3090800
3031200
3072200
3049000
3072600
3025500
3024700
3077600
3023900
3055300
3042800
3045400
3034400
3060200
3057500
3066500
3068200
3029300
3036400
3058600
3062100
3052100
3123300
4743100
4096200
4094500
4125100
4078800
4084200
4109700
4087300
4123200
4056900
3073300
3075500
3047500
3049700
3084800
3074700
3047600
3054200
3091800
3066800
3018500
3027900
3059200
3096500
3050100
3052400
3083400
3032600
3077100
3062300
3064300
3036500
3103100
3070200
3070500
3082100
3025900
3076500
3039900
3069700
3053400
3069300
3050700
3071100
3051700
3058800
3039200
3066000
3071600
3077900
3067900
3025200
3048100
3040300
3045800
3284900
3327000
3112500
3196800
3067400
3084400
3131300
3059600
3145900
3056200
3211600
3030600
3057900
3089300
3027500
3062200
3019000
3173800
3057300
3222500
3028600
3033000
3169000
3038900
3055000
3040000
3035400
3055700
3107300
3051100
3127500
3052500
3033300
3057000
3059400
3030300
3046500
3050300
3038700
3051700
3026800
3037400
3032700
3060400
3051000
3039100
3026900
3058600
3019000
3022100
3039900
3036600
3023800
3045500
3016600
3068300
2976900
3049900
3002000
3033800
3042000
3648200
3030100
3022700
3049300
3028700
3069900
3020400
3044600
3026300
3023700
3057100
3012900
3036300
3006400
3047800
3018300
3017800
3044100
3019800
3060800
3076100
3063700
3009300
3041500
3090700
3006100
2976100
2960300
3025100
3076100
3047600
3064800
3034100
3067500
3006500
3069400
3051400
3027200
3048300
3027500
3050500
3052200
3062100
3037800
3046900
3052500
3094200
3038400
3043500
3031700
3077700
3050600
3045600
3021000
3056000
3041700
3028500
3033100
3041300
3047300
3216300
3163100
3237500
3231800
3168100
3172200
3226800
3185000
3150300
3211300
3051700
3026200
3065300
3053700
3023800
3052300
3028000
3065100
3032100
3084700
3043400
3077500
3057700
3063400
3060900
3063000
3064600
3076300
3069500
3078300
3078200
3248700
3218800
3229700
3233000
3360400
3760800
3721600
3394600
3695700
3724100
3151800
3081500
3077200
3076400
3049200
3029300
3021800
3065600
3063700
3072100
3126200
3069100
3060300
3048300
3041000
3038500
3630800
3029900
3090500
3037200
3063800
3064600
3028000
3082200
3041100
3055500
3043800
3083700
3053000
3069900
3054200
3058600
3111900
3043700
3053600
3083900
3071800
3074800
3071400
3044700
3067000
3051900
3066300
3042400
3084600
3071100
3038000
3040600
3075800
3046800
3031400
3048900
3063800
3051900
3027300
3033500
3069500
3046700
3065200
3080400
3063500
3068800
3049400
3051500
3030800
3065700
3042900
3057200
3032400
3031600
3055300
3037300
3065300
3043100
3029500
3031200
3055100
3063400
3032200
3057000
3037600
3055500
3011000
3073000
3057600
3058500
3075800
3042800
3036500
3052900
3110600
3069600
3132300
3094700
3142600
3073500
3120400
3101300
3059900
3073000
3097800
3032100
3207900
3064600
3040500
3214100
3071000
3092200
3067000
3049300
3057800
3058600
3052100
3039000
3049500
3071100
3060800
3049400
3034000
3067000
3041500
3203000
3282600
3240900
3226500
3244700
3270600
3224200
3411600
3248500
3320300
3248300
3307200
3880500
3061400
3066100
3055200
3051200
3035200
3032900
3056900
3037700
3060200
3026000
3230200
3553000
3485000
3704300
3585700
3065000
3054200
3092600
3030600
3022500
3073100
3030900
3048300
3059300
3060800
3048500
3072700
3056200
3041000
3072500
3040800
3030600
3056400
3052000
3068000
3050300
3388300
3066000
3087500
3069800
3083200
3080000
3048200
3043300
3061000
3052800
3118700
3194500
3194100
3202700
3262300
3061300
3064400
3053100
3093800
3078200
3041100
3067100
3026800
3082600
3047000
3035000
3043200
3054200
3055800
3067400
3223700
3035300
3075600
3019800
3035800
3094500
3061500
3074400
3076200
3042700
3043200
3023600
3062000
3061600
3078300
3066700
3051600
3022600
3034600
3089900
3041800
3078500
3049800
3069100
3067500
3528900
3066400
3152800
3085600
3026600
3063200
3069300
3105700
3210400
3168100
3157200
3258500
3253500
3275600
3216800
3176000
3083000
3050000
3075800
3079600
3067500
3040700
3068700
3028100
3587400
3054300
3032000
3065200
3037900
3070100
3040800
3043300
3063200
3066900
3078100
3065700
3063600
3031500
3078100
3074600
3047700
3035200
3082500
3170400
3440600
3756100
3695000
3345100
4785800
4988900
3512600
3097700
3067000
3045600
3023200
3043800
3029200
3066900
3028600
3042900
3041100
3058000
3019300
3325300
3069900
3074600
3086200
3049000
3063100
3054100
3026600
3071600
3080200
3106000
3051300
3084200
3082400
3040800
3054800
3066400
3076500
3063500
3029500
3037500
3045700
3064300
3063000
3060800
3046700
3070900
3089000
3023900
3070400
3027000
3108900
3034900
3073600
3044200
3057800
3297100
3382100
3033100
3064700
3106600
3029400
3043800
3054600
3086600
3064600
3035700
3035300
3038400
3051900
3074100
3033900
3082200
3057200
3052900
3064300
3038900
3051700
3077100
3060400
3046300
3041100
3039100
3054900
3135000
3080800
3050000
3161900
3055500
3138200
3080400
3088700
3189000
3217700
3184900
3178500
3164200
3226400
3885300
3235000
3244100
3230000
3076200
3064400
3064600
3089500
3047100
3050700
3068100
3095100
3036100
3027400
3053500
3080300
3055700
3047900
3048900
3028200
3070400
3063800
3058100
3055500
3076400
3226300
3347100
3303700
3089400
3037300
3055500
3037500
3066600
3072300
3057100
3058500
3055800
3047800
3039500
3057900
3087800
3031400
3075700
3034500
3067700
3039500
3055700
3049000
3042500
3070800
3044900
3068600
3033300
3076300
3058300
3062500
3062500
3039500
3060700
3086800
3029600
3062000
3039700
3048300
3041500
3051200
3061400
3055600
3083000
3043300
3102100
3050200
3044600
3056600
3064500
3032600
3038100
3099400
3034800
3072100
3037200
3046900
3061300
3046900
3038700
3053000
3061700
3066800
3034700
3070700
3018400
3141900
3041500
3076300
3029300
3055300
3034300
3000000
3054200
3090800
3071600
2989800
3036700
3026400
3060800
3079300
3074600
3053700
3068600
3058700
3058300
2989300
3029700
3045700
3055300
3081100
3691100
3057100
3053100
3065100
3058700
3088300
3041500
3062900
3023100
3060400
3080200
3057700
3051200
3022400
3051300
3030400
3027700
3077500
3071900
3065700
3044700
3066000
3053700
3046200
3059800
3047100
3070900
3058600
3089100
3066200
3039700
3078900
3049100
3056300
3066500
3057500
3034600
3068600
3059800
3034100
3049500
3046900
3047700
3049300
3062100
3033200
3049200
3062100
3036000
3034900
3089200
3063200
3021400
3031700
3051400
3341400
3535800
3448800
3615800
3067600
3028400
3064900
3039800
3079100
3309000
3449300
3683700
3569000
3713900
3712800
3433100
3145000
3096000
3124700
3199000
3191000
3258000
3079000
3072300
3193800
3063100
3029900
3103600
3118400
3260700
3056200
3084100
3074800
3094300
3069100
3035300
3055400
3070800
3069000
3139400
4846100
3134900
3108200
3053600
3053500
3138400
3078000
3060500
3066000
3033700
3077800
3186400
3044000
3020100
3170400
3075600
3065000
3045300
3034700
3193500
3238900
3203300
4993200
4221800
4240900
4202900
4200200
3863200
3076600
3057700
3081300
3049700
3061800
3060600
3048100
3032900
3059200
3040300
3076900
3065100
3054900
3023600
3042600
3080600
3080200
3065900
3123400
3110800
3228200
3051000
3350300
3229100
3326100
3336600
3035900
3025800
3070500
3051300
3036900
3040300
3049800
3063900
3058000
3064000
3069100
3058300
3045800
3035400
3048100
3048400
3033400
3059000
3032600
3066900
3060800
3049500
3035400
3043800
3056000
3041200
3040100
3038700
3041400
3052900
3029500
3072400
3025900
3051500
3050700
3040500
3034900
3037700
3056100
3040800
3052000
3051700
3077000
3027400
3072900
3062400
3037600
3063200
3042800
3043700
3041700
3037500
3053500
3066100
3131500
3034000
3210000
3042400
3022900
3027700
3061300
3077500
3027100
3030200
3034500
3074800
3054800
3057900
3052700
3048600
3038000
3067700
3057100
3052800
3069500
3045000
3037800
3029600
3093200
3025500
3071200
3044200
3043900
3166200
3935600
3188200
3204800
3142300
3229800
3235000
3148400
3160700
3025100
3036100
3076900
3051800
3061600
3024500
3049800
3050700
3063100
3057800
3028000
3058900
3469600
3584700
3590000
3271900
3067700
3029900
3057700
3025100
3054100
3029600
3022100
3088300
3151000
3184100
3082100
3250500
3049400
3198300
3552400
3048700
3056200
3058100
3170700
3052400
3050600
3063500
3088100
3128300
3132700
3051500
3092200
3145200
3067300
3041700
3045200
3164300
3252700
3041200
3060100
3135500
3042300
3055000
3173600
3024300
3065700
3033700
3054400
3054600
3085400
3053600
3036400
3043100
3035300
3071600
3065400
3066500
3022600
3094100
3032900
3040200
3042600
3396000
3313900
3204300
3253500
3246300
3269000
3255400
3097900
3226200
3337600
3471600
3081100
3066100
3077000
3035700
3050700
3032000
3039600
3032700
3067600
3075500
3052800
3062700
3069600
3310500
3380200
3627600
3724100
3482200
3614900
3638700
3052300
3044200
3040800
3117100
3094800
3672000
3024700
3077900
3038000
3026300
3055700
3051400
3052600
3036900
3033200
3029400
3097800
3078200
3033500
3050100
3024300
3051800
3030600
3061200
3065900
3098200
3060400
3040800
3063700
3039500
3060600
3054000
3042200
3041100
3129700
3080300
3029600
3051400
3077700
3070000
3058400
3044300
3052300
3082500
3061200
3054800
3035900
3107100
3065200
3055800
3042900
3112900
3089300
3062700
3150500
3050200
3124200
3029600
3044600
3073300
3083300
3075200
3048200
3051900
3081800
3065100
3062600
3039300
3083700
3028600
3060500
3060300
3043500
3072200
3066100
3048300
3042000
3049800
3042200
3063300
3059900
3073800
3073500
3065000
3030900
3041600
3033300
3097200
3053300
3059900
3027400
3063500
3059600
3039300
3050400
3037100
3066900
3065500
3032200
3046500
3055100
3024900
3041000
3052800
3052200
3046500
3075900
3044100
3043400
3056500
3078400
3041200
3045600
3054800
3081400
3041900
3024300
3055800
3072300
3054300
3042600
3612600
3068900
3058200
3058800
3034300
3050200
3081700
3044900
3044600
3035500
3085800
3050100
3041400
3027200
3082600
3050600
3025700
3056900
3047800
3064900
3062600
3026300
3063300
3071200
3075900
3049100
3074000
3040200
3037400
3064900
3077200
3052600
3040500
3071600
3027700
3044000
3065000
3076300
3099500
3046100
3056600
3062300
3068700
3036600
3058500
3062000
3065600
3037800
3028600
3069900
3033400
3077900
3051800
3034000
3042800
3046400
3069600
3045000
3067500
3049200
3059300
3045900
3066700
3039900
3060500
3048300
3059900
3039200
3047500
3086700
3062200
3058500
3032500
3074000
3063900
3043200
3024700
3063000
3076700
3035600
3057100
3089100
3089200
3029100
3032200
3063900
3033800
3083000
3040800
3043200
3067400
3080100
3025000
3026200
3056400
3062900
3055500
3057300
3030100
3046800
3070000
3052200
3409600
3820200
3617900
3734800
3337200
3261900
4054000
4249800
4285500
3724400
3228900
3242600
3090400
3072000
3040500
3636600
3174200
3112600
3039800
3042200
3163200
3110300
3069800
3037300
3081200
3032900
3045300
3070400
3049900
3045600
3031600
3223800
3194700
3130500
3228900
3240100
3426200
3215100
3312000
3276500
3066700
3061400
3042700
3047300
3061600
3030600
3226500
3442300
3756800
3683800
3410400
3746300
3793800
3049800
3078700
3083400
3055700
3074400
3059600
3044800
3049900
3024900
3042800
3041400
3054000
3053500
3031800
3050000
3044100
3077300
3061700
3038000
3033600
3102700
3036000
3049700
3072200
3081000
3069200
3061700
3069800
3049300
3067700
3053200
3081600
3072700
3094400
3072000
3068200
3057100
3075100
3038000
3060400
3031300
3053700
3081500
3069100
3063200
3047100
3501000
3062700
3042200
3082300
3124200
3082700
3070300
3041200
3040800
3069700
3024700
3036700
3070700
3059600
3068700
3055900
3050400
3073700
3040900
3055500
3099600
3068500
3038600
3114000
3075800
3032800
3060400
3052700
3085900
3063400
3042600
3025100
3034600
3615500
3057300
3055200
3052500
3069400
3035100
3081600
3058800
3067400
3068400
3030100
3078000
3049200
3044700
3063000
3070700
3224100
3159000
3214700
3196600
3262400
3281400
3240200
3219700
3160100
3044100
3058600
3035900
3069900
3039500
3049000
3034900
3041500
3217200
3191400
3262300
3193600
3262000
3218200
3124300
3250100
3259400
3120300
3028700
3066200
3072800
3035800
3064200
3055000
3047500
3057600
3047700
3026900
3032200
3038500
3501600
5248200
4242200
3074900
3043700
3085000
3079600
3079500
3074200
3029500
3064700
3123400
3098300
3055200
3040100
3061800
3067900
3098900
3086300
3083300
3121700
3061800
3114300
3031100
3066500
3048900
3101700
3057600
3059200
3081600
3052800
3059500
3030300
3050100
3037100
3071300
3068800
3035600
3220300
3092600
3054700
3036000
3067000
3076300
3023900
3045100
3044300
3068100
3065800
3031900
3064500
3086800
3369200
3178300
3069300
3044800
3057800
3104000
3087500
3067300
3750700
4394500
3054900
3066400
3307300
3053800
3153500
3059700
3090700
3046600
3055200
3071700
3059300
3083200
3044100
3042800
3040200
3123000
3044600
3037400
3076000
3034500
5068600
3625600
3056800
3259400
4082300
4090800
4076300
4130300
4085500
4081000
4079200
4083600
3050300
3024900
3062800
3032300
3036600
3027800
3062400
3089100
3037400
3063900
3059800
3081500
3057000
3053000
3077500
3043900
3081300
3023300
3041800
3043700
3051000
3076700
3022900
3045800
3034200
3099500
3037000
3063900
3054600
3066300
3044300
3055000
3064200
3025800
3066700
3050100
3053600
3092700
3221700
3275900
3783700
3813200
3346800
3818700
3912100
5365800
14570600
8006800
4098900
4151000
4112100
4090600
4085600
4106100
4075600
3459800
3058400
3081100
3059500
3077700
3028100
3080000
3034900
3052300
3028800
3058600
3055600
3038100
3069100
3078700
3125200
3035100
3137300
3041400
3070900
3066600
3052500
3066700
3065900
3044200
3036900
3039800
3065600
3031600
3605700
3067900
3080300
3032000
3028600
3028900
3041600
3054600
3067500
3074200
3051100
3048500
3042700
3054400
3045400
3050900
3034000
3021500
3034600
3087000
3029800
3056100
3063700
3069800
3041400
3069900
3027000
3028900
3225900
3267500
3312100
3325200
3183500
3290800
3316400
3264200
3287400
3350700
3399800
3120400
3046100
3030100
3054800
3037100
3040000
3059000
3137300
3036900
3048500
3066900
3040800
3038600
3048100
3035900
3049300
3054700
3075100
3044300
3049100
3389200
3217900
3397300
3082500
3064900
3049100
3049500
3033600
3078600
3079500
3047200
3059100
3046400
3033600
3042300
3038100
3025900
3073700
3055100
3061400
3042500
3046400
3043800
3041400
3059400
3038800
3077800
3044700
3052700
3040200
3058400
3056600
3059700
3036400
3064000
3069900
3044400
3035300
3026600
3081500
3030500
3049400
3043100
3056000
3074100
3026200
3048500
3033100
3148400
3060900
3034000
3159800
3067500
3034500
3155400
3138400
3072800
3707400
3069000
3089100
3151000
3132500
3055500
3083000
3160700
3117700
3073900
3062700
3063900
3045100
3076700
3072600
3069700
3065800
3067000
3072000
3099000
3060700
3044200
3061800
3073200
3057100
3051000
3061700
3082400
3064200
3065100
3054200
3069700
3071600
3058000
3049300
3061100
3081400
3052100
3055600
3050800
3077300
3042100
3053600
3062400
3056600
3054200
3050500
3062500
3057400
3120000
3082300
3030600
3061300
3057100
3069300
3033000
3038400
3042800
3072300
3120900
3037800
3058200
3066100
3069100
3031300
3018800
3050800
3047200
3062100
3042200
3062400
3058700
3023300
3064500
3072800
3067500
3158000
3040200
3044600
3030800
3076700
3139100
3037800
3044000
3054500
3183800
3047600
3087200
3037800
3063600
3124500
3055200
3031300
3039500
3092400
3151200
3058600
3070900
3043600
3126200
3054900
3097200
3057800
3081700
3138200
3044300
3218000
3259000
3787900
3698300
3515300
3825600
3782400
3091600
3082900
3123300
3036700
3690700
3028500
3069400
3037400
3043900
3034500
3058200
3056500
3026700
3038200
3042500
3049400
3050400
3040600
3051000
3037300
3180700
3221500
3186000
3209000
3240000
3251100
3333200
3258500
3242900
3063600
3058700
3041100
3073000
3043300
3039700
3077200
3028100
3057500
3040600
3048000
3024400
3060300
3025700
3032100
3069900
3055700
3045200
3036200
3044100
3040300
3043600
3061600
3067900
3046300
3062700
3211900
3178200
3243900
3246500
3439900
3441400
3229600
3172000
3227000
3413600
3386200
3065000
3067600
3055700
3038600
3056600
3069700
3089200
3038300
3070700
3064700
3038800
3050400
3068900
3028900
3033900
3062700
3061200
3037000
3092500
3182100
3215100
3188000
3222300
3236800
3275400
3074700
3043300
3047700
3050100
3047100
3043600
3613500
3497200
3622100
3736300
3064000
3076400
3054800
3058400
3025600
3049900
3044600
3034900
3045500
3038300
3291900
3339000
3045700
3026800
3155700
3149200
3060400
3056400
3044900
3636300
3044400
3022700
3103900
3101700
3045700
3033900
3032200
3028900
3028100
3050600
3058400
3070300
3059900
3057000
3053000
3072000
3066400
3026600
3046200
3048900
3114500
3040900
3056300
3077400
3066700
3052000
3031500
3046900
3062000
3031500
3056500
3041800
3083200
3047000
3032600
3031300
3082100
3066100
3033600
3047400
3090700
3028200
3036000
3025400
3054500
3084300
3056600
3061800
3037600
3082900
3099000
3070700
3060400
3077900
3034400
3056100
3033000
3061300
3056700
3046700
3044700
3029200
3034000
3033800
3071500
3065100
3062700
3050700
3051500
3036900
3071200
3021100
3071300
3069300
3084000
3022000
3050300
3113700
3059500
3041800
3039000
3066500
3062800
3062000
3026000
3028200
3105200
3061700
3045500
3031700
3128000
3059400
3023100
3061100
3067600
3099900
3023700
3039500
3032200
3062500
3338800
3155700
3246700
3222400
4281000
4233000
4245000
4493400
4167000
4084700
4098600
4107300
4089700
4142100
4089000
3062100
3584000
3056000
3061900
3042400
3031900
3063000
3040500
3054800
3052300
3066900
3067700
3057300
3060300
3053200
3050500
3055300
3034400
3019300
3086500
3051500
3040900
3040700
3041100
3049800
3052600
3073400
3090000
3067800
3323300
3804000
3789000
3742800
3810600
3797900
3492200
3132100
3138000
3301800
3224400
3262300
3269200
3112200
3061600
3033900
3119700
4092800
4074400
4098100
4077900
4085900
4124300
3079900
3046200
3047200
3042500
3170700
3080500
3049300
3069900
3040000
3849200
4085800
4087900
4108900
4099800
4097700
4068900
3106200
3075600
3045800
3054100
3089000
3066500
3031800
3056400
3083600
3028000
3060400
3034100
3163000
3058900
3047500
3053100
3046000
3082300
3037700
3065300
3039700
3056800
3057500
3031500
3056400
3074100
3060400
3027700
3023400
3091000
3036600
3072000
3052800
3027400
3091700
3030400
3060600
3023900
3074000
3049200
3069100
3031200
3041800
3070100
3096100
3056500
3053400
3031600
3048800
3036800
3624400
3068300
3087400
3083400
3031100
3197400
3065600
3074600
3258300
3126500
3035600
3062700
3075400
4903700
3315000
3235200
3116100
3062600
3247800
3108800
3028700
3072500
3028000
3078800
3039800
3098000
3037600
3032600
3069500
3072000
3046200
3034100
3068200
3040900
3034000
3053900
3028500
3077900
3058400
3063200
3037300
3029700
3079200
3058200
3041900
3040700
3490800
3774000
3667600
3888800
3443500
3058100
3048200
3164500
3049600
3067900
3035500
3065200
3073200
3024900
3034200
3032100
3038600
3030400
3027800
3065600
3045600
3074400
3042900
3073100
3085300
3053500
3041700
3042300
3064200
3067700
3068500
3069300
3078600
3091800
3065300
3046800
3057700
3094600
3084600
3035400
3052700
3023700
3072000
3032900
3032300
3061500
3029900
3090400
3028600
3061800
3025400
3062100
3064300
3044400
3061400
3062300
3187600
3158300
3222700
3210900
3229400
3092500
3038700
3166200
3331400
3161000
3041000
3210600
3066100
3031500
3613000
3022400
3059300
3070200
3080700
3050300
3064600
3093600
3054100
3034800
3024700
3062100
3075600
3061500
3041000
3043900
3064800
3323000
3231700
3210300
3090400
3038200
3039100
3058200
3060700
3061300
3049900
3028600
3051100
3060200
3206000
3175500
3192800
3207600
3218500
3217000
3238600
3198000
3200000
3051300
3052000
3032400
3049300
3039300
3026100
3060700
3054200
3083600
3036600
3069100
3070100
3063200
3028800
3043100
3047600
3060000
3040100
3027000
3033100
3072600
3053500
3054400
3060700
3065700
3079800
3036900
3037000
3035000
3313300
3640800
3803000
3464700
3663400
3709400
3299000
3071000
3087700
3067500
3058900
3032700
3032100
3080800
3071100
3042500
3056100
3067600
3049400
3026800
3068400
3087900
3035500
3104900
3042600
3051100
3067200
3068700
3058700
3102600
3116400
3065400
3035500
3041900
3054700
3067900
3072100
3077500
3114100
3033000
3046600
3045700
3056600
3022300
3069300
3043800
3060200
3070600
3033800
3598200
3042100
3069700
3024700
3063700
3033000
3118200
3199500
3392000
3041300
3066800
3185700
3499400
3187400
3066800
3074900
3095600
3043200
3075700
3076700
3056200
3050200
3066300
3047000
3051200
3030300
3044500
3061400
3068300
3028600
3050800
3038500
3035900
3087200
3053700
3060400
3057700
3059300
3058800
3032300
3054500
3165700
3126400
3035200
3042900
3058800
3035200
3060800
3050000
3055500
3036800
3043100
3028800
3068400
3056200
3038400
3058600
3065400
3090400
3076600
3038900
3048200
3047100
3070600
3068100
3049000
3036800
3022400
3053400
3046400
3064600
3080900
3039400
3073400
3037800
3065500
3046800
3083100
3037900
3070600
3030600
3043000
3035000
3061300
3045000
3045100
3049600
3087100
3039900
3050500
3047400
3061700
3049500
3058100
3031600
3035400
3060800
3029000
3060100
3028700
3073600
3022900
3059600
3057700
3033300
3201000
3208200
3191000
3152700
3181100
3219500
3189100
3225000
3235400
3198600
3222400
3655000
3060500
3030700
3059000
3064300
3061000
3083400
3065600
3036100
3031900
3064400
3112500
3077700
3064000
3029200
3076800
3072800
3072500
3359400
3716000
3385600
3693200
3081500
3294100
3215900
3254600
3064900
3048300
3035900
3060000
3048300
3067500
3046600
3076800
3053400
3063300
3033500
3041600
3055700
3062500
3068100
3068700
3071400
3043000
3064200
3070200
3068900
3044500
3045600
3131100
3090100
3034000
3071800
3079200
3104600
3052300
3046000
3063800
3036900
3118200
3129700
3058200
3039500
3066000
3063000
3052400
3062200
3689500
3157500
3116800
3071900
3064600
3023500
3068200
3042500
3079500
3029700
3064300
3060300
3080900
3074400
3041400
3064700
3057300
3059600
3035800
3065800
3043700
3077000
3054900
3036000
3061100
3073200
3066700
3073800
3068900
3055100
3048500
3064300
3067700
3068200
3056300
3029200
3047700
3052500
3079300
3061400
3048600
3073300
3076600
3068500
3036100
3151100
3326200
3580800
3714700
3408900
4383900
3704700
3114100
3031800
3185500
3033500
3043600
3055400
3090400
3044800
3053300
3043600
3090500
3058600
3066600
3043900
3068600
3126800
3052200
3071500
3098600
3078600
3073500
3059900
3200100
3182300
3073100
3119800
3158900
3112000
3061900
3180400
3076100
3063200
3078800
3085300
3072900
3110300
3094600
3048900
3183200
3079700
3072900
3034000
3041500
3047500
3038700
3069000
3038600
3049500
3058700
3057700
3028900
3064400
3064500
3021500
3079000
3076100
3060100
3051600
3076500
3039100
3078700
3058100
3035100
3050500
3034400
3080600
3067500
3065200
3076200
3049400
3066500
3060500
3268800
3158600
3148600
3199400
3170000
3180200
3202600
3160900
3340400
3178400
3284300
3224400
3076100
3062800
3048700
3043400
3027300
3061500
3031000
3051000
3030100
3048600
3083300
3041900
3056600
3057900
3054300
3034500
3040100
3059500
3115000
3253800
3290400
3336900
3104000
3028600
3037600
3056700
3072100
3073000
3056600
3030700
3638000
3050300
3026400
3081700
3076500
3053300
3040100
3072300
3039200
3045200
3162800
3040400
3049400
3055600
3058600
3051000
3042800
3085700
3046400
3056800
3067700
3075000
3070600
3086100
3070000
3050100
3091500
3066800
3050000
3071700
3064200
3089000
3084200
3053400
3075700
3039600
3042200
3034100
3083600
3075700
3059000
3037200
3075900
3036800
3057700
3047500
3073800
3080400
3078200
3051700
3036500
3068100
3061700
3197700
3186200
3200100
3226400
3253800
3293500
3267300
3217000
3190200
3033700
3221100
3053500
3054700
3060200
3066800
3073100
3085100
3064900
3040600
3064000
3071600
3060600
3061200
3051300
3082800
3072500
3076800
3077500
3040400
3102400
3055600
3060400
3063500
3058700
3246400
3067700
3073100
3050500
3178700
3501000
3059900
3055800
3102800
3102600
3046300
