7
197
137
238
22
274
354
315
468
45
765
100
268
646
616
145
121
332
709
7
695
679
1172
960
117
653
6
443
59
614
52
435
187
447
85
1067
250
95
583
81
181
639
483
52
71
296
117
938
196
633
454
352
149
17
294
499
511
577
239
11
370
1694
63
101
1815
488
66
237
230
87
158
686
255
236
533
703
127
75
4
673
1013
414
36
668
142
1129
212
1001
53
83
198
163
58
698
8
317
82
636
363
25
157
224
536
497
168
231
300
64
71
381
17
1744
527
328
336
11
55
25
408
938
805
258
47
508
812
268
273
873
676
11
59
336
127
808
190
553
859
38
122
317
64
129
556
8
20
51
15
750
146
652
33
234
656
716
815
138
738
242
243
1575
402
140
666
76
182
40
989
516
132
23
1040
1249
9
1632
249
261
993
363
856
586
292
322
73
12
142
171
237
469
692
428
2253
323
2349
402
443
394
218
304
495
55
124
57
31
260
390
25
348
741
166
312
466
10
509
1395
246
248
403
303
367
82
730
1269
225
316
549
1841
365
56
1003
387
107
684
8
118
1312
142
208
284
62
346
235
33
243
24
155
357
416
257
883
848
119
679
418
426
160
649
29
545
302
626
793
149
111
51
51
62
451
167
28
358
29
269
439
529
37
199
160
46
693
292
218
622
276
263
151
229
506
9
267
472
617
61
509
261
1223
490
173
223
334
144
41
473
290
351
281
394
426
402
497
71
203
232
178
39
357
393
4
269
193
425
243
913
202
34
151
841
499
67
67
125
103
308
196
28
36
249
327
176
104
195
160
483
91
499
191
1
289
540
22
48
116
334
340
692
1360
573
437
87
149
48
886
611
165
11
704
330
136
172
241
49
586
942
552
408
543
700
52
1123
331
278
25
215
153
214
390
261
239
49
176
886
243
316
488
1644
260
51
1011
92
291
123
184
490
189
767
677
50
1192
70
134
283
88
627
581
1614
714
468
1034
109
90
389
397
175
909
107
9
19
683
179
167
921
6
303
362
662
78
1128
71
778
2173
702
25
128
438
130
144
126
18
62
1025
342
173
112
311
440
836
81
200
23
19
331
287
266
933
788
672
182
321
202
746
90
197
392
159
437
356
28
755
48
1
171
102
1466
258
61
122
411
47
975
251
635
856
80
78
129
762
314
32
68
145
4
291
127
40
209
166
11
122
1405
221
239
1534
128
655
242
541
325
538
685
165
128
137
251
288
10
241
140
797
427
387
211
1325
194
346
256
195
745
451
121
198
1421
941
231
1045
245
327
114
101
1087
101
500
869
323
192
43
299
209
303
859
185
380
24
25
2555
2113
476
473
6
227
99
120
697
915
4
675
399
1245
11
156
642
711
226
92
103
440
329
754
183
358
370
579
198
749
964
15
320
639
86
479
44
178
926
689
217
25
26
193
370
54
168
74
464
874
25
644
124
127
295
71
656
5
144
290
99
585
851
445
880
312
351
1093
99
67
32
170
198
93
151
591
353
714
355
747
116
460
305
46
419
154
482
552
215
117
531
330
200
217
642
408
349
710
70
312
1412
514
575
121
625
705
1078
11
113
799
949
176
629
729
11
19
129
64
103
529
79
223
36
536
116
182
198
307
54
115
371
222
327
8
433
70
505
181
183
171
55
166
213
569
666
244
117
278
831
1355
193
630
310
349
420
26
52
99
99
46
196
3
287
478
673
364
117
61
591
223
527
1226
23
18
1071
173
332
822
1107
649
18
592
285
638
558
1351
269
327
186
98
436
69
382
7
310
226
54
39
383
55
375
558
156
118
607
282
347
10
223
32
183
314
37
74
72
120
624
323
1112
368
144
1057
51
139
972
111
855
215
318
201
1403
514
125
606
428
12
559
770
189
41
621
33
129
157
6
823
610
86
390
657
124
1562
110
1172
227
42
972
444
157
726
53
925
82
223
34
162
278
740
556
1170
383
348
259
958
333
134
279
1015
282
1385
1655
112
3
55
1002
176
568
125
363
549
235
259
1
262
49
1665
336
813
282
98
280
646
403
865
188
135
327
501
268
357
445
538
235
405
182
163
247
26
303
819
58
100
866
423
590
261
590
110
224
125
18
285
894
210
276
6
66
34
21
281
815
187
847
78
178
232
141
98
38
641
725
1531
245
195
60
118
221
90
273
129
370
205
333
124
482
1056
170
434
153
301
557
805
202
61
849
186
5
114
651
1091
283
333
204
873
585
155
62
181
66
263
333
146
323
40
672
876
35
345
369
45
385
170
353
125
244
811
315
205
107
3
935
59
190
20
271
423
207
1106
637
276
128
53
632
201
531
274
1251
444
196
373
136
142
23
61
112
217
437
1309
101
475
457
486
23
33
2032
487
237
392
30
410
1165
130
452
645
42
764
129
407
620
457
864
4
714
40
142
64
402
482
406
212
609
683
74
646
46
64
1331
304
176
546
949
135
257
1
41
665
674
261
82
1276
85
432
338
735
2041
15
318
403
1372
1378
935
52
16
43
402
186
178
215
160
276
612
159
447
135
662
373
1396
6
617
320
223
119
286
710
948
51
162
249
335
50
148
437
729
568
1923
242
300
229
961
102
44
8
901
691
2435
37
187
39
113
48
135
433
510
23
1163
236
794
44
529
538
29
125
815
54
510
959
378
429
255
350
90
183
183
396
941
484
66
732
259
1844
164
373
486
103
365
120
605
45
428
87
248
21
344
43
38
731
157
481
571
616
210
1028
179
293
448
209
3370
373
986
436
563
593
486
378
149
81
513
84
1742
121
579
3
537
229
723
212
376
613
95
1837
934
813
270
284
38
508
80
2
454
825
248
379
489
503
312
207
257
327
1280
848
251
427
15
273
119
121
58
22
667
68
8
133
225
103
678
179
1419
340
1969
370
111
162
293
6
817
525
45
206
166
73
35
97
560
87
130
140
236
184
271
560
51
20
49
154
978
387
558
42
773
131
59
1024
106
787
477
112
239
120
507
676
153
32
32
752
7
391
104
650
869
464
197
102
976
155
153
108
213
15
327
80
62
596
37
606
275
72
61
1642
547
402
1905
122
113
660
211
423
1954
100
109
429
425
437
146
222
203
36
1181
391
97
38
40
88
55
303
245
1699
562
153
452
91
606
474
1102
409
733
838
433
747
46
1109
745
237
9
668
474
1385
541
113
356
413
1048
1008
216
106
183
543
380
481
370
2188
144
630
1402
1322
187
13
79
314
644
701
184
12
310
72
129
127
445
411
392
9
331
86
308
832
466
279
429
365
138
381
1626
277
619
476
664
140
324
135
46
63
27
79
496
616
1187
53
414
586
817
279
290
111
157
350
537
549
167
145
1110
226
464
338
55
615
509
585
606
329
75
290
161
31
292
1080
160
201
1163
19
151
541
165
341
970
639
130
172
426
799
520
150
578
506
102
339
53
129
160
180
7
1100
163
291
96
51
217
227
404
134
442
864
173
159
513
266
886
1556
1320
287
288
47
484
112
359
267
80
270
1546
1254
405
1175
150
164
123
175
34
1551
280
508
1823
122
12
234
267
496
107
260
66
78
100
73
45
178
1606
296
436
566
245
68
483
12
518
194
237
488
206
2236
164
287
14
278
122
350
427
497
633
195
207
195
13
620
60
112
41
27
148
363
366
1039
58
421
17
318
425
25
498
452
332
334
414
121
530
41
532
25
360
394
2470
156
1371
252
384
883
585
624
105
125
222
7
14
198
15
6
308
244
804
894
47
3
345
397
433
346
663
339
3
249
16
92
374
71
268
146
728
256
201
315
433
1675
3
1023
378
140
80
95
306
160
82
1368
536
240
262
253
922
1383
307
102
904
368
366
620
55
117
46
476
148
392
903
2040
172
87
218
338
186
383
8
169
356
228
480
244
86
18
217
81
218
459
167
189
577
147
713
551
22
678
149
52
109
6
204
110
947
454
52
561
685
631
922
263
54
406
710
279
335
421
631
977
312
575
551
904
1055
1707
409
332
434
175
219
254
95
99
2
104
75
29
51
72
31
26
165
195
94
134
238
110
1
359
527
114
823
303
691
1345
412
359
1449
1003
105
650
48
188
168
551
181
373
117
25
128
121
872
19
302
176
316
245
255
212
482
143
483
1933
2808
427
38
80
118
932
845
239
60
524
1426
455
323
147
143
68
58
667
440
570
109
5
58
944
776
109
245
88
876
110
19
1352
117
159
192
314
648
1594
536
277
430
461
160
103
260
366
169
173
323
46
435
162
515
1138
3077
218
118
793
157
96
76
61
213
202
122
96
231
56
143
795
486
165
587
51
965
590
120
1225
164
249
1804
185
17
290
4
393
30
151
801
163
206
120
90
506
310
744
1833
673
17
383
633
77
139
194
556
342
333
147
987
258
157
305
559
69
494
23
215
716
457
163
727
326
590
328
363
97
44
193
26
168
57
598
127
282
320
6
2
429
616
583
14
96
454
266
212
207
804
164
450
419
163
439
336
178
331
870
235
394
624
128
418
404
9
630
725
132
1697
661
362
391
843
156
632
655
65
137
294
203
406
415
55
54
668
158
671
833
59
1634
758
228
396
30
512
229
213
941
176
228
1357
68
237
1674
149
92
112
242
88
201
514
1047
142
352
48
92
684
227
18
61
7
372
512
956
350
191
390
179
14
109
247
251
358
1020
340
639
325
103
910
321
44
534
73
352
363
5
382
412
1008
64
480
192
221
35
390
149
372
258
313
10
305
414
62
147
244
206
328
505
194
557
84
1
245
342
468
296
430
152
212
295
32
84
959
172
22
125
228
1539
778
204
1720
931
81
494
10
12
264
586
122
148
1418
401
87
522
174
220
303
48
11
556
117
747
62
264
222
289
735
251
346
717
1363
34
1026
208
169
543
82
1225
483
495
18
171
275
689
463
116
38
884
101
217
160
5
796
797
439
261
636
973
256
234
44
80
334
314
187
284
345
299
128
10
192
155
50
37
277
74
57
602
917
193
1510
204
640
90
246
264
489
767
784
483
551
137
190
385
450
344
114
163
239
218
110
48
175
414
377
67
969
291
483
92
510
357
41
673
296
32
447
304
151
161
1444
435
1192
1115
786
1908
943
228
670
288
783
2005
390
951
494
399
80
326
1727
193
36
90
10
10
70
142
26
202
1013
10
242
10
115
1232
70
92
197
207
183
485
465
31
244
78
426
106
84
919
704
196
80
1501
571
155
42
249
1199
2
183
359
174
51
470
99
837
1058
151
180
284
414
129
278
597
30
796
75
66
448
323
504
82
197
951
224
15
568
64
136
25
389
93
351
522
292
82
550
478
50
4
158
1066
725
55
66
19
616
239
17
1235
91
708
131
42
21
1021
750
1119
60
138
104
183
1203
105
459
23
115
392
343
287
454
40
124
71
764
781
689
336
8
764
455
800
378
1067
452
55
391
730
32
42
3
159
458
254
281
1515
1705
133
338
286
1111
223
78
311
357
573
601
179
130
76
495
152
699
958
574
316
61
588
354
75
91
297
65
249
1083
502
212
479
87
173
10
163
1124
445
91
320
7
132
162
11
303
766
386
223
12
154
420
1771
678
191
1
246
52
79
389
81
519
572
167
199
105
473
151
984
63
251
613
388
597
351
577
109
343
493
1202
88
31
1015
266
975
738
509
580
601
28
92
16
714
2568
299
283
24
404
427
57
146
223
359
2338
500
458
122
514
15
1044
151
186
644
571
280
116
38
397
238
147
410
645
227
218
361
120
424
627
1076
434
39
82
18
147
37
31
1141
410
132
824
62
45
72
977
377
101
606
79
707
127
306
340
56
656
758
369
124
606
89
301
565
12
753
444
1
1
275
657
47
194
875
723
406
497
140
179
575
551
742
71
73
770
550
315
387
1256
268
202
155
251
401
494
400
254
35
1214
216
518
6
53
528
403
723
210
308
662
68
259
170
1556
234
43
131
117
707
171
766
584
732
254
687
494
142
160
236
764
219
1175
836
40
720
205
2076
113
279
109
767
549
337
95
1216
58
422
325
289
574
69
167
516
568
399
1728
272
358
278
459
408
514
1137
320
20
250
178
341
545
1043
555
441
259
403
163
261
179
510
284
6
478
514
153
289
555
458
910
59
8
333
540
98
327
39
211
332
208
26
83
28
581
357
1290
159
739
425
821
712
121
141
693
94
643
1039
149
294
16
364
702
685
371
112
23
188
306
346
1095
176
38
667
245
204
471
625
467
57
363
678
391
200
152
176
285
36
321
160
77
390
184
155
122
97
187
679
60
839
505
335
104
736
360
3
1007
366
50
245
138
653
809
137
236
251
535
954
471
2
2
171
716
681
322
210
1033
974
325
73
107
1041
147
227
1728
163
279
132
154
1113
94
135
125
14
427
2
445
668
406
151
369
541
454
653
1488
305
69
210
214
49
1138
817
1252
1446
373
948
158
122
371
17
289
752
1024
388
387
263
410
51
610
1082
349
242
66
1708
127
219
607
717
22
39
40
528
314
60
604
895
119
161
310
337
23
234
295
378
265
1
106
379
550
536
130
188
127
129
676
424
474
906
42
98
583
406
14
167
496
579
115
1901
747
309
146
206
54
888
250
390
372
406
122
543
739
920
416
621
671
864
359
692
108
172
19
173
256
224
297
34
319
102
26
59
150
261
990
576
378
1251
674
211
264
26
174
47
877
106
183
134
197
429
395
679
230
450
752
99
497
53
311
96
256
467
682
159
227
144
173
83
79
317
281
1
114
212
4
226
196
496
146
99
19
324
413
1026
225
161
302
224
145
1608
867
9
697
222
573
661
3
331
148
90
1594
148
369
208
510
296
312
176
292
257
66
119
267
701
172
1272
280
273
206
76
559
22
308
9
895
316
324
37
468
256
455
966
57
169
2278
1105
1
336
659
336
212
79
1376
205
173
981
293
296
1342
125
494
620
621
372
429
331
153
480
360
429
477
627
1911
142
2224
265
798
472
368
44
571
31
1127
206
1978
338
168
314
181
157
200
739
8
543
169
592
175
41
68
384
224
503
153
1243
63
160
1751
17
727
374
211
411
720
1487
21
2324
510
56
30
172
144
143
253
27
427
432
266
451
1658
880
16
20
49
59
878
109
865
716
1069
503
460
323
178
826
2079
341
495
62
1194
479
390
272
132
364
308
146
134
23
273
464
100
500
974
301
16
843
31
172
540
80
575
441
217
8
401
568
510
654
245
26
438
863
40
87
995
289
3
100
252
312
144
9
255
3
79
900
410
167
44
442
234
125
60
230
2594
113
598
196
121
6
753
302
2223
157
90
310
624
94
642
534
39
916
404
128
367
2328
773
39
131
13
1194
682
21
4
407
227
1817
178
319
21
159
158
915
363
547
292
44
889
405
772
325
608
71
362
51
637
672
62
83
347
117
1260
117
256
733
22
1878
296
63
325
264
343
267
49
701
164
198
309
286
53
216
412
546
547
238
1043
17
13
217
935
115
325
151
351
513
375
255
973
182
15
63
204
120
215
390
31
149
473
897
59
46
62
836
1044
27
105
264
219
1153
328
118
128
318
34
158
178
98
154
231
764
902
162
477
13
1888
1132
330
215
435
193
672
626
196
184
240
18
356
168
465
139
379
108
83
154
8
276
209
1068
602
1545
86
538
94
458
345
57
351
192
171
770
227
128
42
130
541
1286
23
75
1422
11
1055
261
1347
156
95
291
174
149
245
175
238
326
346
213
1076
444
463
451
583
60
543
734
59
484
37
837
504
429
927
1
660
503
797
305
309
345
1041
1065
1641
521
553
44
277
393
472
532
82
520
336
271
398
451
28
68
254
354
366
2069
343
316
85
201
127
16
88
154
142
762
96
358
358
289
175
102
1139
26
146
238
164
976
56
51
1659
427
106
397
231
14
921
76
732
614
277
831
435
71
65
66
28
329
258
222
1124
298
154
75
1122
77
722
149
116
588
736
343
332
650
775
749
174
286
383
649
503
1468
704
711
426
5
214
323
151
108
614
2516
292
19
83
733
596
279
34
298
407
333
85
229
79
175
742
1173
751
120
107
220
1128
107
2
701
141
390
340
26
242
105
444
94
120
243
840
370
31
146
889
784
225
55
977
370
304
323
253
346
150
396
2
291
124
697
167
334
348
1004
267
67
95
641
220
392
254
45
880
242
1113
478
645
20
1068
556
286
340
2215
1209
381
240
128
245
1128
95
361
1034
813
48
115
45
184
693
1057
113
536
1090
874
1076
161
66
47
138
343
403
47
55
779
12
185
179
159
687
255
1172
1188
104
18
144
216
359
185
23
27
85
308
1426
43
304
404
3
414
994
646
191
300
463
418
145
675
284
253
741
83
686
119
1114
63
210
1608
111
2233
249
340
405
29
919
157
235
274
1168
307
785
479
1237
280
583
220
777
163
920
83
624
24
810
438
66
80
23
54
73
50
187
149
1044
781
389
56
320
32
538
474
112
1117
119
1334
60
466
245
216
959
539
785
122
176
535
145
850
347
301
172
242
189
44
984
152
231
368
553
145
383
162
667
274
327
120
133
143
561
593
364
178
776
578
212
698
672
964
68
231
587
1248
309
247
964
696
254
1256
218
95
886
137
85
363
719
434
1489
43
93
494
165
66
69
16
493
356
459
1677
83
215
410
498
16
372
287
421
1643
94
491
32
139
261
351
1790
244
497
59
339
712
679
971
1556
43
237
312
133
849
254
55
531
1313
748
753
145
197
223
331
9
2027
1129
76
437
112
535
494
32
98
70
90
825
2197
972
8
94
498
549
644
130
142
858
57
101
1570
436
41
19
85
257
52
56
369
197
47
459
215
1258
526
191
1565
787
1219
873
90
359
1056
295
35
45
1521
360
60
17
268
1108
358
20
36
302
1393
208
18
48
158
387
261
264
41
652
10
1517
336
717
88
829
264
215
1714
319
191
250
6
859
755
1057
109
65
1224
407
565
1519
13
1978
594
802
474
474
1031
45
50
113
11
664
162
1297
638
87
29
191
670
1003
358
228
233
35
52
740
1287
98
1145
296
102
59
685
2752
76
573
543
499
186
1760
2124
171
1765
239
62
96
178
504
434
149
355
612
97
125
75
970
1207
7
64
123
209
138
96
341
122
281
206
72
812
49
418
95
92
225
561
825
37
25
404
1181
155
339
789
40
144
342
139
227
140
336
469
849
352
91
371
129
659
383
175
370
34
185
53
401
266
17
108
204
550
1153
317
978
198
78
193
54
1927
261
337
973
363
130
212
211
299
38
194
189
32
359
480
220
152
19
297
77
224
184
636
49
568
307
1066
584
66
275
512
189
435
198
1247
507
43
502
698
379
751
60
482
867
280
608
546
137
687
406
198
126
428
1171
306
664
124
679
82
557
612
330
757
128
53
358
413
45
593
203
93
56
262
122
237
97
1088
248
6
30
111
1695
21
321
669
406
161
243
137
44
3
769
371
170
484
292
1152
747
190
119
547
439
424
473
462
1162
333
594
59
962
51
259
1016
65
422
377
313
517
44
164
17
131
127
107
214
218
1108
174
329
358
116
141
117
235
230
486
127
183
777
910
94
452
253
1
29
184
238
643
127
117
266
103
191
93
29
449
604
128
111
17
14
510
939
1118
163
156
70
331
708
445
141
274
140
28
1092
330
351
248
1421
848
459
94
133
147
33
703
932
173
1577
30
523
716
298
46
39
83
92
320
458
267
78
183
8
690
1480
629
672
108
278
541
175
150
147
294
448
152
146
77
390
36
159
118
542
476
187
82
365
50
426
33
394
206
56
1973
523
385
77
888
73
123
526
236
53
51
928
542
434
195
545
49
1164
721
1166
465
1415
752
14
568
115
1068
101
19
109
499
191
23
143
145
123
119
170
78
86
182
31
275
635
93
726
149
1132
694
1766
253
36
506
139
429
37
164
529
354
245
238
250
235
261
469
375
917
188
226
771
343
1514
406
534
495
10
389
597
247
388
403
155
814
305
373
67
200
14
134
815
509
33
64
1318
184
51
660
84
208
399
878
223
227
409
537
1439
470
596
5
132
213
74
189
70
84
411
225
197
82
173
132
301
186
41
27
510
620
306
338
1213
569
28
282
146
372
470
27
459
147
91
349
592
484
250
17
91
158
141
213
261
120
1275
123
108
1325
654
325
140
46
226
181
30
178
1379
62
22
1035
233
166
147
2
235
732
4
1160
849
414
95
55
965
74
276
102
324
218
290
362
1194
32
58
742
6
64
350
1002
658
264
47
502
126
30
964
259
1135
44
90
491
121
558
1448
307
119
235
296
499
432
809
378
1287
478
562
648
1564
541
1926
485
32
726
196
425
29
266
312
139
48
452
84
28
263
58
53
485
948
216
914
326
4
45
84
83
534
416
419
427
827
433
425
157
188
24
199
26
652
562
106
95
26
373
490
358
244
742
84
133
24
119
240
1590
206
543
347
332
502
401
984
498
165
429
152
165
569
1637
810
283
177
132
75
79
198
235
69
791
652
653
472
99
80
118
204
334
32
348
426
893
188
716
95
110
267
432
168
48
733
6
567
38
73
1047
831
134
406
168
923
88
125
96
955
868
326
353
271
206
315
545
538
133
922
499
139
290
172
485
773
264
256
1001
959
487
498
1014
1279
543
296
38
121
5
707
215
358
125
56
147
30
180
158
230
1040
1183
216
1220
972
29
96
255
735
74
992
688
144
294
202
688
696
109
1116
364
191
307
178
568
287
459
114
1089
474
142
77
125
320
18
272
58
448
250
550
350
161
132
85
402
9
161
292
63
85
504
168
367
131
32
478
166
1214
669
232
459
287
40
217
269
195
490
655
540
212
378
70
777
197
83
189
480
479
380
1993
80
160
346
68
78
767
127
735
41
179
97
6
204
70
729
75
558
31
1128
134
124
342
722
869
90
360
171
360
314
122
238
273
470
66
113
1085
32
269
118
61
210
563
35
163
33
224
352
814
220
940
18
33
259
177
1088
43
752
324
188
471
93
290
640
336
43
1665
172
130
162
261
97
1088
378
698
211
32
505
1349
342
889
915
225
124
107
64
336
1074
564
226
582
72
115
324
127
75
1722
114
531
520
146
912
296
188
322
141
84
122
342
96
72
245
61
32
23
763
104
301
302
454
259
475
129
234
757
215
494
67
12
257
279
1060
58
233
536
142
137
549
620
936
34
699
45
48
86
268
614
236
362
813
239
613
722
530
100
1433
588
188
213
793
49
252
531
265
623
213
60
379
168
951
568
30
267
104
36
144
284
431
257
62
442
94
702
387
207
210
106
1417
251
179
148
39
449
67
573
127
210
271
21
300
506
708
524
23
720
588
357
880
19
195
213
503
54
605
60
132
1534
406
83
429
627
528
345
446
541
1692
143
385
251
87
20
139
124
737
800
2194
435
254
141
2677
260
1230
102
224
310
91
589
173
613
966
36
1491
96
223
126
1090
165
330
625
546
18
391
29
311
976
158
771
751
329
598
40
65
835
470
424
314
164
167
1078
361
1036
306
132
760
115
77
3
207
971
1541
25
92
554
258
123
561
202
1026
255
627
1281
320
180
761
585
1419
526
772
584
781
560
45
255
172
420
1932
214
503
64
101
44
14
599
1094
1841
659
12
24
509
95
185
512
886
182
15
318
963
516
148
18
44
118
38
231
8
295
94
46
251
14
234
476
1317
1535
81
7
651
153
574
438
43
131
100
560
54
28
1537
615
228
71
397
23
135
566
885
344
441
689
56
850
596
895
422
225
718
456
1119
685
436
8
292
374
42
442
65
189
106
120
459
255
510
2
366
345
1055
1602
186
402
545
76
806
214
537
28
131
207
260
155
2220
114
752
32
34
1079
1042
848
124
126
1906
1288
980
217
71
88
498
146
103
415
495
290
362
1514
304
42
512
160
176
36
176
131
62
138
9
835
41
565
667
1268
288
456
38
85
1161
394
12
192
360
2
382
58
700
246
194
215
683
658
252
1269
9
21
141
927
10
267
157
332
223
441
77
395
151
306
275
558
490
1410
411
771
236
364
474
320
896
323
155
402
143
166
607
320
66
151
247
220
262
126
78
41
903
769
505
533
97
596
147
438
45
273
188
1063
135
158
43
313
193
113
38
316
236
182
57
663
202
438
289
342
98
3
2473
30
20
1819
427
455
241
229
836
547
11
199
823
191
161
430
369
214
142
130
288
65
819
117
291
272
120
266
730
28
64
12
361
167
16
30
636
252
55
293
18
17
201
275
161
231
745
651
472
105
425
299
702
37
1010
271
594
160
83
1656
1232
843
181
10
1892
46
431
16
864
188
169
406
915
197
222
340
269
946
165
339
225
1541
259
22
1
27
530
359
83
157
484
313
2
95
457
69
200
316
54
287
824
162
131
63
1124
693
3
431
1024
268
126
302
408
48
237
511
42
375
83
321
532
35
117
511
569
276
147
23
1044
80
665
414
80
26
85
2113
384
982
1237
1064
301
19
68
143
152
789
33
258
118
865
285
1145
566
33
965
373
1189
45
189
122
169
54
415
24
231
464
146
66
218
726
32
338
339
138
2
145
246
813
593
200
727
180
873
5
75
738
108
361
881
203
60
447
103
16
263
14
354
1045
685
520
346
498
224
708
728
130
301
1900
239
305
406
558
504
884
38
124
542
857
74
47
497
8
2246
1628
30
802
940
86
231
290
56
158
87
1020
332
428
275
53
546
630
2007
70
288
160
685
266
1375
293
619
431
566
396
174
379
34
22
489
109
304
126
887
664
221
605
94
175
80
890
275
797
445
752
304
264
347
1125
77
10
4
404
723
56
276
217
197
239
19
124
200
96
859
428
27
379
395
115
196
127
89
956
90
260
488
104
667
54
77
292
552
567
2263
1082
223
237
779
685
585
206
901
38
709
425
418
321
139
163
30
238
61
103
468
91
201
517
468
433
130
699
551
1219
235
122
23
656
481
210
10
525
283
254
94
729
788
99
305
462
588
651
611
1974
293
230
491
450
1643
1757
602
329
1367
89
35
1257
111
5
5
393
1075
90
549
579
8
8
242
645
299
117
286
178
1473
966
225
61
50
28
313
7
641
267
35
538
8
125
670
178
567
1183
405
290
689
207
156
247
681
548
108
108
2031
1507
184
668
36
191
289
85
162
346
60
237
230
1004
74
105
363
4
747
732
144
17
126
91
373
15
407
465
357
654
421
94
508
528
1084
410
619
61
555
85
354
350
63
282
664
450
39
652
1308
736
863
22
315
31
660
88
6
938
124
353
891
68
70
7
126
849
132
180
194
736
252
624
178
94
434
721
1045
925
280
59
841
365
140
199
1322
201
701
846
948
672
59
141
79
709
1048
864
404
278
523
1109
37
1331
1200
62
135
330
762
899
221
1029
118
511
105
929
231
798
64
526
217
25
2
114
320
100
205
311
297
166
497
311
265
146
3
149
279
35
744
89
280
1286
210
42
11
90
69
523
4
495
882
1104
91
447
178
115
182
425
119
42
69
94
616
561
552
675
490
365
176
1645
106
23
766
151
246
45
233
550
581
100
435
312
854
38
164
1084
997
103
328
835
1528
4
530
68
674
387
25
1267
206
346
1439
52
154
117
262
190
335
679
684
206
1137
237
407
125
219
322
553
391
345
46
491
341
37
347
285
58
1541
312
357
161
793
79
97
88
1345
1842
1055
378
206
879
393
183
324
175
153
830
770
31
204
47
663
9
393
100
125
451
226
34
240
582
398
303
12
233
273
1128
137
1
375
246
878
223
18
495
21
95
223
23
298
367
472
136
156
131
159
9
959
583
107
16
404
1116
250
147
57
93
1154
1027
916
6
893
121
649
117
1629
350
630
847
1267
674
198
1468
133
34
29
375
534
222
1339
226
279
64
420
84
36
215
5
11
93
45
113
596
291
172
166
139
57
306
465
164
543
250
1033
262
797
316
79
96
312
373
69
41
19
150
1285
97
1362
433
89
259
358
1125
303
473
174
364
97
295
441
1180
125
261
1014
425
762
13
689
311
105
67
393
42
760
59
290
515
663
1310
213
21
68
278
615
335
96
359
177
128
636
57
721
834
335
660
100
1744
157
15
1053
162
1709
772
621
350
462
653
117
194
164
416
733
14
296
43
293
1839
461
561
819
455
1162
720
232
11
727
206
85
132
977
492
2285
236
427
224
342
1078
1210
149
336
210
13
5
210
124
120
1830
54
354
1508
1483
849
440
362
1076
119
814
460
355
712
131
138
220
554
1209
461
1279
724
156
179
560
131
86
158
370
615
4
735
65
215
1732
835
1372
566
647
828
55
657
556
336
554
590
984
803
559
237
228
643
89
31
110
582
315
1589
1675
82
372
411
348
829
1351
464
586
458
1654
1021
378
2150
59
602
443
109
514
70
171
17
396
200
9
465
565
149
73
821
134
242
391
314
351
68
329
228
211
1317
45
435
310
293
1082
119
784
872
369
1237
190
309
562
326
55
155
261
693
5
112
452
141
66
275
206
34
50
147
372
402
331
256
458
190
4
177
266
11
98
430
347
473
150
790
252
352
295
610
332
253
90
65
607
373
46
36
87
782
163
33
77
126
48
95
107
51
834
756
82
385
425
62
1745
308
276
573
22
63
90
74
842
66
843
45
786
1328
229
68
448
161
159
1193
209
319
128
308
427
158
422
154
99
84
980
116
251
48
419
607
211
566
121
40
784
485
874
299
65
828
407
675
306
172
437
434
965
280
17
255
599
123
27
660
53
370
190
1136
244
131
766
3
265
58
1086
71
393
629
181
127
104
167
290
8
1013
56
204
161
141
2534
59
69
526
480
673
478
17
52
657
474
458
277
99
171
169
170
39
1115
883
153
268
91
113
31
44
225
36
453
514
171
576
37
69
204
1517
348
41
806
687
584
1413
123
54
477
630
675
54
9
477
197
110
135
124
470
460
663
1932
78
415
132
757
178
271
189
219
16
265
375
27
219
233
229
125
147
9
937
406
674
244
737
905
4
85
234
42
82
277
45
181
3
72
394
63
374
1027
1526
806
1682
151
146
1014
462
91
330
1011
224
137
1329
624
1642
740
258
488
290
221
280
293
955
547
114
375
60
140
681
365
662
1054
68
121
141
66
249
347
335
69
551
35
235
743
292
197
1443
135
1159
493
805
490
126
4
226
234
114
949
18
635
330
256
335
34
258
310
1898
150
857
62
113
477
331
337
914
1225
21
879
833
531
304
433
548
884
796
86
259
87
75
8
104
283
4
1233
422
205
6
209
156
744
811
369
852
461
205
150
657
57
20
1017
277
295
204
103
329
494
45
1574
91
768
485
126
838
482
91
80
15
156
179
96
1019
128
379
206
1599
143
92
92
489
159
168
1045
1615
209
128
118
339
196
264
63
1142
163
1057
251
105
161
436
1558
188
271
234
299
407
388
1003
1156
204
172
50
959
1470
64
907
189
559
105
73
286
79
587
717
886
1522
84
364
455
112
1490
475
123
526
1298
251
47
577
225
139
7
374
141
807
679
410
63
174
207
116
1536
129
32
98
6
215
55
207
233
605
177
1015
136
599
404
68
257
513
333
274
346
607
599
83
1262
1410
496
766
127
12
1202
394
119
306
493
377
92
509
656
221
10
91
117
406
329
198
617
782
159
259
102
293
259
763
560
854
252
314
735
861
727
340
682
403
1059
182
683
9
350
222
1048
1309
591
672
61
171
455
1313
43
217
77
122
974
348
264
9
213
181
1636
489
192
291
143
6
28
1826
806
775
482
1125
323
109
124
473
1392
605
685
15
739
302
120
12
521
327
382
328
140
744
233
688
37
292
389
256
15
2138
1621
41
528
1035
124
135
709
11
196
885
196
75
313
2516
25
1289
320
105
78
200
920
707
508
284
113
241
2
515
103
110
263
123
45
157
54
901
38
92
222
1080
865
732
51
233
386
384
91
503
432
212
181
102
287
404
179
46
256
329
514
336
149
571
787
194
216
54
33
290
281
193
307
95
141
175
536
323
175
27
52
602
187
615
531
28
330
29
533
113
395
286
224
647
178
469
350
181
774
999
493
323
164
53
1634
71
384
21
158
278
394
1429
882
306
746
494
1090
921
108
157
1055
430
150
69
527
634
426
496
423
263
76
481
18
318
16
78
137
464
345
146
696
216
233
148
11
379
33
1569
959
101
111
391
1474
609
479
602
329
23
42
77
1093
602
767
273
110
181
681
299
25
41
10
101
158
187
34
96
79
212
609
999
713
90
272
529
145
100
53
259
220
550
231
197
390
207
732
264
425
315
85
90
345
230
300
118
314
226
944
1444
1353
27
918
32
698
385
379
452
599
299
81
637
324
164
9
189
138
29
329
175
422
280
484
66
2161
336
698
237
37
956
1199
812
135
9
629
233
975
632
34
143
252
826
413
589
197
206
219
198
727
219
251
1131
228
324
1225
521
43
1169
1913
1049
2168
322
281
1731
256
187
582
1677
164
1279
414
175
145
273
987
429
106
322
84
421
526
1047
68
165
376
927
945
13
296
1906
620
444
259
382
516
15
170
787
446
1226
89
474
308
663
136
851
691
666
1061
300
93
1135
149
931
202
263
518
516
956
301
198
20
234
66
177
937
328
1226
17
169
857
48
124
60
423
400
122
1740
432
102
439
205
625
252
255
130
346
1489
478
499
297
93
126
285
74
14
36
239
58
18
166
69
719
79
114
94
41
496
1
474
421
163
686
271
433
113
339
270
419
116
643
333
16
518
199
395
1227
157
420
4
65
623
462
662
64
296
584
541
56
415
516
399
375
278
141
219
465
1122
289
1611
123
285
216
1251
320
139
70
807
317
637
1031
93
615
763
1011
586
1933
12
106
239
851
345
1204
7
1408
56
993
81
1010
996
732
187
661
88
79
474
274
152
1431
413
133
741
2
439
7
273
124
444
371
207
939
830
60
744
758
292
162
430
1035
53
683
158
76
1991
48
90
221
373
44
199
155
5
911
132
515
111
217
1157
128
159
271
1033
342
1059
219
863
31
934
102
58
175
1133
605
394
63
767
153
175
204
114
380
117
173
1189
632
47
286
1136
2378
531
13
250
494
150
41
287
80
56
107
181
300
15
132
1010
74
455
56
335
634
152
383
394
61
312
124
370
89
369
266
4
87
366
30
240
467
137
187
124
156
317
609
54
644
383
22
186
2144
1086
60
812
1796
847
223
100
504
831
457
50
2
493
295
384
849
164
44
1193
34
351
352
92
610
700
248
218
334
299
387
183
922
10
78
99
540
25
343
867
277
21
74
541
263
866
20
60
107
254
276
2309
523
450
130
318
126
1161
892
17
177
43
249
541
682
238
164
438
1023
275
259
273
169
12
515
10
337
55
1131
550
480
182
310
91
177
121
137
642
225
1168
266
270
195
875
287
1128
325
2
36
40
373
191
559
1922
372
347
261
50
104
165
248
516
121
361
856
13
354
1
1241
7
129
216
280
67
268
107
183
1873
497
88
631
176
1259
599
48
1902
40
505
732
124
1183
1327
690
866
221
172
1129
73
487
60
138
277
393
290
266
480
700
143
148
362
229
417
265
682
112
77
25
458
735
585
142
681
1276
100
120
99
84
352
145
446
446
355
1892
243
950
382
68
832
289
100
452
227
607
165
783
467
111
1209
729
90
268
1566
46
367
341
542
494
448
201
499
590
71
585
258
214
875
885
146
115
377
69
595
594
1713
53
342
43
350
49
378
393
229
82
263
86
534
338
19
262
33
543
549
28
921
739
606
541
94
404
615
5
190
185
38
906
839
868
94
381
11
187
762
222
1239
1062
23
464
282
121
30
623
405
18
1438
349
549
84
114
5
587
87
274
565
148
215
25
467
545
715
286
183
169
55
713
660
596
132
919
735
294
449
457
1378
387
171
341
55
785
205
1506
802
106
138
68
1264
627
87
45
54
183
205
76
568
884
544
1717
377
3
152
53
189
1212
731
154
298
75
58
228
169
601
733
407
78
363
442
98
135
956
36
532
2
154
173
218
385
813
82
494
276
375
349
11
254
129
405
318
77
424
291
1213
423
770
631
14
937
80
478
1018
379
52
312
350
14
150
24
168
1861
231
388
19
1316
685
54
87
883
32
64
379
92
180
105
48
274
1517
123
7
323
284
1092
170
35
331
1737
81
195
85
222
608
844
474
446
309
1328
397
167
63
159
72
392
393
749
238
987
13
1291
477
20
1118
681
1350
528
426
239
19
174
211
556
2050
150
51
611
225
540
1182
773
624
999
178
259
88
162
5
910
128
679
581
599
160
758
645
158
182
617
566
287
223
110
65
242
445
844
209
284
378
104
277
104
775
101
885
545
436
47
166
207
1037
19
168
201
449
931
888
1040
996
193
235
806
55
241
1128
98
79
33
89
68
239
538
167
353
386
220
328
385
968
507
183
315
234
37
61
352
187
97
1314
108
431
222
1843
688
505
110
13
309
892
303
180
514
562
347
557
344
123
411
53
357
1297
117
567
602
1013
716
345
570
632
266
66
457
1044
709
802
556
387
22
311
183
217
547
1159
381
153
192
964
64
132
817
27
517
45
261
255
85
793
36
525
167
358
542
280
247
198
336
288
61
404
275
1006
782
358
262
224
1177
509
345
748
108
475
205
523
22
844
379
347
654
77
538
261
794
406
439
254
263
293
4
1085
435
125
519
129
52
14
701
448
409
1286
144
202
1814
846
393
96
842
491
907
261
40
39
510
158
762
153
1162
335
445
470
628
723
408
500
349
204
67
96
936
291
481
523
1116
264
514
73
188
277
901
510
22
193
123
177
159
512
72
2270
626
182
95
104
125
669
219
192
348
48
779
774
416
315
281
674
244
68
1574
825
130
31
216
26
152
74
187
639
113
172
312
1420
583
432
47
189
740
11
145
1203
71
297
1111
175
427
472
341
195
86
147
409
13
834
50
945
649
469
191
190
339
849
27
495
415
111
639
273
891
1201
178
266
117
5
164
735
233
2369
556
171
100
23
319
6
1037
277
285
643
37
301
354
223
333
506
57
174
156
207
786
122
27
718
238
1236
847
268
314
643
764
45
1538
95
42
308
327
52
54
207
35
332
202
243
1774
691
645
361
343
724
959
727
365
15
139
232
321
51
615
545
299
20
126
365
44
66
554
88
478
27
76
2549
473
56
1285
231
39
600
146
458
174
1101
623
26
271
111
1024
913
69
182
126
538
320
62
107
315
382
633
86
526
171
526
45
349
883
575
477
2
80
26
507
444
55
97
282
273
558
155
310
94
82
105
111
603
675
1003
552
980
388
545
463
103
65
278
50
250
735
261
691
182
180
164
233
514
621
1149
292
654
628
56
545
310
717
66
170
1520
1
495
432
91
201
41
365
191
252
65
606
446
274
167
1001
1008
132
507
99
1073
353
396
52
738
275
135
427
342
293
70
58
713
589
1146
646
371
43
36
711
194
316
182
154
1207
117
6
231
87
4
265
97
1000
381
363
19
75
300
360
168
1872
480
57
41
463
572
260
696
1577
349
24
77
37
244
435
180
266
22
483
168
187
14
215
506
745
28
65
790
110
67
482
88
173
421
89
295
847
80
1406
557
165
170
30
757
367
343
247
299
583
953
98
594
651
515
58
250
216
308
309
393
1
116
70
98
252
659
76
399
51
540
175
503
197
34
19
57
673
211
165
131
92
116
168
997
777
1137
90
606
305
164
917
382
545
366
533
132
599
287
7
70
869
490
292
383
128
313
80
142
261
198
51
181
883
200
361
471
309
4
249
484
428
351
736
460
139
213
135
343
397
83
428
322
430
116
1635
86
598
569
135
244
127
323
363
502
51
104
40
51
107
73
207
1038
2088
243
175
373
12
248
168
771
677
839
298
20
2013
129
334
283
756
103
91
515
44
55
538
329
225
890
351
1117
15
204
445
2212
309
186
241
347
310
746
307
328
1188
235
226
141
390
178
227
855
95
354
396
2147
1083
104
85
289
1101
34
432
112
119
97
809
143
314
693
747
53
20
483
401
130
396
227
266
771
109
198
1429
410
130
153
693
78
50
573
296
527
980
96
113
320
104
479
119
13
73
475
431
998
153
1
83
249
42
31
343
730
282
950
31
150
30
308
284
152
522
446
231
335
538
787
927
325
71
74
155
299
268
14
792
47
50
153
565
155
1013
539
185
298
214
470
624
227
15
166
192
945
151
616
258
181
7
166
301
179
298
866
2
182
901
183
505
140
439
578
101
2120
378
464
1200
323
53
71
40
581
654
114
733
140
208
544
184
289
272
1461
259
246
966
11
167
196
160
120
510
181
1144
667
1056
10
1661
1610
153
500
1763
352
258
165
314
644
57
291
31
37
236
231
1716
234
248
849
96
555
928
9
395
301
1310
24
284
82
612
442
301
70
401
197
98
311
139
516
475
122
159
459
28
76
344
316
880
1198
131
430
479
2643
701
52
1111
214
307
858
645
121
317
284
1626
70
6
113
183
78
96
328
1
93
37
287
28
534
890
62
97
55
293
539
32
146
359
238
1352
706
4
65
695
69
166
51
89
34
1304
83
249
93
167
9
37
212
133
40
420
143
225
73
108
243
317
289
535
2637
669
419
683
1320
933
230
429
666
458
21
90
22
1281
112
128
904
1026
322
491
154
405
279
872
472
46
96
278
127
14
183
232
808
40
1153
24
899
1574
291
768
569
65
714
158
423
69
179
1154
124
14
60
272
363
166
444
414
125
694
127
109
38
598
190
97
739
57
802
165
75
785
845
465
88
142
289
929
507
16
81
353
826
673
375
177
59
2
16
633
188
220
17
514
1348
392
676
322
1748
406
27
1007
292
1116
471
668
65
185
151
271
641
503
36
157
526
161
23
60
105
608
254
810
158
139
187
1000
88
824
102
5
143
290
387
80
422
182
261
929
178
128
1121
491
362
316
443
683
241
113
159
1203
1313
1326
390
3
209
130
229
10
208
152
523
10
868
3
572
65
485
792
197
203
44
222
191
87
236
21
379
303
619
29
579
500
898
419
93
275
928
154
1079
240
18
20
60
323
62
629
167
159
208
365
272
1429
916
62
84
467
45
83
338
193
280
59
716
21
17
276
155
135
320
136
1
1069
276
211
391
476
295
662
260
383
2388
831
434
162
97
154
44
16
906
326
534
554
445
34
83
46
790
145
180
255
51
357
73
324
509
380
375
1079
462
114
204
117
253
670
230
291
24
316
502
1039
12
229
122
56
93
418
231
192
857
622
988
16
44
214
150
439
194
245
198
442
42
417
339
557
443
413
172
442
64
538
182
156
182
233
497
44
42
510
223
300
809
49
48
25
37
1491
49
87
84
986
101
37
62
84
821
534
781
812
125
660
80
571
505
135
655
152
202
215
863
310
119
309
200
404
931
960
25
103
1091
1679
61
107
428
459
472
243
358
805
313
637
433
1025
94
219
190
409
868
44
419
2
282
50
334
380
577
193
224
381
78
130
437
152
13
171
431
729
17
1418
130
109
304
666
1766
2074
529
158
128
596
2382
943
1956
99
40
13
116
110
1237
579
482
516
293
237
821
569
117
265
113
92
263
541
17
343
584
29
115
148
444
357
6
1062
1242
49
314
705
57
253
38
225
1983
675
61
65
1210
642
378
118
169
1232
431
1232
503
925
86
189
37
72
215
108
27
1064
636
314
160
231
1096
149
259
2
496
126
63
3
196
185
255
108
658
687
527
445
1438
648
19
319
299
571
756
255
1254
33
978
365
366
586
191
349
83
120
813
357
454
542
227
81
732
802
1138
995
3
598
358
80
68
121
356
81
17
480
270
124
1156
1
14
425
30
42
882
66
587
351
1067
195
230
142
27
287
63
247
34
191
1933
494
569
1272
404
546
61
550
144
499
568
327
570
237
317
108
1248
379
619
253
555
449
293
87
194
178
19
147
363
200
206
393
105
197
91
59
21
777
978
163
787
568
1231
367
432
774
287
131
130
598
256
334
113
213
110
52
1104
204
3130
168
548
670
616
170
89
305
76
490
694
123
1134
261
488
357
133
269
33
298
268
145
1691
350
84
114
359
30
1055
810
468
9
601
60
51
198
1095
43
114
100
850
7
6
418
1040
206
1354
542
757
147
77
565
166
248
346
634
8
489
201
86
269
295
54
657
425
69
726
594
129
238
33
846
186
280
199
295
15
76
44
1606
87
116
589
355
750
56
265
319
340
431
411
91
207
375
323
91
878
853
143
580
219
263
3
604
720
437
144
445
160
1119
391
525
181
372
133
128
178
112
178
873
461
1253
355
347
103
820
217
1363
161
378
257
738
389
356
538
104
264
64
20
247
229
35
597
473
176
1053
180
423
628
491
397
92
700
95
456
266
145
430
1012
575
100
165
1464
146
156
72
117
127
506
958
328
128
483
317
193
408
200
115
454
225
155
279
479
41
579
598
883
382
56
508
897
204
338
109
106
39
104
98
241
431
252
70
197
1084
638
235
771
290
317
554
199
176
166
970
164
284
30
571
820
947
630
374
1108
518
339
342
506
466
945
275
198
72
1266
201
22
1105
212
242
303
180
184
798
101
69
165
5
855
92
93
221
810
249
982
172
444
461
172
411
354
769
14
133
399
409
486
1474
161
209
252
616
428
914
2405
193
3
295
383
92
128
222
90
222
105
51
585
113
496
542
125
310
169
626
1354
729
463
842
888
826
320
33
193
1035
276
657
1148
44
1300
194
210
183
28
38
602
36
377
1431
6
106
42
521
339
1529
11
989
767
210
160
505
799
138
1113
33
461
1423
1485
837
190
738
412
466
1173
622
208
53
9
694
130
232
410
4
205
168
61
252
240
1056
76
797
11
222
90
189
587
86
835
738
55
1550
957
195
190
610
182
70
328
621
49
1879
504
134
85
417
2210
372
256
182
436
431
531
275
356
372
681
557
229
140
105
601
1339
153
799
60
242
372
24
368
402
628
62
448
20
394
100
954
152
946
52
118
821
389
302
912
119
71
224
159
405
1650
562
40
831
360
306
225
345
775
14
621
445
748
292
718
43
511
245
8
203
84
609
48
207
894
479
59
434
455
816
447
611
1154
299
495
140
344
342
30
67
193
137
349
78
134
314
211
582
305
418
32
2
365
232
22
493
166
129
128
684
900
703
687
96
28
287
775
731
154
190
1035
48
206
624
106
119
395
978
104
880
823
861
86
13
556
251
745
603
112
307
275
286
140
54
62
17
527
456
559
201
8
231
530
507
289
310
441
162
499
263
291
1011
113
1235
74
112
882
332
39
1455
154
969
114
147
82
169
364
176
296
707
93
892
241
346
612
443
689
27
415
913
2543
73
903
866
575
719
114
61
305
18
552
1157
578
762
536
424
185
956
484
793
14
34
324
169
272
102
204
345
279
304
194
65
965
450
30
248
1142
420
166
861
498
1196
161
468
439
873
909
34
1607
375
266
251
318
30
232
1515
133
421
49
567
163
260
29
105
291
32
348
87
602
705
56
91
746
37
2235
97
60
122
1934
285
78
306
463
24
26
78
202
163
769
935
239
76
181
618
58
703
180
171
25
84
543
386
139
461
213
176
397
73
86
111
7
