49170700
51539800
52263100
51058300
54772600
58271400
51415800
51386000
49950700
50246400
50006800
50158200
49968600
49892700
49723000
49716100
49559700
50894500
50779000
49550600
49489400
49524400
49408100
53177100
57317400
51181200
50051800
49860500
49916900
50586400
49348500
48945500
55718500
68453900
51554900
51041800
49827600
50531200
50075000
49414800
49349500
50054900
49428900
55247400
49901100
50102400
50056100
49872000
49458800
49730300
49664100
49490300
49049300
49691700
60550200
48891900
48708000
49030600
49110700
49199500
48872700
48722800
50188200
53389600
49826900
50360400
49536100
49093600
48900300
48960900
49202000
49169200
49543200
50010500
49916100
50256700
49878000
50686900
49796900
49116800
48783900
48577500
55944800
50796400
49839600
49948000
50037300
50291400
49303900
55986800
49014800
50400300
49178000
52567400
49172800
49291900
48956600
49038700
48730600
49077600
49513900
49248900
56312000
49775600
50229700
49896700
49645000
49642100
49666900
49557600
49503300
49519200
49981700
49035800
49101900
48825100
48884000
48919600
48725400
48700200
48680500
48888700
56381400
49802400
50577700
49888800
49551900
49299900
48998400
53348400
49870200
49898800
49788400
66067700
49407700
49298100
66065000
51618300
51406400
49906200
49987100
56183900
49901500
50891000
49840200
51201400
56267100
55824000
49775200
49788900
49760800
49885700
49855300
49683600
50266100
49620000
50633800
49460500
49333500
50093900
54527900
49981100
50026500
49910700
49977100
49794800
49335400
51704300
49370100
49617200
49548100
59237000
53917100
49504900
49584100
49331500
49540100
49533400
50066200
54593400
52762500
50351700
49877500
50350500
49551800
49316900
49400900
49486500
49494200
49451400
49479700
49223900
49481300
49507500
50492900
49006000
48984700
48960500
48978400
55557700
55710300
61364000
57080100
56685500
55127900
52297900
53326700
49844900
49843500
49788300
51625300
50679900
50246600
50766400
49756000
50077100
49523900
49418600
56441800
49912800
49782600
49906300
49851600
49546700
48828300
48893000
49062100
48793200
50134800
49250400
49684700
49019200
49218000
49234900
49066000
49088800
48718100
48787800
53885800
49857500
49472500
50598500
49407300
49210700
49319700
53174900
49659000
49087200
48973800
49458600
49276200
49187500
49366500
50263800
48823800
49073800
49007700
56495000
59210500
49808800
50032600
49844800
49773700
49742300
49729000
49962500
49188500
48988000
49022900
49177100
49547600
49577000
49718300
49725900
49766900
49627500
48753400
52042100
51833200
49864000
49918900
49698400
49488600
49470200
49460300
48960900
48918100
48865900
49838300
48950000
49974900
48919100
49632600
49667100
49553200
48874800
48717000
52212000
51273300
50153400
50307700
49743600
49989500
49751700
51247100
49807100
49261300
49103700
49209900
49183200
49747800
49195400
50147000
48932400
52105900
50507300
49911600
54810800
50002900
49990400
50064000
49815800
49675500
48984400
49515600
48917500
48821600
48937000
49285900
49435000
48866600
48856100
49262000
48910200
49061400
49825200
49048900
54402300
49785400
49733800
49544900
49739900
49236000
49126500
49075200
49306100
49004200
49732800
49078900
49188800
48746500
48782200
49169000
49054000
49101600
48863500
48773400
53943500
49918800
50559500
50021800
49798900
49907000
49864300
50182000
49931700
49881300
49485500
49307400
49243000
49240400
52996800
49778000
50019200
49553000
48916800
49041900
55738900
49883100
55080800
66415500
49407300
50476200
49091100
48984700
52655700
49863300
49892400
49731000
50442200
49554600
49495200
49233100
49082600
49685900
49627200
55122500
49793000
53967600
49680400
49409500
49197300
49479000
49554500
49218200
48779900
49676200
49060900
48923400
48932400
48935800
49167300
51255800
50949900
49461900
49267900
54851300
49843700
51301300
49892200
49826200
49220800
49096900
48933100
49075100
49055400
49156200
48891000
48849400
49839800
49076000
48857500
48974300
53218500
49515100
49400900
54679400
49972100
50748700
53840300
49501600
50096200
49555500
49295200
49423300
49256900
48619400
48377900
48593500
48564100
50153400
48500200
48847900
49353500
49162400
51994000
51819400
49941200
50057300
49860200
49640400
49466400
49450900
49588400
49233700
49391000
48824200
48665600
48958700
54935200
49814900
49594900
50579700
50180100
49418400
54900800
49845100
50538500
49899800
50441000
49902200
49739400
49493100
52344000
50035100
49616300
49007100
48783800
49579100
49278300
49638100
49141300
49488500
49442700
49357000
55256800
49774800
49925400
54316900
49703500
50266900
49224500
49295700
49087600
48723400
48852600
49085300
49095100
48913700
48942600
49141100
48999900
50787900
49078200
48958200
54088000
49791800
49876900
49755200
49609500
49414800
49165200
49072500
49160900
49506000
49192800
49448300
49002900
48848400
49158300
49026400
49114500
49179700
49095100
50528200
53814200
49896300
56600900
58618900
49864800
49646200
49334100
49073700
48926800
49092200
52568600
48655900
49471900
48704500
49053300
48868400
48957000
48908300
48798500
54678000
49870600
50103300
49848900
49482000
50001100
48958200
48853700
49049900
49193600
49190000
49384300
49050500
48797800
48803600
49175400
48940700
50051000
51772000
48575200
55010500
49840200
49988100
49176400
49933000
49233100
48784200
48808700
49814700
49074700
49012400
49511400
52863700
49682200
49245700
49029600
48834600
49016800
49079000
49056700
54939600
50058200
52572400
49977400
49970300
49919600
49527600
49606000
49588600
49502300
50297400
50427500
49857900
49356300
52499900
49149900
49324700
48857000
49340500
54453600
51804900
50056800
49599000
49817500
49819900
48821100
48676700
48982400
49268700
49103100
49188900
49219100
49093500
49168300
49266200
49809700
49075500
49983800
52165500
55313900
49874700
49754400
49997900
49379000
49184000
49044700
49137400
49724800
48877500
48941800
48999500
48996700
48709900
48799700
49190900
48980600
49340100
49221900
49099500
54692400
49822100
49761600
50408200
49306700
49006900
48934900
48837000
48715900
48960000
48909600
48851200
49551900
49397700
50179600
49501100
49180300
49228400
49062500
49125800
54521500
50724700
50094300
50741800
49880100
53914200
49447300
49064600
56427700
49026200
49102500
49692200
49272500
49196600
49355600
50199100
49852400
49016500
51402600
50602400
53253800
49717100
49750000
49186200
49408100
49007300
48771500
49286100
48825300
48760900
48833700
48701600
48760300
48848000
48829000
48692500
48511000
48534200
48640500
50041800
53968200
49838700
50118000
48822200
48611100
48999800
48712000
48756500
48717700
48849300
49835000
48667600
48742700
52435100
49140600
48700400
48942900
48762900
48743300
49188600
53867600
50001400
50394700
48711500
48602200
49440000
49049300
48896800
48687900
48754900
49646800
48813800
48718500
48960900
49818700
48834300
48783900
48848400
48781300
51144400
52378500
49652600
49013600
49135500
48712700
48726600
49210300
48712800
48920300
48694300
48653000
48752200
48651500
48662200
48701600
48667300
48846900
49445500
49390600
49195500
53852200
49805500
49705400
49383700
49000600
49188100
49199700
48993600
48685000
49471000
58566400
53828900
48825600
49083400
49146300
48934600
48676100
48722100
48870800
56208900
52682200
50758300
50922200
50003800
58512500
60387000
64091700
50282700
49454800
49128100
48940200
48777500
49027700
49490100
48791800
52805300
48655700
51357800
53255900
51376900
49883300
49651200
49241400
48811000
49686400
48773600
48780000
48731400
48750400
48763800
48621700
48631200
51341900
63395800
48561200
48688100
49331900
48739900
54579200
49839000
49823700
49063000
49079300
48848200
48888200
49049600
48864900
48930500
49341700
48859600
48564800
51546600
64058200
48681500
48895000
48731100
48619100
48893700
55459400
50011500
50257900
49319700
48764100
49002600
48614700
48756700
48700600
48566200
48725900
48897900
49026400
49500700
48895100
48667600
48595400
48711600
48597800
48678600
57608500
50099200
49900300
49515800
48866800
49591100
48602100
48897200
48709300
48606400
49739800
48729700
48778600
48908200
48937200
48868000
48981800
49325800
48714100
48675100
55304000
49867000
52893300
49214700
48897400
49162300
48672500
51672200
48726600
49371600
48676500
48611700
48666400
48745500
48778900
48589600
48601000
48680400
48758100
49216100
55802600
49776800
49505800
49430500
48832100
48988100
49068900
48721200
48797000
48706300
48829500
48787700
49553700
49247400
48918000
48841400
48840900
48668600
48715400
48862500
53921900
49817000
49390500
49008900
49381900
48687100
48870000
48735200
48823600
48740500
48600800
48842400
48786800
48889300
49126600
49162900
49296600
48611900
48540800
48676300
54602900
49870900
49539800
48845500
52945200
49690100
49294900
49610400
49103300
49049100
49151100
49038200
49297600
49424200
49427400
49108100
48847700
48813700
48916700
49812300
54022800
49714000
50706700
49475600
48670200
48662200
48924800
48681500
51829400
52167600
49940000
50404800
48778500
48958200
49608600
52136200
49717400
49827700
49007900
52478200
51770400
50255100
49631300
49793500
49373000
49501300
48590400
48842300
48884100
48961400
48601100
48692700
48798400
48754100
49555300
48790700
48813200
48578100
48738000
52564900
50598100
49955100
49206600
48991700
49851700
48988500
49567600
48698100
48769600
48854000
48706000
48712500
55590100
48727600
48931800
48706400
48719300
48688400
49343000
54763200
49846700
49897100
49495800
49422900
49399300
49108900
49395900
49297900
48958800
48809700
49222800
48680700
48670600
48607200
48933900
48788600
48796200
48815000
48600500
53530500
53064200
50902900
49907000
49689400
48913000
48655300
48937200
48690600
48681200
48844900
48864500
48792700
48910600
49473200
48965600
48719300
48537900
49538000
48677400
54217900
49727000
49331900
49630500
53175500
49762100
49769600
48954800
48786700
48698400
49753900
48978000
48711400
48826800
48723600
48855700
49138900
48884200
49346000
48647000
54577200
49861900
49807400
49350700
49218000
48727700
48891300
48767400
48760800
48719500
49409700
48749700
48686000
48838500
48671900
48825300
48647700
48674300
48886800
48758900
55080900
50722600
49976600
49463200
49251500
49106200
55383100
55880700
55845900
49776400
49824400
49818700
49812900
49462700
48762300
48736700
48599000
48648500
48550900
49398700
54574900
49924000
50070600
49075300
49083900
57353800
49226100
48625200
48724700
48681400
48598600
48725600
48676500
48701900
55562300
51348200
49196400
49120000
49274100
53219800
50365300
50902700
49727700
48886900
48740200
48800000
49059900
48919000
49385900
48819200
48653700
48795400
48787900
48727700
48986400
48745600
48821400
48775300
48766100
52458500
55693900
49955400
49858700
49705900
49524200
48976400
52152000
49389900
49143000
48868900
48738800
48895300
49366200
48844400
48812300
48639000
48793400
48708200
48684400
54558800
53143400
49950500
50614800
49129100
50386400
49155700
48937500
48881600
49489700
48902300
48752200
48733400
48638700
48747000
48914200
49497300
48759200
48885800
48596700
53960600
49904800
49379400
49487700
48768300
49519800
48750200
49112400
49479900
48742300
48804700
48665800
48607100
48771700
48704400
48882400
48669200
48757800
48840400
48743400
54825000
49893700
49735400
49034000
49033100
49258600
49211400
49320700
49150700
49106300
49056300
48917800
49284400
48863100
48544500
48938500
48954400
49346400
49062400
48992800
53961400
52791800
49997400
50728400
50544100
49544100
48975000
48769000
48694900
48634500
48670400
48666900
48642900
49492800
48687800
49750900
48739000
48740600
48581500
48657300
54797900
49815900
49949700
52883300
49740100
49193100
48904600
50086500
49536600
50523900
48976100
48755500
48843900
48847400
48824500
48881900
48777100
49068800
49199400
49721000
54663400
50433200
49855100
49634800
49612000
49322600
49014700
48869300
49264500
49253600
49710500
48877000
49146800
48675900
48864900
48795900
49095900
48654000
48744100
48840400
54877700
50075900
50397700
49550600
49814200
49577700
49218700
49124800
49251100
49233900
49134900
49007300
52610200
49490000
50101300
49171100
50158000
49018300
52033900
49251700
53538200
49879900
49857100
49912100
49145400
49244500
49793900
49213900
49207900
49268100
49892900
49116000
49050500
48965100
49296100
49099000
48974100
49828600
49246900
50395200
52928900
49759800
49925800
49689100
49028800
48946700
48991100
49173800
49294400
49837700
48968100
49102800
49105500
49255700
48937900
48716000
48970800
49716600
49253400
50464200
53279600
50456100
50009900
49674300
49564400
49545200
49281700
49611200
51375100
49170500
49209600
49230700
49212700
49629400
49254800
49181800
49017100
49127100
49079200
51974000
51197200
49879100
50502900
52687500
50607900
50629600
52072700
55844900
54963500
64961100
56861900
55875000
52345100
50043700
49850600
50018300
50479000
49613200
55429900
49905300
54235000
49898900
49708500
49269900
49183300
49138100
49025000
49230100
50150100
49057300
48974500
49032400
49094100
49224600
49156300
49085300
48949600
49132100
54286500
49881300
50331300
49625300
49252500
49138400
49116300
49248800
49306300
49075000
49446200
49210900
49302100
50016900
49090800
48779500
48945400
48914100
51448400
49195000
54537800
49921900
49790000
49918700
49716700
50811500
49786400
51213700
50006500
63175500
49894000
50119200
49915700
49887300
50188700
51048300
49909100
71344600
61181400
53515500
51047300
50256100
50891200
50040000
50068100
49840600
49957500
49971600
50077700
51392800
50004200
49985100
50414500
49784000
49778500
50217500
50021200
50011500
55298400
50454300
50750000
50060200
51686100
65517300
49731800
49582300
48982100
49354200
51696000
51389200
50070600
50694600
50945700
52754400
50968700
50681800
49751800
54260200
49836800
49905100
49827700
54778600
49845100
49797800
51233900
49825100
49626900
49858000
49725800
50496600
50643000
50013800
49854600
49745100
50340200
50154100
51131300
53619400
49822300
60940200
56946600
69025800
49312900
49594200
49348900
52034600
53275800
51489100
50087800
50808900
50288300
50654000
50897300
50320900
50682800
55083900
50076800
49924700
50681200
53767200
50940900
50948800
49883200
49954900
49789200
50841600
49808900
53114900
49872400
49925000
49715100
50123400
49252700
50347200
49737400
56290200
50210100
50740100
50618600
50329800
54325300
52371600
51168500
50693000
49966000
50139900
50372700
53939700
50022200
50166800
50070700
50090100
49972500
50508100
55444700
49993200
49910300
50020500
50125300
50029600
49844000
49906400
49985900
50019400
49952300
50121100
50681500
49799400
49669200
49863900
50046300
49759800
49813900
50863200
55553500
50126200
49927100
50094500
50358200
49761200
49904000
49619300
49252300
49161400
51945600
49330800
50114200
49574300
55310000
50621500
60591100
50658100
53029000
59868600
50491200
54929700
63542500
60377500
71581800
50751900
50441500
51973400
49973800
50711000
50056800
50116100
50007700
50642600
50188800
49944600
49785700
56725500
49836900
50621200
52562600
49772800
49844600
51607500
49396200
54268200
49820700
50000700
50081300
65286600
63181400
55485500
49981200
50124400
50528700
49926500
55635200
50035100
50074000
49940500
49911100
49974300
49910000
50330900
49629200
53327500
49941300
50433900
50042100
49863500
49790400
49753800
49625600
49538500
49609300
51861400
55150200
49986900
50638900
53037600
51957800
49970600
50607600
50257600
49965400
50023800
50702700
50153200
49783600
49541300
49661200
49313100
49243900
48983200
49063800
54719900
49833300
52361300
50561000
62941200
55370800
50277000
50553100
49361000
49088700
49234300
49097900
49172700
49148600
49634000
52307200
49740400
49443500
51326300
55698800
49981900
51937700
50165800
50296900
50264400
49933900
49972700
50427500
50000600
50185000
49960800
50030200
49928900
49724800
49875600
49430600
49198300
49024800
49948800
54141200
50436000
49801700
51988500
50078700
49563600
48906700
49034300
48971500
49476300
50600800
50952000
49450100
50206400
49594500
49515200
49549000
50230300
49420600
50384800
53234200
49781100
50037200
50432600
49572300
49414900
49440100
49152600
49110700
49176200
49487500
49673400
49645500
50655600
55185400
54194500
50740500
64472700
53245700
55725400
49862500
55447700
52524300
50172500
51862300
62660400
67550900
49866600
53747400
49873800
50720000
50073300
50113600
50054800
50185100
50023800
49928400
50424000
54525300
53026600
51760400
50924400
50001300
50039300
49845400
49962100
50305900
51570900
51185500
51017100
51573400
49932800
50087800
49920000
51340400
51851500
49976900
56810800
50766200
49942000
51435600
50106300
50620400
50118700
50473300
49985400
49557900
49576900
49572600
49413600
49492800
49443100
52973400
49890400
48989200
49130600
50291100
54055900
49938300
49954000
49872400
50720700
50453400
49783900
50860800
50483800
49840700
49388700
49013500
49098000
48811400
49499900
51437200
49650100
49955600
49028700
53735800
50453400
50932200
57210200
50122000
50131500
49934800
49429500
48848700
48848500
49122500
49091500
48986700
49718100
49374000
49641900
49320400
49304000
49201000
49605800
54715400
50541300
49839000
50923200
50994500
49794600
49779000
49941000
49979300
49995000
49661300
51714500
50415200
53150300
50000700
50446800
50607300
50365600
49994600
52012900
51745600
50103200
50221000
49954200
49497300
49522900
49779500
49908000
50482800
49924300
49948200
49481300
49895600
48812300
49193800
49854900
50111300
49277300
52179400
59067200
53212600
62895300
58336500
49820200
50959600
50909000
50209600
50888300
49508000
50493600
54201600
50664100
51350300
51277300
51315900
55817100
51090800
49753300
54159600
49817700
50119300
49835300
49772900
50110200
49909900
49483600
49544000
50064400
49947500
51617400
51088200
49928800
49749700
49812800
49838500
50696100
49238300
49839600
53104800
49899500
49927400
50483900
51057100
49744200
50485000
49811000
49805200
50130100
52422600
49700500
49655100
49721100
49654700
49533200
49727100
49290400
49073900
53396400
51089600
49921400
50788500
49778600
49867500
49856600
49872400
52445400
50786500
50283700
49872800
49881100
53384300
49700200
49630900
49267200
49249000
48873200
52209400
53952100
50056400
50568000
50776700
49885700
55585500
49966900
50045600
66742900
58719900
49890400
49974900
49921700
50063400
50055400
49955200
49976800
50963100
50028000
64738300
55204000
50183600
50309100
50451500
51048500
50012900
50260500
50076300
51292100
50152500
50542700
53607900
56165600
52244400
55752600
50710400
52363200
50152300
54266300
50817900
50692100
50004300
50202300
49984200
49937400
49976400
50088400
49889700
49899700
53903500
50073700
49895100
51032600
49880000
50208000
65664600
49983300
55524800
49950900
50022100
50030400
49957100
50061300
50690500
50875900
50098500
49944800
50015000
50036200
50054100
49999100
51442300
51117100
52605200
49926900
51427000
53233500
51814400
50122700
54124800
49810100
50024300
53408700
49745200
49764700
49351100
48865800
49937700
49095100
49773300
48985300
49079300
49155400
49082200
49076100
49017100
54026300
50660000
50110900
51036700
49834800
62440900
49733200
49401200
52856000
50041000
50639900
51300300
50652900
50525500
50061200
50588600
50182400
50883100
50301800
56425000
50930700
49990800
50010000
49845500
50638300
50375800
50778100
49997400
49967100
49552500
49508000
49484900
49464900
49496400
49599200
53770000
50121900
49964100
50809400
53414000
49985600
49847600
49981600
49980400
54389900
50926500
66407500
50155600
50891000
50333800
50986200
50602300
50061000
50717400
50074600
50104200
50009200
50104100
55412800
60166000
50011100
50001700
50387200
49795700
49730800
49373700
49139000
48966500
49536700
50085000
49861000
49820300
49209500
50408300
49351200
49353400
49823900
52215700
54520900
50375100
53344600
51042600
50400900
50078100
50044800
51348100
50127400
52494700
49963600
50205200
50744300
49768800
49555300
49439000
50150800
51229900
49543700
55496300
49938700
49979700
50333300
49709400
49639800
54950100
50328000
50172300
50228400
50567100
49863300
50109900
49823700
50713100
50595600
48834200
50208900
50670800
53483900
51770800
55123800
57947000
50917900
50189100
49899300
49788900
50570100
59648900
50572600
50166900
54144900
50129500
50621800
50625700
51105500
55772100
56032000
61947600
50240900
50152100
50270200
50003600
49962800
49944700
50019300
54156500
55902700
59773300
50439200
50188100
50060300
59410000
58291200
49818300
50439700
51026000
55221500
49829800
51756800
64671900
49990200
49844500
50236700
49844600
50758900
49845100
49228200
49386600
49541400
49442200
50185800
49418500
49464500
49291100
52779300
55000500
49833000
49773100
49545800
50436300
50055500
50478000
49253000
49402200
49297500
50442300
49599800
49965200
50188500
60035500
50199900
51160500
58880000
53893100
61653200
50571300
65089100
50122700
49964100
68121300
49775400
49778200
49785500
49633300
49496100
49561100
48781300
49199100
49233900
48746300
48940600
48728000
49564100
54424600
50073200
49959200
49797400
50002600
49769600
49058800
48864100
48958400
51585700
63385600
49811600
49601200
49909000
50039100
51461500
50127200
50071800
49615200
50193400
54764100
49927700
50075200
49923000
49896100
49569800
49402900
50144400
49508700
49413500
49083500
48705300
51097500
52797200
50249800
49797700
50360800
50202800
50129600
52939100
55137000
51230000
50688400
51580800
49999100
50487000
49749800
50406000
49405800
53065600
49711300
50284600
51621500
49347800
48952300
48797100
48782400
48642600
49112700
54457800
50199700
50399900
54645500
58524800
48873600
49494200
50354000
51766200
49989800
50754400
49840800
49805600
49977800
49214300
49386600
50237700
48589800
51575200
52682200
51565500
50064900
49960700
49384000
49665500
49199300
49130300
50370000
49420400
49160200
49634600
49248600
49061000
48773600
48840600
48670100
48564800
48687400
48604200
54788700
50079000
49694400
49881700
49694600
48911800
48710300
49152200
48806600
48759300
48766100
49552900
49351300
50788600
49560700
48759700
49580600
48762600
49135500
48992200
53908900
49984000
49857800
50344200
49409700
48901600
48634500
48705100
48558900
48731700
48589800
48613000
48652500
48564500
48714800
49403300
49101100
48717300
50965800
50055300
54318600
49870200
52854200
49872400
49742800
49389200
49187300
50388000
52069600
49284600
49239600
49918600
49366600
49407800
53273900
50209400
50000900
49111200
49882100
48700500
57242900
49907000
50603000
49901400
49655500
48900300
49561400
49192300
48782200
49617000
49640000
48940400
50179300
52384100
49165700
48654200
48620500
53045200
48732500
50796500
53516600
50554600
53180000
50233800
49977100
51177400
49904000
52703900
50627800
57681000
49497400
49400100
48976600
49412600
50432800
48674500
48845900
48660600
48778900
54584700
49788900
49404100
48851900
48660100
48679200
49620300
49248500
51937600
49779800
49884000
49737400
49762500
49743600
49667700
49690500
49554800
51007900
63708700
51566400
52034300
51030700
49966000
49902300
50408000
49929300
49295500
49069800
48812600
48783800
49629100
48795500
48828600
48809100
48696900
48882700
48841500
49437400
48585500
51419700
51907000
49591500
49793800
50148500
49185600
48985800
48841500
48850400
48607900
48500900
48858700
48900400
50239800
53046000
49690900
49777700
48997500
49070200
49323700
54134300
51655900
49899700
49870700
50187200
49051800
49451300
48737500
48673700
48618800
48713400
48668700
48604000
48596900
51601900
55195100
53605900
55084000
61590400
57744100
57559100
50123400
49939100
50007500
49813200
49603500
49004500
52056600
50525200
49693100
50891500
49508400
53029100
50353000
49967500
48936700
52470400
49472500
48790000
55039800
49850600
50586200
48910400
48754800
48634400
48724000
48772200
48958000
48965800
49061000
48940900
49322700
50039600
49649600
48837600
48594000
48816500
48504000
48599600
54082200
49859800
49365100
51790100
49595000
49953300
51920300
49896600
49088600
49780500
48684400
48557800
48530800
48519700
48857000
49340600
48786700
48694100
49224800
48550700
53930400
49833400
48988600
48809700
48662700
48767800
48613200
48995100
50016600
49828600
48955700
49181100
48877700
48709600
48730200
48837600
48620000
48836400
51715600
48739600
54373600
50632000
49825000
49092700
49997400
49192500
52819000
49528400
48734300
48558900
48612200
50118000
51019200
49406500
48613400
48945400
48739700
48528100
49380100
48887200
54980300
49803600
50602600
49836900
52811900
49789000
49020400
48734400
49712500
48868900
48717400
48989000
54688300
50424100
52953900
49527500
51101600
49208300
49176700
51140800
51922400
49776400
49358500
48525900
48865600
48862700
48814500
48667500
49698800
49152700
48774100
48617800
48605300
48588300
49176900
48917800
48922700
50110400
49739700
53366100
53639300
49819800
49694100
49101500
49174200
49327900
49271300
53145500
49290300
49864500
48927200
48738500
49276100
51002700
51554900
49667800
49408900
48763300
48733600
54245000
49936300
49480800
49006400
49602100
49030500
52514900
55418300
54040200
52783400
49917300
49903800
50304000
49976700
49938600
62542700
52942100
52405800
53927000
58538700
60715900
73808600
56523800
56857900
53000700
49823900
49813500
49865700
50592100
49350400
48760000
49017600
49823100
49115900
48623000
49127000
48716000
51299200
55188200
49818900
50385500
49221500
48509000
48702700
52049400
49365000
50212100
49642000
48823000
48723400
48634500
49548000
48915400
48896000
48691600
48603700
51158600
48629600
55039500
49863200
52922600
49850600
50121400
50569200
50010000
49540700
48715000
48703000
48541800
48584700
48562200
48601100
48814100
48537600
48741000
49437300
48712500
48417900
54015700
49771800
49265500
50051700
50086700
49038700
49035100
49139400
48876800
49256600
48583700
48680100
49665900
50523800
56019300
49863100
48971700
50465300
49376500
52589700
52956500
50068600
49863500
49378400
48906000
48661300
48729500
48776800
48842900
48526000
49282900
48439900
55322000
49674400
49194100
52582300
49763900
50680400
49941300
54830900
50069200
50671500
50629400
50147400
50544000
49025000
49369300
51529500
49875700
54075400
49943500
50050300
49587200
48853400
50121900
50496300
50596400
49637600
49492500
55622200
50098400
50092100
49448700
49138100
49183000
49034700
49213400
49204000
50474400
48630900
48745000
48753900
49527200
51073700
49780300
49533400
49442700
49324800
49379900
54183700
49726200
49723300
51537000
49449000
49307000
53886700
49242900
49021700
49477800
49267400
48720900
49456700
48653400
48827300
48513500
48615300
48702100
48772200
50379700
53955700
52347100
49868900
49158800
49667400
48692900
48721000
49262400
50653100
50169800
49313200
49170500
48808100
48743700
49227500
48555900
49798000
49901100
51102800
54943700
50989800
49883700
49795200
49216300
49562800
48751100
48860500
49644500
49085800
49036900
49099000
49133800
48839000
60323000
48628100
51925600
48719900
48824500
49238100
56726200
49811900
49632900
50578900
49869400
49963000
49020800
48762700
49080700
48716900
48829600
48823200
50722500
52269400
48899500
48635000
50042300
48838800
48801700
50204600
55270500
49855200
50754400
49149600
49493300
48631700
48674300
48657900
48700100
48646400
48692100
48679200
48603000
48662900
48579100
49560100
48663000
49085600
51146700
49942700
56182900
49975300
49949800
49859200
49857200
49993100
49855400
51399400
54801900
51793600
50113200
50520100
49828300
49878300
49445100
52688400
49060600
48620000
49365500
56056200
50212200
49779100
49387000
48811100
48610600
48589300
48575300
48543900
48701700
48832000
48853900
49123100
48605000
50410200
49281100
49521200
48695700
48725400
49923100
55226700
49872800
49714300
50130300
52160800
49416500
49772800
48943100
49073900
48929800
49984100
49410400
49056300
48820100
48793500
49844100
48757300
48820400
48656300
48635800
53618400
49978100
49709600
49432900
49055600
48779900
48846400
49635900
49079900
52690700
49060600
49538000
49685600
48969800
48654200
48835200
48753300
48649400
48836800
51712400
55144600
50778300
49910600
50029500
49266100
49798600
48769800
48693900
48737000
48758500
49720400
48776800
48502900
48529300
48564000
48722100
48537600
48535300
48596100
48535300
53815700
49940500
49973800
49902600
50201500
49136300
48615900
50635300
48853600
48670700
48926200
48691600
48666500
50001200
50998500
48777100
49781800
49270200
49123300
48695400
58216800
49791600
49645800
49338900
48633300
48643000
49494400
48595300
52873400
48638500
48852700
48717600
48740800
48729900
48538800
48941600
48660500
50746900
50595400
50397200
54713400
49775400
50878200
49499200
48994100
48599100
48679900
48626300
51849900
49667700
49555800
49160300
49583300
48854000
49444900
49077900
48686300
48648200
48674500
48592400
55953200
52745600
49974800
49804700
49233200
48691800
51316200
49777600
49611000
52251400
49345400
48847300
50198000
50783000
51843500
51662500
53041400
50291900
50366200
60872700
59705000
50750400
51003000
49796900
51087000
49290600
49099200
48937600
50094100
48910600
48961700
49348200
48974700
48787800
48568200
48635600
49504000
48561000
48511400
56368400
49863200
49782700
50622100
48937400
48672400
48705200
51216400
50384600
67145400
69349000
51040000
53114200
50060400
49852400
49873900
51213200
53058700
52625000
56258500
49858100
50385500
49808100
50181500
49893300
49355000
48526300
48578900
48635700
49595200
63771300
48753400
49452500
48766800
48749800
48710300
48934500
48640700
55399300
49730900
49856500
50224700
49887000
54916600
50701100
57762900
49859900
48976100
48862700
49852200
48856300
52046300
49243800
48676800
52887300
49506700
49754100
50026100
69296500
49885600
49815200
49829900
49769400
49046100
48672600
48808500
48625600
48628700
49259700
48694800
48841700
48598900
48761700
48710800
48687100
49067400
50292400
56337600
50580900
50490500
51392300
49639800
48963700
48700100
48689800
50229700
50631600
48578700
49967200
48583400
49377600
49485300
49988000
48971100
53924100
49904700
49512500
57573900
49801400
49816900
55050100
50345500
50136100
51147700
50084600
49796800
49781700
49793200
49885500
49232700
51025300
50171100
50015800
50087900
51194100
50621700
53738400
53720800
53010500
51586700
51169300
49898200
53343300
49928100
50013200
49985100
51610500
49979800
50547600
49839900
49989800
49979500
50041300
50252400
54587700
51594700
53944400
50126800
50805200
50311500
50022600
50194600
50363800
50256100
51028400
49944600
49795800
49384000
49303900
51319800
50173900
49252200
48987900
49774200
61437700
60325800
50715200
50130700
49997500
50100300
52852000
49850500
50289600
49726600
49884500
50791300
49854500
48875800
52102400
51118000
50145000
50587500
51342100
51091400
58065700
57554300
50391400
51755000
52379100
66778000
65718100
61506300
57550500
78012800
49992200
50812300
50331200
50044800
50068300
50279300
50252000
50053500
56460700
50190500
50164200
50484600
50298600
51569900
49938100
49895000
49464300
49459600
49878400
49477200
48987200
50430900
49663600
49834500
50272200
50659300
50088000
50868000
66428400
52604900
55586900
58386700
50836600
50915300
50322000
50147700
51172200
50505700
49976400
50037000
50254300
50092600
50068100
50008600
51024600
49928400
54124500
53499200
50769000
49898800
49905200
49906100
49890900
49438400
49170200
49105800
50558400
49631000
49212600
48978800
51340800
50323700
49962500
50094600
49270500
49323500
56597500
50498600
49919900
50455600
52447700
50160700
51401200
49964500
50227600
52479000
50975700
49786300
49954900
49836600
50206000
49945300
50087000
50179800
51408200
51185500
56381200
50015000
50171100
58675400
58317000
49993400
50090700
54058300
50993800
50591300
49794700
49604000
49062400
49343400
49149900
50403100
49353000
50574300
51656900
55462100
50659200
50901800
50100300
50236900
50792800
50832800
50019800
49999000
50085400
49925100
49998100
49237900
48873300
49531400
49263200
49258900
49023300
49685400
52559500
52028400
49960800
49956600
53767300
50498600
54890200
50653600
53785300
49961300
49973100
50935300
50044600
50333700
53188700
50778800
50476900
51716800
51388000
50696900
55789900
50163600
52056200
50301000
50191500
50568800
50824500
50224200
50227500
49995400
50965300
49953100
50031300
58913300
51304500
50933600
50051500
50062300
49903200
56511600
50044400
50304000
50820700
50001600
49852400
53979000
54853100
49802000
50310500
49971600
49862400
52578400
49943200
49955200
54728000
50880700
64877700
50623400
54706000
50662800
50035000
54154900
50166200
49896600
50278000
50794700
49928600
49848600
52653000
49881400
49463900
49032700
49029700
48754400
56294900
48940000
49161700
54195300
50410700
50722400
50047100
50087400
49686000
49537500
49040200
49893400
48672400
48777700
48775400
52291000
49091000
48700800
49718000
49163100
50019300
50760300
49999800
54152000
53821700
49936500
49931700
50283500
49731900
50408000
49909900
49353900
49625800
49251400
48922600
48990100
48841100
48867800
50016200
48864000
49138900
49832000
49607200
54954300
50116900
50209700
50368700
49955300
50272500
50182700
50612600
49972200
50207800
49999900
49917900
49758700
50207600
49913200
52256400
50147700
49833000
50867000
53891900
51643100
50963800
50108900
50905000
49908800
49324900
48748300
48930900
48967500
49555400
48975800
49668900
50021000
49372800
49625600
49298700
49117200
49327300
49051900
54284000
67190400
52317400
50935900
50307700
50161300
49761400
49153600
49124900
49122600
53158400
50149900
57629900
59006500
49876700
51165000
50819200
50056100
49852300
56514600
50112600
50101800
50216200
50476300
52469500
50521100
49931900
50477700
49858700
49785400
49129600
49445000
48741900
48668800
49772300
51589000
49417300
50351500
57517900
52924300
49993200
50242600
50054000
50076500
52304900
50090700
50844800
50327600
50229700
50031600
51346400
49787100
49670800
50525200
49439800
48943500
49998600
49260700
54561000
50006000
50353300
49921400
50107200
52506600
49668300
49302700
48925100
48949700
48671000
50049900
49599700
48872900
49800000
49499600
50458400
49399500
49119500
49164300
54226500
52501000
50097600
51563300
50256200
51335500
50810200
51341300
65198000
51278600
65148300
50356500
50185700
49996500
50572900
50010900
49948000
49992000
75985700
57707600
54535800
55042600
56708100
57960800
73987700
61945300
50027500
49988400
50168600
50025900
49943500
50882100
50571900
50211100
49979300
53766300
52540400
51101500
49961400
50036400
50087100
50036700
49657800
49967700
48850600
49406500
49435100
50717100
50487200
49983700
50067300
49864600
50378000
50238600
51103100
50362200
53332100
50029500
49674600
49661100
49668700
51311900
50214100
49619900
52399200
50693000
51050300
54279100
51071500
49853700
50279100
49935300
49884100
49779000
49201500
49190400
54626000
49797800
50954400
49863600
48933400
48754600
48657300
49247700
49174000
49140100
48731400
48758100
49602700
48638400
50181900
49481200
53598700
61630700
49009200
53542400
50118700
50017300
50095200
49935900
66421100
49958300
52191100
50416000
50901900
49923400
50126400
50581800
49768500
49889800
51834200
50145300
50006100
50380800
51423100
52826800
50783500
49957200
52766100
49942900
49990200
50606200
49931500
49880400
50409900
50654800
50085800
50768900
49760900
49526500
49407400
49327400
48748200
49446200
56905700
49873700
56270200
59859900
50046700
49975100
50742900
49773900
50518100
51574700
50359500
53043900
71750200
49920600
49565000
64597900
48910600
48646900
48852500
56109100
50032300
53206400
63742300
49845500
49358400
50434800
52159700
50620800
49806200
49958500
52708800
49210000
49147400
49193300
49080500
48929800
50150400
51126500
55026200
50748000
49871900
50028100
49870400
49828000
49405800
49801800
48923000
49282600
49172400
48939900
49503400
48684000
48732900
49710600
55744000
50283600
48724300
48883400
54238400
49797100
49667800
51293200
50644200
49358800
53325200
49714500
49594500
49111100
48947800
49039000
48822300
52535700
49243000
50899500
50461700
49774600
49782600
56245000
61308500
51482300
62686700
57845000
61154300
57711900
49880300
50625400
49751000
49783000
49420700
49683500
49538800
49109600
48613600
48550100
49803600
49581900
54908100
50662500
50190200
50251500
49720300
49061000
49077900
49288700
50977500
51580900
49234800
50264300
49303800
50107300
58721100
50289900
50380900
49707100
49575400
50551200
52785900
49877500
50386100
49768200
50001900
49214200
49125800
48962800
49063800
49131500
50226100
49521800
49610600
49834100
50187500
50115800
50776000
50447700
49883000
54985500
50172900
50088100
52472600
51394700
51205600
49867000
50711000
49764200
50622000
50692400
50843500
49997700
50186000
50071600
49799100
49559300
49331600
49159400
49194300
54300000
50923600
50171100
49987000
49857800
49688400
49593000
49607900
50174800
51369300
50319200
50916100
58741400
51304000
56530100
51505500
52131800
50619700
49920100
58009800
50178800
49958300
50017100
50277900
50743700
51123400
49969100
50553500
50032700
49989700
49972600
50077400
49880500
51037900
49892400
50691200
50588200
51930400
54594400
51458700
50801400
50159400
50069600
49934400
49955100
49869400
50031200
56947100
52547700
50170000
49984500
49861100
49858500
49788300
49721000
50310100
49699100
49560300
56812100
50001900
50514900
50106600
49989800
50189000
50617400
52215800
52930900
50425500
49850200
59155200
49836300
51450500
50520900
49927800
50140900
49982900
51947600
55227200
51401600
52139100
50825100
49903900
51204700
50786400
49951000
49805800
49687700
49442700
49322900
49367900
49568200
49306200
49545400
49614600
49510700
50235800
49945100
55473700
50012700
64135500
52347800
49851100
49872600
53537900
49678200
50239200
50263600
50517300
53157300
50037400
52807300
49809000
51201200
49846300
50695400
49995700
62530900
54457300
52445100
49944100
52092100
62104700
50155900
66741000
50289600
49841800
49912200
49864400
49762800
49823200
50436600
49630200
49687600
54341100
54522700
50933400
50109900
49890000
49985000
50307500
49835000
49653600
50277700
54593100
49780600
50544800
53396200
49843500
49855400
50382700
49968500
49820200
48737500
48639000
54670100
49911900
49829400
50155100
49617100
49432000
49387800
49357100
49322100
49195500
48760000
49616500
49503300
50217400
50334200
50037000
50092900
49831100
49593000
48923800
55306800
50113500
49915600
55497900
50366100
49846700
49669400
51403900
51207300
54183400
50975000
49796600
50778900
49894600
49949400
50523600
50260200
49771500
51009800
54160400
49791500
49812700
50117000
50290900
50304000
51094200
50074600
50737300
50377000
49825600
49806500
49894200
50063900
50090300
49963900
50890500
49999300
51197000
53490200
54718000
50707600
50164700
50082200
49918800
50458300
50628600
49853000
50187100
49925400
51608100
50813900
55049300
54077700
52380000
50020700
50915300
51402900
50009600
54930400
49945700
50012600
50667700
51442500
50025800
49949400
49965700
49539100
49555200
49507600
53171600
58450500
54598800
49942000
50021100
51380900
50031500
49887100
54318500
50042000
49947300
50036200
50002100
49663300
49991700
49819000
50597900
49472700
49239900
48976700
48948600
49354200
49319900
49176300
49028100
49139600
50633700
50598800
56313000
50261400
49955300
50218200
49901000
49841500
50523200
50204500
51018900
51608400
49909400
50792100
50489500
49817200
49924000
50499200
52831300
50200200
49822700
53243000
51598900
65821100
49868800
49694800
50231000
49671400
49521300
49560000
49395200
49634500
49699700
49186800
50760300
51612900
50322300
50753600
58433200
49635300
50810100
53120800
53276500
50339600
51997700
50663700
49872700
54473700
50620200
50817900
49951800
50791700
52344100
49927600
49904600
49965300
49858900
70784200
56572100
53720600
52555700
50539900
49939300
49854400
49978800
49743800
49892300
49473300
50729000
49864300
49269700
49193700
49512200
57780200
50514200
49643000
50408000
50172800
53289400
57771100
50675400
49956500
49918400
49957800
51295600
50075400
50335200
50757200
50986700
49830200
49926600
49999000
49867000
49823000
49673900
50000800
53555500
49954800
53542800
50645300
50033600
49969900
50295200
53900000
49927800
49938300
49858700
49681400
49715300
49192300
49399700
51697800
52530400
50173000
49687100
53516600
55688900
50246100
55350200
49982600
62141800
49847500
49649000
49647200
49293000
49097900
49261200
49177600
49022900
49048400
48886900
53605900
50011300
49612100
49352600
49478200
50287400
55567400
49938200
49996700
50667800
49965700
50104700
50437000
49995300
50254700
52205600
49819800
49619000
50341300
49147500
49281400
49613300
49634100
48948200
49357000
49227400
54579000
49825000
49214800
49912600
49501500
56397600
48655700
48881000
48961300
48845500
49515800
49065100
48942500
49484000
50964600
50398900
49663800
49848700
49549600
52716100
52475100
50685100
49939500
51545300
51369100
49909900
49611700
50159600
49066900
48989100
49893700
49414100
49721400
49941500
54329100
49141600
49391000
49383900
49096200
54236400
50027200
49660100
49490700
49255800
49619500
50212800
53131300
49273500
49783000
49584500
49227100
49128400
48792400
48716100
48837500
48850700
49119200
49964200
51666100
53848700
49962000
53009700
50249100
50259500
50505900
49955100
49921200
49866600
50755900
50108900
50160400
65395400
60856200
49932800
49953500
49919500
55398500
50202600
54458300
53968300
51112300
50631400
50290400
49888100
59204400
58006900
49957000
49190200
49390100
49554100
49445700
51317400
51865600
49830300
50365000
49477100
49479100
53070000
51124400
49859700
49772700
49851200
49616400
48891000
49812200
49531900
49303200
49418200
49397200
49277600
48972200
49414300
49615000
49832700
49045000
50237500
50269800
54430000
50219600
49936500
49983600
49939100
49895600
49638100
49426500
49832800
52498400
50517100
54940000
49836000
49844100
49517500
50026700
49696100
50235800
49675200
52651800
50125800
50307000
50649200
49458100
49304800
49476300
49510100
49613600
49856800
49305600
48687600
48972300
49144500
49500300
50760600
50963100
50174500
50408900
50426400
62451600
67627200
55237600
50963400
54621300
50476800
51925800
50266300
50723700
50101100
49856200
49851300
49898100
49835700
49638100
49314300
49591800
49051500
49906400
54281500
49904900
50111000
50536600
49928800
49267900
49189100
49937800
51096000
49739800
49363200
53589300
50046200
50484700
50069900
48948500
49075600
48810300
49514900
52791600
53311600
49975600
50173900
53097800
49835400
49270400
53019000
55260900
51475600
66052200
49969600
55762800
64522900
55734400
50409300
62202700
49844400
50121400
54425100
49838300
49970400
49917100
49796100
49357400
49261600
49472000
50042600
53506800
53714900
53301600
55384400
50222300
49964100
50764900
50071500
50011500
49756200
54140000
50658800
50024400
49895600
49704300
56272600
50502500
49851000
50102200
49473500
52583200
50086300
50567900
51535300
50192600
49844200
49968100
49960800
49749600
49470000
55375300
50327500
50085900
49470000
49224300
49982700
48911700
49206300
48826400
48845200
49380700
49054500
49832500
49023900
49973100
49543300
50382400
49828000
49132200
50035000
53566500
49841800
49345100
49437000
51524000
50214800
50016200
50831900
51039600
51088000
49844900
50560400
50323200
50351500
50035100
49884100
49949200
49676000
48846300
55237400
50909800
49852900
49769300
49388900
49306200
48897100
48906400
48818800
48959700
49514900
50100100
48852200
50061700
49965100
63893800
49361700
49946400
49836200
49257300
54087400
49846300
49968200
50555100
53289400
49942800
49748000
49686400
49877000
54208300
49756400
50153000
50204700
49667300
49529200
49050700
49737400
48774700
48870700
52963500
50800300
50218500
49814800
49951500
49469300
48848800
49009300
48991500
54012900
50285000
50006800
50124500
49882000
49647700
56688700
55838100
50008300
50346400
69833500
55127600
50854300
50303500
50454100
50336500
50135500
51197500
50106900
49736000
50114700
49465300
49788700
55210100
49803800
49512800
48965000
49296400
48943600
48946500
52153300
49764300
49272800
48703300
48850500
50246900
50058100
49848600
49776800
49145600
54137600
49823200
49684200
49140300
49149300
51386200
55103700
50745900
51455300
57239700
50953600
50296500
51297400
49935400
50310300
50219300
50060600
51273500
49871300
50293300
49811200
49612400
50604900
50238200
60900500
49412000
49162800
48762200
49082500
54013100
65237300
50865500
50134600
50201800
50373300
49770000
49816900
49353800
49573000
50450200
50027400
51220100
50923100
53634800
50531300
50055500
50636600
50325200
60818600
50021600
49872900
50600600
50106100
50165000
50733200
49467000
48900000
48721800
48453100
48621900
48547000
48975800
48922700
50066100
49102200
48414300
63574000
49555600
52184300
50015500
49977700
52109100
50603900
51628400
50804500
50086000
50459100
52106300
53671000
50518700
50982100
49979500
50052700
49944000
50701200
50018300
50047500
54712100
50170800
50678600
49940300
49885100
49979000
49812500
50934900
51934600
61711800
63780000
57438000
59116900
58095400
54235100
50126700
49851800
49859800
51784800
53322700
50752900
52202400
50285800
51501200
50659700
49827200
51012600
50908500
49954800
50550700
50739600
49887700
50358800
54163700
49958100
50145000
49336000
52231000
59987500
61422900
54347900
53678200
49323900
48997400
48579800
59308800
53266500
51348800
50542500
50648600
50463700
54431200
53727000
53332800
69688500
65100600
59336800
50307800
52530600
50472000
50820400
51875800
66454500
50353200
51467100
50016700
50137100
50561500
50159400
50318500
50499100
50621500
50077100
51169300
68927200
63053000
54777900
49974800
50830600
50195300
49951500
50205900
50373400
49950900
57945300
50251600
50034800
50366500
50214300
49908200
50105200
50811900
51781900
50870600
53802500
49992100
50648100
50013100
50827100
50223400
50107700
49823000
49878600
50052600
52889600
50171300
50953500
49875000
50996100
50248600
49998700
49629900
52094800
56825200
49783900
50635600
54573500
49894900
49965900
49893100
50398100
52019700
50630000
49842200
50019100
53838700
51353700
50209300
50862800
50534900
50132600
51346200
55128900
52325700
50441300
50207500
50495800
50352500
49915500
49756900
49158600
49743600
50101700
50786100
49520200
49521400
49602300
49896600
55536200
50583000
52275100
50023400
54477900
49899900
49881900
50287100
49853000
50408800
50526100
53389000
51163900
50093700
50416300
49549400
49387600
49339700
50381100
50324000
51311000
49917100
49716300
53053100
51827500
51356400
50951400
50147500
50088300
49952900
51426700
50151400
49878700
50001300
50381700
50319700
50990100
49985600
49889700
49954900
50054200
50310000
50630600
53858200
50081400
50861200
52500600
49781300
50077500
51486800
50531800
49946200
50628800
50192400
50372300
50754400
49927600
49945700
49209800
49111500
49007300
49359900
52794900
53787900
51787900
49885700
50529700
49878400
50105400
49818100
50497500
50109100
49769400
49890100
49839300
50188900
50003900
54600300
50279500
49871900
49477100
53753600
56728200
50258900
50902100
49894700
51565500
55501200
52609300
50787600
51476400
49931000
49970800
49902700
48885400
50975900
50774000
50057300
53810800
50827500
51748900
55432900
50062200
50287700
50069000
52838100
51165800
50101300
50617200
50345900
49748500
49763200
50790400
59175400
56120400
65908200
58023400
51320300
51552100
50260000
54739200
50675700
50593700
49914400
51150600
49970400
50654700
49704400
49397800
49127400
48941500
48880900
49184700
51122200
52405900
49895600
50577000
49672300
49601700
52598600
52023800
50126400
54325800
49713000
49840300
49998300
53507600
50622400
51243700
64973000
51310400
50806200
51179900
50139200
50070500
51080100
50050900
50086600
53635700
53454400
51041600
50018400
49970900
49911100
50106000
50111000
49899900
49969300
49902300
48759300
48674500
49028200
49707600
50335100
50418200
49961300
49479900
50724200
54696000
50771700
51056500
49992300
49977400
54659300
50127300
50056300
50829600
50077900
50144700
51081600
49959400
50165100
49984500
50029100
50235800
50615200
49802200
50963200
53450100
50761800
49389100
51413400
49698800
49718900
48957700
49486700
49596700
50595200
50645900
49880300
49290300
49126800
48944100
48782700
48884100
50399200
55043100
62305400
50362300
50367100
51075400
50053700
49666000
48847400
50244000
49393000
48951200
48989200
48788200
48652200
49375100
48537900
48742800
48670000
50303100
48570900
48510000
54171300
49758900
49599200
49178700
49812900
52143600
64778200
50461900
59884000
50020000
49773900
50338800
51143300
50859100
54427100
50914400
49979200
51057400
50346400
54752800
50523200
52768600
50857700
50075200
49918300
49434800
49294400
49329200
48965500
51581100
49287300
48690900
48456400
48884900
58186400
49075000
49819600
51810500
63603200
53248100
55481500
54310800
53820700
53487000
54050600
54134700
53643200
51755300
51920300
50014300
50519700
50085900
50879900
61502300
61063500
49991400
52072800
73027300
50132400
50380200
51873700
50105500
49895300
50129700
50437000
49804100
49149600
48707000
48811000
48581700
48756600
49207600
49589600
49486300
49345900
49154400
55649700
50375600
50180800
49407900
49092200
49223700
50569700
51386700
49718600
50099600
49119600
51595600
49978300
50664800
49796300
49660800
49707300
49110400
51455400
50763900
53029500
49803500
49599900
50161700
49037100
48865500
49143000
48810100
49478000
55853100
50777500
52542700
50007000
49935700
49701000
49469700
48848300
48676800
48776200
53602800
50343000
52781600
50190300
50310000
49826000
49573800
50069500
50751500
50671900
50173700
49394000
49073300
48788900
48832600
48896200
48808600
49541500
49779800
50262100
54049700
50524800
60421100
49812600
48978300
49089200
64047800
50272600
49756600
49928700
49937900
50671700
49999500
49816300
50153500
49540500
54549700
52878800
49937300
56216100
50339000
50906400
52015000
50945600
50177800
50386400
50033700
50685000
49992600
53387500
49673500
49531400
49179400
49069500
48734100
49536300
49217200
49483600
50640800
54526500
51760500
65962100
49910500
49873600
49658600
49208100
49933300
49140500
49514300
49022200
51962300
49194600
48955400
49727800
49092700
49295300
49744200
55465000
56446100
50459400
49923700
49998000
50148100
56266500
49991100
49860600
54052500
51221000
53797600
49856700
50491800
49855200
50070500
50041100
49980700
50028500
49562700
53157700
50574000
51284700
50029900
50220000
54878100
49973600
66164100
50260200
51269700
50234000
50385000
50099900
50226500
50150300
56952400
61234500
50522400
54342800
58743500
50066300
49900000
49955100
50479300
49809500
48969600
48972500
48561700
49647500
49025400
49113400
50429100
50963300
50104900
50142800
60815600
50329000
49812300
60852100
59174800
52126200
81644200
51565000
52479500
51243400
49940200
50214000
50849700
54228100
49929200
49695900
49443700
49780400
49111000
49256500
48904500
49665000
56305200
50952600
54711900
59443800
49759500
49088300
49687200
48908000
49948400
49970000
49121400
49084600
49041900
48885800
48790200
48491700
53045000
48502200
51563400
55877400
50925700
49908400
51236100
50160400
51274400
50912200
49982400
49431400
49161700
48728100
53907800
48821100
48774300
49125200
48926300
48500500
49007500
48589200
48540500
56432800
50138100
50138900
50482500
50632900
50241900
49459800
49004800
48862200
48881300
48632100
48703300
48858000
48770600
53627400
50098600
49303200
48898100
49734200
49331400
54157200
51010700
50090600
49883800
49768000
49919600
50013800
49166300
49272700
49039400
48879900
49230300
49326000
48507600
49000700
48700200
48964600
48681400
49256500
50845300
54812600
50592300
53641300
49554000
49158800
48983500
48873600
48789700
49527500
52176000
50515000
54772800
49840900
49897600
50332100
51426200
50520300
49936900
49678400
56828200
51198000
50724400
49969700
49919900
49906200
49672400
48833300
48678700
48679100
48809200
48667400
49181100
49556000
51382500
50529400
50378900
50936100
51100700
51220000
57548300
49912600
57781000
60599300
57885200
53131200
51724300
49921000
50056700
49921000
51740800
50029600
49908900
50221000
50315100
49413700
53566200
50025400
50743000
54468500
49940700
51600200
50271000
57844500
56883100
50043100
50015300
57954300
56500000
55398100
66577000
66221500
50241900
49988900
55731600
59076700
55460500
54407700
50711200
53068000
50259900
50924600
50577600
51450900
49842000
49845800
49631800
49386900
49118300
48939800
49079400
49137300
48786800
49463000
49453100
49096600
54638300
49853800
49763600
49594500
52561600
50200400
50399500
49907600
49888000
49489600
48957200
49638000
48720900
48766500
51790800
57902000
50106400
50599900
49966900
50589900
66145100
50912200
49883200
49813600
49798200
49209300
48587500
48732600
48558400
48571600
48566400
48514500
49295700
48769400
48743400
48545200
48620800
48583700
48841100
52716100
52645800
49875600
49242900
48754800
49369000
48699900
48635900
48594700
49444600
51308300
48823800
49600300
49318200
49118300
49210600
49674600
49910700
49445400
49030400
51784300
51161600
49621400
48665600
48704000
48583500
48621000
48509300
48491800
49282800
48666300
48624500
48637200
48598400
50736000
50924000
49842000
49764000
48944600
49363100
53036000
51360500
49730300
49480900
50061500
51974100
49567100
50263100
49321500
49785000
48846400
52605800
49694200
48863500
51703100
48793800
48772200
48847300
48606800
48519300
55334700
49870700
49645300
48777600
49488400
49512500
53374900
49619900
48916800
49858600
49884300
50323400
49170800
48809700
48933400
48999100
49647600
48605300
49192800
49898100
59970100
50234100
50692400
50092400
49998600
49822700
50648800
50830300
50491100
49836400
71205600
49907900
49888300
49617600
49679500
49441700
49565500
49049200
48741300
56508800
51932700
49846600
49796500
49921400
50513600
51156300
49776800
49566500
49133900
53890700
49943200
50411800
54699300
50052000
51140800
50913100
49820800
50623200
52330700
54755400
49943700
51220100
49748900
50289300
50543900
48746800
48900600
48587700
48637800
48462800
48813900
48650300
48527700
48678200
49482500
49037500
49000000
48710900
51907000
54259300
50067800
49833400
49561600
49638000
49314200
48684400
49330700
48583700
51530400
52916300
48845700
49799200
49120900
49341800
49244300
48768400
51032000
48804400
54327900
49829900
49623100
48723800
49219800
48801900
48602200
48482000
51833000
49341400
48773600
48830000
49382300
48726900
48486300
49920000
50135900
50124500
49531300
49180800
61104900
59437300
49956000
53772200
60115300
50560000
50583700
48733200
49613300
48986300
49751900
50244100
50169800
50296400
50601800
50309200
49186900
48822000
48733700
54173200
50075700
49466200
49188800
48768900
48908200
48695500
48614500
50522600
48997600
48822100
55430100
50399600
49981000
49898700
49754800
49095000
49366600
48856900
49165400
54943900
52312800
49806300
49797900
51267500
50815300
53864700
52571100
58574900
57865500
50196100
50895100
49779600
49144700
49701100
48878300
49257400
48778900
48521300
53080200
51230000
49671200
49011600
53593800
49659600
51025400
53934800
51040500
50063200
49736700
48875100
49177300
48716700
48690100
48941100
54010300
49792800
50445000
50942000
55770200
50733700
50547700
51463200
49796300
49697400
48869500
48617900
49452600
48868400
48449800
48646600
48773300
48561800
48820800
48616300
48612500
48519500
48596600
49455200
54180200
50431800
50026700
49647600
49176700
49087100
48940300
49104000
49109900
49226400
49105800
53187000
49508000
49106800
50485200
49444700
49541400
48912800
52360400
51590800
54614500
49837500
49841300
49534600
48707700
48517200
48461500
52515800
49688500
48770700
48704600
48778800
48956100
48533000
49405800
51839500
57008200
53768700
57787000
69939500
55808100
52170100
49942900
49929800
49859300
57456900
51206400
50076300
50709700
50137400
50093000
50520900
51156500
50142800
50010400
74240900
49944700
53330600
52348500
52283900
49799800
49802300
49204200
48594700
48745500
48513900
49477400
48805500
48502600
49709600
51135000
48944700
48814600
48968400
48641900
48663900
49779200
53015200
49971700
53982500
50074100
49026600
50641500
49243400
49169100
50623700
50307700
49600400
49134200
48789100
48890100
48852300
49025300
49657300
48833100
48760700
48919800
53196100
49984200
49783500
49472600
48651400
48735300
48634500
51776400
50281500
49034300
49209800
48908500
48780100
48588700
48642300
48523300
48373300
51486400
48516400
48503400
55205400
49809300
50070800
49359400
51442300
49456100
48870400
48710100
48947900
49166800
50464600
49575700
49355300
48941200
49003600
51656300
50508200
50441300
49453700
48940500
52875200
49814300
50204300
50542100
49395300
49465000
49030200
48751800
48677400
48692800
48639200
48643200
52488500
48970800
48924900
49679700
49342300
48754600
48805900
50635600
55368700
49892400
49918800
49220100
48899400
48676300
48780600
49203800
48722600
48730100
48620100
48688100
48699600
48676800
48591500
48711800
48734900
50354400
49493800
49572500
55323600
49823800
49690400
48764100
48777400
48635900
48751100
53141600
48701700
48630500
49770800
49780900
48865400
48740800
52351500
49435000
48630400
48715900
48731600
48745500
52843900
49111400
49734200
49915000
49021100
48908100
48646300
48489500
48627200
48481200
48763000
48814400
49841200
49356800
50206200
49596300
63834800
48861800
48793200
51384800
51931400
50450400
51712000
49973900
50181700
53549600
56535100
49124100
49807100
50999700
49054600
49114800
48611300
48720400
48727000
48614400
48644300
49574500
48781700
53054200
49852700
49651500
49692300
48690200
48523100
48525200
49160100
50017400
49110400
49846300
48932800
48805900
48638800
48592900
48850800
48711200
48912400
51739200
48813600
54547600
49761900
50406400
49889500
50260900
50187400
49469500
48835600
48738300
48822200
48681900
48526500
48600300
48559500
49257500
48751100
48646400
48532300
49260300
48677800
55892800
49842600
50066700
49756900
49263600
49771600
48612200
48655000
48487500
48570000
48571200
48606500
52659100
51252100
49824900
50236400
49771400
50534100
49616200
53515400
62767200
49918100
56919300
61430700
49853100
49779400
49960800
49236800
48756900
49397800
48622600
48557300
48837000
48610000
48758600
48673900
48701800
49674600
48965300
52569300
50727900
50384300
49756700
49379100
48768600
48577600
48753300
51404600
48847100
49447800
48966400
49189600
50172500
49168900
50326000
49924700
49130100
48705500
48517000
52788100
50121100
49564000
48565000
48612500
49343700
48650600
48507500
48908200
52765400
52290400
49407800
50893400
59395500
50326500
49795200
49341200
49554300
48632800
48616000
56438600
49789700
51635800
50237000
49733300
49774500
50154300
49754400
49076000
51387400
49733800
49070800
48819300
48764800
48782300
48931300
49756300
48716600
49629000
49019600
54566500
50255500
49068000
49122800
48648400
48743700
48764400
49681500
50278600
49209400
49085200
48804200
51493200
50531700
49884600
49416700
49429300
51826500
48985700
50550800
52489700
49902100
49939300
50075000
50376400
49397500
48673100
48851200
48772300
48760500
48688500
48608200
48590500
48702700
48622000
48779100
49490300
48591100
48503200
49816000
50585500
48983800
52159900
54428100
49786400
49435700
48882200
48718000
49423800
48784800
48645400
48732200
51503900
48819100
49215600
50130900
49053600
49012900
49232700
52745700
51921200
50055900
49401100
48917800
48963000
48609000
48791400
48917900
48790500
48531200
48605500
49312500
48648100
48600500
48764500
48705500
48709700
49732000
49120000
51641500
51290000
49553300
48933300
49535700
49030600
48727300
48559400
52173700
49163800
48618300
48601700
53592400
49274500
50078400
49507300
49463200
49170000
48594800
48501800
51876300
52070700
49874900
48962800
48749000
48909200
48706200
50208600
48621900
48735600
48679500
48791000
48687300
50202500
49127000
51405700
49636500
49335900
48681100
49354300
51369800
50061400
51065800
51188200
49816500
49967300
49479500
49611800
49931800
49615300
48825300
49328800
48957400
48593200
48932200
48974900
48844100
48571000
48643200
48649500
53339700
49550400
49135100
49543300
52026700
49084200
48950200
56065700
59420700
50045200
50894300
50488500
49897200
49759900
50699200
49893400
50196800
49766300
59169500
55026300
57293300
50693300
49808900
49879800
49698500
50635200
50151500
49013700
48711900
48508900
48694000
48656500
48619400
48661700
48785100
52651700
48715800
48757800
49360700
55345800
54220600
49364800
48988200
50227100
50648300
49160300
48986100
48973600
48831000
48684900
49296300
48727500
48662200
51928200
49222400
49169100
50198000
49940900
49084200
57543400
67685600
53437000
61140600
48733900
48757300
48705800
48624000
48646400
51280300
48772400
48714500
48874300
51532800
49816000
48704400
48903200
48825400
52163700
54589800
54121200
56309700
50163100
50358100
49733300
49834600
51326100
49221900
52621800
49773100
49798900
49187700
49016900
53355900
49633600
49337800
48606700
48678200
51007900
54726300
49785600
49038400
48785400
48602100
48616000
48925200
48681100
48667300
48502500
49544800
49065300
49051200
49272100
52145200
51611200
50694100
50232200
49795200
51732100
50913200
50078400
50362500
51324900
50512200
49304000
50011300
49709400
49784000
49329800
52819800
48997600
49073800
49092200
49798700
48659300
49020800
48611100
48811500
55615300
49739800
49940000
49622000
49139900
48852900
48749500
49525200
48704100
55022800
61014400
49223100
50583100
49544100
49330800
49090500
48952300
49233300
50269400
52809400
54120300
49701400
50660500
49668900
49401000
49869100
49380800
49570800
49402500
48876700
49335400
48989000
48786800
48864600
49017800
49300700
49848600
48944900
48788200
49972400
52879000
50062300
50390400
49540700
50322300
50761000
49764200
49750900
49295100
49140900
49025900
52495700
49850400
50174000
52351400
49804800
50715100
49497600
49185800
54570100
50773700
49788400
50025700
49774700
49182200
50136000
49074100
56291800
49201600
48718400
48775000
48651100
48883100
48990500
49998300
49048800
49048600
50943200
49727400
53976500
50366300
51152300
50058500
49810100
49422900
49019900
48976900
49412300
51819600
50506100
49669000
50720100
49628600
49146300
49171600
49764000
48662100
49335400
49252300
56302200
49818100
50441900
49744400
49394100
49211400
49368300
49299000
49314900
49332400
53948700
49801500
49558500
50346700
50498600
50496300
50358200
50143300
49432200
52424700
51261400
49609200
49512100
49254300
52981600
50352800
49307200
49099500
51317300
49868500
53157900
62721400
49877700
54257100
49956700
49890500
49878200
66157800
56233300
50891000
49830800
49822400
49920300
49865400
49723800
49806100
49310200
49657000
50450200
49908300
51022400
49666200
49666800
49590200
49650200
52010400
50774100
50267900
54979500
49813300
52042200
49938400
49986200
49727400
50305000
49779100
49716600
49820600
49647900
49552000
49403200
49550400
50298300
49581500
49418000
49350400
48936900
49004400
55274400
49975700
49516400
49825800
49906100
49748000
51202600
49754000
49424900
49229400
49064100
49217200
48933600
48751900
53286000
50693900
51761900
50381600
49965500
52790500
50357200
50744200
50030800
49683300
49234700
49761900
49435700
49293800
49232600
50095400
49256800
49341000
49090800
49032900
49030900
48845100
48666000
49403300
48695500
55883900
50099300
51604500
49894100
49853800
49687100
49573400
49531500
49422500
49757800
51999000
49616500
49682000
50509600
60753100
53406200
53340300
49707500
49494200
51721800
52016800
49837900
49589700
49818900
49475400
49485100
49481700
48967600
49033700
48922400
49172600
49152300
48645300
52897400
50564300
49977000
50843600
50497300
49548100
54727800
49851800
49653100
49606300
49509000
52322900
49727800
50181800
50814300
55080400
58103400
58719600
50046700
50043500
49824200
50007700
50133200
49751700
50705800
53151500
52701400
50766600
55033600
54158300
49770800
49457500
49044200
48735600
48870600
50175300
49190600
49221000
50493200
49481100
50058800
48796800
52208700
49974200
49991600
54812700
49914700
49837500
50564000
49861200
49883400
50369100
51281000
49745300
49671700
49858800
49427100
50316500
48926300
49106800
49411100
49145200
49003600
49791300
49019600
54834700
49816900
49655300
49551200
50241400
50866600
49805900
49967800
50767400
49835500
50463900
49661300
49283700
49142200
52296100
50966000
49889100
50471400
49611000
52986600
52643600
51013700
50464000
49863100
49775500
49514500
49503100
54469200
49825600
49845100
49530100
49542000
49365100
49015900
49878100
49042800
50391400
50735900
49358100
56500400
50771700
49868400
51146800
49818500
49676400
50388600
49298400
49002600
49103800
51637100
52003500
49548500
49440300
49512300
49331100
49167100
49873900
50049400
50142400
53445700
49822500
49846700
49818100
64883200
50963200
48746400
49002400
48626000
48663600
49430700
48855400
49112700
48669100
49104800
49483400
50419600
49993900
50975600
53797000
49849900
49848100
50534700
55900700
61552300
50605400
52195800
49780000
49813200
50202100
49878100
49654400
50049000
50060100
49484500
49056500
48845500
49066300
50185300
53106600
49800000
49571200
49202600
49087200
48859700
50026200
48895000
48610200
48631200
48554700
48944500
50257700
49085000
49485000
48957000
53342100
49622400
49858300
52269500
52106200
49741200
56904700
53193900
50088100
50606300
50057700
50000900
49708100
50148900
49878300
49170600
64247300
48981800
49236600
49123000
49044900
49056600
49026100
54184100
49811800
54176300
61451300
49443800
48778000
48703000
52014600
49944700
50752700
49345100
48838500
49100200
49179300
53402700
49874300
49767500
50052200
51588800
54441800
50554000
49939200
49869400
49718400
50726400
49746400
50009900
49565600
49363500
49080100
48940500
49867500
49134900
49235600
49278200
49250900
49526000
49071600
49591900
54259100
49911200
49684800
50129400
50453600
50085600
49771200
49533500
49284600
49276400
49960600
49172600
49151700
51707300
50237700
49741000
50778300
50360100
51733800
64544500
52648000
50782800
51347400
50155700
50006900
50027800
49963900
49866300
49775700
49271800
49001100
49211800
49218500
48914800
50309500
49688400
49711200
50084900
51143500
55518600
49887300
57151400
59971400
50080400
49882200
49877700
50289700
52398100
49906100
50033500
50375000
49719900
49723500
49819100
50358000
49317400
49356600
49995000
53148800
51327400
50115300
49968800
49177100
48920700
49128300
49237900
49102700
49537700
53401900
52781100
50118800
50664400
50227900
53062000
54171000
54510900
51419600
51140100
54276500
52296600
51961000
55553700
54325300
65046500
61812900
56975800
53263000
65350400
50185700
49991700
53118300
50123800
50065200
51344100
50300800
51988700
70922400
50364200
50036400
50008100
50766300
50105400
49925000
50146800
50057400
49132900
51859600
49592200
49004500
49144200
53023600
49811100
49459600
50564700
53347200
57636400
51515000
49996500
50481100
50514900
51560400
50313400
49935600
54158400
49973300
49946600
49898000
50018200
50708800
51001600
50323700
50071800
50133600
50030900
54614200
53099100
50364800
50464200
49976900
49895000
50503000
51236700
49924400
49830700
49866500
50093600
59651600
55355200
50804000
49820600
49830000
50522300
50518900
50573900
55739600
49900900
50299700
49978600
50001000
49991400
49989600
49949100
50068300
50696100
49873100
49844500
49662800
49453000
49454700
49509100
53248700
50201800
49779500
54309600
49864000
51516900
49923000
49881300
54791200
61818700
52593400
49984000
50464800
50225700
50218000
54616800
50693000
51276500
50046000
50049000
50408900
50057100
58143300
55600700
50783600
49845200
49950400
49886400
50593300
49944700
49950900
49895500
68574700
50402900
50418800
49951000
49912400
49963900
49809700
51264600
50595800
52522000
51201500
51514800
50769600
49829300
50909800
49932000
50119100
49549600
50135500
49408500
50211200
50262800
49793100
49809000
49597600
49534800
49415600
49096400
49289400
55505400
49984000
50042600
50420500
49888700
49457400
49792200
51365500
52278600
49810000
49935900
49763300
49458700
50499500
50581900
49671500
50292100
53189000
49961000
51726300
54506000
50072900
49815100
50805400
50118300
49897800
50665900
49817700
49967800
49754500
49596600
49811500
48995100
49260200
49032400
49172500
53958300
52860100
49750500
52818000
50160500
50171700
50211300
49929500
49704300
49549900
49647100
50367300
49950100
49881000
50499400
53255500
50851300
50016300
50926200
50241800
49904500
51298300
50229700
57421400
65381100
51295600
49825200
50217900
49785700
49642400
49679700
49510600
49509300
49515700
49688300
49865400
49769700
51061900
51117100
56014500
51086900
50040100
54403800
49982400
50054200
51031600
49933300
50029500
49898500
52094900
51169400
49935400
50862200
49979900
50732200
64496300
50285700
54423400
50100800
50037500
50196800
54768800
50710800
51081100
50103900
49842900
49829300
49744200
49861700
49763100
49676800
49794700
50570500
50376600
50327100
49300300
49732300
49581100
49889500
50482200
50143900
54032500
49980100
57102000
51658600
51366600
50986400
50037000
50132600
50098700
50925100
50020500
55634000
50072200
50010800
50138500
51165800
50562000
50002000
49999600
57968900
50189000
50267800
49931900
49882900
49963400
49806000
49852600
51104100
49955300
51615900
50007000
56630400
51370700
52641800
52204700
50702500
53283200
55815900
54886800
52591900
51006900
60199400
54596500
64796200
58605900
50141800
53810200
52684300
51014700
62108100
50729100
49949300
67342400
50605700
50386100
50107800
54670800
50003800
50202600
50443000
50048200
49995300
50404500
49602300
48913500
48883100
49312300
53178400
49842300
53288900
49882700
50030800
49807700
52870600
50797700
55534100
53223200
50218700
49985000
49940400
49718000
49803300
50601100
52416400
49764500
50599400
50423100
50274200
49986400
50565900
49930800
49846700
50009700
49968900
49888200
54192600
49908600
50599600
49908600
49838300
49482300
49620800
49860100
49736700
49817600
49838300
50031100
50458900
50897600
50677800
49854900
49808200
49741600
49434000
49147400
57793000
49691300
53592300
50156500
49784700
50905000
50745600
50087100
50610900
50013700
49877400
49845600
49568000
49185400
50067100
49198600
52670500
49984400
50404700
55725900
49967200
57310900
58951500
49824000
49768800
49228000
50095500
49560600
49219300
53176900
49922100
49910700
53164400
50231500
49951700
49856900
49477800
54250500
56060800
51414700
55910400
50730600
49907200
50899700
49856600
49857200
51105500
50230600
49834200
49682300
49497900
49708700
49825600
50291900
49704600
49664300
49298700
49395800
54960800
49873000
49860700
50440700
50447200
49683800
49773000
50152800
49624700
49535800
49547500
49389500
49206000
51619600
50827000
50444600
50597200
49805300
53177000
55502200
51683200
57224300
50117400
50024800
49949800
49884400
49871700
49900700
69326400
61428000
51227300
49800800
49814500
49803300
49617900
49414000
49007900
50183500
52699400
55240100
49798800
54504300
50491800
49903300
57121600
60793100
52464000
52173600
49739400
50721500
49833000
50074800
49891600
50985300
50383000
50192300
49598000
53514000
50763300
50119300
57726600
55801300
49827700
49844100
49427600
50175200
49240500
48909100
48992200
49101300
49455900
50077800
49372600
49076200
49316200
49771300
49167000
58799300
49768500
50127900
53115000
51390400
50993100
50664100
54481800
50129400
49826700
50943000
51068700
52461800
49689500
49646100
49694000
49751200
50489600
49638800
56029200
49958900
50001100
49912300
49782500
50258100
49392400
49067300
49167800
52514400
49984200
49336700
49036600
49636800
49610600
49689800
50225900
49405900
49223600
52160700
54324900
52066500
49972800
49908900
49848200
50447800
49864700
49746800
50363200
49266700
49021300
49435600
49085300
48892900
49454000
49626700
49587500
49504500
49525900
49385200
53993900
49803900
51683700
50430500
54043700
50026000
49806700
49766100
50063100
49347300
49183000
49020400
49603600
50342700
51391900
50149200
50552300
50632100
50062800
54216400
50665300
59549500
62234900
50828500
49790600
49331600
49046200
49039900
49129100
48516400
48544000
48358700
48754600
54420900
49777000
50209800
49627900
49280800
50375300
53873000
49788100
52654600
51447400
49822700
49742500
49489400
48971700
50459800
52157600
49716300
55053400
49741500
50017300
49954400
54447400
50208500
49806200
49823100
53947000
50695100
62923900
49895200
49800600
49839300
49855400
49679700
49685800
49515700
49553000
49066700
50006500
49565400
52976000
49543900
49515000
49231700
49187100
51177900
54368100
49935700
49950200
50221700
58724800
49874400
52171000
49887100
50536500
49862200
50740200
49942000
49795300
49969900
49264700
48695800
49563000
48674700
49058400
55403800
49837500
54767500
62772500
49379600
49843200
49649400
49362200
49484200
53791500
49540500
49060700
49277600
52235600
56456200
49778700
49934300
49687600
50260200
56726600
51498600
60631100
51379500
53615900
49809500
50898700
49877600
54081500
50066200
50359200
50073500
49959100
50280200
49746000
49883300
49784300
49553000
49638600
53858000
50326100
49702900
50119900
50089300
49890800
50669300
50277000
49631000
50305500
50018400
49757700
49369200
49307200
49196800
49986100
49940600
49846900
50872000
52974900
54355400
49903500
50794900
51087100
54230200
50356200
50662900
49987100
49942000
50622700
49963600
50394500
50104000
51759800
49971800
50089600
50036200
49930800
50017200
52040000
52017900
50786100
50500900
50472900
50406200
49962700
49954700
49907700
49887800
49774100
49721400
49516400
49530700
54799000
50375000
49999500
50638700
49799600
49623200
55441700
50411900
50018700
50022000
49967000
49975800
53974900
50454500
50618100
50005300
50415700
50002300
50180800
50051000
50173800
49808700
49503200
50673300
50108300
51918500
51512100
49952500
50750500
50727000
63665600
56112700
49868600
49899900
52455200
66434700
49783800
49885200
50578700
50318200
49914800
54288200
50270600
50527000
53813500
50073100
50023300
50313900
49647600
49591300
49004400
49133200
49076900
49129100
48993300
48593700
48576200
49101300
49078700
50237600
50323300
49974400
53512300
49741800
54207900
49918900
50009700
49758700
50013400
52175800
51097500
49893700
50580100
49747100
49811400
49898200
50203300
49915500
50423900
50209900
49862100
49766600
54247800
49817900
52254200
49802800
49594400
49754700
49462900
49265200
48946400
48728400
48907400
48794500
50612400
49436500
49222900
49340700
49020600
48994100
49154000
49110400
49099400
50013800
59597100
53211600
56295700
50239300
49875900
49743900
50394400
49934800
50000400
50216000
49774100
49429500
49394500
50322800
49412500
49536300
49380000
49897400
49912400
54008500
56191000
50957900
50987700
50102200
49928700
50739200
50666100
49932700
52089700
49229900
49084700
49097500
48943100
48838600
48702300
48827400
48688800
49574400
49320100
54988200
49814400
50470500
49698500
49427600
49957300
50180000
49783800
52465500
50466400
50469000
50403300
50126300
50560000
51179400
51509400
50119200
50775400
49805700
54403700
50008200
50289600
50568400
50038500
49934900
49880200
50057000
49962200
49612300
49243100
49720600
50716500
49488700
50178900
49672400
49597100
49969300
50335500
50455500
55100800
50313000
49909200
49787600
49642700
49492700
49719500
49121900
54380100
52711500
52599100
50895400
76358500
50158800
49953900
49821000
49951600
50004900
55527800
63756900
56289200
49774000
50975500
49749200
49765800
49790900
53156600
50248900
50057100
51019700
52606600
49887200
51765800
51607600
50361300
49955300
49998400
50389900
55211400
51231500
50701200
55346900
59950000
51899700
50038500
50053500
50057600
49948900
52453200
51234000
50041600
50650800
50084000
54976600
50278600
49983500
53524900
55630900
50368200
53944300
55830400
55708200
52439100
49831100
49804100
50842100
49859400
49863400
49944700
49998500
52370900
55117800
55743900
54878200
62389300
72086600
63868000
56182800
53660300
49913300
49774300
49779300
49621500
49703900
49274100
48958500
53068000
50276200
50307200
53999100
49991300
56716100
50651900
50057600
56683300
55324100
49920800
50284500
50308300
51326500
50744500
50142900
53930700
50208900
53657200
63588400
50211200
49933200
50042600
49898700
50024100
49931000
50976100
55098000
49992600
50055000
52878300
49937500
49973500
49990000
49995900
55718200
51414200
61349500
52654600
52646200
50637000
50519300
50201800
49945900
49980400
83816300
52452000
52822100
55556900
55439100
55686800
50732900
50082600
50937200
50287100
50079500
49964100
50568200
50408300
49967100
49912500
50743000
50261700
50640500
50493300
55168200
53270400
50285400
51495800
50043200
50124300
54655100
50617900
53660300
50578400
50922000
49807100
49770800
49820900
49652200
49514600
50543300
69220100
50647900
54581200
50959300
50575900
49976100
50995900
49867800
49852100
49788300
49773400
64476300
49682100
54234900
50562400
49527800
49638100
49533700
49633800
51342500
51890700
56961100
53962700
50859200
50636100
59863500
50766200
49850300
49871000
49861200
49552900
56539500
61964400
55454900
50229800
52227200
50035700
49991200
50605700
50598400
54880300
49815800
49978100
49960500
49769500
49953300
50129400
49955000
49753100
52021100
58564600
55595400
58091700
56877200
56236700
53358100
50481400
50408500
52430400
51719800
49908700
50592700
49630700
49552100
49450400
49300900
51977300
52954100
49784200
50487600
49847500
49526900
49507500
51663800
49428100
52585300
49830300
49828500
56780200
49759100
50248700
49791700
49889800
49920300
49727000
49729900
48768500
48871000
49061800
49022400
49296600
50214200
49114900
50272300
49240700
53614700
49793100
51273000
54962700
49916500
51472900
50685100
50262100
50453000
50482600
49998100
49906600
50631000
50512400
50024000
49824200
49746400
51822700
52584900
49813100
49821400
49347200
54732100
50104100
50720500
51512800
50137300
50072400
49846000
50309400
50318300
49805500
53054000
49784400
49807500
49829300
49873000
50414300
49869800
50886400
56412600
52486600
52712200
58498000
54081500
50591400
49787300
50007900
49632200
50044500
49348800
49161000
49019400
48971800
49106100
49023300
49712100
49125100
49111300
48955200
49454800
54845500
49965700
50391900
50446100
50259200
49597900
49281700
49355600
49153200
52843600
49852800
50445000
51561400
50083900
50832300
51156000
49981400
49869800
49312200
50715300
53930800
49833800
49928900
52153700
55115500
49827400
49822800
49633900
49322500
49036800
49088000
49116900
49220500
53728300
49801400
50332600
56216700
60994300
49732600
54275200
50043400
50207000
50101800
51067000
50040900
50153900
52755300
49841800
50613400
50485900
49798500
49767300
50259700
50028000
50064700
50331800
49988600
49898300
53616300
52639500
60242200
57115700
49901700
49751800
49603000
49525400
49395400
49596500
49867900
50003600
51464400
50223600
50147500
50719100
49775000
49715700
49615800
49533100
55516700
50004000
52547800
50014900
52431500
49820900
53379100
49773000
50658300
50017900
50025800
50142500
49818500
49752900
49733200
53827500
57253200
63856800
48925800
55331100
49897600
49978500
49938100
49878600
49953400
53744000
52985500
50953100
49826500
49737700
49421300
49127600
48958200
49464600
49001600
49598600
52478300
49835900
53327400
52123500
49870600
49783600
50820300
49967600
49805900
49757600
49168400
49069900
49139900
50948700
49116100
49440700
48736700
49156600
49228700
49566300
49441600
48645300
54248900
49876400
50178900
50413600
50705300
49921900
49924500
50029900
49576800
49895200
50117000
50162800
52026100
50045300
49796500
50580500
51008500
49898700
50305500
50027500
62386300
54658200
49938600
49828200
49290300
49118200
49462400
48998000
49772000
48815500
48932900
49032700
49006500
48712800
50589500
49120100
49631400
50155000
49178700
51574600
51436700
49779900
49941300
49668800
49841800
49398300
51087700
50250100
49804000
50606500
50137800
50866000
49642700
50477400
50759000
49546000
49767800
50291100
49908300
54236800
49855900
60269100
67676500
58722300
66724300
50033500
50757300
49891100
50647100
50123300
53415700
49935100
50037600
50414100
50276000
50779100
49937400
51149200
50918700
51141400
50188200
49978600
50564900
49834700
50505700
49850200
57179200
50601500
49964800
54445000
56598900
50031300
74390300
50793000
50273300
49814800
52994500
50062000
50326100
50428600
49921200
50468700
49830200
50225800
50915200
49743100
52186000
49961200
49891900
50243100
53592100
49888500
53158800
51500700
49801000
50481400
53541700
50557700
50222700
50710200
49840300
49760500
59756300
56515300
49430300
48959400
49797600
49066800
52094700
49608400
49271500
50655500
51345600
50012700
50905900
54070900
50318500
50354000
49973000
49934500
49815700
49872400
49506200
49749000
49656000
50086800
50215300
51794600
51801400
49784500
50107200
50526000
49798500
50474600
50758000
53446100
49820900
50736100
49900400
49772100
49612400
51211800
49136700
52515900
49692100
49223500
48836800
48809500
55999900
57478800
57623800
61554300
56580400
51723300
55011300
52239300
54728100
53456100
49800600
49748700
49818600
52745300
49816200
49661700
50818100
50121100
50376700
50661800
50004300
49963300
50006900
49939200
49915200
55211900
49930000
50083100
50254400
49820000
49597600
49251900
49322300
49513500
49188400
49384000
50992300
49548200
51920700
49747800
51531600
51275900
49819500
49700200
51337700
52585400
50019700
51101800
51188600
49885800
50624500
49955700
49922900
50780800
50632600
49870700
49857300
49697600
49405000
49485000
50104600
49764800
50168400
49995700
58879800
50583800
50336900
54298600
50337500
50053500
49934800
50188900
51985100
51188900
49821400
50408700
49966800
49887600
50169300
51490500
50006700
50158300
49964700
52958100
52401800
49848700
49805300
50609400
50003500
49627800
49497300
49664700
49861100
49646600
49741700
51044100
49859600
50386000
50295700
49845300
49943500
50102000
50691100
53297000
50222400
49794600
49886100
53255400
49961500
49888600
50612000
49672000
49799500
50374700
49975400
49676900
49734500
50102700
50101600
51672200
49912700
49921600
50159400
55044800
50262500
50058900
49861200
50074100
50185000
49938500
55970300
62325200
50718400
51199000
55564000
53330600
62277800
58845100
50945500
72104000
55953400
54177600
51805500
51096200
49751700
49976700
50332700
50616300
49946000
49639900
49534100
49695700
49932800
49777200
49928900
48948400
49279100
48897100
49695600
49124900
51092500
51930300
50658500
51863600
50063700
54011400
50825900
49876000
49805400
51532700
49956600
51527400
50815800
50425000
49700600
53542300
49865800
51049700
50974900
50061000
55304100
50785300
50107000
50663800
51364600
49877200
49839700
50070300
49892700
50831000
50349300
49987600
49995100
49926100
49621900
49836300
49314000
49733500
49181200
51854500
51570000
50527700
49974500
50336400
49921300
49897800
50135600
50381000
51382800
51754700
50000900
50511200
49806500
50217000
49588700
50286100
49422000
49539300
49843700
53236700
49927800
49921000
49869500
49729800
50711600
52262200
52159300
49809100
50849300
58755500
49982600
49877000
50048100
50371500
50004700
49424400
50094700
49481800
50780600
52146300
49794500
50099400
51261800
52032600
49900400
50836700
49908600
49741300
58027500
51190200
49569700
49422200
49630200
49622500
49246700
49439200
48886800
53215000
53711500
49834400
50519600
49929700
49508200
49230600
49340900
49352300
49704000
50637800
53217500
50009600
50749400
50813300
50129300
50192000
49945900
49893900
51012200
57148900
75485500
50230800
54458000
49885800
50242600
50843400
50109100
50824700
51151000
50676700
50005600
50907000
49827700
49780800
50059500
50012800
49914000
50656800
52225700
53595900
50187400
49847300
50152700
50788300
50741500
49912600
54055800
63910800
50178400
51398400
49988000
50433500
52417200
50120400
50066000
50699500
49998000
51004900
54557800
49925900
50789900
49895700
49819300
49808900
53424800
49860900
49853300
49280400
51191700
53144700
49250000
49351700
50631800
49473600
50121100
50065000
51320800
55824500
49935000
50025700
50073000
50890300
52771900
49929000
51294600
49896600
49924100
50694900
50521600
50728600
49976500
50008700
49896600
50420100
49957900
50152200
56882100
53844200
50227600
50316800
53972900
50158200
50114000
49948100
50238900
50073600
50725500
51399000
50463600
50556700
50183700
49929200
50083500
50367700
50203800
50467200
54121000
50184900
50898600
50579100
49927800
50593500
53890000
49909900
49781700
49597300
49826500
49488100
49425200
50157500
49494100
50265900
49909000
50457500
49939300
51248700
54855100
49760500
50028600
49747800
52819500
50250500
49774100
50813300
50171500
49898400
49802400
53978200
49997900
49918400
68731900
50348400
49885300
50446300
51986800
53459600
50422200
50221700
49961800
50157100
49926700
50044600
50058900
49494100
49879600
49905900
50446800
49551400
49637600
49383300
49208100
50105500
49863800
49845300
53285900
50432700
49963400
49928200
50608900
49925500
49648200
49508500
49101800
49092000
53881400
51102300
49988200
50772300
49911000
50017600
51169900
50681900
50751200
49957200
55214200
50352400
51334200
50226200
50007500
50097900
49973400
51025500
50052500
49925700
49908400
49848600
49855700
50665500
49989000
50425800
50530300
49923600
50204400
55470900
50038600
53311200
58599200
50101500
51408700
57513100
49915900
51939300
49789300
50091000
52559400
57083400
53960100
50129800
49814500
49991600
49793200
49971600
54675900
53765800
49935100
49807000
49940600
50520900
49950900
50021600
49997100
50276800
50437100
54088000
49911500
49807800
53370900
49833100
51058200
50287300
49831000
49947900
56572300
49962000
50194000
49921200
50057400
50041600
51457700
50068400
50530900
49602600
49598300
49439800
49647800
49642000
49683000
49643300
49590900
51343700
52996300
56438500
50798200
50075400
49896400
51867100
52234200
50023300
50324900
50948300
51288400
49745500
50591400
49805100
54185500
56440700
51929400
58747600
50145600
50071900
54493200
49942600
49855100
49994400
49965800
50075200
50458100
49944900
50433600
50008300
50752700
51908100
49812300
50163200
50211700
49726100
49826200
50764500
49936400
51348900
57173200
50157500
50006300
52554800
49949100
49988200
51081000
50013000
50100200
51750300
50480400
49851600
49967800
49659300
49567500
49417700
49466000
49424600
49878200
54641800
51470000
50677500
50011000
50007200
50025300
50371400
50093900
56655500
50313300
49838000
50217100
50074800
50233100
50640800
54295000
50209200
50591400
64207400
64020500
50282600
50879000
50032800
50057800
49899600
51410300
50036000
49937400
50250200
50526100
49969300
50052200
53918300
50426000
50108300
50035900
49994700
50795100
50251400
58137000
50225200
50306400
50089700
50962700
49842800
50021200
50097100
49931400
49832100
51769400
49866300
49832400
49862300
51973800
50104600
53408600
70330700
50682300
57038100
50874800
49862700
50628700
49995000
50881800
49939900
49949700
49892100
49920700
49598100
49542300
49280700
49090100
50050600
49457200
49949600
50821400
49838100
55102300
50567500
50618100
50456500
49947300
49953200
50532800
50558500
49999500
51275500
52495800
50044100
51199500
49882600
49931400
49944400
51325700
49970400
50604900
50992200
55824500
49849400
51285900
50570800
50734200
50873200
50594600
50465800
56135700
50264300
50048000
50820400
49976700
54225700
52701900
55416400
51161300
49943800
49992100
56190400
64400100
54362900
51143100
50523600
51087000
49945300
49895800
49994000
49379700
49268800
54754400
49995800
49755800
49887000
50679200
50074600
49789700
52608700
62181600
50105200
49994100
49947800
49760300
50024900
49787700
49654600
49916700
52930100
51159800
49679800
50446500
49573400
54281200
49543800
51368300
49814500
49649500
53029600
50401200
50265100
49810500
49545600
49406100
49453700
49602100
49903800
49633600
49450600
49397500
49930100
48820100
48870600
50164100
50039100
50711000
53076900
55224700
56620100
56440000
54758000
53879900
53495000
50029600
49836300
50974500
49773100
49860500
50676300
51300700
50679700
50068300
50053700
49957000
50408500
49615800
49339600
55673900
49748200
50115800
49952500
49267000
49159700
48907000
49102400
49008100
50628700
50392700
49883300
49753200
50002500
50404600
51480300
50817200
50054800
50050500
73621000
53624400
50010800
50051200
50788300
49914500
50030800
51442700
50199000
49907900
50065700
49986400
49960800
53419900
50097400
50119000
49909700
50019900
49768300
49192200
54505700
49901800
50666600
50025600
50346100
51216500
53463400
49768000
49920100
49896700
50730800
51209600
50079300
50161600
50541500
51770600
50100600
51469800
50032300
55174700
50242300
50913400
50969200
51152000
50024400
50413800
64112000
50196300
52511300
54153300
50164300
50004100
49989100
50028800
50207600
51615900
49899700
49860800
52291100
51875000
51622100
49948400
50078000
50394400
50161400
49956600
49577500
49237300
49349400
49029700
49013000
62088000
54916000
49423200
49400700
49352300
49888400
49870200
54735400
50006400
50446200
50141100
49825200
50026000
50803700
49901900
49641600
49548600
49258800
49287300
49504100
49310100
50451300
50411700
49864300
50798400
49804900
51738000
51823700
49985200
50016400
50527800
68524900
52725700
50002200
50598600
50423900
50876500
50013000
50824200
50126200
49838100
49906500
49739300
49877900
50386600
49891400
52257600
49847000
51687800
50003000
49909500
50187100
49972200
49895000
51495800
49654200
54423400
51240800
50059600
50180800
51398000
51543400
49759300
50675000
50032800
53459400
50444500
50443000
49932000
52571400
50006700
50954600
50099200
49882100
54937100
50526400
50315600
50022400
49926100
50012300
49969600
50117100
50299300
57528200
53002600
51087300
50526200
50078500
50489000
50287200
50005900
50812800
50810800
51339700
53935300
50777400
50088800
55914200
51898300
51411600
49951400
55797100
50727700
50707300
52388300
49945200
50336300
50474200
49922500
49620700
49438900
49324600
49257000
49267900
49762000
49782400
49999700
49861700
51857200
63970900
50010100
49706400
49788200
51889400
49896400
50005200
49922900
49787100
49586200
49661900
50281700
49486700
52476300
49848500
49373500
51838500
49914600
49953800
49940500
50287600
50081600
50072400
50779500
52662500
50694500
66622000
66825000
51929900
50182200
50305800
50076700
50046200
49965100
50253000
50722500
50529100
49876900
49800000
50074400
49620500
50687100
64661800
50221000
51398000
50071900
50843500
49916900
49833700
49962500
50159100
50374500
50243300
49891000
51405300
49902500
49966900
50363900
51195900
49841000
50108100
49798300
56270300
50178000
49902200
50212000
49950600
50036100
49789600
49909500
50508600
49891900
49989500
50579300
49961600
49958800
49907400
50042800
58592100
58422400
49998200
53458100
52698600
50175700
49956500
49875600
50108900
50188000
49766100
50147600
49854400
49712500
50582200
56094900
50230800
50258800
53926300
51418300
51459900
55421600
51232500
51351200
50660900
51353300
50011000
50862900
50029800
49902600
49704800
49533500
50703400
50401900
49887600
49850200
49515900
49458500
49457700
50142800
49011600
49198500
52385700
51329100
50230200
49926800
49908600
49909200
49851900
50464900
50039900
50621600
49772700
63600900
50969900
50163400
50195600
49826800
49745100
49747500
49915800
50336700
51458800
50504300
49860700
49889400
49938100
49846700
49741600
49664400
49127000
49310000
49268600
49278600
50032600
49019500
48982900
48867400
59582700
50091600
49037900
53432600
51190200
51770300
49854900
49745400
50347100
50201200
