5
5
17
31
12
41
1
23
12
28
64
26
31
40
6
3
26
7
41
22
28
124
106
40
13
29
1
19
4
118
25
24
34
1
171
21
58
45
33
19
31
47
1
1
1
1
31
16
18
17
79
6
2
1
28
1
35
16
12
21
7
16
24
4
30
17
2
31
9
40
53
21
4
26
6
84
24
14
16
10
50
2
48
5
16
15
23
15
90
2
25
4
11
102
6
3
84
6
37
8
2
2
119
5
1
59
12
34
54
4
69
6
15
2
8
20
2
142
67
77
47
77
18
11
34
57
26
10
70
18
5
16
19
56
21
1
6
8
35
18
7
24
5
58
126
7
47
3
2
10
57
25
17
9
62
63
28
21
72
41
15
27
47
10
9
22
14
14
6
25
18
11
42
67
8
1
1
16
55
7
1
33
15
18
23
12
39
21
14
17
4
28
5
40
17
45
3
80
94
7
7
28
6
41
25
63
36
3
3
33
9
15
35
12
39
8
42
3
2
5
30
10
24
25
64
138
35
11
62
84
69
4
67
24
8
16
3
121
7
66
49
19
9
11
62
38
19
35
46
5
121
7
3
1
14
32
8
39
4
4
38
21
78
20
31
3
21
2
100
3
13
78
41
42
53
5
51
57
3
12
27
32
9
7
2
9
22
128
65
5
50
13
1
43
5
43
41
13
48
25
8
25
10
16
15
1
22
22
2
1
37
108
30
7
8
13
2
20
10
82
1
32
3
37
12
36
41
1
23
20
26
18
22
1
19
78
52
44
10
17
17
33
59
10
113
27
13
1
31
28
2
3
23
23
4
46
40
14
6
44
19
29
53
86
14
36
6
14
62
8
21
10
32
1
4
9
5
18
17
9
43
5
18
44
8
7
5
43
36
10
64
12
48
66
8
42
17
27
7
54
3
17
52
11
19
38
31
41
36
4
69
1
44
7
136
25
23
39
15
18
28
41
14
25
43
14
1
13
19
37
9
40
21
8
54
7
4
36
7
58
29
2
21
8
53
5
19
62
26
29
28
5
33
23
38
27
91
148
4
1
71
25
39
1
59
5
49
64
6
12
44
15
21
42
10
23
2
19
58
36
14
45
86
38
1
15
8
16
11
1
17
9
59
3
15
14
7
16
58
27
36
12
38
5
4
48
15
90
4
8
9
39
12
26
6
18
15
39
20
23
21
27
19
43
42
18
148
27
7
83
33
42
123
26
12
19
53
114
8
12
19
13
103
6
9
6
3
16
26
65
33
43
1
34
122
48
5
13
6
3
7
48
6
36
6
19
22
19
47
27
26
8
23
24
19
110
58
47
48
27
20
29
88
68
45
19
86
2
17
11
158
33
160
40
24
14
59
13
108
46
58
43
11
17
2
47
32
1
14
56
57
17
56
8
9
61
35
75
5
51
26
4
28
15
6
11
16
66
18
99
40
3
46
11
65
180
74
7
37
31
3
13
7
23
13
57
23
20
1
43
27
71
8
35
109
29
113
1
32
6
133
11
22
4
32
35
20
47
5
49
9
1
51
64
14
24
21
34
22
56
22
40
32
5
32
15
60
12
4
31
72
21
12
28
179
24
25
1
8
9
24
31
12
24
34
17
64
16
48
12
10
9
22
33
26
46
16
101
1
33
20
10
28
14
12
31
37
11
40
7
75
52
14
9
23
71
1
41
40
34
11
37
27
2
48
23
18
41
7
10
37
23
5
1
52
111
10
59
7
8
16
1
7
24
89
36
18
16
10
9
12
18
35
4
4
2
66
4
7
68
43
5
12
28
59
40
26
108
1
28
4
26
7
6
14
23
24
36
54
2
105
9
3
37
86
29
6
167
26
62
66
4
7
80
43
31
76
82
61
90
34
2
49
1
48
4
17
20
30
106
48
25
43
21
33
3
37
50
10
14
15
11
9
51
44
24
1
174
21
24
86
78
11
8
20
6
4
11
33
6
4
52
9
33
9
60
1
17
5
39
15
18
52
18
4
15
21
24
6
4
46
132
70
13
35
17
16
15
12
8
25
2
47
9
32
1
44
32
75
20
11
13
80
26
2
10
27
32
62
49
38
23
60
37
51
11
37
13
1
85
89
4
27
110
11
13
21
26
1
33
141
21
4
114
39
22
13
83
52
38
47
2
58
36
36
14
19
4
4
78
40
15
1
12
88
23
7
6
6
20
5
43
55
5
19
52
25
4
93
83
54
89
22
12
42
12
27
63
6
13
12
24
4
72
21
5
31
21
41
14
27
2
22
67
24
23
1
36
70
5
