114431700
43386700
35760900
33824400
31186200
18395800
15891800
15907900
17143400
18541000
15856100
15857500
15981500
15546300
16871500
15564800
15510100
15555200
15659800
16765500
15669500
15900900
15782500
15881700
16752100
15513900
15589700
15612700
15659200
15587400
16941100
15658400
15731500
15666000
15550100
26471700
27329900
15660200
15647300
17135400
18978300
17266600
17457500
16678500
15667700
15597400
15752000
15669500
15561300
15636200
16110100
15598900
15635900
15633500
15553500
15562300
16107600
15552100
15605000
15578700
15906600
15657900
15836100
16221800
15746200
15595700
15616500
15682900
15570900
16191600
15541800
15624600
15619000
15641300
15619500
15535900
16118700
15748100
15991400
15732000
15680300
15645500
15760000
16248100
15560900
17280800
22204800
16861200
15775600
16111700
15573100
15715300
16686200
15503800
15561100
15529900
16363500
15687800
15548200
15542200
15510800
15560400
15537000
16087300
15497400
15535100
15550800
15469300
15521800
16130300
15623000
15467200
15524000
15499000
15499600
15477400
16029500
15507900
15488500
15444700
15515400
15479500
16064100
15490600
15451900
15520300
15518200
15513300
15461200
15988100
15571200
15545100
15506600
15496100
15519900
15485900
15948800
15472400
15464900
15465000
15463700
15572100
15450600
16020400
15488600
15531500
15465300
15499300
15489800
16024600
15452800
15451800
15462100
15485600
15628700
15575100
16350000
15715800
15706100
15517600
15612600
15488400
15482500
16170400
15430800
15472700
15543700
15778900
15650800
16513000
15508800
15618800
15482400
15449700
15489000
15529600
16072400
15622900
15836800
15722600
15544400
15489900
15485500
16524700
15596000
15498500
15586700
15548800
15491500
16087200
15722100
15547800
15606200
15488700
15483500
15471200
16080800
15543000
15535400
15565500
15592800
15533200
15537300
16101600
15513100
15484100
15482500
15485300
15490700
15462300
16004800
15592300
15614200
15633300
15490100
15514000
16083600
15518000
15516700
15475700
15552900
15505400
15462100
16039600
15482800
15575000
15466900
15534700
15516200
15689700
16095200
15496200
15568500
15558400
15499000
15503100
16266700
15574600
15558100
15562700
15601100
15469400
15585700
16342400
15566000
15443900
15499500
15451400
15453600
15475600
16311200
15617800
15597900
15453900
15482000
15495700
16299100
16993000
15723300
15521400
15493300
15481000
15477800
16561600
15602200
15565700
15581800
15526800
15464700
15481600
17206300
16151200
15464100
15481100
15573700
15576000
15506400
16104900
15583900
15650700
15524800
15651800
15603000
15517000
16058200
15750300
15666700
15513200
15611400
15483100
16152500
16435500
15469400
15522000
15514300
15461000
15580000
17058300
17208700
17296100
17159600
15578300
15708700
15483700
16023900
15445400
15463900
15539700
15597600
15574400
15513900
16184700
15445700
15545100
15501000
15483600
15586800
16103700
15475000
15519400
16101300
17203400
17216400
16629700
16770700
15543500
15497500
15473900
15478500
15511700
15468000
16169000
16415300
15506900
15490200
15489100
15442700
15464500
16024400
15442200
15485700
19695600
15598200
15627100
16082400
15516400
15667100
15577000
15512100
15534400
15520100
16035200
15489900
15513700
15656800
15675700
15543700
15539500
16050100
15493800
15491100
15480000
15453700
15768300
15541300
16142100
15578900
15619400
15478900
15518600
15472000
16153500
15498300
15487100
15506500
15622700
15558500
15568500
16501300
17283100
17195000
16781500
15462700
15503000
15472700
16215400
15478300
15481100
15446000
15591500
15579600
15499900
16028500
15477300
15535100
15495800
15498900
15965500
15526400
16216000
16542800
17214300
16229000
15482800
15517900
16345600
15488500
15492900
16078700
17174800
17197100
17191400
16994000
15557400
15510800
15626700
15556200
15552300
15664600
16074400
15480300
15572900
15486200
15483500
15503000
15491700
16156500
15515300
15488600
15479100
15554200
15481300
16076600
15664200
15597300
15539800
17176300
17190100
17120800
16014100
15527300
15499200
15589500
15551000
15576400
15481700
16117300
15497600
15485900
15485200
15459000
15528600
15501100
15970300
15452100
15567100
15535600
15456600
15520600
15985100
15482700
15517200
15466900
15453000
15478800
15491400
16159000
15508000
15566300
15455200
15442100
15571100
15456400
16033500
15548100
15586900
15589100
15486100
15499000
15453500
16210600
15605100
15517200
15482000
15508400
15468100
16047800
15474000
15534500
15537500
15563700
15496100
15497200
16037500
15485300
15522200
15591500
15498300
15596800
15584200
16165000
15591700
15487200
15589000
15464600
15498200
15501300
16122600
15539500
15484600
15505500
15527800
15538200
15518100
16862300
16326400
17281500
16927200
15477200
15650200
16158400
15550500
15671000
15474700
15566000
15568400
16388300
17040000
15515500
15510100
15560600
15940500
15636900
15753600
16536200
15554200
15576800
15577600
15588300
15531100
15502000
16192000
15556200
15550300
15501700
15616500
15543600
16064000
15499700
15451800
15710700
16755900
17212400
17244200
17090000
15471800
15509300
15555900
15467100
15528400
15556800
16135500
15582200
15605100
15570100
15619200
15552400
15711400
16238500
15518800
15534700
15487000
15562300
15462200
17463500
15587300
15606500
15624200
15618600
15491300
15533500
16272400
15747100
16081500
15489800
15601200
15527600
15509300
16240700
15689900
15631000
15558500
15536700
15695100
17202000
16093700
15477100
15454900
15518100
15473100
15574400
16425500
15529800
15595400
15579100
15516300
15592000
15508000
16129200
15466000
15489400
15442800
15494500
15967300
17182900
16776700
15611800
15452000
15442000
15484500
15570800
15485500
16093300
15450400
15580800
15545200
15558100
15534600
15496500
16035300
15461100
17077600
15579000
17219500
17224500
17752800
16947800
15553600
15617600
15592500
15497500
15463300
15999400
15462300
15513200
15587900
15692200
15474300
15497900
16004100
15454200
15515400
15472800
15486200
15462400
15506400
16064700
15556000
15548100
15479200
15565900
15586400
15974500
15574900
15496600
15575600
15547800
15577300
15499900
16268900
15484300
15471200
15473400
15555900
15445300
15509600
16026300
15687200
17170000
16745000
15457700
15576300
15446800
15998300
15625700
15548900
15604000
15524100
15583100
16085400
15482700
15526400
15479800
15470200
15427000
15548400
16039800
15458700
15439700
15434700
15461700
15468500
15454900
15991300
15449900
15516700
15491000
15657000
15493700
15570700
16166900
15471100
15500900
15428600
15429700
15434000
16065700
15484200
15451700
15624600
15432800
15433400
15435400
16028700
15486900
15467900
15442300
15494700
15469900
15463800
16099500
15568000
15577500
15548200
15507700
15508400
15591100
16059000
16421900
17197600
16843800
15528600
15565600
15585100
17767500
16934800
15578200
15481100
15496700
15545900
16002400
15427900
15393700
15410200
15493600
15434400
15450100
16066200
15528900
15477800
15521100
15538900
15569300
15433500
16227800
15478400
15466300
15455000
15540100
15464700
16341900
16102900
15462900
15405900
15696300
15467700
15545700
16142200
15574700
15463300
15436100
15503000
15514900
15512500
16021500
15472500
15600500
15522200
15481100
15536500
15574800
16009500
15514600
15522400
15488200
15440000
15506600
15444600
16090800
15491100
15514000
15525800
15486500
15441600
16223800
17180900
15456600
15436000
16332000
16715900
15526000
16208600
15551100
15560500
15498600
15474200
15524000
15495100
16052300
17194700
17194300
16608500
15482800
15499900
15436200
16023700
15524400
15418300
15497500
15450600
15475400
16052700
15469200
15438500
15436200
15462400
15562600
15574100
16166200
15472900
15532200
15524600
15482000
15448800
15460300
16117000
15480900
15447900
15451300
15455400
15508500
15469700
16055100
15470700
15495600
15532000
15568300
15538100
16092000
15437000
15440100
15477000
15440200
15433800
15490700
15969500
15461000
15532500
15450300
15472800
15544300
15459000
16199600
15542300
15515600
16268600
15579800
15535500
15562500
16061700
15558700
15700600
15534600
15542200
15512800
15422400
16109000
15531600
15458100
15444000
15471500
15456300
15923000
15483700
15491500
15417100
15453600
15450900
15491700
16036300
15655800
15574900
15448300
15485500
15435800
15442300
16029600
15557500
15447000
15539800
15487400
15452800
15501700
16005800
15478800
15504700
15482300
15456900
15486000
16017000
15469900
15500100
15462000
15446300
15503400
15492000
16216800
15632700
15469800
15462000
15551500
15447200
15489100
16022800
15525500
15490800
15540600
15477300
15480300
15769700
16083300
15479400
15497300
15500800
15484800
15452500
15961900
15504500
15515200
15589900
15534000
15515800
15502100
16177500
15983900
15510600
15504500
15416700
15458900
15587000
16072700
15470800
15444700
15477900
15466200
15507100
15571500
15939400
15538500
15526400
15592900
15623700
15467600
16033700
15505200
15483800
15489000
15467800
15622600
15509500
16032700
15538000
15473000
15487300
15504600
15532000
15480000
15987300
15525300
15586200
15514300
15474300
15512000
15518800
16169400
15598800
15642300
15453800
15469700
15457300
15465100
16055400
15514500
15517500
15585900
15581100
15473500
15973900
15536900
15493300
15501400
15458600
15444600
15450800
15980600
15545800
15521300
15505000
15479600
15516500
15420100
16173200
15441000
15485800
15449400
15483500
15497000
15511900
16029300
15506200
15506500
15474100
15449400
15500100
16235200
15526200
15672500
15453900
15504800
15515300
15470900
16024700
15465600
15479300
15467800
15538600
15504300
15487300
15966400
15464800
15513600
15434700
15509700
15476100
15520600
16091200
15454300
15491900
15588900
19453400
15556400
16238900
15580400
15619700
15615400
15544400
15491600
15644000
15963000
15504300
15540200
15463400
15437200
15525700
15570300
15981600
15485300
15468100
15743000
16056500
15504700
15482700
16051000
15516400
15444300
15457300
15523900
15534300
16097800
15472800
15563000
15602400
15594800
15582400
15500600
16116900
16998000
17270100
17250800
15484300
15563000
15473000
16066700
15528500
15528800
15486000
15508300
15546500
15475800
16036400
15505800
15431100
15472900
15459500
15460200
15464600
16086000
15513300
15528900
15566200
15490800
15528100
16061900
15417300
15470600
15475900
15489100
15443400
15450500
17490000
17180000
17163200
16485400
15461300
15406700
15480000
16014400
15478200
15467700
15464200
15598600
15436900
15462800
16037700
15438600
15470000
15431300
15520200
15530600
15997800
15536400
15471400
15455500
15441600
15466200
15531600
16126000
15509800
15439200
17221700
15724700
15430000
15502600
16001100
15451400
15484500
15441200
15458900
15497900
15562000
16227000
15475200
15549000
15522700
15472400
15505000
15970800
15525200
15439100
15542000
15574800
15590800
15613900
16121000
15584900
15520200
15472800
15568500
15519700
15515800
16105300
15528400
15483000
15437300
15512200
15533900
15454700
16005200
15416500
15441400
15525300
15458900
15576000
16012000
15482900
15585200
15532400
15599600
15577700
15551400
16152600
15503900
15647400
15544200
15498100
15598500
15505500
15981900
15438500
15499000
15574700
15512400
15492300
15532500
15962300
15549400
15644300
15545400
15480900
15481500
16025200
15516500
15583500
15464100
15505500
15431700
15494600
16093600
15451500
15458400
15699400
15693400
15748200
15454300
16175700
15483900
15553800
15453900
15467800
15474600
15506000
16008400
15554500
15513900
15489400
15447400
15536200
15482300
16012300
15451200
15465700
15483000
15479800
15567200
16076000
15471400
15535900
15536100
15459500
15483300
15417400
16001700
15414600
15478600
15532100
15512500
15452000
15431900
16117600
15558000
15584400
16719500
17191400
15553300
15515200
16059600
15547000
15566000
15499100
15528400
15483000
16162100
15511100
15438600
15547300
15432600
15477600
15469700
16095300
15490100
15562300
15522600
15528100
15457700
15468300
16139400
15577600
15474200
15496000
15511900
15479700
15580200
16094600
15840300
18574000
15546300
15488800
15507800
16121400
15502400
15500200
15431200
15528100
15458000
15461400
16164900
15618300
15562400
15483100
15466800
15522000
15463400
16078400
15459900
15530000
15487200
15453400
15479000
15488100
15993500
15624500
17195600
17184000
15487900
15480800
16082900
15440300
15454400
15505600
15481600
15497900
15456700
17439500
15542000
15641700
15447700
15496700
15457500
15471900
15958200
15473100
15441400
15478200
15573500
15531400
15566900
16059400
15489400
15514800
15483000
15545200
15526100
15628700
16071300
15559300
15473300
15688200
15570500
15496900
15967500
15485900
15448800
15510800
15501700
15465100
15557900
16072800
15462000
15575200
15562900
15503800
15451900
15450500
16032900
15456900
15538100
15582900
15592900
15559000
15478800
16069600
15453100
15524400
15613400
15537100
15540000
15931400
15506700
15582600
15558500
15550500
15500800
15512800
16089400
15497600
15516000
15483800
15589200
15454000
15576500
16152400
15501900
15567700
15493800
15467700
15477900
15528400
16216300
15598400
15524600
15544200
15473500
15501800
16053500
15469000
15575100
15510700
15492100
15483500
15607400
16787600
15541200
15607300
15502500
15460000
15481600
15454000
16022200
15559600
15533000
15679300
15568200
15596800
15502300
16008000
15546100
15482000
15540300
15432600
15551200
16046300
15555000
15610200
15508400
15500700
15569700
15528200
16247700
15545500
15502900
15604000
15597500
15489500
15459700
16046500
15481800
16320700
17252500
17242500
17225100
15509400
16081100
15491900
15440400
15496500
15515400
15470900
15498200
16045100
15541300
15484100
15497100
15503700
15513800
16133400
15556100
15489100
15532900
15648300
15617700
15468800
16113600
15523800
15514000
15476400
15482000
15512700
15487500
16812100
15500500
15469700
16819000
15452000
15490700
15581000
16133400
15473200
15489100
15452100
15457900
15465700
16041200
15510900
15621000
15504500
15462600
15534200
15427300
16176500
15493100
15766300
15530000
15479000
15543900
15544600
16040200
15507100
15505800
15501400
15475100
15578300
15485300
16079500
15500800
15538900
16133800
16748400
15438300
16116000
15543500
15534400
15582500
15634800
15704600
15511700
16063100
15483700
15556500
15786800
15562300
15487300
15468000
15983800
15475900
15441000
15388600
15447500
15448300
15462100
15957700
15461000
15437800
15562300
15638200
15406000
16099300
15441000
15421200
15454800
15468600
15459900
15412900
16072400
15448900
15455900
15452800
15455000
15527400
15441700
16103500
17207900
16904300
15463600
15411400
15432100
15521600
15989100
15507300
15423700
15505800
15453600
15422900
15433700
15977200
15463300
15483900
15459900
15589900
15477700
16007400
15467800
15687400
15579200
15536200
15551100
15490400
16006900
15417900
15452900
15460800
15428900
15454300
15441200
16056200
15481700
15518600
15438700
15426800
15426300
15498400
16049600
15504900
15435100
15459800
15451400
15517900
16167900
15471400
15475700
15527900
15505200
15489700
15510800
16007900
15430600
15433900
15502300
15434600
15427500
15464800
15919200
15458900
15465400
15450200
15423700
15402900
15463000
16015300
15475300
15477600
15457400
15534100
15475900
16020600
15454900
15580900
15850200
19632900
22489300
15497700
16090400
15455700
15407900
15446000
15441700
15444100
15403100
15945600
15431900
15472900
15448100
15448700
15517400
15510900
16113700
15627300
15573800
15583100
15460800
15475900
17643900
15554200
15484900
15450000
15425300
15466800
15494000
16016300
15462500
15449200
16816700
17171600
17226800
17193600
16865600
15430900
15449300
15527900
15531500
15450900
15507800
16055000
15459600
15452500
15503700
15537500
15578300
15422300
15987300
15439700
15466200
15450400
15422800
15501300
15950700
15468400
15495400
15464100
15521500
15421100
15501600
15998500
15470500
15514500
15446100
15551600
15513500
15548000
16115800
15477500
15429900
15478200
15548700
15613400
15502900
16081400
15448600
15484300
15553700
15450200
15502400
16098700
15607700
15666800
15508100
15517800
15545600
15574700
15972200
15408900
15654200
15489600
15447900
15534400
15525900
16129000
15509300
15539200
15548000
15469800
15566800
16366200
16024700
15507900
15447500
15457600
15450000
15429200
16080300
15561000
15594500
15587000
15612800
15489500
15520500
16125400
15504300
15538700
15538100
15530000
15605400
15468200
16214100
15523700
15469100
15481300
15490800
15608100
15593400
16037300
15529000
15463600
15519800
15475800
15538000
16131300
15517900
15538300
15523700
15472600
15613300
15590000
16083700
15487300
15469500
15540400
15500400
15570900
15645100
16055900
15705200
15489300
15533600
15492200
17206600
16687600
16226100
17248200
17239700
17194200
16089500
15602300
15676000
15933400
15459900
15454500
15590400
15475100
15467400
15995700
15452600
15474500
15510100
15487900
15483700
15449900
15953500
15469800
15458300
15570400
15453700
15482500
15529100
16034900
15494400
15488700
15573700
15491000
15465000
15477000
16068100
15535400
15492800
15460900
15465100
15445100
15979200
15491800
15435800
15460700
15486400
15512300
15685000
16096500
15531900
15428400
15509600
15476200
15517600
15449800
15987000
15481300
15478600
15471000
15455000
15460400
15542100
16033600
15533500
15575700
15557800
15522500
15482600
16065900
15496600
15492900
15414500
15522100
15568500
15544900
16008900
15557800
15510400
15488000
15511600
15500100
15542300
16060500
15481500
15468700
15513600
15421900
15461000
15471800
16032300
15459600
15445400
15485600
15507400
15468800
16008600
15425300
15500200
15566700
15502500
15525600
15579500
16055600
15444100
15458400
15453300
15438600
15462600
15428200
16099600
15524300
15480000
15460600
15479600
15476200
15413700
16179200
16706500
17200700
15712900
15466100
15465600
16048100
15443300
15504700
15564500
15437800
15442300
15441400
16136600
15486400
15514900
15520200
15452400
15509500
15600900
16080900
15482500
15445300
15491000
15492800
15491700
15485700
16085800
15548900
15457200
15503300
15561400
15563900
15567600
16355000
15529100
15462200
15436500
15473600
15462900
16059400
15485500
15442200
15473500
15442700
15528200
15547300
15970300
15534900
15467400
15471900
15455700
15436100
15436300
16024400
15449100
15501800
15494500
15554700
16459800
16534900
16077400
15422500
15537200
15500700
15516400
15499700
15996500
15467400
15455900
15462500
15467700
15527100
15483000
16029600
15502100
15474100
15438900
15498600
15458000
15479500
15995600
15492700
15503300
15538800
15491400
15483400
15496000
16014100
15476800
15468900
15432700
15448700
15456200
15985900
15499000
15447600
15921800
17022900
15546000
15465500
16038600
15496000
15480100
15629800
15585200
15571100
15707800
16314600
17200300
16995600
15479600
15440300
15979700
17201100
17719000
17180100
15584900
15494500
15561000
15585100
16053400
15564800
15572900
15463300
15483300
15687500
15507800
16093900
15479700
15546100
15541300
15515300
15459000
15458800
16037600
15479300
15467300
15508800
16092100
17211700
17208100
16485400
15500700
15456800
15449200
15462100
15435800
15460400
17216000
17230700
16367700
15570400
15438900
18161300
16066500
15501900
15534200
15449200
15463800
15447200
15460300
15991400
15475400
15510600
15465900
15469900
15525200
15520100
16008900
15537400
15599100
15514800
15464100
18809800
15596900
16053400
15570900
15468400
15514500
15546600
15532200
16176600
15643100
17195000
17199900
15762700
15462700
15569000
16084800
15426100
15458700
15417700
15454700
15433400
15481100
15996700
15460600
15485300
15420100
15495100
15550900
15510000
16041700
15438200
15425600
15434300
15440300
15431800
16030600
15511400
15459800
15538200
17224900
17004700
15514600
15946000
15524100
15445400
15427800
15429000
15477700
15418700
15995600
15423900
15419500
15428000
15427000
15461100
15443800
15992600
15418600
15431800
15552700
15568400
15604900
16125100
15475500
15447700
15436000
15454700
15443200
15524300
16081400
15586500
15538600
15487500
15477000
15498400
15475300
16037800
15470000
15439800
15482100
15501300
15484400
15447800
15934200
15419800
15445600
15477800
15445500
15527000
15428400
16113400
15450600
15420800
15448900
15529900
15445000
15956600
15515600
15527100
15472000
15467000
15440500
15404500
16021200
15501100
15508700
15431400
15463400
15516100
15492500
16066900
15544900
15419000
15416100
15431600
15535800
15497800
16081900
15460900
15421000
15437100
20698800
15549200
16051500
15495400
15564500
15486100
15568100
15536600
15512500
16151100
15496300
15521800
15537500
15543300
15491000
15516300
16054600
15568700
15564200
15444500
15434500
15441600
15461300
16095900
15525200
15511300
15458400
15459400
15557800
16007800
15430900
15456600
15472600
15481400
15447300
15438600
16002400
15500100
15477900
15460500
15486700
15574300
15653500
16044900
15478400
15439800
15488800
15444500
15443300
15406300
16085800
15411100
15421800
15460100
15462300
15442300
16006200
15517900
15484600
15463800
15494200
15501800
15447700
16101700
15491200
15509200
15591900
15497100
15469700
15474700
16018600
15615100
15517800
15461400
15493800
15449500
15427100
16082900
15531800
15471200
15463700
15514300
15453000
15445600
16009400
15485300
15460700
15577300
15650200
15499200
16101600
15481200
15553000
15583500
15536000
15489400
15473700
15991100
15465800
15534700
15525300
15429700
15521300
15556400
16079200
15587300
15525800
15512700
15559000
15504200
15459900
15992900
15476100
15546700
15571900
15571900
15558300
16032500
15473500
15484900
15556500
15572800
15466800
15422700
16036200
15456400
15517300
15488100
15644500
15563500
15511800
16030600
15674000
15551800
15530300
15523300
15531100
15560500
16141300
15533400
15529500
15516500
15433700
15425700
16002700
15440600
15532500
15478600
15426300
15435100
15432700
16075700
15534100
15596200
15559100
15468300
15521200
15562500
16106000
15474200
15406900
15455900
15468400
15515800
15504000
16078800
15507600
15424400
15509800
15553200
15605800
16062700
15498500
15617700
15540400
15503800
15494200
15558600
16126100
15468100
15476500
15483700
15461400
15509900
15460100
16175700
15701400
15516100
15508400
15578400
18467600
15585200
16253500
15586800
15513200
15475000
15578200
16661000
17219700
16037000
15507400
15482500
15781500
15534100
15538600
16022300
15483400
15475000
15429700
15614500
15421900
15429700
15991800
15506600
15514700
15430600
15464900
15413900
15465300
16048400
15547900
15500000
16740200
16199000
15627200
15470000
15978700
15538300
15610900
15606600
15588400
15591100
16124700
15477600
15522100
15532700
15512000
15532200
15468300
16093000
15472700
15443300
15468500
15453300
15470400
15430000
16080200
15549900
15507900
15497600
15521800
15467800
15433600
16036300
15439400
15440000
15514600
15617600
15470000
16010400
15576000
15663300
15495500
15427000
15518100
15487400
16139400
15472000
15446000
15460400
15444000
15478200
15448700
16142800
15567100
15529000
15549300
15472900
15563100
15629700
16014700
15484000
15415500
17206300
15749300
15595100
16094600
15583700
15467400
15464500
15415300
15519700
15520500
16023900
15500000
15466300
15537100
15578300
15821800
15510200
15971600
15499500
15448000
15546200
15513800
15454300
15487200
16062900
15472900
15573800
15494000
15549900
15509500
15450900
16045600
15607300
15467200
15485600
15587800
15527100
16088600
15598100
15483100
15580400
15427400
15423200
15461100
15968500
15417000
15424600
15413400
15423900
15510700
15441100
15977700
15646500
15583000
15484400
15590300
15509900
15469400
17277500
16719400
17242100
15647800
15504400
15549400
16089500
15438400
15517400
15534300
15487500
15497800
15488900
15945100
15445800
15435400
15546600
15635600
15484200
15432600
15911900
15492900
15556100
15503100
15488900
15502000
15541200
16101900
15467200
15496800
15567100
15575300
15560800
16101100
15457400
15477500
15489100
15490000
19404800
21733800
16040300
15509300
15429700
15631400
15512900
15449400
15445000
15953700
15492600
15459600
15409700
15430800
15446600
15439400
15967900
15524500
15528200
15488800
15439400
15426800
16049800
15560800
15482900
15572500
15558600
15462300
15443600
16042500
15466300
15495800
15549200
15483700
15479700
15461700
16027100
15454800
15448900
15483100
15484400
15466900
15462800
15946500
15487000
15415000
15441700
15511200
15499700
16015300
15481000
15536800
15468300
15498000
15431600
15434200
15988100
15536500
15534200
15445700
15500000
15540200
15516300
16060800
15583100
15483600
15509200
15509500
15665600
15505000
15976100
15594500
15583100
15433200
15479200
15437200
15440300
16132100
15537300
15448600
16980100
15449000
15443100
16096000
15591600
15527600
15517300
15574100
15504500
15519100
16055300
15559200
15504200
15545900
15545400
15603200
15594200
16091300
15462000
15420000
15453800
15412600
15437500
15453400
15941100
15449500
15480600
15496600
15574800
15455000
16016600
15475100
15555800
15458600
15429800
15408800
15522200
16048900
15566100
15480100
15454200
15441700
15537200
15485100
15997300
15432400
15482300
15607100
15554700
15551700
15535200
16247700
15517500
15489700
15496600
15500500
15674900
15928000
15474900
15637600
15515500
15483000
15487100
16323400
20912400
17204300
17195700
16207900
15474300
15603500
15520000
15999700
15497100
15524500
15456900
15458000
15552700
15547200
16037200
15491500
15589800
15544400
15519000
15546000
16081500
15409300
15448000
15439200
15439400
15624600
15442800
16100700
15489200
15608100
17077400
17254000
16898400
15436500
16246600
15507500
15465600
15491700
15455500
15853000
15568300
16155400
15570400
15529000
15511000
15555000
15512200
15587400
16007100
15509400
15606500
15487700
15529100
15524900
16005200
15479000
16191500
17185700
17032600
15485700
15470700
16796300
17219100
16662500
15499100
15509300
15460200
15537900
15989000
15492000
15414600
15446400
15448400
15510800
15482900
16096700
15692300
15475500
15536000
15434800
15489600
16183500
15530200
15490900
15429500
15489400
15523100
15448100
16055100
15490800
15511400
15490300
15499400
15522200
15454100
15984700
15459600
15470100
15500300
15450700
15466700
15504400
17511500
17255400
16943000
15476600
15531200
15532500
16058300
15947000
17169800
17174000
16030600
16758600
17198900
17769500
17230000
17263600
17188200
15502500
15552900
15498600
16052400
15446700
15482800
15521600
15530900
16704600
15602800
16047900
15483100
15474900
15526000
15526700
15494100
16055900
15446200
15548800
15544800
15432600
15481800
15453800
16001700
15485800
15455600
15549400
15509000
15590100
15540200
15987800
15506400
15493500
15578800
15756600
17238800
16673900
16894400
15482300
15739500
15487400
15465600
15494900
15429300
15949500
15464900
15463500
15537400
15413700
15503500
16087800
15640400
15577200
15645800
15662600
15515100
15715800
16124400
15598900
15498900
15445400
15463000
15498700
15531200
16018600
15616800
15581200
15525600
15425300
15464700
15444500
16157400
15580900
15466200
15467200
15470800
15427700
16088600
15444000
15444500
15409400
15454300
15477700
15519900
16167700
15576400
15577200
15540700
15459000
15500100
15630400
16060200
15432200
15452800
15459800
15414300
15497900
15466600
16077700
15548900
15452200
15482400
15448600
15459200
16003400
15430500
15476100
15470200
15461100
15433100
15480800
15987400
15475900
15463600
15622300
15547000
15548100
15642600
16074700
15548200
15418700
15649900
15423200
15523500
15479300
16013600
15461300
15426800
15530400
15518100
15653500
15968100
15453200
15477300
15415200
15436100
15658300
17204600
17259300
15470200
15536500
15598800
15619800
15599300
15445200
16063800
15455500
15435000
15441400
15424200
15440400
15497800
15968700
15440900
15460700
15447800
15442600
15444400
15944300
15592200
15487400
15462700
17129300
17170000
17213800
16990100
15532700
15564300
15505800
15417300
15512800
15459900
16060100
15433100
15529800
15426000
15432100
15534400
15499200
15976100
15420800
15459300
15500900
16108700
16511500
15534000
16005000
15464500
15465400
15508400
15443700
15475900
15977000
15447400
15458200
15462500
15502700
15475600
15442300
16011700
15472600
15618400
15453400
15492800
15484900
15487000
15981500
15480900
15491100
15470700
15560900
15519200
15585000
16019300
15421900
15462100
15499700
15458400
15494600
16095200
15524300
15528400
15464900
15530600
15493900
15468700
16061600
15416700
15444300
15521500
15454400
15543500
15457700
16071400
15479800
15460100
15442200
15439600
15463800
15490800
16499400
15473300
15483800
15608800
15516300
15503000
16085100
15490200
15447000
15447800
15411300
15451800
15449100
15941800
15455400
15457600
15463700
15440000
15419600
15474300
16003500
15545800
15545800
15673400
15462200
15469900
15437000
16016200
15513900
15458200
15775600
16929700
15472100
16027000
15494600
15456300
15452600
15496400
15536800
15485600
15963100
15435500
15459900
15542100
15569300
16205100
16325300
16000700
15467100
15418700
15506000
15440900
15505200
15506800
15971200
15494000
15504100
15462700
15517100
15491900
15418800
16080400
15470900
15452600
15460900
15475900
15430300
16045700
15437200
15572100
15453000
15470800
15423200
15432500
16028900
15451700
15552400
15524900
15532200
15486100
15442600
16030600
15602200
15465900
15574300
15557900
15703800
15497300
15989000
15580500
15530300
15436800
15427900
15485900
16036800
15471300
15456300
15436100
15545900
15460800
15426500
15947700
15519500
15553600
15482900
15443900
15436000
15472500
16121300
15630400
15560600
15586300
15590000
15503800
15650700
16050500
15487000
15480200
15443300
15447500
15441600
16045900
15462600
15517900
15534900
15452200
15498800
15469000
16023900
15482000
15442400
15574100
15599500
15431200
15463300
16213900
15525700
15451300
15518000
15471700
15434100
15505300
16053300
15499400
15488400
15549300
15436000
15447900
15968700
15518800
15528600
15498400
15513600
15439600
15506900
16047000
15458600
15460000
15451900
15424300
15449200
15520500
16056500
15463200
15475200
15456500
15443300
15429400
15907100
16499200
15513900
15618700
15448200
15443200
15462900
15431300
16030200
15564600
15487800
15563200
15448800
15449500
16200000
15448100
15462500
15442600
15487300
15493300
15429600
15999700
15540000
15527500
15463200
15469200
15470900
15533700
16124500
15503100
15678900
15536000
15577700
15450400
15427700
15994200
15441800
15442900
15423300
15427700
15450500
15990600
15570100
15601700
15468500
15435600
15442800
15454600
16019800
17871300
15472600
15485500
15534600
15494200
15449800
15998900
15518400
15545600
15514000
15485000
15542700
15494100
16305400
17194300
16695200
15546300
15589500
15506600
16058300
15503900
15479800
15446200
15464700
15422200
15515100
15982400
15583100
15521200
15541200
15550000
15518100
15586400
16123000
15632500
15523200
15464600
15543600
15508500
15544500
16051500
15500700
15609300
15540300
15419600
15596600
16063600
15496400
15427000
15489200
15454200
15426900
15446100
16059200
15449000
15484500
15461500
15453500
15468200
15446900
16107700
15482700
15448400
15454900
15497100
15477700
15510300
16018600
15438000
15458400
15456100
15456900
15402200
15528500
16080400
15550200
15505400
15449200
15597300
15624200
16058700
15474500
15454700
15464800
15450400
15506900
15474200
16029300
15444600
18490600
15488400
15537400
15458000
15539500
16064400
15498100
15546200
15450500
15508600
15743300
15529300
16220900
15434800
15462600
15532300
15529100
15548000
16000600
15573200
15470500
15525000
15762800
15401300
15451600
16074400
15519700
15464900
15467800
15545300
15449100
15463600
16011400
15489100
15482100
15417900
15477400
15467700
15458000
16049800
15443800
15505300
15483300
15504000
15485000
16152800
15527300
15510700
15484900
15502700
15554900
15506000
16028200
15568000
15563000
15470200
15473700
15729200
17597500
18969800
15591000
15441800
15443200
15425700
15455000
15467300
16113200
15443000
15441300
15538500
15495900
15468400
16039300
15521300
15500600
15488000
15453200
15527200
15452300
16107100
15491000
15482100
15601300
15478500
15487800
15465000
16022800
15468500
15487000
15491800
15471200
15523000
15469800
16184200
17152800
17187200
15678000
15433100
15497800
15456200
16034200
15566700
15584100
15514400
15556800
15496400
16002600
15438400
15494200
15491900
15459600
15474500
15521700
16087900
15591600
15566100
15546300
15465600
15494900
15568700
16022800
15515900
15493100
15513700
15483900
15586400
15470700
16055400
15500900
15418600
15487800
15494500
15489900
16004000
15465700
15530400
15514700
15535700
15611500
15510100
16016600
15535000
15544600
15469400
15758400
15538300
15532700
16013600
15539600
15414700
15456700
15466700
15440000
15471000
15900200
15577000
15411500
15432600
15523600
15497700
16132800
15483200
15478200
15510000
15454700
15472800
15452200
16038900
15442900
15462200
15470800
15566200
16282800
16768700
16084400
15476200
15524200
15484300
15684700
15508700
15478500
15952900
15482000
15503900
15457900
15439800
15575300
16091300
15496600
15463600
15478800
15492200
15468600
15547300
16102400
15500100
15527300
15453800
15505400
15448700
15544100
16085500
15486400
15542100
15459800
15511300
15751000
15634300
16078400
15461800
15567500
15552200
15484700
15544200
15468400
16132200
15540400
15611400
15593500
15403300
15502500
16102800
15455800
15462800
15454200
15478100
15468800
15449400
16157000
15540000
15530800
15431100
15450200
15487000
15436600
16044400
15522900
15504000
15487600
15495300
15538500
15534000
16102400
15512800
15549900
15490300
15491900
15532900
16137700
15507400
15470000
15428100
15466100
15462400
15457200
16025300
15491800
15604400
15538400
15572300
15501400
15446500
16063700
15538100
15497400
15521700
15497200
15590000
15614600
16131100
15716700
15567000
15526200
15508700
15515700
16131200
15458000
15474900
15445100
15427600
15452800
15445000
16044200
15649900
15743900
15680100
15462800
15639900
15574200
16123800
15526200
15481100
15483500
15437700
15514700
15492900
15987500
15558000
15539600
15501100
15504000
15448500
16374300
15559100
15574400
15504800
15455700
15523200
15462000
16026600
15575100
15468300
15522600
15512500
15556000
15466200
15983500
15554400
15468500
15475400
15549400
15483500
15466400
16008700
15471700
15567900
15583600
15552500
15433300
16091400
15512900
15506200
15588700
15472900
15552800
15473400
16046000
15515100
15464500
15497400
15512700
15478200
15543600
16012800
15507000
15505300
15504700
15521700
15469100
15503800
16037300
15537200
15519400
15456100
15507400
15505300
15530600
16078100
15510400
15953500
17203100
16220800
15481500
16141000
15472900
15729000
15427300
15487200
15457000
15436800
16023200
15548600
15554900
15544800
15471800
15481100
15713600
16100900
15569900
15574500
15620400
15456400
15590800
15545300
16085300
15502100
15453400
15454800
15459900
15504300
16058500
15535100
15483300
15447200
15567900
15503800
15494500
16099400
15453900
15480500
15484700
15542800
15713400
15514000
16250200
15558500
16344300
17175900
17265700
17149000
15526000
16074000
15571800
15527300
15566600
15466200
15477700
16004600
15529700
15456800
15449800
15486100
15469900
17008000
20758400
15486600
15429700
17089500
15849400
15461800
15477700
15994500
15495600
15545400
15543800
15474900
15469600
15500400
16111200
15567200
15528800
15427500
15688300
15564600
16262900
15468500
15574900
15521400
15567300
15590600
15577700
15970600
15467100
15433800
15463500
15471500
15462300
15465900
16122400
15448700
15496600
15508100
15461300
15526700
15540800
16051800
15559600
16493400
15526400
15448400
15523000
15533000
16056400
15491200
15519000
15533800
15602600
15577100
16174900
15550600
15522700
15589500
15466400
15460600
15482600
16007300
15541300
15488000
15470400
15421600
15454300
15508300
16074600
15533900
15671800
15539500
15506200
15495300
15549400
16134800
15521400
15456400
15594800
15453700
15570100
16093900
15412900
15510400
15420300
15497800
15509600
15525200
16256700
15568100
15580900
15584600
15528200
15513800
15451400
16139100
15465900
15437100
15442500
15468000
15539500
15502900
16139700
15452500
15512300
15487100
15489700
15493400
16082100
15561500
15631200
15493600
15515400
15541200
15508200
16195100
15470800
15460000
15480900
16340300
17190600
17210000
16617700
15469000
15475900
15481200
15587100
15503800
15517800
16057400
15495600
15467600
15481900
15493400
15492600
16184600
15496300
15451700
16176500
15524300
15565800
15640100
16057500
15589900
15576300
15439500
15586700
15505800
16244400
16293700
15469300
15512200
15578000
15439700
15534700
15465500
16008100
15448500
15427800
15458100
15535900
15553400
15409200
16042400
15486800
15448900
15870400
17243600
17207600
16070500
15440100
15471400
15500100
15397600
17168000
17210600
17762600
16237000
15720100
15429700
15488100
15494600
15455500
16103300
15509300
15643500
15547000
15505000
15557700
15532500
16007300
15499900
15429200
15474400
15406800
15459400
15967700
15518900
15513500
15511100
15550100
15491600
15469700
16093300
15491200
15496700
15507300
15516600
15500500
15510700
16083900
15545800
15551200
15492000
15520000
15492600
15460100
16095800
15482700
16300000
16778600
15485200
15554100
16160200
15443200
15788300
15565900
15484500
15499700
15549000
16008000
15524900
15576100
15740500
15555800
15594900
15456200
16054500
15493200
15485800
15467200
15504100
15493500
15517900
16055600
15537300
15498400
15642100
15560400
15490800
16079900
15479100
15435300
15582700
15538600
15535100
15507500
17228200
15464600
15441800
15507100
15531100
15515300
15517100
16023700
15469200
15495200
15511800
15427800
15470800
15552400
16134100
15472900
15500700
15448800
15455600
15445700
15512100
16085300
15603600
15544100
15443900
15514900
15443000
16176300
15569200
15493500
15528300
15498900
15485100
15474800
16070800
15466500
15549500
17935000
15745700
15513500
15519000
15979300
15540900
15616700
15458700
15455200
15760700
15696300
16083200
15585800
15476100
15551900
15540500
15509300
16123900
15569200
15497700
15484200
15566800
15464600
15528900
16204400
15485700
15495300
15444300
15504300
15445800
15437600
16014800
15448400
15478300
15539200
15580300
15564300
15591900
16122200
15478200
17202100
15693200
15447800
15503600
16024300
15463500
15480400
15760800
15491400
15488600
15453800
16095300
15488600
15560700
15550300
15461700
15498500
15548600
15991400
15567200
15521400
15605100
15446100
15551000
15466600
16048400
15542100
15483200
15572900
15444500
15492400
16072300
15477200
15469100
15424100
15502600
15546000
15560000
16072800
15504300
15523800
15487900
15491600
15482400
15470500
16094700
15467200
15488200
15596500
15476300
15614900
15533500
16029700
15510300
15430800
15518800
15515300
15465100
15457000
16046200
15550600
15550500
15479100
15460300
15522800
16033200
15455300
15481200
15487000
15454900
15469400
15515000
16117100
15546400
15465000
15511700
15470400
15478800
15564300
16101200
15621100
15568400
15560700
15525700
15463300
15425400
16118100
15572800
15491900
15514800
15478700
15489500
15983100
15518200
15568300
15474500
15459600
15538500
15450200
16028400
15706100
15441800
15503900
15494100
15443500
15537900
15993500
15455600
15480500
15504200
15493000
15456500
15583300
16073500
15504500
15486700
15440100
15498300
15492000
16319300
15588500
15495600
15447500
15444600
15579200
15502700
16085100
15496900
15530700
16057500
17258200
17237200
16337000
16145100
15477400
15510000
15497300
15472100
15579500
15503000
16018300
15471700
15427800
15593600
15566700
15510200
16172300
15566300
15563100
15571200
15567100
15486800
15564300
16141900
15469300
15567300
15470000
15439500
15468800
15450100
16073600
15446800
15463600
15503800
15520500
15523600
15476200
16003400
15511100
15518300
15515900
15465100
15472300
15433100
16159900
16092900
15520800
18555600
17704700
15486400
16081900
15503000
15761700
15524300
15493800
15508900
15466000
16203900
15429300
15496300
15591800
15465600
15488900
15484300
16031900
15475600
15429700
15433900
15452800
15473400
15445600
16002000
15548300
15496400
15463000
15521300
15503700
16067000
15455300
15573500
15432300
15443700
15569300
15634000
16206400
15545600
15557500
15525500
15521300
15495200
15466600
15963300
15504300
15458500
15516300
15737500
17208200
17204100
17679700
15478600
15470600
15445400
15426100
15442600
15948700
15522100
15501500
15727500
15606500
15494300
15455700
15980600
15553700
15558000
15471400
15523500
15525300
15611700
16115900
15488900
15501500
15563100
15604000
15429200
15411600
16043500
15530600
15484100
15486800
15469000
15578900
16058000
15493900
15598200
15449500
15475800
15436500
15458500
16030100
15506600
15436400
15447800
15501100
15468800
15556400
16026500
15562400
15524500
15501600
15528100
15448900
15420700
16076800
15482900
15627100
15499300
15586700
15488500
15499100
17787500
17199500
15693200
17239900
17208600
17196900
17414300
15645900
15613800
16631000
15450400
15627100
15530800
16068300
15588300
15498200
15504500
15604100
15488600
15553300
15998000
15540400
15693900
15523500
15429300
15603700
15465600
16001700
15540100
15602200
15540900
15540000
15468000
16106100
15518900
17032500
17210700
16526500
15443800
15506300
16791700
17255700
17223700
16367500
15460100
15542500
15497700
16184000
15483400
15469200
15456600
15442400
15436800
15467600
16068600
15489400
15502800
15505400
15536600
15517900
16016100
15428000
15443300
15581500
15461000
15472300
15594400
16020000
15443300
15433600
15504600
15455800
15456100
15428100
16056600
15415900
15444600
15413900
15521900
15445800
15445700
15990800
15456100
15454500
15562500
15507100
15455300
16171800
15479800
15463100
15429000
15447800
15413900
16494200
17646200
17147700
15569200
15488000
15496800
15563300
15492800
15988100
15472600
15467700
15580800
15536200
15577500
15472100
16058400
15462900
15510800
15536800
15609600
15452100
15428400
16047000
15479100
15511200
15487500
15568600
15512200
16058900
15447600
15443500
15436600
15445700
15433400
15415600
15966600
15461300
15534900
15597000
15578200
15490200
15551200
16048800
15444100
15511500
15522900
15502900
15519600
15479400
16061400
15421700
15441700
15444000
15532200
15470600
16018600
15637900
15411800
15602400
15518700
15482500
15479900
16039500
15489900
15452800
15471200
15502800
15491300
15508100
16050200
15468200
15466300
15469400
15453200
15459000
15562300
16054400
15608100
15650900
15470300
15467900
15473200
16055600
15475400
15428400
15429100
15508900
15446700
15466000
16120700
15543500
15553600
15562500
15640400
15520600
15503300
16042600
15445500
15547100
15566100
15502600
15531400
15433100
17940900
18041800
15491200
15525300
15505800
15576500
16128000
15548900
15567800
15458900
15488500
15446400
15546400
16095500
15503900
15502600
15527600
15486700
15475900
15461400
15993900
15467400
15465800
15419100
15388400
15429800
15447400
16033900
15477100
15499700
15562600
15490500
15490700
15508300
16021600
15548800
15538200
15528000
15507100
15462400
15989100
15541600
15501300
15475100
15483000
15471300
15506500
16066600
15537300
15441000
15560900
16716500
17193800
17180800
16551300
15503700
15582000
15522800
15471200
15523100
15513300
16032100
15472500
15471500
15514300
15484200
15589700
15976000
15467500
15485100
15474700
15513700
15538200
15533800
16141100
15454100
15483000
15456200
15491900
15604700
15447500
16109200
15495300
15489000
15573200
15550900
15463800
15433300
16027200
15470400
15445900
15534200
15504900
15436500
16035800
15453100
15486000
15522300
15506900
15448800
15422700
16171500
15473300
15587700
15531700
15470600
15571700
15446300
15987500
15462600
15443600
15500600
15518700
15427400
15463500
16044700
15483100
15503100
15548700
15506000
15594500
16148900
15704400
15460400
15613900
15497100
15517300
15512900
16030900
15475800
15522400
15457800
15457300
15505400
15434300
16032400
15461000
15566800
15440900
15540400
15556400
15556600
16047400
15475500
15608000
15552500
15524800
15608300
15989000
15571900
15546000
15490300
15461200
15419700
15536600
16966400
17176800
16741300
15473300
15480300
15443400
15466000
16061500
15446300
15536600
15479600
15430600
15517700
15441200
16017200
15495100
15430300
15578600
15428400
15450200
15462600
16006800
15512100
15506100
15560000
15438100
15492100
15982800
15577100
16190500
15510300
15455000
15516200
15452000
15994800
15472000
15432300
15460000
15470100
15480900
15418400
16050300
15554800
15482600
15496700
15438300
15556700
18868200
16054400
15574700
15548500
15513800
15473000
15450700
16085400
16219800
15494000
15525300
15473400
17169000
17226100
17694900
16184800
15507700
15527100
16329500
15462900
15440200
16010500
15478200
15544900
15587400
15456200
15515700
15540000
16323600
15499600
15459500
15443000
15427600
15483000
16108000
15415600
15507600
15453500
15479900
15464200
15420000
16031800
15486200
15507400
15782500
15499600
15573300
15613500
16118500
15549300
15448100
15504700
15469900
15452600
15461500
16025000
15487800
15571000
15597500
15572100
15473000
16264900
15549000
15478000
15477900
15500800
15511300
15502100
16053600
15590800
15516900
15553700
15611800
15479600
15567400
16057500
15459600
15453300
15496300
15465400
15463000
15543400
16000300
15503000
15480900
15463600
15497900
15520400
15538100
16061700
15439900
15471300
15690700
15505600
15559200
16053600
15468500
15509500
15459200
15510000
15593700
15550800
16117100
15486700
15484500
15542100
16193300
17322300
17196200
16012500
15524500
15454300
15476400
15458700
15468100
15507900
16059400
15599900
15444200
15409300
15497400
15451400
16064200
15415900
15523400
15562100
15434600
15495900
15458000
16044500
15493100
15484400
15484100
15454400
15469000
15532500
16034500
15486000
15422500
15463700
15503700
15505000
15646400
16131100
15583500
15455400
15508600
15546000
15520000
16017700
15738500
17162700
15471000
15494700
15462600
15728700
16197200
15433400
15670300
15562200
15549300
15481300
15465600
15963300
20965400
17293700
17205400
17208200
16191800
15513000
15998100
15454500
15454000
15426400
15431600
15563700
16114800
15422200
15460500
17102600
15440000
15420100
15467900
16009500
15434400
15441200
15451700
15461200
15428900
15444000
16045300
15451700
15482000
15500600
15492200
15522400
15626900
16051900
15522500
15399100
15408900
15425000
15417200
15451500
16224000
15490200
15441700
15575900
15486200
15439100
16271000
15571900
15458000
16108700
15514300
15493800
15433400
16924000
15960100
15491300
15470500
15564500
15493300
15499000
15999200
15461300
15497900
15425000
15437100
15500800
15444600
16003100
15468800
15413100
15453900
15398800
15479100
16019100
15433400
15474300
15538400
15542000
15524800
15533400
16099800
15491400
15472600
15659800
15626800
15570500
15492600
16048700
15494100
15442400
15695500
15469200
15457100
15460800
17092000
15473200
15445200
15446500
15460400
15469500
16172100
17176300
17221100
15709000
15464300
15465500
15462400
16143700
15522800
15509300
15554700
15542900
15471100
15529700
16115000
15502600
15430100
15533400
15451700
15434800
15469700
15994500
15499100
15450700
15441600
15454100
15404000
16015100
15757500
15541600
15580800
15463200
15467200
15496500
16057800
15553700
15590000
15583700
15477100
15475800
15467800
16056800
15542900
15485000
15476500
15486100
15586100
15515600
16057200
15473300
15483200
15501300
15554600
15470400
15557600
16064200
15529200
15411300
15468200
15501800
15534800
16048200
15570400
15524800
15452700
15636500
15447800
15472800
15995400
15509300
15511300
15464100
15496500
15584800
15537200
16185000
15518600
15510700
15507600
15453600
15591200
15479200
16126800
15582700
15559800
15560800
15446700
15411900
16020300
15902600
15554700
15432000
15509600
15482100
15539700
16032200
15726200
15507800
15449900
15577600
15634100
15548000
16072900
15516000
15539300
15526200
15471300
15487400
15528600
16143500
15560100
15589800
15485200
15561800
15558200
17144200
15536500
15501900
15454200
15461100
15450200
15438500
16027100
15490300
15500600
15449900
15478800
17693600
17992500
16348000
15567100
15591300
15466900
15458400
15446300
15494400
16002500
15450900
15555100
15508700
15487900
15436300
16076300
15487400
15442700
15495300
15504700
15519100
15518700
16055900
15501700
15545500
15508300
15475900
15510700
15450800
15981400
15559800
15504900
15512900
15449500
15469600
15543100
16039300
15491100
15546000
15487800
15493700
15567800
15419100
16066600
19345800
20183900
15472100
15418100
15457300
16078200
15456800
15449600
15455400
15434700
15431400
15464200
16114200
15456400
15510400
15539800
15502600
15509900
15469400
16081900
15476000
15492300
15428100
15517300
15515100
15552900
16115900
15486500
15442000
15479700
15488800
15398400
16116200
15449100
15470300
15560200
15546600
15496800
15435700
16032800
15546600
15530600
15546800
15478700
15443000
15436200
15966600
15459200
15515400
15486300
15462600
15490500
15501600
16112300
15512600
15437900
15459400
15431400
15482200
16041400
15486500
15568500
15620100
15519300
15477600
15552000
16111300
15783200
17202400
17213600
17187600
16262000
15491100
16009200
15445700
15452800
15473000
15441100
15565400
15614600
17117600
15430300
15481500
15464300
15423500
15492900
15995800
15427000
15418700
15485000
15515100
15498400
15453000
16067400
15435600
15470900
15459100
15487100
15487200
15478700
15991600
15527000
15499200
15548400
15484400
15484000
15530000
16057700
15516100
15503300
15508600
15427500
15535200
15499400
16034800
15408900
15433400
15396500
15510900
15450600
16004400
15444100
15614700
15445600
15435000
15453100
15459400
16025800
15505000
15475300
15474600
15501500
15619900
15487500
15977200
15477600
15462900
15611300
15555100
15513600
15436600
16147200
15536900
15468500
15524500
15527400
15502900
16052400
15473800
15534500
15478100
15447400
15631600
15523800
15999100
15485600
15481900
15577900
15584900
15553000
15522400
16014000
15602700
15493100
15504500
15796800
15545100
15498900
16102600
15554000
15487900
15459200
15487400
15438400
16011200
15523600
15487800
15586500
15514800
15518500
15527900
16066500
15459400
15468300
15454900
15451800
15459200
15505800
15995300
15612900
15540900
15444100
15446100
15461000
15510200
16094700
15509800
15469600
15425100
15419800
15462800
16121500
15541900
15568400
15458400
15456100
15531000
15555800
16322500
15460200
15515600
15568500
15536000
15508200
15506100
16053100
15530100
15444000
15423700
15447700
15456900
15473800
16088100
15585100
15531600
15545600
15494900
15526000
15584200
15989500
15564400
15535000
15490100
15512600
15481100
16146600
15470600
15511100
15529800
15506000
15452100
15427000
16005700
15459700
15454200
15420700
15430600
15414400
15474500
16035600
15430100
15522700
15428200
15401600
15423100
15511600
16099800
15449300
15490600
15474500
15429400
15505600
16051900
15473300
15510300
15452200
15469500
15494900
15638500
16112300
15468200
15456200
15472000
17146800
17173800
17248300
16780300
15488500
15485900
15470400
15515800
15519900
15583700
15924300
15544800
15525700
15449500
15425900
15538800
16075400
15447900
15483600
15414900
15458900
15446700
15466800
16010600
15542000
15465400
15724300
15492000
15536400
15553100
16047400
15572000
15537800
15554100
15514500
15526900
15460800
16025200
15462400
15441400
15451100
15446500
15420200
15941700
15571300
15471400
15423000
15485600
15561300
15556000
16172900
15520500
15466200
15418300
15439600
15443600
15454700
16035700
15489400
15467500
15436600
15469700
15439900
15559300
16131000
15460500
15719000
15548900
15496400
15523800
15447300
16098800
15493700
15482700
15480700
15569300
15466800
16078800
15667400
15630300
15554600
19283600
15494900
15513700
15978300
15432200
15459700
15417300
15458700
15457900
15491700
16372400
15470800
15514700
15511300
15543100
15633800
17203400
16176000
15563300
15531200
15518200
16869400
15818600
15996800
15538300
15454600
15460100
15455800
15486400
15522000
16162300
15605500
15524900
15696700
15580300
15560800
15536000
16076500
15502600
15469000
15695700
15493300
15522300
15535600
16062500
15576100
15586300
15622200
15593300
15547800
16044600
15455300
15473700
15431900
15467400
15455000
15424900
16091200
15446600
15805300
15561100
15508000
15614700
15552700
16059600
15490400
15565300
15517400
15523900
15529100
15579700
15952200
15501800
15444200
15495800
15528100
15617900
16008400
15457900
15463100
15463300
15429900
15475500
15415100
17252000
15522800
15494400
15515200
15432200
15572000
15477700
16021800
15524300
15559800
15470700
15508000
15491000
15510300
16055100
15591500
15538000
15450500
15471200
15496200
15527700
16035700
15463600
15502800
15474500
15497100
15502000
16002000
15607600
15458900
15602800
15515600
15564700
15490200
16002300
15592200
15613700
15481800
15666700
15570400
15607800
16014700
15579100
15494700
15458700
15474300
15448200
15497800
16078000
15494300
15465300
15468200
15469800
15484600
16107300
15515300
15467400
15588300
15552800
15499800
15555700
16074800
15637300
15538700
15482400
15482800
15534700
15544400
16055000
15531600
15469100
15447200
15519800
15557200
15527200
16061700
15459800
15477700
15503900
15609400
15498800
16043800
15484800
15488100
15461000
15474000
15500300
15517300
15959000
15486500
15442900
15459400
15514700
15454200
15523900
15948600
15497800
15490700
15422300
15523800
15793400
15594300
15965400
15460700
15544600
15572600
15538600
15560700
16080000
15478100
15449600
15639700
15562400
15496800
15542700
16042700
15488700
15406400
15617800
15499600
15506100
17063200
16527500
15473800
15531000
15451800
17131000
17177200
17199200
16454700
15496200
15447500
15493200
15443400
15471000
15508500
15935700
15484300
15477600
15478400
15470300
15515900
16003400
15482100
15449400
15505900
15428800
15417800
15451500
15950400
15528100
15428200
15475800
15446500
15437300
15444300
16043700
15465900
15420400
15432200
15462400
15459100
15486300
16013700
15542200
15503500
15522800
15670800
15462200
16193800
15494800
15527900
15509000
15458200
15535600
15510000
16066000
15484500
15433300
15538000
15434700
15555700
15792200
16075100
15474700
15480400
15442700
15559700
17190200
15605100
16089000
15511500
15522000
15422700
15509200
15492700
15957200
15468700
15447400
15430300
15604000
15480800
15514600
16026800
15436800
15476300
16781900
16210800
15466300
15507600
16046000
15516400
15513200
15520500
15494200
15473400
15497700
16046300
15983500
17211500
16150700
15482800
15488800
16095800
15505300
15555700
15526400
15530400
15517400
15699700
19198900
15612500
15920200
15510400
15430200
15458300
15423100
16064500
15408900
15448000
15456700
15656500
15542700
15488100
16147000
15502500
15522700
15503200
15485000
15595900
16113400
15604000
15514200
15480100
15522800
15504800
15479900
16085200
15465100
15498400
15496400
15492300
15493000
15506900
16082900
15472500
15459200
15484100
15462000
15495800
15439000
16189100
15667900
15523800
15571600
15474500
15472300
15506400
16048500
15485400
15421500
15453600
15462700
15434600
16192100
15511300
15594900
15481200
15458200
20266300
20746600
16039300
15451600
15556100
15549100
15479500
15525500
15495400
16034600
15478600
15435400
15408400
15580300
15711500
15428000
16037000
15524900
15444900
15468400
15496300
15435300
16036100
15544400
15491200
15496600
15472900
15403800
15437400
16030700
15441700
15446300
15456400
15446800
15465700
15424200
15941500
15414300
15421700
15465300
15633100
15569100
15575300
16087400
15506600
15480900
15531400
15478800
15451900
16036200
15493000
15492100
15497100
15572800
15534500
15531700
15988000
15546100
15696100
15559000
15541300
15554100
15547400
16022900
15498600
15455000
15429000
15455500
15529400
15554600
16071200
15438100
15645100
15569900
16316600
17211500
17766600
15544600
15561300
15495000
15522000
15597600
15726300
15987600
15456900
15477500
15576500
15737100
15546300
15441000
16058800
15465500
15507100
15491600
15566900
15553600
15484800
16058900
15566600
15466600
15489600
15452700
15412600
15435300
15958700
15465400
15483000
15508900
15445100
15430600
15993900
15473200
15539300
15448300
15414300
15858500
15526700
15976700
15563400
15610800
15490100
15433000
15429100
15497400
17123600
15469800
15467000
15436300
15492000
15500500
15483600
16140700
15506800
15516200
15480600
15462000
15519100
16053500
15583800
15461600
15444400
15420800
15537300
15546200
16052900
15432400
15554100
15469400
15501800
15557200
15443800
16009500
15531100
15499300
15554900
15457900
15613800
15461100
16035600
15542900
15834300
15493700
15517900
15641500
15962800
15524700
15543400
15481600
15472400
15432000
15423500
15981300
15515600
15496700
15572800
15572300
15501100
15479500
16082000
15572800
15437300
15431100
15565900
15587700
15442700
16030500
15560000
15445100
15525100
16934000
22986600
17905100
16464700
15518400
15403400
15496800
15458100
15541700
16094600
15451800
15433600
15458100
15465700
15461500
15487100
16070000
15673300
15559100
15528000
15533600
15516100
15510300
16015100
15563100
15489000
15514100
15524800
15564300
15535500
16040800
15478100
15452000
15481800
15472300
15594800
16125000
15572000
15656400
15558000
15595600
15526200
15457300
16075700
15433300
15647300
15465200
15492400
15422100
15473200
16087000
15501200
15453700
15511400
15545200
15507000
15439200
16114500
15494100
15553300
15534500
15546800
15655600
16030200
15472600
15492300
15510700
15493800
15454100
15576600
16078500
15496000
15514200
15445500
15530200
15448100
15497000
16050200
15448500
15529400
15493700
15469800
15479400
15454600
16160700
15597500
15500000
15573100
15569500
15558500
15964700
15634500
15526100
15695200
15564300
15506600
15464800
16070100
15477300
15525100
15462800
15542900
15483700
15487400
16211400
15557300
15505700
15514200
15524000
15505900
15467900
16083700
15449600
15555100
15555600
15461400
15485400
16667000
15464500
15526100
15448200
15479400
15452900
15432600
16112300
15437400
15479500
15458400
15488800
15510900
15429200
16086900
15448900
15475000
15469700
15448200
15521100
15476400
16033300
15496500
15437700
15459100
15468400
15505500
15532100
15998000
15534700
15540700
15521500
15449500
15507600
16153900
15499300
15519900
15442400
15435400
15534700
15490300
16054200
15442400
15500100
15492000
15532900
15561400
15499100
16118300
15489900
15443300
15479300
15429300
15456800
15494200
16019700
15593300
15527400
15494700
15531600
15541800
16022900
15938300
15458700
15459700
15515200
15457400
19877100
15998300
15477800
15444200
15476800
15497500
15513100
15683400
15937900
15553400
15495200
15525400
15649400
15449200
15715600
16034800
15441400
15501100
15473400
15447600
15564100
16089200
15498200
15477400
15485700
15517900
15562900
15517300
15989400
15648000
15505000
15460200
15485500
15513100
15501800
16099400
15528000
15500600
15466300
15496400
15493000
15489800
16037800
15465300
15412800
15458900
15414900
15430900
15940800
15438100
15493000
15504800
15436300
15439600
15469300
15975800
15416000
15464000
15445100
15465000
15469400
15468400
16070500
15519300
15571300
15429600
15461800
15575000
15557300
15941100
15471900
15477800
15580600
15571700
15579500
15468100
16044600
15537000
15479100
15533800
15496500
15595400
16058700
15522700
15447900
15450600
15499700
15518600
15540700
16104800
15611300
15472700
15642100
15533500
15617800
15513800
16064000
15554600
15561500
15603100
15561000
15541300
15561000
16076700
15544500
15653700
15526800
15490900
15511800
16042500
15510700
15470900
15462300
15498500
15496700
15487900
16085500
15478200
15438600
16593400
17164400
17235500
16825200
15969000
15515000
15430800
15477300
15557600
15511900
15507200
16019800
15420000
15545100
15518900
15483900
15558700
16095600
15518300
15490400
15546700
15522900
15567700
15563700
16055200
16207600
15588400
15455100
15542200
15503900
15477700
16047000
15433300
16865100
17142800
17190100
16612500
15451700
15992600
15501300
15493800
15563900
15445100
15433900
15960600
15468500
15506200
15489100
15524000
16959800
17197500
17260800
15498300
15536300
15573000
15489100
15462600
15565200
16107100
15488700
15471000
15581300
15762300
15691300
15516300
16121400
15445800
15522800
15452800
15450900
15478600
15453800
16160800
15431600
15538900
15515900
15485700
15486700
16035300
15617900
15499600
15492400
15489100
15553200
15563600
16159800
15443100
15475500
15489800
15429200
15436400
15462300
15981600
15436300
15589900
15546500
15648400
15585300
15513200
16197900
15465300
15527500
15480500
15486900
15578100
16025100
15435800
15477700
15481200
15491900
15570900
15649500
16124700
15519000
15465800
15631500
15495700
15547800
15544900
16031600
15549100
15523700
15528200
15530400
15688100
15475300
16070000
15552900
15505800
15457100
15490100
15555700
16046800
15456000
15419600
15460200
15448400
15506900
15510100
15983200
15535500
15475000
15539500
15486300
15522300
15484400
16083300
15510700
15534000
15513700
15509500
15473200
15554700
16173400
15563300
15496700
15494900
15488100
15559300
16028200
15447900
15603400
15474300
15604000
15606300
15491900
16097900
15473200
15425600
15490900
15439600
15508200
15434700
15944400
15458800
15458900
15458000
16182700
17157500
17208100
17643800
16000400
15447400
15500300
15451300
15520600
16957100
15490800
15505600
15463000
15419500
15574100
15569000
16123900
15497500
15464200
15600800
15563500
15581400
15606000
16128000
15507300
15475800
15545000
15524600
15470900
15516300
16035300
15435500
15499200
15559000
17089600
19855100
15723200
16063000
15584100
15598800
15466700
15484900
15684400
16163500
15493500
15497400
15565800
15410000
15487100
16540700
17178900
15487700
15479000
15588700
15520600
15505400
15503000
15965900
15444100
15451300
15500000
15467400
15449300
15498600
16078100
15550900
15556600
15498300
15524500
15526500
16280100
15542800
15442900
15520700
15612400
15523400
15515000
16093500
15539600
15486000
15545800
15537800
15452200
15483800
16027900
15532500
15595000
15537100
15636300
15535100
15533200
16001300
15479600
17108500
15904800
15485900
15570000
16006800
15422500
15594000
15462800
15498300
15442800
15596900
16138200
15538800
15615400
15485200
15576300
15556800
15528000
16183600
15469200
15547400
15538400
15524900
15476500
15447900
16024500
15598600
15505500
15494400
15445600
15530500
16103000
15534800
15533300
15449700
15508800
15521100
15476300
16008300
16025500
15570600
15507100
15476500
15701800
17211600
16921100
15588500
15476100
15529200
15433200
15445000
15465500
15998800
15432600
15453900
15484000
15484800
15454600
15475000
15961200
15480700
15448300
15504500
15710600
17148000
17694400
17185900
15941200
15467400
16862300
16129200
15428900
16177700
15486400
15561800
15603600
15699800
15588500
15541500
16100900
15635500
15590400
15543600
15565500
15507800
16783900
16220700
15509800
15723800
15461200
15609200
15515800
16066400
15496400
15387100
15573500
15477700
15525700
15426900
15925800
15464300
15476000
15472700
15485700
15455600
15444600
15979600
15521200
15436800
15552800
15480300
15452800
15455100
15950200
15470100
15449100
15481600
15569800
15472500
16011600
15494500
15562400
15534900
15449700
15542400
15531100
16020300
15524300
15462500
15502300
15535200
15539900
15434500
16017800
15566700
15493800
15498700
15612400
17177000
17306200
16116400
15499900
15469400
15463600
15512800
15435000
15944400
15595300
15418600
15499000
15527200
15536500
15526900
16123200
15578800
15500300
15526600
15578300
15473600
15624100
16043300
15501400
15595400
15721200
15495100
15462900
15454300
16116700
15603000
15485900
15448000
15467000
15535900
15463900
16159100
15582300
15440500
15477700
15491800
15481400
16028100
15683700
15761800
15473900
15442100
15503600
15542600
16065600
15527200
15514000
15466300
15458400
15476400
15437900
16005700
15425400
15479000
15425000
15651900
15441500
15453400
16200600
15574100
15443700
15564200
15540500
15713200
16047600
15425600
15439500
15445200
15566700
15507600
15493500
16085100
15513100
15510600
15451900
15476900
15488600
15471800
16096400
15508900
15578900
15570000
15435900
15476700
16292100
16238300
15604500
17137600
15574400
15515300
15516600
16007800
15473800
17154700
17182900
16082700
15428400
15440200
16020300
15617700
15539600
15498300
15488700
15507100
15580500
16056800
15534400
15506200
15594100
15540600
15537600
15552800
16138500
15480000
15516100
15509600
15502500
15471700
16053000
15693900
15484300
15557700
15537500
15413300
15612000
16058300
15447500
15469500
15414800
15462900
15476900
15477400
15953000
15414100
15454700
15442300
15487900
15620500
15635100
15990100
15471400
15561100
15540800
15557300
15648800
15459400
16010100
15487300
17183600
15617100
15445900
15468300
16042400
15934200
16146200
15483500
15506600
15510200
15519200
16026400
15493100
15488300
15638000
15413200
15525800
15423900
16034900
15455700
15446600
15482000
15453800
15563400
15447600
16092600
15622000
15457500
15459700
15566200
15502000
16066800
15447100
15612100
15526800
15467100
15635300
15475400
16100200
15480300
15487800
15477500
15411800
15486900
15473800
16058900
15467200
15452700
15552200
15652600
15574700
15517600
16287500
15560100
15564100
15569700
15603100
15470200
16173100
15477800
15589300
15498900
15481100
15485500
15502400
16056200
15490900
15583300
15582800
15539000
15571300
15672900
16033500
15544600
15561600
15545100
15582100
15468200
15501400
15997900
15457300
15476000
15438300
15437100
15422600
15986200
15416000
15452500
15472600
15466300
15488400
15508700
16019300
16835200
17230700
17191200
16731300
15437800
15500500
16146800
15498400
15486900
15442400
15443400
15449100
15426500
16005200
15462700
15459200
15461000
15438900
15457300
15467900
16023400
15513700
15567600
15485100
15493400
15493500
16040000
15618300
15554500
15561600
15509500
15555100
15666600
16085400
15461600
15554100
15533400
15586500
15474300
15441100
16189400
15597100
15412900
15649800
15517700
15504400
15424300
16064600
15502500
15482600
15483100
15567800
15591400
16130400
15478700
15516900
15454500
15477100
15490700
15479200
16168000
15487300
15480600
15553500
15592100
15549700
15463400
16035800
15573400
15549500
15527600
15535500
15532200
15564500
16064900
15541300
15455800
15551400
15508100
15680600
16089500
15454000
15596500
15584000
15470300
15534900
15469300
16135400
15557500
15710700
15619400
15543600
15574300
16788600
17940200
16553500
15507200
15462100
15592400
15488600
15490100
16068900
15466200
15591700
15565300
15532800
15514400
16048500
15485800
15548600
15585000
15584800
15463400
15529100
16063200
15494700
15487600
15459900
15459800
15451400
15596600
16017100
15518000
15568200
15536300
15549600
15617600
15423600
16069100
15490600
15566800
15506600
15533300
15542900
15503100
16105600
15588400
18205800
19407900
15470200
15460400
16087600
15655800
15471300
15572100
15486900
19050100
15511800
16055900
15533300
15686500
15509000
15461200
15494500
15585400
16162800
15456900
15525500
15481500
15514000
15489200
15478100
16059900
15482800
15475000
15467300
15434400
15473100
16116200
15451400
15510500
15511500
15537800
15572200
15561800
16017600
15454700
15661000
15509600
15555500
15527500
15464500
16020000
15497700
15527800
15499700
15522000
20996100
16047300
16210300
15512000
15585600
15430700
15525800
15503300
16007400
15510200
15452300
15505400
15477300
15487700
15530300
15995200
15464200
15566500
15527800
15575400
15504500
15484100
15986500
15479100
15445100
15466700
15464300
16460900
17199700
16299400
15522800
15493700
15529300
15590300
15634400
16021700
15482200
15471500
15484700
15536300
15474600
15504100
16096300
15524700
15512500
15478900
15583900
15623900
16191200
16011300
15846000
17174100
17174200
15606500
15490900
15486000
17343300
17197800
17184500
15590800
15560200
15526300
16060200
15492300
15480500
15546600
15481000
15535100
15493600
16062000
15578300
15585900
15580400
15469500
17019300
17222700
17751100
17208700
17229700
16953900
15598700
15510400
15479700
16042600
15511100
15464500
15491400
15432700
15452400
15424200
16043300
15542400
15422700
15540600
15504600
15607100
16172000
15476900
15533200
15580600
15654900
15574800
15566600
16103200
15489600
15530600
15578600
15541300
15519400
15480200
16071300
15501900
15447800
17189100
15784800
15439000
15476500
16143800
15450900
15531500
15472700
15487300
15446100
16033300
15444600
15435700
15513100
15549200
15547700
15534100
16151700
15553400
15620000
15501500
15612300
15465500
15709500
16140500
15785000
15568500
15476900
15527400
15501400
15495400
16069200
15463300
15530200
15471200
15728600
15492800
16156500
15506300
15522200
15458500
15453100
15460500
15479600
16069300
15456000
15492800
15446500
16905900
17193100
17183700
16781900
15456400
15429700
15442700
15436600
15452100
15433400
15994500
15517600
16391800
16509300
15467500
15455200
16015200
15485800
15538700
15477900
15535000
15579900
15543500
16174500
15896500
15611400
15625600
15602000
15565700
15609900
16031400
15516300
15497000
16157900
17256500
17328600
17206500
16083000
15558800
15551200
15501600
15511900
15563500
15533300
16073500
15582300
15422000
15515600
15485800
15605100
15972000
15470300
15591100
15526300
15470000
15481000
15445700
16093700
15639400
15449300
16963900
17251900
17175700
16566000
16014200
15445200
15510500
15449500
15418100
15526700
15557500
16147400
15497600
15532900
15663200
15573300
15572200
16070700
15536500
15612100
15449800
17025200
15985900
15559700
16557900
15527200
15454200
15482300
15448400
15527600
15478400
16019600
15544300
15482200
15534200
15559600
15515200
15454100
16201600
15674800
15476600
15493000
15494700
15463100
16048800
15440700
15564600
15641400
15628700
15538600
15892000
16136700
15489800
16817900
16704600
15517900
15453200
15522600
16168500
15480700
15464000
15439500
15506500
15441600
15458800
16055800
15491400
15640800
15478200
15514100
15503700
16060700
15561100
15417400
15523400
15489800
15508100
15449400
16064600
15480700
15458200
15499000
15543500
15451100
15564400
16038600
15543000
15539500
15527500
15722500
15515300
15513500
16143200
15647600
15649700
15514100
15531100
15576800
15479800
16081600
15449900
15594500
15965000
15563600
15590900
16082400
15510800
15592700
15564400
15481500
15489000
15536300
16299300
15435100
15604900
15482900
15533900
15523100
15487700
15972700
15471600
15614600
15604500
15413200
15467100
15463400
16349900
15491200
15424900
15484600
15483700
15493200
16016700
15498900
15482300
15564300
15932700
17214800
17146200
16198600
15547700
15517900
15462400
15445500
15490800
15455600
16037100
15469100
15457800
15528100
15533200
15576900
15582800
16017100
15500300
15502100
15603100
15627600
15462200
16139300
15723500
15547700
15546000
15438800
15533800
15479900
16051500
15440100
15470800
15550300
15541100
15482900
15448700
16014600
15688200
15462500
15487200
15512000
15577900
15499500
16045100
15473100
15463700
15440000
15526600
15480700
15986500
15471900
15472100
15573700
15481800
15586800
15491900
16081100
15538600
15585600
15482700
15497900
15460600
15457600
15982700
15560200
15474500
15451900
15427700
15424800
15486300
15906900
15475500
15515300
15488700
15526300
15507500
15602400
16018900
15519500
15575800
15509400
15471100
15484400
15996500
15529600
15451300
15631300
15529500
15493700
15442500
15988500
15509500
15513900
15502600
15503200
15567400
15601400
16453200
15539200
15547400
15442800
15567600
15442300
15432800
16066300
15461100
15500900
15451200
15471400
15493100
16037900
15497700
15455800
15534400
15506800
15461800
15508600
16259200
15512300
15523000
15460500
15676400
15518700
15478600
16045700
17157800
17212700
15943200
15565900
15514100
15424200
15995800
15445700
15466600
15576200
15454100
15551200
16052600
15467000
15495400
15549100
15541200
15517900
16185300
17192200
15574200
15471600
15509900
16468800
17327100
17186300
16591900
15472800
15464400
15460700
15483200
15496300
15541100
17641100
16061700
15547600
15516600
15444700
15533700
16117700
15543600
15542800
15483800
15526300
15483800
15465000
16184700
15447100
15510100
15514700
15531200
15547100
15558600
16125600
15534100
15447800
15470400
15446100
15489100
15456800
16051500
15527000
15448100
15551600
15519400
19654200
18803300
15930400
15448100
15519600
15518500
15460400
15521000
16096700
15505600
15754600
17294200
15502000
15627200
15591800
16061300
15448500
15613100
15578900
15585200
15578500
15493100
16184200
15482400
15475300
16975200
16000700
15459400
15450000
15943000
15519900
15550200
15719800
15491500
15490300
16205000
15579100
15570100
15520700
15510800
15542100
15586400
16124800
15531300
15500900
15501800
15582900
15458500
15450500
15999500
15494500
15464500
15461700
15479000
15456100
15507800
16078000
15616400
15523500
15476200
15467700
15449100
16079000
15476600
15487400
15476400
15437700
15506100
15535500
15979400
15484300
15593100
15485500
15602500
15615500
15522100
16051600
15584600
15468800
15566200
16938400
17253200
16677800
16944000
15465800
15446700
16409900
16109800
15450700
16015700
15457700
15458800
15533800
15529900
15499800
15458600
16070300
15436100
15399300
15444300
15509700
15562000
15407100
16101300
20014600
15464100
15531100
15505400
15460700
15517000
16052200
15550400
15586200
15517700
15497200
15504600
16084000
15459000
15421000
15468000
15687200
15438400
15443500
15997100
15470200
15426200
15449100
15409700
15428200
15433400
16012900
15539400
15470400
15438000
15451900
15544000
15619000
16040400
15456400
15462400
15452100
15459600
15516800
15451300
16010400
15459600
15434200
15450400
15489700
15603400
15962700
15454400
15426500
15532200
15423100
15535000
15588900
16042100
15421500
15431100
15447300
15467500
15484500
15433100
16058000
15479200
15718700
15572100
15520800
15463400
15554300
16096400
15576900
15511600
15464300
15439800
15728400
17527000
15524600
15552600
15880600
17202800
17223900
16877000
16351600
15489900
15505100
15526000
15484300
15578600
15513500
16042400
15543500
15532900
15591200
15471700
15455300
15421900
16018700
15537300
15516400
15524000
15468400
15543800
16065300
15575500
15555700
15529300
15472200
15518000
15568600
16049200
15536000
15522000
15505200
15512000
15426900
15478900
16120100
15470100
15492100
15452200
15607500
15463600
15584400
16036600
15617000
15504000
15465900
15412400
15448000
15996300
15416700
15459500
15425500
15544800
15512600
15482300
15987000
15539700
15508500
15453700
15507200
15591800
15498400
15977300
15490200
15455400
15433500
15502900
15547500
15437400
16022000
15454300
15550900
15517400
15477100
15481900
15559600
16083200
15561100
15500500
15489600
15445600
15469500
16131300
15536500
15489500
15545400
15477800
15487600
15504400
16098000
15527900
15506900
15703000
15425700
15540600
15459000
15999500
15497200
15506200
15520900
15437500
15418600
15467100
16036400
15560800
15498500
15542000
15535600
15542500
16072400
15489000
15576100
15581600
15450500
15422400
15466000
15992000
15489400
15442100
15467200
15435100
15510800
15429300
16192100
15445800
15611200
15454000
15455100
15451000
15448400
16053500
15471500
15445300
15443500
15428900
15434400
16002300
15523100
15479900
15519500
15484200
15620100
15535500
16002000
15597700
15576000
15509300
15458200
15460500
15529400
16143200
15500100
15493200
15523500
15485100
15455300
15564200
16004200
15525400
15773400
15469800
15517600
15470100
15966800
15553300
15422900
15480400
15457800
15525100
15553200
16031700
15494800
15488000
15520900
15538400
15542500
17213000
16982200
15532700
15784900
15482200
15562000
15531400
15505600
16065200
15459800
15481200
15519500
15518700
15491800
15413800
16050600
15475400
15477100
15428500
15422900
15449300
16005700
15464300
15532800
15535400
15533300
15529800
15487500
16065000
15484000
15512000
15557100
15537700
15579500
15489600
16020800
15593200
15618500
15563000
15561500
15535500
19066600
16017600
15959000
16964000
15742300
15598400
15561300
16314700
15599100
15578400
15487500
15481400
15603200
15470800
16117700
15411600
15538600
15534000
15432000
15473000
15428300
16069200
15565500
15463100
15474300
15476500
15521900
15490300
16018200
15450800
15466700
15467800
15579600
15503000
16124800
15538400
15910500
17130800
15473000
15477600
15482200
16017800
15505200
15625600
15504600
15444000
15474600
15477000
15986000
15519600
15493300
15532200
15548300
15530200
15602900
16128000
15561400
15476400
15439800
15494300
15545700
16032000
15499500
15460500
15513300
15585400
15674300
15548700
16112500
15477400
15455100
15496100
15409600
15499800
15548800
16144400
15517500
15509500
15574200
15579700
15518200
15486900
15918200
15622400
15484700
15533800
15590700
15522800
15650500
16060300
15583500
15476200
15441700
15533500
15463200
15957000
15503200
15411000
15461000
15477400
17749000
16131700
16140000
15476300
15456700
15550800
15582200
15454700
15493500
16099300
15545600
15477000
15452800
15475600
15484700
15472300
16068000
15478400
15439600
15457900
15528100
15603300
16160800
16047000
17214300
17191500
15495300
15793200
15613700
16088900
15526400
15455100
15522700
15495600
15485900
15517800
16055500
15581500
15544800
15652700
15491200
15481400
15539900
15992500
15477500
15511800
15561900
15559600
15509600
16207500
15452700
15455900
15471300
15445600
15484500
15442300
16039700
15461800
15524800
15596300
15484600
15471700
15587000
16121200
15557500
15461800
15511900
15468600
15495900
15499500
16075600
15493700
15422300
15421300
15435700
15463600
15987900
15422500
15555900
15426700
15441800
15458400
15435500
16013300
15485200
15466300
15463500
15463400
15443700
15486900
16093500
15467800
15513900
15483100
15476800
15442700
15469000
15968900
15508900
15418200
15463100
15462500
15521000
15501800
16027100
15504000
15491800
15478000
15513000
15448100
16080100
15464500
15527100
15562900
15470500
15489900
15556000
16073800
15482100
15476100
15472000
15465000
15480100
15476000
15918800
15493900
15443100
15544000
15507000
15512900
15461900
16092400
15595500
15469000
15491100
15501300
15558000
16062300
15626500
15564800
15574000
15542800
15566300
15517100
16082500
15569300
15483000
15504000
15554500
15517900
15493800
16090100
15575600
15434700
15570600
15479500
15480200
15448900
16043100
15476600
15474300
15537000
15502200
15528500
16010800
15569800
15550900
15517700
15451000
15461200
15551000
15997300
15494000
15494300
15526200
15448700
15468000
15476600
15992000
15533800
15494900
15553700
15481200
15475900
15505700
15969800
15457900
15457100
15448600
15459200
15532000
16082400
15514600
15564900
15441900
15423600
15463000
15422700
16001900
15566300
15517500
15481600
15445200
15544300
15551600
16066200
15502700
15443800
15467700
15448400
15440500
15548700
16023000
15596300
15499700
15486600
15527000
15482800
15594000
16236500
15525000
15493800
15453700
15525300
15488500
16021000
15472400
15466000
15457700
15457500
15533300
15518500
15984500
15474400
15476000
15501900
15577000
15553600
15431600
16010000
15511000
15513400
15469300
15563000
15446200
15479200
15968100
15505600
15490800
15481100
15506500
15535300
16041700
15446800
15443100
15412900
15455600
15468000
15441600
15985400
15500900
15584700
15479400
15488300
15528800
15487500
17175500
15725200
15460200
15517300
15565300
15473800
15470700
16147200
15615100
15449800
15501300
15620900
15474000
16015700
15561800
15562500
15535200
15464000
15492800
15542300
16057600
15535100
15507800
15469100
15553300
15497100
15482800
16059800
15572400
15493300
15458000
15490600
15470900
15519800
15952300
15506500
15530300
15395300
15535100
15471900
16124500
15447400
15458800
15518200
15524200
15489000
15472200
16016000
15466000
15441700
15582000
15562000
15507500
15479600
16059700
15502400
15518300
15583500
15499800
15497000
15555200
16015700
15488600
15516600
15634600
15459600
15481500
16052700
15488100
15645800
15503300
15577500
15584600
15479700
16225000
15454400
15482000
15427800
15439900
15536300
15534900
15996500
15477400
15479100
15496600
15462200
15485500
15495900
16034400
15437800
15471300
15450600
15447700
15500200
15473800
16043400
15531300
15523500
15569700
15551300
15514800
16029800
15518600
15633500
15558600
15573700
15567000
15630500
16030800
15445300
15478900
15500600
15523700
15494400
15427500
16097700
15414600
15564300
15489400
15446100
15498900
18217400
16048800
15469400
15489600
15453000
15465700
15434800
16026600
15456300
15474100
15489900
15501000
15433600
15463100
16703800
15622900
15532200
15639200
15458100
17213200
15539700
16058800
15531300
15440000
15460200
15443200
15540900
15836700
17026900
15540800
15531800
15474400
15476000
16661000
16521700
15528600
15503300
15426500
15452400
15526900
15519100
16050600
15497200
15464600
15445600
15439200
15531600
15473700
16027700
15484500
15444700
15479300
15439500
15540200
15489200
15992900
15512800
15477000
15556400
15536100
15460000
16161400
15488800
15465900
15617600
15563500
15472800
15503200
16512500
15549300
15537500
15623600
15537500
15553300
15487300
16121500
16032800
15495900
15557600
16746400
17212100
16596900
16118100
15428300
15465500
15726000
15688400
15617900
15531600
16017200
15515500
15494700
15611000
15584700
15543800
16084600
15507200
15461200
15417500
15594100
15520000
15504000
16092100
15565300
15524400
15480200
15511300
15550800
15510400
15976400
15538900
15554600
15546900
15412800
15482900
15471400
16029700
15480600
15508500
15816400
17213900
17225500
17098800
15482300
15444000
15733400
15483000
16109700
17201200
17799700
17177100
15517600
15518200
15532400
15581200
15528200
16070100
15841200
15529000
16192700
15594500
15481700
15540600
17513800
17244600
17184300
16101200
15660200
15636400
16081700
15617100
15518000
15449600
15543600
15564100
15467000
16055700
15486500
15517600
15457300
15514800
15487800
15426000
16013400
15467600
15485700
15458900
15433000
15451400
15532000
15993500
15487000
15512200
15498300
15517200
15512500
16180300
15448500
15494300
15470700
15469900
15431000
15492200
16022400
15519400
15500200
15515300
15616800
15567200
15539000
16091900
15484400
15496900
15532600
15576500
15551100
15622000
15978900
15636400
15608300
15590400
15458000
15656400
15486400
16014500
15452200
15430200
15554900
15430300
15555600
16123900
15469000
15552400
15466700
15528600
15520200
15453300
16154500
15528800
15462300
15459900
15522900
15590600
15523200
16134100
15508600
15526900
15472300
15489200
15534100
15450000
16333500
15483700
15420400
15460200
15428400
15419400
16042100
15485800
15473300
15445600
15488900
15520700
15569000
16132900
15589300
15479100
16045200
15794900
15567200
15500300
16068400
15504800
15436900
15487000
15429900
15465700
15404100
15986200
15505400
15481100
15717100
15559800
15599000
16136100
15495500
15503300
15547600
15535000
15567600
15527600
16038000
15547700
15530000
15624100
15513100
15510300
15513500
16120600
15767900
15548100
15513000
15499200
15431300
15463000
15964900
15519600
15508600
15514400
15586000
15444500
17411800
15561800
15508000
15563200
15480300
15533100
15636000
16204200
15583800
15482000
15483200
15437600
15423500
15475400
16018600
15463500
15431400
15455600
15486300
15449100
15674800
15968000
15478700
15448200
15471100
15439100
18609400
15505100
16042100
15456300
15596100
15464900
15497600
15466800
16005500
15483800
15427000
15445000
15464500
15469300
15501500
16007800
15467700
15478400
15567700
15616100
16597200
17275700
17134100
17203900
17200100
17215200
15689400
15491900
15501200
16051300
15421500
15459400
15477300
15481400
15456200
15964100
15494500
15468700
15551700
15481200
15509200
15496900
15970800
15569300
15512900
15570300
15589100
15532100
15507000
16057300
15601700
15555700
15568100
15510800
15507500
15492200
16137600
15461800
15506800
15537100
15489800
15551700
16001100
15532900
15483500
15517300
15600900
15427900
15634900
16105100
15441300
15537000
15559400
15491000
15438600
15491300
15964600
15442500
15483800
15485100
15485500
15492500
15435900
16128400
15473200
15578200
15504700
15473800
15563000
16301000
15508300
15480500
15471600
15510200
15511400
15504100
16112300
15526300
15468400
15468200
15569800
15507300
15516600
16095400
15467700
15464700
15561600
15501900
15461100
15455900
15954800
15468700
15489700
15543200
15488700
15607300
15483300
16241200
15479600
15461500
15570700
15466400
15520100
16170200
15570600
15581300
15563400
15558500
15582900
15533100
16100400
15534000
15638800
15468700
15560100
15512900
15467200
16046700
15525300
15604000
15562000
15458300
17015600
17223200
17083300
16607500
15571400
15424100
15503000
15545100
16104000
15526600
15434800
15522900
15467000
15491000
15532300
16016900
15531800
15422500
15469700
15446500
15429700
15442400
16367300
15566700
15554800
15442000
15533800
15493600
15596100
16019500
15463500
15483100
15496800
15527800
15482900
16067500
15491800
15484200
15576600
15632400
15521100
15483900
15991500
15497800
15467500
15464900
15517500
15485800
15488700
15927400
15572200
15522200
15444300
15573300
15654000
15577500
16044300
15476300
15523200
15510800
15557700
15517900
16065400
15497200
15539800
15443500
15520000
15440400
15752900
16073600
15594600
15551000
15448300
15500200
16449700
17179200
17787000
17203200
17250800
17197700
15735200
15434800
15490800
16035900
15419200
15520800
15459800
15472700
15468700
16012400
15439000
15498800
15480800
15519800
15506000
15558200
15997700
15538300
15523200
15557200
15528500
15509400
15556800
15988100
15492300
15479800
15439500
15479900
15456600
15483100
16052800
15877000
15491000
16675700
15583500
15591300
15515000
16042400
15593500
15457700
15446900
15437500
15601000
16020600
15542400
15460500
15525800
15449200
15476000
15552400
16121600
15502900
15457400
15506500
15457700
15502500
15472400
16041700
15458300
15459700
15446200
15466500
15512500
15481500
16102300
15471200
15496800
15491400
15449700
15466500
16013300
15472000
15439100
15467000
15474800
15441200
15594100
15967000
15474600
15434500
15540200
15543800
15509400
15431900
16080100
15451300
15433900
15415100
15444800
15444000
15461700
15999900
15429000
15491100
15551800
15473000
15511400
15979500
15491000
15584000
15541000
15469700
15527900
15518200
16092100
15476300
15447300
15614600
15508700
15485800
15411700
16119800
15548800
15617900
15555600
15456000
15546000
15541600
16126200
15572500
15621900
15532700
15439700
15571300
16252400
15551400
15466600
15458500
15517300
15551000
15423600
16049300
15444800
15480800
15444900
15504400
15465200
15503800
15963300
15440300
15483100
15499100
15466300
15482400
15513800
15972100
15442700
15479900
15617300
15526800
15458800
15440600
16016700
15443500
15557600
15551900
15506400
15460300
16153500
15529000
15545500
15519200
15518700
15585800
15495100
15938200
15479900
15487000
15451000
16605600
15510600
15464300
16024200
15436800
15501100
15461500
15571700
15602000
15485200
16033100
15501200
15480600
15445400
15430300
15415500
16024200
15485600
15518400
15480800
15484500
15463100
15479100
16107000
15467100
15484900
15444700
15447000
15458100
15539600
16000700
15506000
15429800
15484100
15479600
15451000
15477100
16155200
15519900
15544700
15429100
15478300
15456900
16054000
15457500
15474700
15514400
15465900
15525100
15532900
16126000
15610400
15464000
15427600
15585000
15485800
15422900
16273800
15489000
15426800
15521400
15546000
15546300
15529000
15958300
15502000
15494100
15476100
15488700
15476100
16126200
15466300
15489100
15536900
15551400
15537600
15566500
16069200
15518400
15524400
15509800
15544800
15452200
15431100
15998700
17541900
19821500
17187600
17174000
16070400
15432100
16184200
15501700
15411700
15489900
15449100
15419300
15429000
16320200
15559100
15453200
15475600
15460200
15480600
16080000
15431800
15443800
15427400
15502100
15523200
15450800
17501300
15955300
15433200
15426100
15456200
15483900
15445600
16107700
15591900
15485900
15438600
15464400
15567700
15637500
15963000
15442400
15494100
15424200
15502700
15490700
16017500
15437100
15528900
15505800
15464900
15663300
15506200
16067800
15493800
15484400
15520000
15488500
15445300
15433700
16009800
15448300
15490100
15476700
15599000
15476100
15449700
15943700
17079800
17232200
17073700
15521700
15538600
16015400
15450100
15748700
15458500
15433700
15517600
15546600
16242900
15458400
15419200
15532200
15534000
15458000
15476100
15997900
15557100
15468600
15494200
15488100
15513100
15641600
16078800
15514100
15594200
15524700
15457000
15441300
16030900
15775700
15700900
15443200
15441400
15569500
15461900
16148700
15453400
15548000
15563100
15542600
15480600
15495100
15965000
15523400
15486700
15522100
15505900
15488100
15444100
16029200
15572700
15586300
15507600
15504100
15611700
15514400
16129300
15514900
15498400
21134900
17183100
17188600
17198200
15512200
15537400
15513500
15517700
15576600
15577200
16001800
15706600
15444700
15465700
15443500
15454300
15581900
15962200
15449300
15457100
15435400
15461300
15485600
15509200
15995900
15553800
15532700
15493800
15547400
15491200
16097200
15451300
15469700
15460700
15546300
15487200
15573800
16064400
15482000
15468500
15565900
15436700
15540700
15529300
16040900
15470200
15430100
15594900
15504700
15545400
15432100
16001200
15531200
15466700
15424400
15496200
15499400
16028800
15439700
15435300
15499400
15524700
15529400
15419600
16054000
15474300
15554000
15477000
15518700
15520200
15461300
16111600
15497800
15482400
15444000
15562000
15499400
15493200
15946600
15474400
15433700
16454200
17171300
17195100
16775800
15552600
15478300
15436000
15406600
15425900
15481700
15975200
15509500
15594000
15514800
15473400
15480000
15508100
16079600
15488300
15488900
15599300
15411500
15428700
15493300
16176300
15487900
15543300
15445700
15515200
15651500
16446100
16073700
15511400
15455100
15491400
15472800
15485700
16001600
15441700
15429200
15441400
15445600
15560400
15532600
16030800
15481100
15423400
15505000
15569500
15468600
15464200
16049900
15458200
15492700
15471500
15436300
15479300
15450700
16183200
15511200
15437100
15451200
15430700
15448500
15963500
15472600
15467100
15501900
15504300
15448600
15567100
16061800
15565300
15468900
15440800
15451400
15485000
15426000
16003400
15452400
15534100
15468700
16933500
15615600
16570600
16209700
15485600
15455500
15455000
15448100
15450800
15987700
15506600
15490800
15438400
15482000
15466200
15602600
16129600
15579100
15597700
15529500
15458200
15450000
15461300
16013300
15590900
15556800
15451900
15525700
15583300
15584600
16073500
15503000
15578800
15482300
15425700
15545200
16127800
15465500
15441000
16689900
17167500
17480500
17173100
16049500
15449200
15505400
15433600
15443400
15431200
15439800
16036500
15517100
15462500
15443600
15609100
15479800
15565900
16080900
15447600
15491300
15449300
15469000
15469600
15456100
15987700
15447200
15510700
15559700
15490700
15541900
16239900
15503500
15546100
15567600
15486900
15560400
15482400
16060800
15455300
15450400
15524000
15439700
15447300
15486800
16072500
15531700
15482600
15467900
15467400
15468000
15471700
16095200
15470700
15501400
15492700
15668100
15672700
16088700
15487700
15465900
15457700
15452500
15473600
15689900
16031000
15486800
15519200
15458100
15449100
15455100
15513100
16011500
15473500
15498300
