163
171
161
162
171
170
163
172
187
223
154
163
164
170
177
166
164
175
189
177
154
158
178
173
164
188
182
188
177
208
152
159
170
164
178
201
193
179
190
165
160
160
174
173
173
171
165
193
182
160
164
160
181
182
188
175
165
185
164
171
173
170
171
168
183
159
163
192
175
166
183
171
171
196
171
192
194
181
185
163
165
169
162
164
192
169
175
203
179
174
175
153
159
165
172
168
208
170
181
176
187
162
161
172
174
168
182
195
181
162
175
165
169
210
167
169
174
166
187
168
172
159
175
184
154
188
188
198
165
165
182
188
212
176
162
174
174
193
218
177
190
185
197
171
178
163
174
217
186
204
212
195
170
167
171
171
161
177
171
168
187
197
180
161
169
171
173
180
170
169
167
179
198
160
171
166
170
176
183
196
194
201
212
162
167
163
170
179
164
182
182
207
211
162
169
161
176
167
181
164
168
179
200
169
168
164
169
173
190
180
174
185
201
165
154
174
176
178
191
182
174
186
197
155
169
171
165
163
181
179
181
184
197
163
202
191
151
164
167
163
208
179
187
178
166
168
169
180
171
177
184
184
190
165
167
172
166
190
174
168
201
180
176
164
165
158
187
180
166
159
159
176
184
173
174
180
175
180
155
170
182
172
190
160
166
173
171
170
183
154
166
178
178
168
174
188
169
158
174
171
160
161
174
156
164
159
179
199
158
193
168
173
192
173
168
175
179
177
164
190
166
156
161
167
160
172
182
185
182
182
168
162
171
174
179
158
189
164
187
207
171
199
201
175
167
187
173
171
194
193
175
162
207
207
162
172
166
156
173
191
172
205
182
157
180
176
176
162
158
165
190
194
185
160
172
201
167
171
171
181
197
192
209
205
171
194
172
177
171
177
180
163
197
178
179
187
164
181
209
176
171
170
164
184
185
207
185
164
164
165
167
180
165
162
181
160
182
176
163
164
175
190
168
174
193
199
201
186
182
166
163
174
175
169
184
179
184
193
175
167
189
162
165
169
175
160
175
166
184
167
165
163
165
167
174
174
166
189
201
156
168
172
177
172
182
186
164
184
188
173
159
196
164
171
170
173
178
178
184
160
175
161
161
182
170
167
176
189
216
155
165
159
170
188
201
184
188
192
167
159
170
171
172
192
169
159
168
174
195
169
167
167
166
177
185
179
182
199
191
174
166
169
175
192
171
163
171
166
184
164
195
191
188
156
166
161
176
170
193
192
166
174
175
183
162
185
168
179
188
181
178
165
174
203
187
167
155
170
160
161
172
175
167
170
182
162
200
165
218
179
174
185
186
201
193
167
162
175
170
180
175
158
171
172
158
186
177
213
168
170
165
167
165
167
163
174
183
177
167
185
166
179
186
171
188
158
178
170
202
171
169
168
174
198
181
176
204
169
186
166
184
167
177
212
170
176
171
173
158
171
178
175
223
158
166
166
151
165
163
184
178
170
182
187
163
174
177
195
205
175
151
162
163
159
174
184
185
195
171
176
201
165
196
170
189
193
169
173
177
185
189
186
164
191
200
180
179
190
155
168
169
157
157
177
173
178
172
149
169
165
177
166
204
161
170
173
186
161
180
201
176
176
176
174
159
169
168
167
187
172
188
183
175
161
206
200
221
187
197
176
200
208
229
200
178
213
161
191
167
165
177
165
167
184
174
162
170
184
169
176
199
164
193
186
209
179
164
193
169
169
177
176
193
186
166
173
173
186
210
161
176
170
162
181
198
160
158
170
163
186
172
158
157
163
192
164
167
161
157
169
157
166
189
171
182
168
166
165
174
166
172
180
179
193
169
203
175
177
179
182
170
170
161
165
184
175
172
169
183
220
165
170
189
161
178
156
175
183
183
181
163
165
169
179
165
161
199
177
173
178
190
173
193
177
173
174
187
159
169
182
181
167
187
169
190
185
176
161
173
179
181
196
191
176
171
209
186
170
219
167
167
178
187
196
179
173
176
182
186
203
191
174
169
200
193
179
172
176
174
177
178
182
191
156
176
179
163
181
169
184
185
187
192
166
170
162
166
163
170
163
210
205
192
166
174
174
166
166
164
179
183
192
224
154
159
159
161
168
169
176
183
177
168
163
177
159
163
171
174
190
181
183
176
169
167
168
170
173
190
172
172
197
239
164
169
164
177
169
182
181
156
174
184
170
163
152
175
186
180
203
178
179
184
157
162
176
168
170
180
174
187
172
186
175
174
182
182
171
174
169
175
180
198
168
178
165
174
176
183
160
189
195
190
173
162
199
161
178
166
182
