22
18
44
49
47
194
277
211
181
198
148
592
189
366
234
730
152
501
69
204
118
788
314
136
7
122
143
140
830
518
20
1002
76
147
19
1346
190
492
432
17
966
35
23
202
393
302
404
833
72
186
571
267
142
416
243
81
498
324
16
97
500
273
614
372
284
42
572
1191
195
609
164
154
261
575
1392
363
84
348
190
35
285
118
255
120
586
141
592
1898
387
577
137
355
220
293
169
236
495
133
235
395
11
165
540
758
292
15
359
579
55
145
977
767
1945
64
1058
671
661
141
231
279
44
268
32
806
654
811
124
1146
366
4
554
454
6
137
466
224
124
48
373
402
60
423
487
442
450
88
352
468
250
944
367
301
487
1042
228
29
13
3
492
950
189
215
762
995
208
872
369
190
680
458
422
596
486
214
76
56
93
65
44
8
327
6
167
1133
16
1387
110
52
287
4
227
1132
556
34
149
66
665
840
5
63
634
1080
355
1302
282
533
20
146
54
166
45
180
186
511
654
105
149
539
846
353
707
383
263
52
345
168
641
80
34
909
1044
277
509
588
25
86
956
348
284
1516
25
29
347
39
335
71
684
294
417
191
225
134
830
326
408
1263
846
167
42
403
788
17
402
220
483
27
180
349
20
772
186
161
518
1252
228
33
26
916
185
15
450
821
96
48
498
66
181
63
784
908
92
394
194
212
819
318
598
24
200
272
331
159
85
313
462
45
215
30
38
1054
170
8
161
365
485
32
251
297
44
109
802
497
1127
455
1830
242
630
275
344
440
92
737
329
278
169
722
401
614
38
767
368
1060
43
250
101
164
28
17
346
395
165
485
305
437
94
151
167
1488
815
157
50
10
758
164
340
143
93
197
45
115
52
298
691
52
841
350
533
545
351
705
37
352
125
1718
224
8
303
902
251
151
189
84
179
859
68
2922
274
352
125
391
95
297
142
312
466
180
641
246
631
2243
1276
397
49
695
436
250
90
1020
244
179
557
286
55
257
132
71
1464
252
737
238
50
143
1761
561
825
158
51
1077
458
21
175
22
795
96
398
365
378
1422
277
644
1204
147
191
366
22
246
497
43
744
20
447
323
63
105
239
151
26
137
551
596
50
86
203
21
271
76
2527
1054
74
224
380
335
39
864
112
605
147
441
83
467
159
21
94
834
234
71
483
28
169
3
29
768
782
68
239
50
832
835
357
1250
198
508
173
61
1946
510
154
186
112
358
28
66
166
106
137
121
395
356
212
102
42
662
374
772
145
116
173
111
65
14
189
671
1039
340
14
489
452
182
70
460
8
389
488
360
133
115
167
114
1088
387
281
131
169
667
281
882
880
509
524
1133
539
218
95
173
404
933
288
561
500
158
833
508
128
236
152
40
3
584
525
27
213
184
385
464
26
967
22
122
103
14
127
470
359
286
290
199
86
364
1307
149
93
220
336
509
1153
863
547
47
1695
233
55
98
409
41
621
537
13
785
54
349
218
126
296
827
147
1577
271
1093
248
33
877
163
64
334
169
456
533
768
90
497
355
17
215
175
165
337
15
101
57
267
1273
11
195
138
1113
535
188
407
389
504
377
182
623
600
346
29
212
223
58
162
108
442
23
375
707
193
174
29
422
1070
499
1335
9
334
40
275
657
1738
63
1324
423
507
792
13
13
359
481
382
842
2100
92
234
320
385
290
259
1154
713
935
93
139
102
154
540
395
228
135
68
603
1013
4
460
268
563
387
1179
625
1269
215
289
613
360
67
102
11
59
64
392
23
428
1339
8
229
100
226
535
150
617
465
160
351
407
186
215
244
130
1483
239
110
14
1991
336
318
340
69
199
22
786
490
434
243
36
65
208
130
49
68
2
565
278
375
656
15
469
280
1332
160
92
106
179
585
448
80
184
9
256
20
543
41
310
8
250
847
12
134
144
491
110
111
18
1387
185
316
178
834
1195
64
1030
496
507
384
554
199
545
208
460
381
124
848
990
266
338
453
130
40
54
247
422
70
537
50
193
222
301
563
1758
318
95
1177
38
264
362
1401
1000
505
361
490
584
382
134
281
283
48
184
44
139
2548
523
651
23
222
379
704
363
161
466
99
161
1435
393
231
2
1071
481
303
141
327
1431
272
135
341
64
587
155
33
238
164
321
360
1170
261
15
110
298
1489
270
1
569
618
555
1092
747
296
627
365
1824
80
574
1455
175
148
743
316
1284
56
195
557
110
650
19
664
482
427
92
1306
454
347
35
189
4
114
449
816
484
535
79
1706
380
123
467
37
88
77
166
49
81
20
1196
39
517
372
133
1038
101
13
11
130
376
367
770
44
27
243
55
153
262
906
555
23
893
62
216
436
367
168
22
17
457
1114
208
149
169
442
474
185
238
343
453
111
280
1120
68
630
257
89
571
855
11
191
368
225
74
332
14
1476
483
122
29
487
389
358
23
771
156
503
503
61
459
633
400
570
109
33
512
597
655
173
51
241
93
1170
649
248
549
134
287
910
151
655
338
570
26
622
16
99
404
128
70
148
493
293
607
541
72
397
96
191
143
719
344
401
260
431
797
182
383
150
957
282
777
1376
78
744
52
217
195
358
282
540
318
35
1192
347
133
1048
309
515
489
863
434
90
563
67
19
247
97
151
719
313
22
99
346
13
220
342
134
67
155
136
63
84
361
468
152
178
43
162
2120
145
243
278
221
299
808
5
5
43
364
254
710
212
1417
381
1038
162
185
320
51
1084
197
450
924
130
10
546
386
1276
67
347
100
468
667
421
215
410
27
216
874
19
74
241
4
294
837
141
535
463
286
399
15
877
116
1031
637
24
929
150
38
1795
301
369
494
281
7
1812
446
8
44
147
275
42
611
34
192
609
131
816
27
14
81
323
178
24
1496
862
131
71
239
196
505
131
492
327
662
278
107
37
194
298
580
563
639
226
230
45
79
385
711
487
36
473
195
88
204
42
300
110
220
727
608
1608
83
47
161
1051
181
83
1172
3
593
471
640
381
577
327
465
41
597
1121
222
36
63
1077
262
43
332
126
29
194
436
420
522
915
525
358
316
44
1109
1539
148
115
33
684
424
81
278
324
357
599
326
1165
172
612
713
357
14
88
654
349
274
680
1254
72
469
1149
45
336
112
179
235
150
201
173
1420
436
117
331
297
638
167
162
268
183
308
6
39
121
187
18
131
80
670
19
9
43
771
901
412
7
13
274
44
653
1141
546
174
303
95
107
485
153
195
161
340
380
1122
559
482
59
2
254
76
522
235
505
271
84
255
4
2
1446
256
326
235
662
931
109
348
1630
469
177
323
112
1011
1
1857
459
197
576
497
903
133
361
145
341
88
107
368
304
221
105
168
745
317
1347
756
354
617
134
16
57
557
629
640
359
537
540
1484
410
708
918
48
3
63
162
86
217
781
95
157
591
435
36
508
148
163
199
140
145
311
426
429
435
48
394
232
728
842
527
905
376
145
330
382
158
532
407
367
273
71
55
151
86
167
698
364
708
379
94
566
137
821
553
464
1490
198
137
106
253
579
10
157
806
240
282
162
109
73
861
304
468
676
240
260
643
275
1340
14
377
529
440
1086
523
201
614
551
1035
54
335
348
580
384
264
76
204
276
274
1627
294
286
1937
342
129
101
44
77
325
328
490
1256
134
198
1137
585
453
411
563
526
201
146
889
176
96
833
515
295
102
72
30
438
201
76
302
193
337
180
38
326
287
479
61
89
233
348
224
152
101
314
55
115
18
100
12
279
13
663
157
283
938
693
206
65
168
1562
147
19
200
345
915
222
539
285
229
164
13
2
1823
228
290
712
2
146
106
44
200
37
173
1189
135
496
141
692
292
798
186
1087
495
449
56
284
773
138
1116
862
719
1529
132
560
370
304
41
776
548
1759
183
463
173
186
567
1479
130
130
873
10
140
375
614
227
194
71
122
411
200
623
504
628
321
606
271
1750
534
173
87
810
1117
1280
740
896
503
942
877
246
700
11
115
504
678
449
277
14
96
71
170
16
221
1165
1218
1154
74
714
95
161
148
1045
325
48
766
454
108
416
283
875
112
20
178
810
81
38
25
419
39
212
768
10
22
614
10
694
556
283
413
273
259
34
450
40
479
402
584
661
1098
37
216
557
478
310
468
1201
153
352
2
1642
128
61
95
130
100
234
21
259
906
832
230
25
514
1157
38
624
298
108
200
40
20
200
95
240
668
207
1069
169
654
19
1181
407
261
706
811
646
69
97
43
251
265
582
68
325
12
77
101
16
338
114
323
1016
43
333
122
72
127
78
1615
180
552
91
327
810
337
317
189
109
351
98
481
155
87
153
181
302
165
108
362
275
909
1071
806
492
663
178
247
267
696
279
888
115
375
403
341
237
150
116
242
1337
406
316
368
200
226
189
895
370
386
535
278
30
464
125
1132
10
49
453
859
186
436
1170
193
120
303
207
251
420
49
123
622
448
89
60
25
90
876
625
17
72
117
379
293
388
468
589
488
99
81
11
62
456
450
671
150
721
884
19
485
237
417
189
72
217
35
2449
475
242
12
243
155
227
124
9
634
575
64
510
1112
272
186
749
498
227
429
24
85
1536
339
36
294
533
875
886
326
48
241
187
327
865
205
157
166
137
35
292
78
389
1109
32
33
510
61
24
521
2879
178
188
269
453
544
234
177
83
260
380
144
385
39
360
210
38
53
299
539
86
214
2457
5
261
236
314
6
96
1146
15
139
277
122
2
696
358
243
192
7
203
110
56
338
3
73
303
362
656
852
296
697
292
643
111
205
14
182
253
236
19
137
1227
70
1292
454
499
221
1651
609
313
475
293
360
1029
25
235
710
266
589
475
43
130
179
161
338
167
78
309
116
429
135
399
142
372
893
529
320
130
551
141
748
554
1135
20
592
232
47
571
625
92
35
592
989
113
83
527
347
11
117
1164
15
24
276
47
462
517
792
123
102
226
157
276
63
958
92
316
1181
499
1458
230
43
768
938
74
1082
1018
443
116
180
168
267
837
610
1391
46
732
569
47
230
407
288
562
21
134
697
2560
114
248
71
210
514
407
265
585
495
361
199
353
171
197
93
535
822
98
110
8
447
304
94
99
130
230
19
412
492
931
449
340
480
394
268
78
17
142
1841
612
15
146
109
56
130
730
254
45
244
255
34
426
304
314
112
416
79
15
40
726
205
33
89
262
654
630
298
164
72
121
1727
217
1760
319
181
284
640
257
436
532
96
543
52
198
38
872
241
671
670
163
145
126
244
217
235
210
12
53
828
300
45
459
130
98
380
249
510
153
35
1049
1406
445
306
24
49
338
961
126
582
109
665
37
123
144
238
373
546
543
124
4
535
41
436
96
41
218
456
485
228
752
453
497
505
358
276
788
64
108
923
1142
429
337
215
868
35
148
4
402
176
452
175
624
57
273
138
54
362
86
616
805
224
75
428
622
281
260
224
134
54
300
534
22
547
704
520
171
819
723
1159
191
538
911
1350
22
53
1851
10
148
559
501
1021
720
341
673
985
260
43
497
164
35
1215
507
542
966
261
108
259
534
525
991
56
42
1887
345
174
222
64
402
12
540
1113
9
147
152
198
132
534
225
86
617
183
1245
318
76
453
355
160
467
96
534
566
177
139
51
12
509
54
239
1296
824
194
208
1679
135
2
633
510
145
219
1576
82
64
473
105
119
165
194
342
147
290
221
253
73
474
155
30
68
636
225
471
408
837
937
1191
543
343
392
1041
12
148
391
309
62
697
1047
30
78
146
1390
259
159
2
181
141
582
931
178
846
146
585
674
73
40
9
185
72
15
1258
438
337
310
56
71
145
12
404
298
411
412
260
101
810
112
520
695
1144
159
1440
369
102
54
220
274
51
66
701
95
474
814
669
568
215
205
1247
795
29
347
38
37
743
548
535
1304
237
554
212
156
636
473
739
24
703
529
129
865
169
434
336
714
1042
551
180
326
43
334
263
380
1216
637
814
67
495
236
2
532
598
515
41
889
329
58
230
105
18
56
441
651
73
1429
610
118
426
128
207
1076
430
677
1796
359
448
502
388
123
154
667
303
424
146
416
30
192
397
20
773
14
1219
1544
528
213
109
622
109
56
341
353
376
53
348
247
358
438
389
249
312
235
122
498
75
296
118
329
236
269
61
780
345
472
122
666
1246
366
481
515
6
997
257
1663
350
358
323
127
504
229
1169
1211
125
33
1228
192
79
1097
554
171
146
169
2388
483
395
205
326
1053
448
58
250
778
153
643
37
127
147
519
324
44
1403
239
186
26
245
172
95
317
363
329
699
606
28
4
747
534
222
1015
24
1184
327
216
98
496
7
109
197
97
83
1028
92
1258
224
281
335
978
521
1708
101
17
302
1976
77
204
146
1043
464
243
489
204
21
13
914
235
129
262
551
87
733
1293
28
629
52
170
226
464
206
153
142
1162
65
979
836
394
545
173
108
1090
244
611
513
300
1254
1266
123
1400
710
627
89
950
21
216
79
281
176
287
895
436
387
226
186
427
363
578
612
1054
13
479
235
185
657
65
412
418
355
420
450
93
15
57
175
587
862
236
244
459
229
38
939
725
254
326
288
353
409
57
2016
1110
551
361
538
896
362
1107
612
47
2648
1345
636
44
1716
141
11
43
677
251
343
15
132
653
59
189
1329
55
698
3
320
3
1344
376
356
239
45
234
122
107
315
105
6
107
503
1972
7
106
58
277
241
84
268
13
166
534
83
385
170
396
156
51
393
94
106
583
702
1080
362
919
408
572
34
1092
446
19
160
153
130
331
689
1543
430
754
340
125
349
268
368
195
37
113
264
220
847
239
748
522
290
3
156
1244
256
421
140
388
924
553
533
179
92
185
44
5
1062
60
151
69
579
927
107
297
69
225
105
1342
258
508
315
216
140
414
74
248
624
113
444
931
1066
204
1267
1002
110
347
244
787
163
33
199
622
183
2706
80
171
181
267
815
532
267
28
175
275
147
23
242
142
280
51
562
737
129
133
82
6
89
90
78
62
100
177
1062
112
459
710
77
1772
19
1244
302
234
272
361
396
168
482
142
854
385
103
19
476
526
65
569
59
106
427
589
30
133
144
327
365
254
94
1524
95
211
1010
929
7
268
175
63
285
201
280
194
556
271
607
98
383
256
13
1025
35
174
100
410
296
1279
478
55
307
159
262
78
306
140
277
406
191
341
601
55
724
146
797
1185
107
1091
729
692
525
1139
35
875
116
57
128
73
549
75
263
187
162
587
233
148
229
388
1159
270
6
504
481
276
268
189
103
680
672
164
132
552
430
16
391
898
42
180
157
113
387
1062
703
320
776
236
1623
95
265
680
623
37
973
414
189
308
2
690
624
57
147
454
152
276
399
39
144
221
80
631
893
77
132
252
304
260
17
10
190
22
107
364
241
60
886
588
881
378
493
147
205
555
352
140
250
263
283
825
480
1386
363
235
406
337
90
214
86
91
15
393
183
572
151
574
310
133
327
520
602
736
2188
252
470
18
694
552
231
631
558
476
68
115
45
314
39
8
48
315
845
3
29
99
698
2
34
514
185
139
427
692
419
298
175
748
542
7
536
227
180
138
90
55
93
431
435
183
159
102
876
99
356
288
57
460
431
162
147
244
1742
6
33
1347
1211
1424
13
518
551
1335
162
81
271
1446
342
537
163
7
471
348
1181
193
367
1366
752
45
544
414
26
262
522
433
185
199
550
195
31
289
153
60
375
41
433
137
59
242
463
1650
1028
585
36
203
102
1637
1367
188
907
110
467
309
310
522
91
384
69
201
953
520
93
1089
1019
238
235
1813
720
18
272
298
315
25
48
402
550
46
1199
481
78
1173
133
144
264
177
2
351
198
8
306
102
199
170
386
25
354
124
294
220
506
300
91
482
6
268
218
1698
127
778
1076
398
779
119
1292
122
119
102
367
384
329
8
184
56
43
380
206
60
21
41
128
194
688
589
773
78
552
172
42
18
715
189
178
290
606
213
204
422
163
225
365
826
30
349
838
475
309
126
473
632
372
164
378
115
604
334
174
79
1353
468
17
40
419
365
450
198
35
595
181
828
451
34
470
157
814
10
568
914
754
167
141
40
177
480
13
13
2034
292
2
343
119
266
196
178
146
337
724
57
1
321
887
251
18
403
222
925
172
1083
401
468
210
600
68
11
112
193
31
93
245
52
198
930
7
1016
246
87
237
549
282
1010
622
174
444
848
116
143
506
634
548
76
353
290
387
350
225
157
183
808
560
554
81
367
168
495
1586
10
823
620
1126
842
289
664
35
330
282
246
124
13
131
214
170
554
496
444
145
676
4
805
26
1648
194
586
210
889
257
186
135
195
336
2011
1174
682
90
465
957
179
21
89
450
17
184
71
301
335
139
637
125
687
32
117
1178
191
14
657
49
473
77
368
423
1154
265
1099
199
808
586
418
144
113
383
363
366
720
126
9
257
179
453
134
165
1063
1353
155
513
1046
573
425
24
154
244
95
253
28
81
1065
493
54
57
336
139
501
792
91
36
932
428
766
51
50
626
1153
305
508
348
123
396
1330
242
423
176
1872
201
30
27
63
787
165
347
82
63
191
72
199
150
708
503
479
1073
42
223
862
888
670
376
149
575
302
606
177
515
318
526
626
518
198
614
23
314
336
467
200
223
7
116
73
1142
336
113
383
30
1321
457
461
311
567
36
605
228
13
81
88
579
357
226
144
229
120
319
128
157
116
305
5
1
436
417
77
183
12
89
224
198
160
290
692
105
209
932
325
703
469
791
192
811
746
189
244
492
331
250
112
1158
94
25
178
157
5
289
491
239
26
1014
78
209
309
248
697
144
43
484
1
124
124
549
48
245
770
54
509
267
480
383
280
270
132
225
129
251
162
1003
568
203
37
226
641
203
27
41
598
91
332
452
4
44
44
648
37
231
193
327
28
95
240
658
89
289
637
26
21
312
2265
110
1150
518
284
46
713
4
1215
544
552
171
891
404
584
905
464
2
19
92
498
656
332
434
200
208
77
17
533
52
632
29
1827
269
381
340
930
13
237
488
233
77
32
251
36
193
466
993
129
520
508
154
387
2094
98
124
97
253
61
367
471
438
499
390
175
1053
241
756
97
798
162
90
982
1154
142
38
15
248
107
263
642
290
337
264
282
548
218
56
76
738
73
76
198
1253
863
282
309
177
498
135
1251
765
198
299
239
360
241
393
5
463
236
61
1349
133
100
1150
366
757
757
168
1149
295
1107
529
20
273
115
446
355
1174
820
35
650
10
1085
457
143
356
271
323
134
115
131
553
144
249
310
110
71
353
85
141
22
426
336
207
1067
73
376
289
213
91
347
338
125
356
104
1685
4
446
532
60
432
240
122
524
2067
247
312
1654
157
51
866
334
696
696
1369
122
35
677
132
273
31
91
47
70
66
89
340
258
728
137
162
273
191
89
564
18
1333
288
440
469
58
187
608
209
89
109
245
631
110
114
165
218
559
210
93
192
1218
270
23
696
228
919
927
166
133
101
301
193
283
577
67
322
106
195
198
305
1347
522
139
441
199
18
678
1966
58
207
458
92
120
219
666
192
151
785
1076
420
189
9
300
204
601
67
18
45
537
13
469
26
416
407
136
551
468
819
25
386
16
23
169
64
397
159
48
2
21
18
139
1539
238
135
173
446
171
85
92
311
313
163
551
38
5
164
1
13
238
314
423
132
226
11
173
17
1036
239
80
140
70
88
653
91
443
498
244
106
600
706
138
488
568
149
37
327
83
391
388
1084
281
142
599
577
138
481
157
1178
115
444
1120
178
217
427
451
58
179
26
318
5
60
174
308
1178
134
1029
109
537
147
383
54
336
332
1005
667
131
303
398
272
17
13
274
616
391
97
71
862
336
684
197
178
413
732
204
10
1046
205
575
105
240
162
488
791
275
26
112
565
33
857
170
12
127
84
15
66
106
112
231
300
767
482
284
87
388
443
642
268
42
425
235
193
1799
625
22
5
811
769
68
55
84
80
20
189
372
1669
115
522
466
43
186
2580
55
513
90
206
917
224
655
1921
191
33
222
189
300
305
496
623
540
93
283
214
1677
70
61
578
58
165
160
31
905
899
332
162
237
227
253
298
329
1185
1280
622
365
1581
829
352
2203
111
45
206
275
85
234
109
122
266
386
325
74
360
278
142
609
36
109
188
830
313
682
877
601
265
474
366
46
609
381
563
96
796
270
391
56
730
632
896
48
862
565
120
383
34
2
2
409
270
121
243
310
484
1103
538
185
613
959
105
7
136
81
293
64
535
176
377
4
469
572
297
193
500
171
106
21
619
126
77
89
192
395
235
284
284
587
7
555
1154
78
367
111
359
278
964
75
209
274
89
190
543
1
54
139
101
682
424
815
5
392
62
96
89
103
1244
166
156
1455
561
575
273
245
332
336
725
170
152
141
51
28
110
1152
211
582
676
165
117
117
530
391
943
24
1298
644
737
159
232
397
170
605
376
69
1746
121
654
91
33
202
709
188
209
146
859
97
1509
48
167
81
559
157
608
1140
145
760
231
200
59
210
611
41
825
299
462
235
435
605
768
32
189
665
366
15
162
133
24
14
94
210
1
261
2699
287
257
422
312
459
580
32
606
258
171
126
596
320
1122
473
412
109
243
40
259
1019
402
181
211
240
376
74
349
368
422
572
121
97
181
791
3418
701
97
5
1258
113
397
23
346
675
143
416
228
158
53
63
96
263
218
13
40
64
195
158
98
227
1343
59
91
292
417
172
72
422
25
46
251
1492
237
27
1
1754
184
136
224
130
141
105
231
65
312
179
611
120
250
103
1657
1026
270
5
1820
212
14
354
96
1561
340
102
606
101
216
78
258
40
105
107
875
95
450
559
2154
471
260
737
347
404
717
649
596
198
110
150
569
87
270
87
62
696
1395
598
666
162
253
240
560
516
523
36
36
673
62
205
171
335
670
93
374
517
50
357
59
656
655
118
1
57
102
144
358
1034
436
292
360
21
477
141
396
353
105
80
44
1286
38
123
558
198
489
1569
348
167
319
248
314
46
46
723
29
1001
54
147
1209
475
912
161
513
64
568
526
289
771
575
692
600
1072
1615
402
341
407
359
227
703
295
144
446
1070
265
129
147
154
618
43
398
710
142
214
47
250
92
88
196
62
1021
313
92
529
989
93
940
36
1300
1091
785
111
302
31
756
200
27
1538
98
1272
750
807
80
666
416
48
197
375
635
175
521
101
1025
157
242
115
652
433
14
729
279
160
895
342
54
511
250
1087
43
89
16
323
465
181
727
109
958
96
85
500
378
1453
202
72
146
1687
1935
326
42
392
540
1668
217
729
619
282
89
41
392
31
586
1075
786
66
237
28
101
174
789
76
521
184
117
12
251
129
98
8
352
240
1354
302
669
296
53
6
34
14
285
217
296
288
318
115
277
95
116
500
304
57
530
210
419
191
398
1838
432
1441
27
187
242
76
128
398
1
73
490
264
262
136
484
182
318
651
205
499
398
63
211
90
95
844
222
563
170
108
210
208
703
1004
625
582
200
323
515
245
468
526
621
259
542
417
41
106
315
11
227
6
1142
562
491
936
688
601
543
885
768
259
194
1024
104
1713
353
153
127
778
1632
118
161
92
260
367
719
1641
210
297
586
3
981
262
1159
506
121
66
554
161
292
269
619
306
352
575
171
726
52
97
209
211
124
246
24
846
244
256
155
1592
85
495
86
476
9
361
100
348
227
215
505
460
674
272
657
956
1335
29
194
59
359
348
41
242
1178
10
888
445
37
1244
702
651
12
63
84
456
196
336
65
144
1570
220
945
214
146
310
639
318
476
76
87
561
499
566
697
195
263
346
107
66
865
189
18
191
690
33
701
487
131
1241
304
591
523
954
509
61
90
235
7
75
316
89
107
305
370
447
374
54
34
77
12
36
1526
565
237
606
116
1164
19
8
1560
294
396
108
156
229
488
505
723
853
303
104
83
125
33
276
82
686
169
188
1
2098
201
402
500
199
190
188
293
146
91
69
132
50
118
156
237
357
453
65
184
572
825
84
681
725
234
1248
288
184
949
28
468
71
505
466
161
567
465
478
160
38
109
227
17
358
1542
105
410
385
889
340
467
603
246
1335
102
187
946
146
211
131
251
482
132
142
200
73
45
310
88
982
151
91
1205
466
537
1076
455
292
667
548
129
751
455
678
71
29
64
555
195
1503
332
784
712
141
54
189
83
917
298
9
52
71
3
287
78
8
175
522
93
421
343
1136
207
94
294
365
595
247
106
213
991
282
112
589
256
533
201
175
660
105
1455
585
185
85
140
93
66
1250
642
911
177
119
481
151
239
220
230
601
36
386
486
546
423
155
156
20
299
553
58
159
336
134
153
1470
137
1522
360
250
217
37
371
211
374
906
69
51
976
959
696
1592
111
183
505
341
827
138
42
599
917
296
99
137
142
642
425
234
626
176
180
6
433
1383
698
521
83
232
6
209
88
119
13
649
247
113
205
201
208
36
16
643
128
1390
147
174
261
425
324
20
95
390
148
172
314
4
585
78
159
563
308
1053
275
1025
409
2357
330
471
480
513
63
270
1001
174
668
512
233
679
233
426
7
242
626
532
13
760
1569
492
520
171
159
122
361
294
205
56
274
366
97
597
99
33
510
172
1043
289
266
133
264
410
583
727
339
368
150
77
69
415
197
126
1393
69
1215
409
1114
45
315
639
63
972
26
31
387
104
222
822
467
253
244
176
80
122
201
1344
627
222
356
159
397
121
817
144
650
710
206
1145
17
136
608
507
87
112
560
80
4
166
53
52
145
204
492
36
187
1628
846
965
249
139
322
129
661
594
63
123
670
526
119
648
1139
1434
154
623
225
70
71
722
1159
680
116
92
440
647
169
109
226
26
211
123
596
1180
34
71
25
492
20
20
969
388
252
1032
66
334
204
128
992
76
192
182
133
1426
137
1731
354
764
65
26
3
523
231
180
16
1214
1924
191
147
92
82
1045
25
323
38
559
215
305
227
735
26
317
529
107
206
1117
48
438
100
95
318
452
238
67
15
751
417
218
203
1541
43
546
292
71
444
347
801
183
714
4
717
408
286
191
57
56
722
383
650
214
455
1160
36
676
205
692
318
41
340
547
687
157
59
447
301
563
981
99
406
328
229
1049
155
281
71
181
1126
269
77
24
24
107
715
652
123
445
801
82
454
28
196
19
345
350
127
423
103
338
397
480
67
958
687
1031
232
64
562
202
623
1194
687
303
185
363
215
153
107
499
1456
945
102
93
1199
293
263
26
503
52
781
254
170
4
22
1263
285
430
464
445
345
50
53
470
268
536
8
1075
493
771
42
516
1117
23
51
32
53
134
359
552
474
12
127
198
590
46
2
157
70
113
449
838
280
60
11
634
172
506
490
740
135
806
393
548
1006
431
313
258
243
187
389
18
756
322
669
2
78
265
1157
149
46
363
271
449
493
275
161
11
267
378
722
584
37
21
737
599
211
181
896
77
780
508
148
855
284
171
1830
58
363
80
268
830
329
385
117
54
170
316
178
52
19
547
604
682
19
1257
128
387
40
170
297
113
722
189
1153
45
171
1008
673
298
77
204
58
131
327
348
1038
110
174
445
139
901
70
4
503
1045
72
323
162
179
5
67
555
783
258
639
617
316
254
46
57
131
87
31
610
372
78
1948
732
592
30
566
39
219
302
129
853
60
418
1120
33
5
165
470
824
73
33
736
212
115
36
8
959
897
49
558
569
10
86
592
277
244
250
601
148
62
1231
1033
422
66
152
852
1124
343
349
889
129
242
243
206
31
236
367
145
117
273
9
51
11
168
33
6
28
51
503
195
202
301
397
324
941
1532
83
730
246
1536
403
33
1255
595
1078
579
398
398
92
173
102
1856
182
48
45
685
299
37
94
256
336
472
369
1198
14
15
380
435
2
521
27
215
401
563
430
310
20
451
295
421
153
1528
151
194
410
99
819
105
424
328
571
226
185
1090
363
88
856
813
531
5
660
416
211
1691
287
163
1097
314
79
2552
593
198
326
136
202
107
16
35
231
37
72
235
50
138
554
1279
24
31
7
153
144
286
781
69
632
28
454
29
1290
864
825
496
29
1991
260
689
768
122
132
427
162
139
199
137
353
327
294
104
578
149
276
576
874
277
17
187
43
926
1031
330
443
37
1032
186
189
356
11
389
159
77
491
657
258
209
211
1215
190
531
219
229
93
953
30
102
745
161
798
1259
97
42
529
87
842
358
114
780
248
72
298
618
479
77
23
628
58
476
1659
3
311
84
48
511
673
139
355
109
272
148
310
724
636
217
32
2002
371
40
38
459
1
262
357
269
22
1
47
404
10
11
1372
56
98
55
278
12
577
217
298
424
99
662
554
958
76
6
179
519
272
671
1587
1345
671
356
44
13
183
733
20
347
177
43
101
194
1186
229
1985
740
681
208
538
171
27
220
667
554
510
366
777
210
84
131
181
1001
49
546
1459
415
68
20
242
338
64
694
251
610
387
225
65
123
244
436
1764
428
25
270
270
1
1371
246
108
268
152
613
1517
533
149
475
56
464
209
77
1007
754
826
508
320
418
535
409
76
965
620
93
309
279
259
601
498
115
300
204
470
109
232
122
61
127
1178
580
411
601
190
147
108
518
436
63
230
1771
1406
262
98
292
247
26
109
238
280
86
141
241
548
1892
1380
1577
66
31
390
2511
72
508
463
1371
351
385
724
428
32
475
102
531
750
114
200
15
228
28
85
533
819
395
392
231
1324
530
338
1202
488
190
1613
143
67
18
100
249
944
431
326
146
102
67
522
213
486
184
155
14
1461
25
78
62
187
423
2
338
327
23
37
463
577
1081
296
289
501
19
313
376
231
230
86
15
21
35
271
239
222
106
295
793
555
809
483
110
190
172
34
423
189
23
713
245
73
2540
479
1017
717
1022
120
72
4
115
378
545
634
440
400
224
255
66
579
330
743
158
238
331
55
486
134
207
148
668
161
482
888
399
680
96
352
84
290
212
411
418
83
173
1575
314
497
549
11
1097
188
539
247
158
27
36
486
888
847
272
258
111
659
62
363
399
78
47
40
97
282
37
38
1087
448
131
295
1313
775
109
1014
348
134
30
156
639
220
327
282
155
97
269
221
767
597
288
168
185
143
262
9
126
308
770
96
83
232
23
970
454
160
261
1030
82
605
69
267
347
48
270
245
38
92
207
86
288
416
1814
25
207
1067
296
198
304
777
363
10
318
149
384
76
77
146
1020
211
522
366
226
1439
713
264
481
5
31
399
138
89
165
43
220
1347
691
733
182
72
346
3
202
745
130
187
609
746
565
172
52
86
12
226
71
117
539
798
236
199
804
329
389
139
961
882
731
64
690
102
36
392
227
243
1488
726
1343
454
102
60
479
56
101
12
1136
221
241
1000
263
313
71
125
277
184
2109
48
143
906
412
280
196
324
43
7
87
1077
27
445
838
286
1265
862
473
862
440
151
476
73
1538
209
315
44
27
720
26
1003
180
120
699
885
457
1233
305
370
96
187
11
739
166
1230
436
300
180
51
57
288
119
623
215
1082
134
84
173
564
272
228
531
39
102
665
314
135
108
324
85
134
594
108
374
761
68
27
75
7
330
994
1255
5
82
10
203
1
689
25
289
303
20
332
187
221
998
140
427
21
244
668
79
35
595
136
161
403
73
450
92
172
508
920
29
362
640
11
99
284
184
270
632
30
10
1698
5
966
161
904
311
128
1104
11
136
231
712
75
304
502
115
17
563
1262
151
14
161
469
302
816
846
722
196
305
285
191
2262
217
53
145
496
486
91
660
305
530
1163
666
582
1430
101
381
215
179
214
144
419
281
453
847
133
859
241
279
826
642
288
293
206
385
251
521
1732
520
344
825
450
158
116
639
602
341
119
56
137
113
48
699
660
260
432
339
528
139
1375
137
474
366
417
732
790
485
111
353
361
1144
278
491
901
67
288
423
1174
805
254
431
682
1369
688
13
273
355
366
44
444
424
640
1214
356
103
54
501
2
143
212
24
680
598
142
210
774
312
313
193
1584
139
67
82
310
621
81
350
221
307
480
553
6
620
66
417
7
302
597
217
478
142
456
1276
54
19
320
170
218
328
755
134
179
269
552
650
202
89
376
122
216
206
233
414
53
225
275
105
254
118
322
334
288
740
68
501
649
217
372
292
192
244
273
867
1084
65
122
159
55
1100
134
99
112
804
37
394
1475
201
106
845
412
258
35
23
52
370
392
300
131
233
227
406
213
5
335
592
212
1345
383
678
537
22
245
68
734
171
525
62
289
160
1146
851
509
129
387
113
199
122
40
116
74
156
53
107
65
287
45
1445
1393
257
580
15
84
915
1092
266
397
858
1081
396
316
986
133
551
199
123
1302
269
154
35
70
165
414
1043
32
394
158
221
78
102
1433
254
190
17
877
675
489
481
48
261
344
309
141
62
234
735
102
87
19
41
823
248
215
489
27
1008
150
304
338
335
667
160
113
163
266
85
399
131
124
290
266
842
124
1500
135
481
52
263
531
105
22
59
742
613
1180
1277
180
181
463
1327
373
1090
193
34
201
226
100
808
522
278
149
740
59
373
194
97
663
136
395
38
196
121
233
20
239
959
31
708
463
751
990
70
189
153
18
128
582
779
818
34
38
688
1067
69
907
201
169
487
245
376
19
202
551
361
50
223
89
83
1102
41
1318
246
25
671
36
223
544
934
483
145
111
298
127
145
46
134
831
297
616
345
122
9
509
85
1181
84
1124
631
780
84
2006
852
18
6
86
101
143
131
81
903
342
861
442
31
80
73
509
448
191
1197
62
219
322
129
315
441
391
71
829
1656
67
65
446
178
13
188
82
46
26
43
500
174
257
1081
588
1184
66
36
891
376
2675
257
807
474
875
116
1018
671
539
348
1087
257
593
144
562
286
175
446
681
584
439
161
63
25
5
134
254
181
617
1026
430
131
301
710
845
1581
637
53
194
653
775
238
471
10
665
138
179
162
270
338
477
582
97
204
354
294
1359
769
564
169
107
230
240
103
527
79
152
680
15
15
750
188
368
406
289
7
582
704
1032
362
130
1159
44
44
201
402
732
43
44
46
156
113
1914
403
608
6
623
537
213
594
37
144
376
343
761
293
405
215
31
654
710
197
589
214
203
214
158
733
61
411
740
5
53
165
715
24
1118
22
137
255
42
1575
542
417
438
52
870
660
537
458
12
318
556
470
166
13
550
122
68
1836
352
717
473
173
418
25
698
382
5
7
229
1561
463
254
601
757
131
363
487
26
574
407
137
1001
176
307
459
130
456
157
13
264
904
44
768
901
356
37
453
113
31
1473
29
1087
167
1941
70
467
589
192
165
1126
658
170
445
491
852
22
19
440
1136
507
692
169
391
610
410
188
93
131
1066
725
416
110
210
137
318
455
32
53
3
88
1964
83
1405
57
238
540
946
30
609
360
2
274
1335
545
36
103
172
496
863
45
22
1181
111
351
109
106
793
72
424
43
129
743
1305
88
1657
81
217
914
111
76
805
493
298
40
200
1096
43
1198
291
477
2019
118
98
729
1089
66
71
373
194
437
47
47
321
64
22
242
229
302
180
228
63
1076
81
268
267
307
280
83
36
463
449
224
81
310
50
247
408
80
13
118
61
95
653
349
320
566
19
362
417
811
907
143
19
36
325
508
267
711
105
153
550
663
55
205
20
109
257
173
15
31
138
373
613
402
12
63
91
26
185
160
318
132
555
177
63
557
148
62
242
538
23
840
227
123
66
558
279
624
454
89
65
113
205
609
204
39
54
232
20
935
618
21
427
28
462
103
218
547
730
127
368
1037
575
963
96
865
13
85
185
35
268
707
18
564
293
237
248
59
318
451
43
659
238
66
268
97
208
404
250
572
1042
70
56
74
593
275
11
468
765
629
32
577
254
605
58
758
507
173
248
281
147
160
94
692
12
456
259
1567
1410
170
181
1152
478
394
513
56
648
757
277
223
671
613
622
97
419
104
1881
779
227
1311
12
210
618
89
31
7
466
264
73
312
362
203
1008
270
596
285
48
133
566
666
38
494
353
54
199
276
826
879
202
788
300
48
445
314
787
50
184
124
580
489
539
238
5
505
320
7
458
479
69
84
307
375
65
107
50
412
67
2
483
328
38
433
646
666
132
116
256
483
367
249
592
1174
219
811
24
341
209
433
341
585
288
249
470
216
109
194
111
25
375
503
256
344
33
107
301
485
168
490
208
533
66
293
171
1068
98
735
1
42
235
126
43
425
184
492
529
338
720
867
796
7
34
32
1208
175
39
1006
451
890
313
419
1008
696
272
120
1448
18
121
873
482
46
1070
238
53
928
568
468
336
656
723
588
208
1055
149
915
270
166
234
1312
274
722
1
154
228
88
174
774
274
290
433
54
25
279
377
35
56
119
24
15
151
28
22
166
59
174
87
371
980
707
511
2168
433
60
516
589
421
43
10
46
65
69
459
1314
337
37
12
53
70
101
109
81
22
82
26
1003
331
226
148
559
354
32
1561
257
313
346
777
145
2563
100
476
372
301
189
234
32
157
1434
607
442
334
683
184
941
1430
163
554
1
1216
310
257
60
155
50
731
81
324
466
530
41
6
441
18
83
795
65
22
301
501
235
510
534
12
74
140
1103
377
456
867
964
437
170
942
308
592
1452
117
257
998
230
953
977
1005
1177
735
152
340
372
89
246
451
149
553
207
185
357
132
59
71
55
24
323
151
400
870
530
78
410
356
124
5
76
40
181
805
91
423
68
79
6
11
151
1026
903
190
1273
131
76
82
752
271
108
504
247
300
56
332
130
109
52
777
166
332
142
287
1126
452
559
106
310
215
650
80
301
334
94
588
271
293
563
50
103
96
444
904
17
47
41
1685
55
26
16
1255
589
1101
96
1157
528
116
724
741
63
9
498
484
409
566
51
329
94
105
913
490
302
65
463
23
1116
217
255
662
548
1025
182
91
368
111
450
368
17
11
423
259
862
190
62
166
359
55
367
342
38
244
65
249
58
7
303
400
232
147
229
1420
312
4
239
389
554
818
1503
356
697
534
396
60
928
88
244
157
45
568
3
275
297
3
322
599
509
680
259
993
520
1730
871
578
73
429
119
589
299
523
41
222
278
11
584
250
321
769
111
6
174
1256
162
320
404
377
218
169
135
604
93
389
70
180
413
348
605
169
577
90
873
706
74
537
13
351
242
433
379
112
317
480
92
1066
436
101
3
1432
188
10
262
315
155
238
532
666
128
28
5
427
94
478
84
144
137
856
479
73
282
1374
3280
1298
325
13
174
419
220
570
329
202
883
576
158
359
827
489
66
505
38
323
41
464
1834
901
171
421
396
216
16
599
113
23
319
527
601
37
94
683
167
1542
46
166
295
76
135
665
502
1719
358
786
1036
80
196
143
290
826
65
269
93
199
764
96
438
953
5
135
450
726
32
14
128
274
555
8
725
159
359
26
43
144
203
269
105
367
103
244
183
165
251
69
575
1143
1441
1035
158
436
156
436
226
891
73
571
72
372
106
498
1503
193
72
230
12
37
619
503
376
608
108
124
147
343
1561
1279
181
81
678
20
558
642
6
405
782
161
791
364
304
398
464
148
649
1105
8
56
968
88
153
90
1117
215
68
101
374
48
193
381
1075
30
323
380
148
117
43
859
46
31
912
663
100
244
251
808
230
1316
16
471
1394
262
463
133
372
147
188
206
164
682
905
399
101
32
278
410
11
64
71
411
171
127
301
225
17
533
154
518
427
339
921
342
191
266
131
900
4
17
59
542
86
443
277
1062
93
347
38
55
376
205
388
1352
680
892
61
607
189
59
379
544
102
802
555
206
81
13
631
306
497
124
241
280
50
101
410
52
921
114
262
536
157
36
292
161
536
32
409
231
1270
39
337
686
39
854
591
971
218
259
563
12
50
375
908
491
140
111
1162
118
1615
579
174
211
846
821
350
148
46
88
16
331
96
943
854
603
16
44
85
445
121
276
1538
377
34
1403
285
134
1123
442
410
106
1053
1798
254
216
131
548
145
23
45
284
228
354
989
200
14
1171
403
117
780
184
50
133
978
22
302
495
500
54
19
208
809
207
196
71
447
261
339
135
222
472
531
98
82
904
142
835
711
197
81
336
1042
645
70
725
339
547
386
185
207
520
200
5
49
309
96
1034
207
285
56
51
6
177
208
1820
380
39
814
130
2202
607
70
495
1400
374
464
99
663
265
120
272
75
37
133
659
34
66
244
83
530
627
657
200
300
227
71
134
506
525
59
524
761
237
194
730
526
425
412
284
1047
138
355
459
559
21
186
112
208
261
281
100
159
476
104
651
242
88
166
62
597
793
183
336
514
660
292
881
611
985
417
366
220
128
551
63
142
280
52
228
483
36
25
255
90
273
231
342
333
228
970
883
170
266
562
39
83
582
903
606
22
565
657
31
402
292
62
1074
33
346
74
120
224
126
117
463
176
415
211
84
1364
420
169
246
30
93
258
1089
104
19
418
629
318
102
340
268
866
36
249
228
54
300
355
296
554
238
38
18
1380
907
118
152
160
182
4
97
218
49
195
439
77
26
135
244
48
11
96
1021
326
117
32
126
377
1415
649
477
675
446
232
441
337
765
525
714
21
388
2321
40
485
115
1883
610
31
90
175
62
1114
390
126
924
146
406
178
552
679
216
630
359
668
116
108
1034
71
496
936
56
178
418
136
25
268
2224
271
55
188
657
40
29
559
40
101
65
207
193
154
803
577
491
387
383
504
28
220
89
533
274
10
75
354
566
144
120
317
201
141
1141
330
5
201
445
1122
1716
812
108
443
43
440
581
796
80
135
155
253
260
17
74
559
492
276
501
452
6
447
275
35
622
883
631
247
27
338
146
20
1341
27
690
10
402
430
111
234
405
237
700
794
114
273
237
155
95
567
272
542
120
633
337
683
332
9
154
1369
404
24
16
184
63
40
1076
43
187
6
201
270
163
869
6
305
448
195
525
1220
91
224
123
1
1185
232
1034
241
730
168
232
970
50
305
42
334
671
130
511
260
252
108
322
1025
368
18
857
884
238
129
25
57
5
109
165
545
289
318
347
12
258
857
212
11
482
19
762
506
210
687
214
247
745
110
1
73
150
772
215
70
539
28
44
619
193
282
264
642
5
449
1772
801
62
592
125
415
83
205
270
390
112
456
292
454
260
280
799
587
280
147
62
373
54
851
489
765
107
249
213
319
302
163
23
186
406
1401
639
643
251
486
400
2004
42
307
148
2103
588
28
228
445
121
1228
119
326
894
68
221
381
24
1132
238
13
935
952
8
345
215
79
295
750
113
252
59
862
507
174
373
419
239
503
231
883
8
293
113
2307
373
604
34
695
124
119
244
120
30
428
313
114
138
1009
755
456
263
66
358
66
126
378
410
118
59
611
858
341
8
267
90
324
687
19
131
127
82
442
631
201
265
680
239
127
591
62
210
68
110
172
107
395
285
211
150
403
96
96
135
156
336
308
609
484
119
335
315
829
473
392
69
208
403
227
38
594
121
126
861
269
293
188
1672
243
94
31
398
7
862
552
197
26
237
212
438
114
682
12
535
97
515
517
67
940
486
235
459
134
209
500
1030
628
476
359
688
539
197
339
305
344
19
254
138
61
447
168
482
509
786
678
162
227
1020
535
1012
184
19
53
217
162
1825
1260
627
644
225
1251
423
223
192
356
1480
65
79
451
106
428
201
56
5
906
182
289
671
141
415
178
228
141
100
545
540
32
821
537
629
147
543
84
61
58
6
1594
206
480
530
374
1322
112
2075
138
1139
347
861
231
118
801
26
284
172
896
422
378
94
164
140
240
199
293
957
39
388
503
357
152
180
69
854
11
573
176
704
129
497
603
244
98
288
320
804
190
872
54
281
112
12
492
1080
183
107
686
914
198
127
771
256
77
948
221
466
125
1464
1086
500
26
643
141
458
250
40
235
351
1853
654
176
591
627
106
12
971
1316
167
65
568
858
79
1357
740
28
761
381
19
206
16
63
50
399
438
224
771
641
37
136
893
358
293
338
67
142
319
263
155
83
1822
243
657
147
67
61
21
286
15
155
115
395
592
172
804
308
360
373
262
289
450
540
699
287
163
1003
182
269
205
83
1830
270
175
441
571
315
37
313
288
602
462
517
1
203
131
18
314
623
170
1066
152
33
317
747
186
136
51
82
573
566
326
745
443
21
410
318
34
311
339
634
32
168
1479
19
95
166
206
891
588
38
36
533
323
481
139
8
313
286
57
668
457
309
84
499
291
196
120
413
65
111
698
115
219
16
329
110
21
811
359
872
28
162
4
285
30
249
1377
41
293
44
720
6
73
357
19
329
1508
568
325
496
335
693
559
61
930
144
251
279
1698
815
16
109
163
264
527
380
176
147
335
25
534
153
142
9
37
10
427
289
424
206
427
137
441
88
307
88
444
224
63
333
420
382
34
760
431
422
370
157
182
169
573
852
505
114
56
962
77
131
640
801
54
278
236
503
426
177
37
545
911
627
600
1076
200
111
566
26
620
329
70
155
198
17
188
133
228
82
92
72
1643
2327
106
351
193
90
695
611
81
765
303
175
247
188
837
1125
241
909
628
88
401
64
1087
208
513
730
102
368
1369
156
54
467
838
565
924
476
197
185
413
937
56
236
174
94
366
202
150
38
1483
194
600
33
331
229
134
172
473
87
771
44
740
203
13
539
166
12
186
520
922
194
128
253
2
231
214
192
164
2221
1011
134
116
85
367
150
682
73
610
15
92
189
746
1071
895
109
634
1207
416
229
18
17
1
451
141
226
962
184
554
493
484
543
1055
142
121
252
166
64
474
21
14
437
94
45
110
490
216
616
731
64
210
68
334
31
1069
865
398
541
1022
503
419
596
467
153
207
303
291
86
372
27
75
259
517
52
477
896
747
189
609
81
463
66
435
370
161
201
504
405
124
1762
231
330
214
220
529
257
143
321
558
89
176
361
1166
230
743
10
27
425
410
180
458
190
690
12
35
233
324
525
126
387
187
41
280
81
197
278
418
110
243
177
232
307
880
512
342
222
540
1673
315
94
1103
170
481
49
382
139
227
72
855
806
525
195
106
129
282
415
517
27
1323
10
52
46
56
305
172
387
126
357
814
515
355
286
103
397
219
355
66
35
81
236
100
40
647
173
18
359
863
227
24
954
622
933
440
527
527
779
79
621
252
178
225
1716
305
436
103
625
592
38
186
432
113
438
398
71
475
497
42
691
85
140
532
104
25
287
144
115
388
137
8
1058
153
542
15
391
47
257
218
198
208
126
399
35
351
1106
522
156
895
219
266
158
1468
106
229
55
81
43
127
1438
403
1086
360
67
2118
673
26
212
386
401
71
456
482
260
38
26
753
895
223
7
136
14
72
1307
