33
32
129
135
123
133
64
64
39
56
21
35
15
25
75
78
34
12
187
51
165
163
120
25
16
328
275
40
119
243
447
218
122
239
345
27
8
14
173
34
430
117
67
103
102
84
15
896
30
429
795
6
150
294
712
83
652
29
320
51
41
395
436
26
43
103
73
13
226
320
55
19
96
4
178
34
50
264
136
151
74
164
41
75
7
201
188
224
59
452
58
46
512
139
260
27
120
134
106
15
109
4
356
258
276
56
53
89
173
467
6
8
275
149
151
154
217
387
1
264
54
206
181
193
491
28
12
199
125
187
117
106
311
36
9
254
164
46
50
286
379
245
274
971
355
104
211
877
105
110
60
68
39
162
203
487
35
39
39
384
45
102
217
122
36
14
228
786
46
150
44
94
14
404
94
205
174
111
134
115
22
21
55
169
47
403
973
287
348
184
129
342
24
23
2
333
115
135
39
271
46
329
275
351
28
47
217
677
391
106
81
77
87
148
70
86
11
95
618
117
107
90
59
319
250
88
60
229
162
184
35
109
67
52
326
43
108
4
689
107
63
189
43
73
111
178
64
230
2
2
16
11
123
54
139
154
64
46
363
102
115
172
262
341
23
29
78
16
487
304
398
38
85
18
8
51
128
80
287
3
146
289
58
16
147
112
75
209
284
26
30
19
79
113
2
63
197
412
442
140
281
296
664
260
255
287
112
46
134
410
7
30
90
202
10
35
47
134
46
110
45
168
24
590
47
38
269
47
207
6
13
345
124
167
36
106
152
211
4
86
156
143
14
32
458
224
140
4
287
52
64
190
61
24
70
24
156
240
36
61
173
53
23
101
194
24
352
47
19
25
375
221
28
56
82
43
44
182
134
30
175
257
193
1003
140
439
29
50
148
278
168
11
169
227
28
39
264
36
18
271
1
346
30
30
474
50
440
136
32
59
136
212
149
99
328
37
126
17
227
59
548
41
59
6
422
13
23
46
9
99
6
147
47
53
316
56
144
38
130
63
169
17
101
537
196
79
6
338
175
10
434
134
395
162
1
203
290
38
59
555
110
203
226
199
85
26
22
65
133
20
129
1
17
160
113
27
248
464
161
106
32
85
570
25
16
86
40
11
108
6
310
305
173
56
698
3
79
5
334
149
327
31
2
47
78
371
8
99
209
90
198
141
34
179
87
69
34
216
71
139
309
20
60
4
113
65
144
454
234
195
75
205
56
19
224
175
371
100
52
90
431
13
169
148
53
473
70
9
65
2
278
240
534
74
110
189
95
118
498
259
28
61
200
35
861
162
421
225
64
52
293
193
13
74
16
43
249
179
29
121
22
42
1
568
51
90
340
3
4
202
202
17
62
33
375
23
207
78
332
394
9
61
122
126
127
376
195
57
356
27
17
117
13
6
57
12
490
3
63
129
62
50
3
32
28
53
202
41
222
176
393
10
248
138
259
81
206
2
414
171
192
325
41
32
114
438
543
66
64
68
203
172
415
717
72
287
25
96
56
120
96
14
181
6
68
27
232
217
90
257
43
13
246
125
392
89
12
71
113
45
290
15
29
226
93
70
187
150
109
195
47
152
8
145
209
224
119
196
197
37
50
35
240
37
203
77
134
376
74
73
7
56
30
10
98
83
238
76
442
591
227
28
23
81
127
6
133
346
185
151
35
26
208
282
4
47
489
50
923
176
10
465
35
199
143
270
40
10
201
62
141
196
13
295
7
10
86
25
331
39
142
249
54
78
72
1
106
31
202
170
320
31
9
98
31
16
348
26
68
438
30
67
388
75
34
138
415
163
31
279
107
248
666
4
57
53
157
58
335
11
39
5
281
892
283
231
110
601
184
214
162
17
266
310
154
371
305
127
352
29
49
170
255
128
109
603
435
41
204
285
59
125
7
19
143
113
39
144
215
49
50
162
9
962
22
177
153
298
302
204
260
91
119
101
77
641
550
317
286
64
96
222
16
417
136
213
95
166
157
294
74
216
117
34
158
32
184
117
62
35
36
7
19
11
38
46
85
41
29
377
251
1
83
119
153
153
183
9
56
154
326
336
387
53
14
30
15
485
393
17
335
78
254
173
10
80
71
74
110
147
80
13
464
256
45
24
42
259
109
100
17
340
191
30
143
46
77
179
269
41
47
100
31
30
342
74
389
13
543
113
97
253
40
198
481
123
114
47
102
22
40
1
441
112
111
96
83
118
177
12
66
10
85
115
77
179
45
123
29
40
215
3
142
120
7
12
7
108
61
311
43
40
68
171
17
91
175
49
617
77
85
24
146
445
55
23
1015
268
175
69
8
52
465
27
68
166
67
53
13
241
140
435
37
349
14
195
46
189
72
121
10
77
20
18
199
311
47
140
17
167
103
165
184
130
7
265
153
188
43
321
535
410
258
2
574
167
244
10
20
122
22
67
58
433
47
63
15
17
10
169
119
53
161
108
8
175
286
549
47
160
224
31
365
127
7
111
43
14
63
97
102
70
14
146
55
144
42
366
298
38
63
39
101
254
155
27
67
12
17
14
197
169
212
49
90
29
64
231
72
314
10
69
375
37
18
89
78
67
137
31
81
72
29
20
160
22
24
216
105
328
43
236
10
11
29
258
46
166
33
128
32
29
107
166
4
53
114
170
28
97
59
108
69
86
238
60
179
268
11
31
20
171
136
99
497
151
51
137
692
58
50
35
85
56
36
138
8
62
4
39
187
359
12
31
79
254
388
209
363
289
8
234
3
299
294
118
15
79
193
359
53
507
154
28
27
292
74
99
90
201
26
17
121
5
494
381
16
41
78
3
196
33
80
137
132
33
148
70
159
55
564
240
35
19
37
55
151
44
215
113
1253
115
45
135
48
143
52
434
238
39
34
2
193
336
327
176
39
48
103
324
159
33
113
34
50
70
8
37
194
147
261
30
3
9
37
262
9
80
29
187
94
374
38
74
188
238
373
259
120
28
488
204
82
4
133
35
378
118
414
11
255
15
56
214
232
48
4
73
221
92
86
133
379
186
48
38
64
145
288
21
13
135
33
403
86
408
145
72
273
171
439
184
359
484
353
153
108
152
48
121
32
234
170
48
258
78
33
219
91
59
52
1
252
123
53
283
132
27
331
389
6
31
341
709
336
52
60
95
28
101
610
300
29
51
177
497
128
63
190
212
153
122
67
113
12
319
38
33
9
188
41
108
235
377
297
67
347
88
224
22
367
42
123
103
798
20
284
273
114
170
206
143
65
128
48
211
2
55
50
128
118
130
47
324
138
31
209
718
634
88
121
204
175
310
96
39
194
314
43
14
185
14
267
29
284
110
45
175
98
20
64
184
66
336
294
79
7
194
150
95
21
85
566
34
168
409
7
144
42
47
481
13
308
25
46
279
152
5
2
199
98
344
4
59
156
802
44
387
4
537
67
31
172
384
209
2
9
434
7
36
334
190
348
51
136
627
133
153
158
82
3
74
90
87
42
356
132
94
8
112
265
741
143
40
393
116
5
119
337
84
125
51
240
36
120
52
44
96
552
133
136
227
32
77
411
90
153
364
36
166
288
55
97
178
389
62
257
438
276
290
4
27
7
13
37
315
1
38
252
189
43
759
42
147
165
233
357
81
109
51
704
55
170
150
11
190
67
116
391
23
80
106
58
125
137
131
96
60
683
95
97
479
178
267
134
32
54
90
173
652
288
540
37
40
69
327
364
71
53
138
294
23
164
170
28
513
68
118
225
39
134
334
96
46
24
30
55
111
248
345
223
1218
64
68
75
91
160
237
52
32
161
8
39
95
293
69
103
326
28
30
120
9
248
159
139
597
190
209
9
108
299
206
279
395
78
50
339
117
41
256
51
220
41
339
177
91
8
148
372
213
514
65
292
102
62
10
164
34
127
348
478
744
70
338
159
44
59
55
4
3
84
349
175
343
166
22
41
299
97
314
114
390
299
806
59
53
173
125
39
94
194
167
163
53
41
15
47
118
3
425
74
130
29
199
635
8
174
114
42
13
4
47
231
42
161
301
65
50
35
292
46
410
392
163
11
618
253
137
362
15
47
247
4
115
129
59
13
23
80
7
372
46
152
86
10
193
66
718
51
120
208
157
226
134
380
146
191
40
26
25
560
412
212
103
202
261
60
44
50
887
516
45
204
55
173
201
91
46
228
160
151
227
276
238
41
482
67
94
115
106
263
44
11
70
9
175
288
307
84
3
69
67
359
422
47
149
41
3
55
82
59
149
47
41
54
140
87
257
38
18
64
28
23
51
114
584
166
57
57
365
160
164
29
451
3
410
151
211
119
154
59
4
188
238
247
213
303
112
51
36
119
260
177
3
120
258
213
236
99
465
35
36
162
1
53
115
16
94
450
42
66
867
62
333
53
247
269
85
14
10
160
486
57
23
183
144
48
229
65
298
66
4
54
86
483
207
17
84
15
15
42
189
46
124
91
43
48
86
159
393
217
7
8
10
20
145
8
181
162
186
58
111
398
77
48
178
169
60
65
182
218
28
286
47
315
24
299
66
14
140
20
181
340
19
120
26
69
426
29
184
68
287
71
125
736
452
210
880
325
174
44
63
23
284
110
20
19
80
630
88
14
132
96
143
144
28
30
10
288
254
129
35
79
88
184
59
36
57
30
115
41
67
17
623
354
324
327
58
15
203
97
37
527
178
176
224
145
115
79
73
30
296
19
60
31
93
311
108
101
202
57
544
192
33
6
67
277
129
41
58
3
150
161
362
1
75
27
223
303
2
43
506
99
516
536
44
95
122
61
163
71
35
116
695
191
445
72
22
111
292
38
104
43
49
111
134
566
347
245
48
120
341
104
17
137
1
44
626
70
5
52
306
231
6
125
170
250
1
159
134
27
176
124
142
283
53
343
235
212
192
430
302
241
56
170
789
207
349
224
51
110
148
40
58
31
194
91
96
282
123
13
35
66
65
41
442
199
94
52
83
24
499
17
178
236
62
12
28
368
223
32
71
211
10
117
41
188
134
142
243
208
445
23
262
93
8
106
191
500
235
10
186
171
155
30
110
114
30
220
116
156
116
53
50
33
60
56
169
173
146
188
129
367
484
74
183
197
67
14
277
644
44
85
174
91
484
76
271
30
307
3
15
73
185
72
243
34
120
61
2
155
329
48
41
288
167
66
47
313
406
3
145
56
49
42
189
547
27
14
8
65
29
86
92
15
246
45
21
279
122
69
190
175
89
59
66
12
200
80
126
227
83
160
664
33
152
10
104
79
256
224
45
64
45
350
655
44
333
23
277
377
16
158
158
231
12
80
182
327
1
51
117
53
8
62
144
129
11
88
48
2
32
236
13
198
88
404
485
424
41
351
59
34
32
55
386
144
10
45
348
354
8
114
4
358
112
43
103
692
20
73
238
20
107
91
91
243
6
294
205
381
238
322
457
36
126
39
325
286
53
320
181
10
24
87
178
199
74
79
139
183
362
292
215
5
64
158
21
155
216
172
25
123
18
110
156
111
62
48
67
13
122
297
154
175
28
248
38
22
21
40
237
38
93
16
16
46
70
38
50
27
629
48
406
63
30
119
43
114
144
135
189
243
120
35
155
411
263
261
295
12
2
38
194
101
83
152
376
3
59
283
154
119
340
41
70
149
52
177
62
64
142
157
157
208
342
124
6
53
24
47
84
408
83
134
86
24
68
604
282
24
245
532
213
12
112
209
254
187
59
161
273
437
33
142
173
63
445
165
52
114
51
221
6
3
1
289
445
42
17
4
63
322
410
35
44
113
41
179
205
2
362
414
92
240
65
107
114
43
3
83
152
206
119
280
16
451
153
49
14
352
12
63
366
622
124
36
38
228
259
11
154
104
31
185
320
39
29
61
18
7
37
209
16
52
771
20
109
77
124
10
47
137
69
166
372
9
50
44
11
321
341
33
48
107
71
63
27
438
254
342
131
71
49
45
42
263
111
73
10
464
341
22
1208
130
416
240
27
22
113
376
234
164
371
26
87
47
21
396
168
37
83
7
34
74
287
51
219
13
35
86
227
92
253
537
32
205
12
124
32
155
7
249
113
423
34
192
10
72
23
86
435
84
273
226
29
52
396
36
125
530
140
104
16
185
4
104
316
1
330
169
173
36
21
71
32
2
252
110
84
559
110
124
73
189
154
9
330
103
127
167
274
15
204
36
60
93
36
128
57
242
3
193
182
55
164
95
5
102
312
1504
208
60
133
8
8
64
186
39
51
295
208
380
461
160
30
273
30
22
496
30
75
438
59
230
160
148
218
48
61
24
18
46
43
9
65
39
43
20
29
39
2
183
90
33
15
33
15
72
219
11
257
496
50
528
292
25
298
19
391
56
124
173
14
280
217
213
159
145
26
84
289
197
83
11
92
294
34
319
94
14
4
63
201
79
98
90
114
55
88
89
54
433
323
881
233
139
217
181
127
87
40
49
20
38
457
33
424
185
24
9
8
50
39
10
190
253
51
48
177
56
36
62
38
10
51
34
296
111
186
21
89
189
142
64
36
28
92
71
57
198
306
449
118
291
46
30
156
408
56
45
75
122
108
90
22
57
281
217
78
5
115
15
19
83
632
298
109
417
650
209
65
22
313
280
13
67
45
125
44
257
219
36
104
10
102
96
390
220
175
85
144
266
338
45
13
79
72
250
48
37
93
131
245
3
348
233
75
180
5
76
35
10
74
95
42
2
71
79
28
454
102
49
3
21
298
211
89
291
319
377
6
28
141
12
139
232
43
191
25
70
442
150
280
79
718
109
151
48
67
14
395
150
34
302
5
156
104
726
253
125
335
49
82
137
354
26
67
57
130
39
6
59
9
287
44
222
178
50
41
92
268
1
202
188
62
42
105
24
359
125
243
128
258
240
69
53
76
13
103
10
19
94
153
297
84
179
131
356
284
209
10
543
248
331
37
22
49
61
91
43
177
193
209
85
336
344
18
98
37
43
77
156
114
309
176
10
39
76
135
107
84
43
120
83
413
110
316
115
169
425
474
29
125
39
86
254
39
217
37
217
5
247
88
332
73
57
71
229
151
234
330
108
272
197
68
61
364
124
248
76
17
59
484
109
27
19
70
18
115
31
23
172
251
107
79
160
56
281
36
317
247
23
261
42
41
18
109
198
96
238
240
163
2
91
36
186
107
492
25
245
205
67
731
29
127
71
7
104
151
444
40
45
33
7
25
151
48
320
19
54
9
8
88
285
123
163
177
431
114
72
142
51
38
92
134
311
33
26
166
9
27
339
65
89
342
435
115
89
30
51
141
222
14
204
244
330
46
174
49
25
89
63
39
26
300
84
31
25
123
368
83
46
41
129
316
24
38
60
27
45
180
277
156
106
82
390
192
38
198
88
360
274
137
377
250
195
277
574
221
106
235
91
309
62
5
286
111
38
235
28
204
30
84
68
54
190
340
145
139
29
4
385
293
115
297
283
183
260
641
387
335
69
73
80
96
29
102
94
504
8
41
146
135
238
313
898
257
85
124
57
198
43
3
377
65
11
58
100
222
212
185
21
27
340
23
209
186
115
167
166
177
97
180
55
54
197
25
109
5
80
7
38
71
32
92
78
318
9
25
16
28
83
44
122
2
74
163
10
476
48
400
450
20
56
41
82
204
530
50
45
99
34
337
59
184
157
218
47
185
130
259
120
55
38
49
37
244
108
28
7
23
278
46
98
193
307
334
46
168
10
113
15
65
81
220
187
149
277
559
215
43
4
35
256
259
145
193
39
188
10
383
696
216
54
328
73
114
182
203
69
79
133
586
70
114
88
960
65
38
55
22
28
162
302
125
71
154
117
106
98
98
90
3
22
61
159
152
26
258
127
126
527
137
210
545
84
277
54
264
150
65
268
201
253
44
206
299
176
25
187
506
62
21
267
277
10
97
13
183
30
1
91
224
327
119
61
297
260
43
214
72
64
17
17
412
70
93
22
304
87
1
200
17
41
265
11
103
114
98
76
35
6
12
19
53
232
26
9
284
40
63
34
378
17
156
163
247
132
14
49
62
2
18
156
277
250
211
5
352
90
12
14
163
441
9
291
138
31
157
175
132
79
43
7
7
147
22
429
108
171
89
31
78
89
46
85
193
214
79
156
223
491
202
165
16
72
69
19
194
107
17
162
237
5
119
140
21
84
65
229
23
36
124
43
98
67
52
33
218
132
133
435
38
244
137
386
210
244
31
198
228
317
173
70
69
373
43
4
8
16
472
42
129
282
53
188
65
19
247
199
108
82
78
330
138
55
25
60
140
133
168
386
64
22
18
1
419
172
66
184
4
2
238
120
159
124
65
253
94
372
185
32
72
24
34
175
58
29
280
67
416
139
85
288
118
310
73
13
123
176
90
20
132
41
542
24
52
20
171
10
582
223
59
246
87
52
109
623
25
46
49
172
138
707
22
175
321
130
45
49
565
160
152
320
85
13
112
29
32
85
54
18
445
396
20
156
489
298
108
215
63
222
200
220
106
128
10
120
88
92
455
22
47
67
27
528
54
234
40
451
39
107
54
227
139
484
22
121
482
169
139
145
12
79
102
42
16
136
28
13
16
130
47
93
312
96
4
428
57
246
45
100
123
261
341
50
83
35
111
130
14
53
338
19
335
209
110
305
144
14
47
167
121
87
55
47
28
264
141
169
1
604
253
45
46
3
351
795
189
167
36
228
40
39
17
157
190
138
138
238
94
214
63
71
46
165
218
130
129
549
663
79
53
271
69
176
3
37
30
103
40
95
150
62
28
56
116
47
4
44
186
25
22
261
36
14
719
81
41
116
23
47
302
20
100
7
65
22
437
210
90
195
151
114
214
48
13
73
42
71
212
18
683
27
85
7
52
3
366
162
268
126
10
32
99
68
52
24
49
142
34
140
74
514
95
480
184
209
149
88
33
26
12
462
3
159
128
2
20
10
32
13
25
60
33
610
15
40
30
220
11
119
139
16
58
44
295
27
30
63
50
20
20
427
306
50
274
14
170
11
168
180
102
16
43
427
345
43
243
45
95
274
180
74
39
28
194
107
110
118
8
233
99
348
54
73
114
87
104
101
423
171
18
328
14
1
145
137
122
25
94
131
276
18
182
32
217
100
282
156
45
381
40
48
294
225
42
158
69
267
289
197
130
149
83
318
53
37
169
24
50
162
86
196
111
48
24
55
675
61
197
71
235
169
88
165
239
204
7
91
54
80
156
88
9
24
320
409
101
131
43
399
24
59
61
243
282
318
228
442
68
333
41
131
22
35
6
225
37
160
137
48
1
342
3
44
392
293
3
94
1
39
131
134
400
44
330
158
97
60
94
3
42
625
124
74
284
518
28
195
395
109
120
18
1
397
160
20
185
79
234
32
49
38
230
18
51
126
49
138
214
207
65
34
119
386
334
3
236
26
400
49
173
94
39
254
20
138
246
357
461
62
69
130
239
289
17
109
22
9
180
178
35
615
376
12
72
44
75
101
122
8
310
60
259
299
175
91
126
452
50
298
204
47
70
137
10
32
45
39
159
174
107
53
243
212
168
123
207
24
25
88
73
506
77
5
517
302
305
152
118
236
36
17
198
156
11
338
55
159
136
113
79
24
157
3
381
8
415
110
284
48
66
245
165
236
249
162
289
546
130
33
681
26
58
40
1
82
30
20
41
179
272
152
3
195
131
18
13
19
61
166
198
98
331
265
162
304
249
121
290
151
24
62
9
659
302
29
146
229
22
263
238
153
27
40
164
190
299
323
17
57
95
596
326
17
163
561
68
156
128
64
52
62
39
73
167
374
767
40
84
107
37
28
7
3
130
446
9
22
61
85
432
163
94
281
438
124
116
123
6
246
390
373
4
50
212
260
93
450
60
50
27
131
240
295
434
40
869
114
102
358
358
13
58
50
282
186
145
70
127
90
110
53
38
221
68
68
88
33
5
266
27
131
51
129
225
270
233
108
333
67
128
33
67
179
149
64
16
97
239
397
252
429
86
298
186
141
35
229
405
28
223
42
56
132
257
224
40
52
50
27
249
716
60
108
25
62
35
10
109
24
136
118
236
31
126
8
40
9
73
192
6
4
106
96
263
217
713
67
52
8
332
195
661
93
112
67
270
303
24
88
177
207
282
155
296
141
187
534
39
92
111
11
326
95
2
90
132
79
381
46
115
35
215
225
139
5
245
720
35
7
214
163
11
40
116
34
35
316
49
14
11
221
72
40
197
74
275
73
269
38
106
161
30
459
160
62
135
52
271
83
50
37
83
171
155
214
205
74
145
9
190
112
113
194
5
118
458
349
122
1
7
60
73
50
375
173
51
118
80
42
18
120
196
95
187
137
9
26
44
129
138
142
52
153
222
71
16
64
75
40
592
84
170
372
301
474
478
385
217
274
340
106
257
69
456
53
160
9
269
52
119
35
637
3
68
7
215
51
44
28
25
189
68
109
124
218
124
348
88
269
525
25
407
129
572
206
129
112
191
36
89
13
369
173
157
755
270
89
124
111
115
253
373
441
16
256
199
277
225
70
12
200
84
6
684
648
122
60
317
248
188
238
81
294
29
115
21
20
19
20
279
10
92
97
449
16
70
130
16
242
73
38
80
235
15
454
29
400
139
70
26
173
233
27
40
185
53
183
92
122
78
624
156
100
192
7
6
96
56
305
283
2
136
391
11
420
44
669
8
13
23
198
356
92
13
216
97
246
19
106
203
36
25
7
102
65
109
338
468
27
59
96
375
107
175
3
378
549
6
78
248
176
359
36
251
2
45
9
543
26
17
142
67
245
79
10
134
55
32
561
8
91
182
222
238
25
62
52
180
107
1
23
443
16
221
14
82
15
77
25
140
123
501
255
248
54
177
135
11
16
107
154
204
55
8
1
12
67
542
472
14
31
446
366
1
151
84
32
204
33
119
70
37
114
231
3
169
365
179
8
209
107
302
346
3
409
57
153
133
75
101
43
44
58
71
406
103
147
25
9
148
17
54
30
62
36
240
93
439
34
223
45
87
67
75
400
33
97
209
78
136
177
1003
268
37
52
361
245
54
514
50
45
49
813
189
69
128
269
586
68
3
256
105
28
142
229
294
10
126
430
335
214
90
10
137
140
82
35
85
514
186
277
254
9
147
99
449
369
345
86
158
8
40
405
175
116
115
33
83
46
87
228
277
20
157
439
63
171
152
44
71
408
69
354
35
272
508
107
60
36
13
78
97
45
181
209
331
473
13
203
18
7
55
112
81
403
359
166
172
27
93
29
36
114
726
532
27
545
7
323
40
74
35
286
133
68
65
51
113
542
31
209
2
111
20
24
283
107
61
351
150
49
43
78
9
232
434
3
29
230
22
165
14
91
37
12
187
21
551
124
393
636
8
43
54
59
31
155
265
134
160
47
199
56
487
56
70
309
50
185
3
254
73
404
279
62
695
3
102
147
5
8
126
472
363
319
54
302
153
101
105
357
358
8
105
290
51
3
23
601
91
177
91
122
43
284
260
111
74
108
7
191
41
192
225
22
199
43
129
42
200
103
95
552
287
346
119
192
149
75
9
521
145
2
159
73
10
28
1199
28
121
124
46
116
56
966
48
29
5
15
7
14
162
88
146
232
355
113
86
332
510
122
129
212
28
121
84
51
9
132
38
90
115
106
34
384
196
178
144
124
298
78
192
237
517
129
25
236
189
32
41
136
45
100
1
204
66
13
12
448
70
24
230
280
17
48
296
210
562
59
53
32
7
5
59
3
185
225
381
199
52
57
164
50
115
741
167
2
195
104
102
396
12
66
44
146
115
186
8
32
404
25
2
616
102
63
428
35
48
41
62
293
94
653
1
151
41
130
247
265
48
40
570
79
268
264
23
405
106
8
44
196
6
255
272
69
52
217
236
151
222
247
16
132
212
61
260
819
8
283
155
111
10
38
97
18
80
16
80
31
52
78
6
125
67
417
61
341
92
519
202
60
9
66
26
248
289
245
209
18
77
255
10
4
100
668
75
585
137
117
525
211
256
97
184
58
510
61
8
105
213
474
5
66
24
87
405
561
168
95
346
228
467
54
32
35
76
81
141
255
182
170
8
243
502
243
119
5
176
61
120
6
63
84
559
100
3
3
148
5
98
196
274
6
92
232
20
165
90
278
183
142
119
62
275
11
64
222
2
38
5
15
102
21
20
15
14
54
352
5
12
287
229
46
104
129
37
47
34
45
15
16
394
160
180
40
4
260
160
120
231
1
548
46
109
81
476
39
288
118
25
110
160
167
195
275
82
44
35
11
2
43
120
477
21
153
479
237
331
31
133
95
26
55
187
85
87
179
51
53
227
194
183
60
62
672
398
48
254
213
215
359
183
82
212
451
25
26
42
4
238
4
328
285
28
141
280
234
349
61
333
97
295
35
34
65
9
751
76
25
35
134
255
221
152
56
325
348
102
7
371
33
55
488
351
147
153
57
86
59
23
233
51
24
885
77
18
399
396
2
178
17
59
32
236
147
179
251
109
163
122
82
107
145
67
6
448
186
41
390
170
39
4
26
10
86
344
208
241
83
59
65
62
56
507
172
3
262
188
70
56
40
13
67
372
86
116
20
7
196
78
99
342
123
576
14
16
99
21
3
207
254
108
406
7
65
71
29
41
190
321
176
196
282
93
180
373
51
21
205
579
19
78
333
48
133
243
31
40
32
53
104
86
696
111
11
33
5
204
21
51
51
38
37
125
186
114
74
437
16
31
250
27
78
75
332
110
110
259
395
270
184
13
109
118
36
146
49
22
55
52
107
17
140
139
35
247
275
28
162
5
725
63
86
2
140
68
464
75
35
200
36
2
248
32
291
15
1334
205
319
150
109
65
130
72
40
90
881
530
254
195
446
466
283
113
126
86
378
149
99
55
35
246
12
67
3
29
443
106
57
24
71
34
166
61
8
171
342
1
19
40
152
53
141
143
260
310
52
267
575
268
383
293
14
31
30
16
187
15
134
134
55
325
371
1030
23
97
184
17
49
72
77
514
5
46
60
280
22
57
224
148
566
62
80
394
166
209
34
11
112
172
109
86
528
47
16
58
679
291
448
94
13
178
170
77
488
381
296
497
211
1
124
143
463
145
72
72
157
2
251
88
26
277
8
160
277
47
70
168
265
135
760
616
247
605
117
30
49
16
31
24
34
236
231
134
156
394
340
191
119
104
6
93
73
362
5
143
28
96
92
8
227
450
51
187
157
598
65
184
482
2
2
84
338
121
261
367
225
145
102
50
51
383
87
300
63
207
97
20
170
262
187
592
222
91
28
779
240
170
44
31
124
68
255
11
33
157
39
215
888
55
596
75
16
271
216
379
164
29
343
112
404
69
341
209
29
104
35
28
63
144
31
54
63
3
74
336
225
59
698
546
23
24
38
262
368
90
176
215
412
250
164
47
100
258
165
158
215
192
65
618
26
86
254
36
53
175
298
115
108
250
611
291
82
100
179
151
77
57
19
389
229
46
145
447
114
695
200
230
11
36
133
40
225
63
184
38
416
27
20
384
38
82
44
5
90
17
118
68
335
200
49
39
149
59
270
126
15
41
75
35
243
22
329
181
924
7
85
375
399
18
86
359
282
19
3
15
162
29
553
97
148
110
59
97
39
29
12
80
35
114
62
139
12
90
12
295
276
52
48
106
214
81
156
460
168
102
25
4
53
496
123
277
48
180
282
47
65
429
266
5
3
142
3
273
49
2
4
64
130
131
481
81
15
5
10
141
126
339
33
95
13
116
293
30
185
187
211
49
273
13
44
98
93
101
84
73
56
503
58
356
237
370
100
310
114
122
277
145
19
164
142
20
59
191
324
368
34
396
26
207
275
521
27
305
266
31
55
300
106
156
59
360
11
19
60
30
40
242
4
46
50
23
35
56
194
69
69
193
24
38
501
84
20
567
210
50
55
228
520
60
309
337
51
601
367
33
58
39
255
11
30
138
75
92
66
303
176
402
111
72
454
6
247
5
149
67
336
756
526
103
6
7
753
70
207
59
300
58
63
219
245
83
188
71
38
19
15
92
239
201
429
280
81
200
39
25
143
175
153
447
55
10
50
636
486
129
14
269
33
17
285
54
62
564
346
59
61
25
82
126
10
209
151
19
297
28
12
134
256
565
231
9
46
7
361
29
22
58
29
656
231
71
97
36
150
165
613
12
271
24
42
269
111
370
1
155
246
37
9
79
40
41
278
414
107
12
27
113
234
53
250
68
34
132
24
83
35
155
128
146
597
255
70
391
478
119
138
66
369
437
15
23
184
41
926
30
219
182
427
211
184
19
33
101
111
176
14
128
150
43
54
142
85
159
91
35
49
116
15
117
105
81
20
42
125
392
7
16
17
83
98
139
158
142
220
105
149
44
75
112
186
95
19
25
733
21
58
159
70
130
42
152
150
6
56
53
14
53
431
13
260
122
146
55
269
562
97
573
43
55
21
28
94
303
140
198
45
116
45
34
149
361
23
5
410
15
59
456
15
283
2
98
370
59
108
17
180
4
73
628
37
111
66
182
35
111
158
88
108
44
237
331
142
247
22
128
14
29
310
119
21
28
56
232
72
11
34
49
59
19
8
43
235
146
168
43
65
123
24
61
22
53
84
71
108
115
386
13
11
179
18
3
154
449
44
486
328
289
305
253
154
362
88
8
60
14
5
65
50
280
156
230
22
42
127
457
102
149
35
135
51
178
81
29
452
178
395
21
57
228
180
699
30
126
253
58
54
406
28
1
151
226
42
76
52
15
56
361
9
89
48
340
102
111
47
25
303
241
92
7
407
172
149
4
20
9
435
784
10
19
114
242
154
251
43
403
74
251
42
474
123
117
103
219
186
237
42
98
175
62
251
857
523
32
145
166
50
69
53
8
149
70
70
143
347
20
333
8
165
6
204
266
19
17
165
232
190
173
106
416
415
166
108
6
142
21
405
254
119
128
357
243
71
49
11
43
253
41
204
170
74
37
234
39
71
271
89
51
39
308
90
437
42
92
38
647
17
50
451
186
21
38
214
3
46
77
36
51
103
356
557
24
211
130
74
29
106
12
92
263
60
2
28
201
789
78
52
37
45
74
442
301
26
275
141
43
148
407
28
95
380
156
149
206
4
28
55
51
96
9
52
490
28
35
148
49
239
9
627
88
183
466
12
32
27
285
186
295
73
56
109
18
70
33
25
49
296
315
183
19
43
85
52
74
177
461
298
25
80
41
295
71
59
182
70
4
196
31
165
197
25
130
705
262
409
133
356
236
75
155
77
324
39
157
225
110
33
56
795
55
56
677
60
82
369
178
85
28
309
4
391
181
370
168
26
546
378
66
47
41
193
133
388
75
44
56
2
51
255
77
68
20
8
68
163
13
170
67
115
208
453
4
13
26
67
90
19
92
35
35
59
432
14
35
315
45
111
27
10
197
223
85
343
204
79
75
10
26
89
23
19
165
388
5
27
78
34
44
417
10
189
343
129
48
195
395
153
100
22
420
13
40
29
46
5
20
130
227
107
372
287
304
268
2
24
194
27
3
60
67
115
1
185
239
146
29
206
100
276
738
99
131
9
964
138
27
296
144
83
170
38
15
2
229
122
225
412
123
19
35
207
5
34
280
152
6
29
342
146
94
56
6
124
123
345
47
116
91
36
26
99
42
25
179
604
158
34
12
249
104
71
42
260
26
132
243
153
45
136
137
40
70
737
72
37
78
28
15
36
47
180
198
258
317
103
35
422
113
62
53
66
184
52
376
216
192
141
12
86
2
484
56
21
209
117
177
31
246
929
23
17
27
15
37
194
206
33
40
99
66
219
53
225
44
4
43
291
373
131
163
101
351
29
22
23
125
62
313
68
37
41
23
159
58
339
8
33
205
245
73
34
83
30
48
265
122
62
227
333
325
53
4
15
48
335
14
62
65
302
31
95
41
236
29
165
83
194
55
596
30
30
124
114
61
141
85
513
35
83
61
1
91
86
52
194
265
375
234
344
152
274
24
10
144
27
25
172
34
6
397
292
277
77
150
274
43
134
12
226
110
164
52
37
128
46
2
111
7
80
73
51
11
197
11
639
177
138
250
326
106
49
162
19
27
18
134
14
61
43
266
5
99
212
204
91
140
205
422
30
66
191
5
3
7
12
16
165
70
90
464
71
495
443
75
667
221
60
81
9
54
395
9
66
224
216
429
43
117
43
108
222
248
119
19
266
36
328
91
92
56
106
649
7
27
239
264
56
17
51
203
1
42
151
500
322
139
33
47
210
100
622
250
43
214
1
67
16
105
119
235
63
166
292
547
51
45
52
211
128
102
28
300
89
40
204
53
19
253
20
52
301
114
73
443
194
101
59
116
80
4
51
63
489
393
28
6
633
473
30
70
773
67
354
330
789
119
31
284
147
511
74
10
163
212
2
422
29
35
221
149
122
207
98
134
274
97
613
14
208
19
1
144
235
127
89
439
279
12
267
1057
122
81
70
398
39
67
303
139
24
253
58
142
8
22
71
142
55
380
114
8
271
165
14
3
85
48
413
105
87
420
281
38
503
8
223
63
119
175
52
238
329
490
41
235
108
151
162
35
1
257
9
198
5
376
209
50
118
76
311
400
117
188
48
43
109
221
198
140
656
99
265
111
120
64
28
153
43
172
30
64
37
29
66
66
64
11
71
432
75
204
38
124
18
32
515
21
339
139
292
101
80
22
5
60
321
111
143
708
156
90
78
78
701
50
50
263
259
42
131
146
59
164
236
227
41
84
288
148
1
10
81
33
15
159
130
1
71
412
60
264
20
109
238
99
37
365
30
520
356
69
113
192
72
105
23
25
188
67
100
17
28
93
88
202
310
71
259
64
346
36
22
5
5
139
31
146
20
35
30
125
217
151
443
34
41
73
3
55
90
296
3
241
294
395
143
512
9
539
63
197
302
89
65
7
228
139
50
135
79
282
266
2
31
101
38
112
67
132
255
20
69
430
52
64
121
211
366
228
5
82
658
234
58
235
10
50
36
294
259
462
465
165
3
65
83
622
6
84
499
100
49
53
258
371
164
189
50
45
22
657
33
622
88
13
94
164
130
46
61
32
58
8
7
321
378
101
63
305
74
52
91
34
47
29
86
366
122
87
345
85
203
444
11
49
30
18
476
204
141
244
484
83
82
151
110
151
43
87
229
37
50
29
37
74
48
18
148
55
89
41
7
58
240
187
108
145
19
24
437
37
105
157
64
167
116
15
174
75
211
5
183
239
272
65
139
135
234
497
59
19
376
88
4
441
131
39
240
5
31
62
253
354
353
291
51
286
197
94
286
152
248
254
388
47
356
102
89
94
42
105
5
665
63
317
13
157
52
109
33
19
198
10
344
7
392
77
945
38
17
155
657
2
282
63
79
318
50
104
251
225
70
212
481
119
297
52
275
9
38
135
28
8
42
251
155
60
44
32
212
191
33
450
74
83
17
170
447
504
93
136
465
59
184
31
81
23
558
137
129
174
289
22
149
608
36
27
240
71
12
34
30
239
94
38
12
24
25
20
600
104
229
351
410
69
196
341
39
53
573
58
600
18
13
86
112
95
5
89
175
132
96
206
50
183
86
59
23
34
35
307
47
19
115
234
57
31
7
46
7
65
8
243
46
257
478
267
13
225
119
275
80
166
189
43
70
161
71
65
17
35
41
6
8
125
176
384
56
43
146
56
2
27
273
200
45
49
63
45
106
351
321
327
122
474
26
33
74
58
2
38
122
143
85
26
182
7
253
61
223
116
236
54
241
208
54
15
50
3
104
9
155
60
61
707
4
71
158
209
72
47
383
97
106
4
319
45
190
58
215
22
107
397
11
14
12
70
149
4
33
50
39
110
58
8
253
77
83
492
120
47
45
19
23
6
31
10
148
171
46
44
93
575
66
50
165
327
156
60
50
28
62
132
39
395
6
424
227
45
55
25
85
301
91
284
149
38
64
96
46
14
107
72
104
121
752
220
7
139
137
323
22
52
275
99
618
212
398
247
828
83
55
148
74
3
27
44
55
31
19
56
186
48
212
221
585
93
106
203
205
77
2
79
185
49
251
663
178
5
73
71
42
147
27
345
214
36
350
216
4
3
287
10
277
63
20
97
78
118
537
86
23
573
126
49
25
48
22
24
192
46
175
151
19
517
196
257
15
123
1
417
379
534
237
47
74
236
485
104
66
348
1
223
405
254
3
40
100
464
149
49
50
176
146
325
219
239
125
214
46
68
186
230
50
165
107
16
192
379
118
30
29
66
138
271
42
226
17
58
19
201
15
388
101
326
181
115
194
24
61
40
97
151
149
88
36
197
47
547
74
187
132
155
5
4
289
361
73
467
22
30
51
53
33
413
124
31
68
377
192
21
263
184
24
31
227
39
34
117
5
5
154
42
69
46
462
94
34
80
22
55
81
69
446
97
123
16
7
174
178
33
161
107
265
9
38
47
51
346
121
299
286
37
4
428
25
151
121
129
10
22
511
57
134
38
30
13
132
297
186
104
241
1
96
40
111
115
24
63
26
25
118
120
228
61
520
116
97
22
133
63
2
56
87
103
90
165
62
140
57
265
159
180
14
391
58
102
37
15
308
60
347
378
421
129
148
142
157
48
72
83
126
38
118
9
40
3
193
451
42
67
30
19
30
173
640
57
41
66
40
60
32
297
186
220
84
124
88
316
266
242
264
193
32
106
131
55
103
65
339
183
744
498
1494
194
252
121
199
194
81
89
810
5
5
133
271
200
79
98
126
300
230
52
255
58
110
3
12
38
160
83
7
105
155
233
118
238
26
279
129
155
36
177
571
42
32
23
122
290
72
53
87
56
3
124
801
10
444
116
50
93
48
40
354
561
406
1051
90
4
398
520
267
68
28
157
34
96
25
1
14
44
159
88
188
120
20
82
111
26
314
91
272
42
23
446
610
162
19
337
76
471
670
3
121
647
32
354
177
413
111
152
50
200
126
198
86
21
82
324
470
365
7
13
417
19
91
402
6
122
452
156
16
5
151
104
177
61
11
1032
29
161
274
185
15
28
90
116
21
382
99
29
68
76
22
98
14
187
130
141
755
178
466
132
374
54
16
46
128
233
366
288
47
69
33
403
8
89
184
44
189
50
156
52
57
45
177
43
75
67
2
32
90
145
43
94
35
197
38
832
778
304
267
10
19
30
42
68
73
370
39
312
251
819
8
250
140
250
1
74
96
2
806
498
288
205
129
227
246
44
727
88
123
101
203
304
496
63
52
58
118
281
158
285
792
70
424
73
98
79
81
21
222
211
63
554
187
421
45
71
120
136
59
71
58
305
286
2
310
1
232
86
42
10
64
89
65
9
123
94
56
148
164
64
124
129
44
76
90
104
29
21
67
109
5
185
234
248
165
87
527
744
50
47
35
110
205
110
32
179
128
315
55
491
12
3
282
17
681
1
371
8
97
593
162
146
169
14
179
324
16
57
88
79
525
5
26
51
14
9
22
30
215
172
111
202
18
100
105
49
66
88
133
164
137
9
28
53
53
49
120
335
14
12
73
446
121
4
94
23
45
486
81
47
89
416
87
20
132
577
432
62
149
63
275
364
471
2
213
248
107
122
139
208
242
104
192
278
52
92
40
161
673
478
36
214
806
26
133
30
51
158
176
36
16
53
41
5
189
1
40
52
817
194
99
40
55
375
119
214
250
104
319
77
12
52
10
202
571
23
205
361
29
76
2
79
24
72
198
23
138
41
109
27
237
187
55
126
243
31
229
168
46
225
3
242
6
273
253
111
59
108
7
365
366
132
87
5
9
39
251
47
299
291
62
62
457
67
274
134
47
118
228
338
173
193
73
9
158
48
228
162
48
38
92
117
71
72
225
24
36
35
41
11
85
156
127
47
226
33
28
31
230
130
272
28
101
14
304
51
261
45
32
13
331
34
38
19
20
137
19
88
49
58
176
53
102
118
283
191
137
298
27
41
260
366
242
173
195
106
10
214
197
21
230
468
64
46
149
184
335
171
254
147
24
129
128
154
123
153
171
91
401
478
24
552
277
276
99
121
105
194
427
1
156
18
635
19
11
45
119
118
72
99
153
23
52
605
88
248
179
70
50
135
29
193
192
352
61
379
125
161
185
311
120
33
287
581
18
202
196
78
184
323
286
63
441
174
5
237
240
91
19
32
67
125
165
105
223
32
248
85
30
277
39
1
91
133
6
35
20
58
106
305
149
47
84
487
1
219
109
61
35
15
97
38
166
80
192
198
161
874
35
873
133
45
286
15
468
693
215
162
35
117
602
307
267
135
162
161
66
775
148
35
1
7
306
114
2
538
579
9
123
283
41
2
210
41
99
53
215
24
79
171
120
8
23
4
121
15
25
23
111
66
44
44
16
582
34
215
112
42
123
5
9
113
15
148
32
144
104
29
153
275
732
631
71
616
515
374
23
44
13
71
10
336
120
177
97
80
982
381
37
50
111
20
53
81
15
275
6
138
90
201
79
116
120
103
141
168
300
29
67
111
8
89
342
448
50
97
101
106
121
229
60
234
139
412
202
25
40
63
429
29
41
190
49
110
47
27
267
549
180
204
95
141
302
56
34
3
297
389
57
42
127
57
47
107
160
60
70
37
155
16
149
53
191
191
73
251
38
247
34
45
66
145
439
71
151
89
15
33
84
280
93
602
120
113
8
93
531
8
14
50
28
59
28
169
99
381
20
270
196
29
218
10
54
224
95
52
28
497
541
44
411
47
3
136
85
126
64
31
68
12
84
9
162
43
403
55
82
101
101
61
332
766
252
192
89
41
46
272
130
37
253
426
34
303
260
474
80
429
289
124
334
100
60
178
135
2
40
35
353
50
90
115
145
4
40
35
129
44
139
15
263
61
96
372
28
305
328
31
101
312
202
196
137
282
107
118
15
228
298
217
69
373
220
140
200
127
74
228
12
21
2
54
165
135
43
97
304
180
415
89
1
130
51
56
280
173
53
25
201
83
34
606
42
70
44
278
762
160
67
329
28
137
321
87
353
124
24
69
208
115
15
174
224
5
660
10
514
11
22
132
245
177
33
48
79
58
562
20
323
558
543
147
19
146
27
399
154
327
193
234
105
60
58
244
2
21
19
182
36
219
116
77
344
32
36
14
648
93
427
47
81
40
44
45
88
37
175
311
228
169
225
52
27
233
37
137
132
98
663
32
73
106
18
99
354
68
4
10
146
268
80
1
217
344
69
150
147
574
102
101
67
105
13
246
13
23
147
70
141
251
72
217
99
64
39
30
52
162
213
143
22
280
328
524
361
522
169
165
16
90
225
371
214
341
38
60
45
114
35
1
77
52
97
79
36
331
210
203
44
79
84
159
1
180
63
18
404
69
48
131
200
247
47
3
274
4
86
277
120
300
22
24
50
12
29
90
70
261
32
103
774
86
6
205
292
134
55
330
487
51
89
41
176
208
123
697
83
17
289
362
226
82
51
35
389
271
250
23
23
5
388
482
56
52
65
32
64
237
27
183
144
35
231
78
293
85
49
42
122
99
179
54
82
145
3
20
246
391
102
4
38
185
281
128
5
248
212
126
61
650
302
41
71
253
130
163
126
58
328
137
19
223
31
240
129
693
635
14
612
26
58
135
411
485
187
344
124
67
31
193
164
65
55
12
348
157
39
1
159
116
30
476
83
203
43
145
131
327
447
94
202
357
19
36
11
171
57
36
156
255
103
738
85
129
139
269
75
17
16
411
24
408
989
19
47
74
142
98
319
258
215
632
47
120
314
68
19
100
754
19
323
84
8
122
73
169
62
80
182
76
190
22
25
293
95
255
181
410
27
122
342
78
79
104
48
118
117
118
92
78
19
465
35
189
41
24
51
13
65
93
607
37
531
40
37
137
57
41
179
3
493
184
308
342
212
65
43
316
577
98
696
104
19
66
393
215
241
64
99
34
533
76
36
21
54
690
63
410
40
192
23
21
100
58
121
49
1
72
173
133
17
399
144
252
69
204
226
124
177
1
121
78
19
297
69
99
145
330
272
3
198
313
16
16
193
97
51
60
228
99
401
86
94
326
347
57
36
124
96
279
26
67
17
80
17
36
55
4
152
94
133
383
228
303
49
64
149
282
323
65
179
6
230
45
148
13
25
331
45
3
1
17
158
7
650
49
386
245
58
88
64
12
1
228
44
36
24
65
40
289
188
168
326
258
111
246
396
2
33
57
182
43
30
126
477
34
65
123
131
373
396
75
65
315
329
253
219
191
135
259
43
7
286
267
66
87
356
34
50
137
735
33
101
208
193
12
25
387
38
621
353
139
37
3
93
84
140
305
337
40
445
92
10
51
442
57
106
206
373
146
46
109
78
137
13
258
499
20
189
19
293
406
20
408
279
82
5
68
23
25
211
36
157
105
88
31
53
210
233
84
225
123
13
41
59
390
7
25
208
205
131
55
97
36
65
565
7
18
29
15
51
32
153
47
25
236
662
215
18
209
47
274
108
83
436
21
193
101
47
145
143
186
9
103
58
151
93
117
101
30
103
155
10
41
4
95
77
266
127
169
63
81
179
389
69
182
65
91
117
279
124
443
9
149
198
531
45
11
132
9
541
197
30
103
2
268
16
38
119
90
275
224
28
224
265
267
11
129
62
26
118
105
334
543
11
179
115
17
142
212
66
2
12
31
391
339
8
257
116
241
57
2
57
228
