1335
1556
1895
1135
1326
1928
1467
994
1225
1794
1424
1501
1303
1902
1709
1189
1415
1357
1295
1309
1423
1405
1376
1474
2371
1688
1916
1762
2077
1738
1736
1842
1875
1482
1455
987
2528
1692
1590
1238
1215
2319
1935
2141
1546
1205
2081
2302
1566
1659
1226
986
1537
1616
2489
1539
1094
1344
2045
1648
1499
1868
1419
1685
1087
1285
1079
1416
1773
1207
1222
1517
1181
1336
1175
1291
1352
1598
1166
1663
1487
1341
1793
2110
1806
1588
1105
1206
1297
1300
1336
1767
1316
1331
1216
1474
1261
1360
1176
1381
1573
1515
1590
1338
1574
1523
1368
1099
1734
1726
1162
1101
1368
1387
1891
1980
1364
1301
1309
1300
1984
1086
2003
1670
1433
1242
1641
1096
1290
1325
1099
1151
1515
1817
1416
1152
1041
1393
1321
1854
1332
1459
1258
2074
1474
1656
1535
1676
1599
1597
1318
1319
1395
1092
1498
1979
1556
1384
1481
1887
1206
1420
1264
1617
1417
1768
1551
1422
1466
2329
1674
1806
1924
1377
1607
1927
1355
1506
1627
1250
1361
1569
1610
1111
1634
1946
1366
1455
1921
1342
1443
1311
1571
1143
1155
1429
1590
1208
1236
1588
1781
1672
1094
1049
1654
2099
1720
1734
2476
977
1872
1240
1398
1250
1442
1313
1566
1932
2029
1405
1350
1332
1741
1458
1657
1707
1316
1186
1379
1279
1150
1259
1248
1799
1763
1459
1524
1361
988
1465
1406
1212
1581
1492
1494
1481
1557
1667
1247
1281
1533
1219
1200
1414
1281
1431
1149
1802
1731
1604
1091
1532
2032
1742
1298
1445
2116
1773
1248
1502
1519
1446
1682
1418
1509
1821
1398
1265
1204
1405
1168
1347
1577
1728
1762
1351
2077
1388
1637
1345
1025
1427
1190
1459
1348
1828
1475
1845
1334
897
1359
1248
1492
1519
2048
1403
1631
1335
1041
1446
1180
1595
1574
1726
1347
1254
1198
1578
1341
1643
1204
1023
1506
1614
1366
1346
1748
1345
1273
1766
1507
1323
1382
1437
1335
1454
1366
1260
1357
930
1980
1303
1814
1552
1295
1911
1139
2193
1747
1303
1327
1274
1183
1998
1110
1517
1532
1361
1618
1544
1714
2279
1460
1143
1869
1674
1252
1673
1269
1173
1642
2055
1439
1832
1277
1071
1440
1482
1298
1241
1347
1526
1238
1470
1763
1376
1885
1477
1177
1192
1056
1499
2020
1709
1348
1429
980
1343
1345
1311
1406
1623
1238
1118
1332
1239
1160
1522
1406
1508
1735
2230
1691
1414
1446
1648
2024
1384
1330
1996
1768
1202
1344
1139
1412
1398
1869
1048
1262
1602
1526
1637
1483
1528
1547
979
1202
1199
1742
1422
1263
1676
1572
1012
1444
1263
1235
1480
1569
1573
1233
1349
1677
1861
1590
1171
2004
1313
1979
1730
1479
1146
1744
1676
1691
1286
1190
1310
1533
1319
1671
1178
1133
1685
1864
1278
1825
1380
1333
1377
1882
1567
1158
1545
1560
1178
1984
1298
1357
1550
1493
1196
1466
1433
1513
1114
957
1369
1831
1453
1636
1645
1285
1303
1635
1718
2142
1135
1148
2117
946
1724
1485
1366
1531
1529
1719
1567
2034
1231
1217
1565
2074
1429
1240
1680
1339
1262
1792
1274
1260
1577
1177
1858
1244
1443
1393
1154
1164
1597
1349
1416
1508
1097
1336
1222
1627
1746
1063
1518
1065
1521
1429
1653
1424
1653
1132
1433
1819
1797
1156
2701
1397
1448
1397
1654
1118
1281
1193
1046
1844
1090
1472
1575
2109
1277
1213
1106
1511
1701
1084
1699
1562
1704
2625
1161
1333
3147
1449
1289
1307
1190
1439
1129
1819
1313
1111
1427
1085
1829
1444
1309
1259
1483
1335
1317
1759
1284
1802
1527
1027
1301
1222
2015
1447
1514
1338
1586
1396
1300
1469
1298
1047
1941
1516
1180
1692
1462
1293
1340
1649
1399
2049
1062
1493
1559
1269
1318
1097
1482
1277
1790
1433
1449
1233
1381
1863
1290
1276
1855
1610
1592
1137
1277
936
1465
1482
1370
1138
1225
1248
1287
1441
1317
2348
1462
1249
1695
1416
1958
1003
1358
1584
1345
1098
1281
1706
1895
1367
1352
1248
1357
1789
1471
1221
1217
1879
1808
1361
1463
1457
1326
1474
1403
1343
1439
1271
1344
1655
1229
1393
1135
1402
1523
1302
1310
1089
1201
1794
1321
1127
1189
1088
1631
1790
1100
2024
1309
1127
1372
1344
1193
1473
1547
1846
1500
1060
1512
1213
1220
1574
1196
1916
1529
1538
1772
1076
1131
1834
1565
1492
1340
1465
1666
1553
1427
1387
1564
1227
1843
1402
1523
1674
1100
1273
1350
1293
1400
2247
1288
1228
1388
1441
1320
1399
1356
1383
1767
1430
1137
1339
1471
1309
1580
1441
1278
1275
1193
1517
1544
1046
1037
1344
1526
1320
1510
1340
1926
1525
1887
1637
1303
1164
1416
1404
1752
1730
1296
1727
1531
1165
1469
1321
1582
1264
1478
1484
1329
1445
1706
1498
1490
1088
1396
2347
1590
1432
1511
1365
1695
1204
1384
1675
1435
1467
1759
1251
1380
1768
1339
1405
1136
1129
1511
1352
1071
1416
1044
1400
1211
1485
1294
2133
1488
1238
1151
1752
1388
1218
1436
1276
983
1614
1053
2080
1384
1351
1261
1507
1539
1501
1237
1235
1579
1412
1872
1395
1762
1249
1732
1551
1223
1194
1479
1543
2256
1635
1171
1373
1746
1324
1271
1763
1735
1742
1658
1540
1670
1709
1167
1279
1475
1460
1333
1451
1278
1681
1326
1171
1309
2014
1499
1279
1422
1353
1487
1516
1574
1577
1259
1352
1449
1561
1245
2058
1418
1611
1464
1486
1500
1280
1448
940
1446
1413
1222
1055
1638
1780
1738
1661
2184
1112
1256
1375
1319
1741
1453
1183
1356
1177
1365
1812
1145
1309
1162
1568
2012
1873
1341
1209
1290
1217
1336
1173
1849
1449
1394
1684
1239
1423
1891
1328
1141
1247
1658
1508
1640
1879
1327
2124
1720
2256
1612
1196
1335
1314
1229
1915
1032
1136
1353
1160
1219
1219
2033
1321
1903
1172
1622
1248
1541
1243
1518
1572
1751
1193
1206
1172
993
1375
1935
1206
1297
1271
1867
1666
2119
1561
1731
1127
1449
1093
1671
1358
1214
1359
1316
1718
1722
1340
2023
1383
1099
1579
1414
1875
1383
1456
1244
1392
1121
2504
1411
1764
1679
1500
1746
1692
1739
2133
1398
1561
1471
1603
1338
1076
2124
1318
1382
1580
1328
1207
1699
1343
1596
1246
1455
1790
1834
1180
1465
1626
1584
1498
1439
1424
1396
1813
1411
1449
1308
1992
2940
1601
1551
1001
1374
1264
1453
1757
1263
1466
1157
1711
1436
1462
1120
1320
1501
1574
1534
1277
1232
1487
1114
1485
1338
1631
1524
1352
1501
1774
1862
1302
1987
1289
1833
1207
1238
1549
1667
1354
1563
1332
1745
1542
1743
1186
1488
1262
1590
1731
1180
1420
1192
2077
2237
1878
1122
1213
1471
1500
1537
1563
1357
1324
1294
1060
1048
1470
1617
1033
1393
1477
1431
1787
1571
1552
1332
1857
1938
1260
1212
1728
1505
1636
1207
1929
1912
1316
1986
1302
1560
2170
1761
2216
1557
2045
1935
1859
1488
1075
1674
1510
1239
1282
2120
1658
1676
2074
1584
1371
1458
1305
1050
1599
2003
1433
2319
1421
1157
1466
1518
989
1395
1442
1471
1548
1116
1489
1576
1475
1223
2040
1708
1235
1960
1647
1027
1154
1332
2019
1497
1472
1467
1514
1164
2101
1722
1318
1291
1097
1512
1318
1337
1944
1245
1519
1113
1146
1204
1590
1486
1390
1290
1993
1715
1337
1209
1497
1407
1490
1782
1328
1664
1436
1374
1729
1787
1316
1646
1282
1275
1771
1370
1232
1411
1460
1740
1638
1375
1990
1438
1342
1400
1188
1206
1402
1581
1044
1183
1833
1200
1215
1128
1157
1234
2155
1223
1275
1228
1798
1357
1275
1431
1525
1535
1299
1619
1298
2019
1086
1473
1305
1396
1699
1290
1284
1180
1492
1491
1703
1326
1877
1561
2087
1507
1623
1957
1050
1341
1675
1532
1322
1624
2228
1291
1534
2442
1453
1323
1433
1188
2021
1414
1193
1196
1204
1462
1402
1033
1180
1851
1156
1837
1273
1473
1555
1553
1482
1306
1751
1192
1177
1428
1779
1416
1188
1235
1310
1239
1386
1613
1997
1208
1328
1317
1128
1493
1193
1319
2401
1599
1741
1497
1386
1814
1561
1223
1325
1389
1696
1963
1749
1135
1501
1903
1253
2227
1819
1468
1247
1171
1164
1323
2012
1271
1120
1502
1470
1196
1813
1116
1148
1272
1049
1595
1836
1696
1728
1721
2052
2038
1399
1542
1449
1570
1454
1517
1604
1863
1810
1400
1315
1271
1583
1806
1162
1899
1273
2054
1379
1023
1513
1255
1819
1727
1482
2148
1580
1360
1596
1798
1433
1464
1582
1364
1671
1395
1954
1106
1302
1752
2014
1519
1417
1617
1512
1250
1398
1195
2072
1639
1591
1335
1372
1944
1254
2081
1435
1802
1776
1993
1326
1344
1415
1250
1479
1520
1611
1362
1317
1614
1410
1187
1193
1553
1114
1316
1433
1595
1068
1212
1361
1803
1237
1026
1413
1619
1496
1151
1350
1390
1372
1953
1990
1745
1569
1169
2061
1072
1659
1091
1900
1195
1297
1360
2638
1485
1205
1490
1312
1184
1989
1420
1137
1101
1969
1220
1434
1565
1109
1380
1559
1192
2155
1657
1657
1223
1272
1057
1496
1801
1415
1466
1568
1311
1167
1129
1731
1201
1372
1351
1315
1006
1714
1414
1131
1411
1979
1612
1719
1152
1344
1626
1479
1541
1066
1424
1292
1564
1091
1479
1225
1595
1441
1847
1807
1324
1357
1446
1673
1522
1333
1558
1446
1183
1490
1145
992
1230
1882
1434
1287
1325
1555
1406
1804
1559
1085
1714
948
1289
1385
1653
2044
1659
1883
1085
1293
1813
1149
1623
1160
1292
1854
1314
1600
1180
1707
1403
1267
1438
2092
1291
1423
1613
1390
1112
1434
1165
1621
1504
1623
1508
1468
1531
1475
1609
1281
1756
1236
1878
1697
1741
1915
2509
1091
1296
1800
1137
1372
1577
1473
1781
1372
1137
1554
1629
1237
2606
1205
1556
1381
1372
1152
1635
1096
1814
1470
1368
1169
1208
1122
1160
1169
1571
1068
1551
1063
1605
1469
1373
1346
1254
2473
1162
1223
1311
1573
1741
1469
1474
1388
1273
1679
1845
1110
1454
1572
1136
1284
1813
1686
1253
1286
1469
1520
1481
1200
1544
1796
1254
1442
1453
1551
1354
2301
1131
1277
1383
1842
1326
1517
1597
1387
1426
1087
1343
1017
1666
1193
1171
1781
1379
1281
1782
1351
1081
1711
1530
1794
1544
1234
1646
1580
1062
1663
1263
1521
984
2206
1212
1525
2121
1651
2075
2345
1477
1443
1217
1289
1215
1563
1259
1728
1337
1036
1636
1308
1508
1456
1629
1290
1523
1151
1408
1936
1957
1387
1153
1398
1750
1460
1672
1355
1722
1383
1302
1689
1188
1311
1339
1449
1215
1478
1839
1378
1900
1061
1238
1280
1335
1204
1460
1448
1255
1264
1058
1717
1213
2011
1520
1282
1251
1554
1595
1098
1128
1336
1203
1672
1066
1502
1503
1327
1359
1435
1655
1316
1527
1641
1618
1647
1432
1025
2190
1478
1332
1579
1178
1362
1215
1835
1859
1475
975
1436
1227
1607
1168
1765
1423
1613
1434
1242
1273
1183
1252
1742
2151
1227
1438
1270
1368
1383
1849
1377
1010
1357
1349
1233
1202
1807
1184
1215
1422
1295
1247
1313
1685
1789
1447
1212
1376
1382
1509
1246
1490
1612
1209
1376
1737
1209
1313
1633
1250
1422
1231
1353
1564
1151
1938
1574
1188
1621
1498
1709
1482
1296
1191
1216
1570
1469
1187
1120
1337
1132
2045
2213
1483
1323
1317
1669
1911
1711
1575
1689
1457
1273
1351
1193
1439
1282
1227
1555
1460
1298
1433
1132
1190
1283
1735
1388
1581
1605
1323
1134
1638
1279
1542
1230
1234
1702
1818
1318
1344
1489
1567
1170
1275
1293
1010
1123
1474
1802
1064
1362
1202
1643
1458
1587
1297
1675
1496
1193
1421
1477
1320
1307
2602
1498
1399
1510
1543
1299
1546
1425
1172
1152
1730
1936
1567
1370
1627
1502
2163
1546
1635
1373
1715
1720
1328
1059
1374
1425
1658
1760
1748
1435
1058
1134
1649
1430
1296
1526
1928
1111
1476
1428
1333
1154
1374
1658
1275
1243
2011
1731
1439
1941
1905
1592
1218
1352
1648
1115
1915
1614
1787
978
1875
1708
1912
1460
1521
1586
1441
1674
1689
1536
1281
1337
1172
1659
1838
1340
1596
1206
1153
1340
1181
1525
1735
1850
1452
1258
1206
1804
1536
1734
1611
1552
1577
1322
1013
1352
1554
1366
1501
1069
1376
1304
1236
1531
1414
1186
1557
1124
1340
1451
1254
1396
1510
1297
1453
1284
2055
1506
1520
1616
1271
1730
1485
1407
1286
1563
1296
1124
1298
1803
1683
1710
1955
1504
1486
1522
1237
1524
1876
1649
1918
1452
1496
2472
1108
1340
1695
1988
1895
1343
1379
1809
1503
1331
1250
1224
1324
1729
1454
1447
1391
1342
1183
1657
1204
1365
1566
1226
1465
1383
1430
1698
1417
1231
1503
1422
1719
1556
1873
1653
1369
1555
1543
1513
1310
1261
1207
2142
1319
1427
1624
1468
1186
2187
1884
1385
1382
1732
941
1264
1379
1352
1477
1140
1236
1296
1649
1255
1411
1212
1745
1516
1761
1406
2406
2092
1533
1433
1894
1642
1274
1167
1338
1441
1229
1078
1552
2473
1264
1362
1943
2068
1768
1545
1157
1282
1711
1320
1238
1264
1359
1233
1079
1086
1418
1126
1285
2171
1445
1367
1646
1359
1733
2362
1110
2025
1926
1616
1503
1359
1142
1368
1601
1280
1651
1197
1558
2355
1851
1017
1310
2787
2362
1307
1470
1080
1162
1367
1600
985
1192
1634
1314
1433
1285
1811
1205
1562
1292
1900
1852
1822
1071
1790
2033
1273
1389
1551
1720
1663
1650
1723
1141
1342
1008
1255
1702
1259
1069
1447
1218
1376
1247
1411
1332
1366
1314
1170
1636
1494
1132
1771
1703
1482
1422
1214
1375
1471
1886
1392
1288
1282
1140
1640
1507
1648
1632
1629
1453
2128
1420
1220
1361
2168
1038
1232
1358
1566
1321
1487
1650
1503
1577
2630
2240
1823
2016
1477
1288
1749
1324
1116
1227
1250
1262
1395
1641
1282
1513
1129
1224
1381
1416
1560
1621
1331
1380
2027
1088
1519
1052
1764
1711
1123
1523
1051
1376
2078
1315
1132
2057
1790
965
1504
1815
1143
1575
1360
1029
1365
1793
1622
2310
1329
973
1465
1564
1296
1559
1884
1261
1307
1178
1370
1558
1306
1456
2066
1175
1893
1909
1691
1458
1233
1335
1351
1262
1448
1454
1420
1203
1253
1011
1416
1702
1468
1471
1253
1436
1473
1687
1723
1543
1670
1352
1307
1668
1844
1402
1415
1465
1589
1282
2374
1342
1552
1493
1539
1244
1063
1644
1311
1236
1465
1224
1440
1541
1204
1227
1162
1221
2308
2234
1694
1098
1782
1430
1377
1756
1159
1433
1222
1685
1395
1720
1564
1640
1837
1101
2118
2179
1957
1499
1311
1229
1486
1512
1166
1047
1866
1196
1270
1451
1344
1294
1443
1967
1512
1351
1271
1818
1235
1470
1052
1199
1858
1440
1521
1818
1700
1219
2075
1250
1284
2788
1092
1421
1106
923
1599
1623
1413
1564
1110
1163
2100
1725
1003
1163
1242
2153
1488
2349
1652
1226
1271
1634
1800
1434
1313
1313
2147
1312
1380
1138
1842
1256
1277
1437
1204
1879
1310
1896
1134
1410
1509
2420
2747
2010
1992
1614
1201
1278
1672
1652
1660
1421
1833
1400
1140
1245
1701
1378
1115
1179
2625
1548
1830
1299
1555
1415
1300
1759
1714
1273
1345
1335
1399
1359
1709
1586
1364
1960
1997
2078
1721
1384
1519
1220
1306
2162
1180
1873
1588
1565
1516
1694
1059
1717
1408
2467
1306
1225
1642
1604
2694
1136
1241
2178
1219
1098
1209
1292
2001
1116
1764
1670
1409
1924
1476
1672
1390
1411
1206
1941
1148
1074
1378
1654
1363
1465
1444
1026
1055
1163
1316
1417
1169
1586
1312
1062
1942
1253
1346
1371
1374
1317
1554
1292
1154
1502
1256
1229
1388
2002
1488
1310
1469
1448
1811
1361
1322
1402
1452
1214
1251
2331
1019
1252
1405
2288
1609
1154
2114
2173
1631
1357
1375
1400
1420
1811
1605
1780
1574
1699
1901
1212
1237
1334
1442
2036
1615
1608
1279
1332
1448
1459
2282
1501
1404
1006
1817
1701
1413
1532
1148
1549
1595
2012
1537
1914
1926
1180
1679
1919
1202
1419
1249
1684
1471
1210
1585
1187
1415
1362
1465
1456
1099
1766
1317
1339
1300
1279
1439
1251
1353
1388
1679
1519
1141
1024
2377
1377
2011
1206
1200
1770
2865
1622
1529
1289
1017
1308
1320
1177
1416
1325
1142
1166
1334
1476
1390
1380
1746
1616
1515
1305
1395
1086
1046
1153
1305
2058
1477
1653
1278
1169
1296
1237
1801
1280
1348
1483
1599
1069
1422
1509
1539
1533
1315
1387
1856
1568
1619
1334
1751
1436
1869
2816
1501
2033
1360
2057
1387
1947
1633
1216
1364
1183
1263
1363
1658
1332
1517
1717
1010
1643
1107
1587
2016
1524
1494
1162
1035
1101
1066
1457
1518
1470
1477
950
1509
1336
1216
1276
1460
1264
1410
1606
1984
1819
1412
1798
1569
1771
1636
1569
1550
1108
1374
1616
1362
1467
1975
1125
1718
1586
2129
1132
1815
1436
1669
1381
1466
1219
1302
1871
1258
1439
1405
1452
1681
1121
1444
1441
1646
1267
1442
1218
1146
1277
1514
1671
1159
1720
1728
1270
1503
1605
1287
1075
1394
1233
1385
1456
1246
1375
1544
1114
1589
1327
1452
1978
1103
1439
1062
1188
1432
1288
1291
1322
1670
1873
1870
1655
2336
1387
1345
1192
1444
1430
1518
1244
1468
1328
1210
1228
1442
1247
1438
1442
1216
1404
1476
2398
1120
1336
1769
1333
1608
1246
1275
1097
1374
1928
1834
1281
1333
1092
1150
1249
1281
1559
1808
1244
1760
1982
1414
1941
1006
1219
1352
3581
1628
1144
1100
1475
1306
1399
1202
1358
1575
1589
1985
1318
1837
1480
1237
1670
2070
1558
1235
1349
1688
1415
1930
1977
1369
1252
1307
1566
1124
1531
1509
1216
1574
1228
2042
1535
1129
1156
1369
1728
1524
1264
1544
2039
2612
1238
1964
1137
1542
1617
2209
2044
1278
1704
1281
1484
1692
1455
1219
2104
1427
1792
1185
1343
1306
1392
1450
1235
1167
2235
1516
1472
1472
1502
938
1124
1344
1424
1495
1307
1922
1423
1276
1079
1385
1974
1253
1594
1432
1341
1174
1507
1084
1317
1776
1415
2245
1342
1071
1619
1336
1520
1615
1169
1354
1015
1436
1278
1666
1118
1174
1248
1386
1252
1364
1517
1444
1347
1226
1371
1290
1333
1316
1005
1834
1051
1403
1322
1360
1370
1472
1241
1242
1468
1726
1016
1307
1343
1210
2192
1626
1590
1918
1047
1472
1196
1432
1469
1574
2295
1280
1418
966
1587
1473
1323
1366
1389
1419
1479
1750
1399
1337
1698
1558
1291
1635
1429
1737
1438
1856
1152
1927
1409
1357
1435
1393
1192
1911
1434
1928
1342
1260
1271
1535
1355
1215
1286
942
1900
1512
1274
2049
1923
2031
1144
1337
1062
1226
2023
1393
1500
1534
1451
1089
1206
1294
1109
1336
1260
1323
1476
1320
1947
1374
1367
1311
1977
1490
1431
1393
2086
1310
1260
1430
1564
1471
1483
1424
2177
1302
1289
1272
1183
1432
1601
1201
1213
1512
1357
1639
1400
1319
1856
1380
1554
1301
1279
1840
1470
1229
1043
1330
1002
1404
1525
1023
1466
1640
1112
1383
1491
1465
1528
1818
1878
1110
1227
1061
1275
1161
1376
1228
1435
1698
1571
1736
1277
1285
1053
1474
1115
1440
1854
1743
1694
1508
1780
1240
1893
942
1284
1221
1121
1310
1799
1035
1507
1244
1564
1763
1173
1267
1330
1935
1157
1426
1573
1013
1410
1405
1168
1190
1545
1706
1169
1567
1177
1441
1258
2488
1874
1145
1310
1447
1519
1500
2059
1471
1515
1428
1379
1791
1468
1334
1368
1167
1352
1199
2553
1688
1211
1311
1680
2029
1112
1089
1532
1209
2059
1645
1393
1550
1219
1407
1299
1433
1099
1558
1621
1166
1627
1507
1256
1828
1733
1464
1453
1297
1386
1351
1375
1578
1417
1414
1554
1419
1590
1372
1289
1792
1393
1643
1998
1634
1364
1008
1486
1306
1427
1282
1802
1206
1980
1467
1249
2667
1358
1238
1181
1511
2486
1198
1298
2147
2122
1574
1486
1685
1033
1084
1231
1781
1322
1038
1039
1348
1271
1438
1373
1278
1362
1217
2044
1671
2505
2056
1378
1342
1283
1452
1129
1794
1398
1357
1238
1493
1591
1178
1587
1552
1638
1294
1377
1271
1363
1299
1304
1355
1600
1219
1481
1386
1445
1180
1470
1761
1357
1360
2081
1623
1140
1068
1596
1545
1626
1419
1158
1811
1275
1309
1439
1897
1351
1306
1432
1297
1456
1257
1314
1984
1131
1650
1437
1859
1392
1440
1385
1284
1408
1056
1469
1328
1639
1341
1251
1408
1420
1502
1287
1213
1539
1144
1545
1334
1030
1291
1491
1516
1578
1237
1540
1949
1546
1117
1779
1239
1142
1077
1222
1505
1529
1616
1405
1247
1572
1685
1718
1511
1382
1185
1463
1462
1792
2205
1290
1364
1408
1399
1566
1455
1304
1360
1181
1563
1306
1460
1231
1115
1365
1304
1696
1268
1495
1144
1762
1494
1315
1809
1385
1076
1602
1759
1521
1419
1465
1156
1331
1542
1802
1425
1203
1591
1311
1335
1397
1437
1884
1550
1362
1627
2755
1255
2280
1239
982
1256
1486
1306
2274
1724
1148
1204
1446
1360
1803
1258
1430
1525
1752
1315
2274
1031
1441
1664
1553
1176
1445
2001
1724
1354
1261
1069
1617
1711
1430
1210
1943
1234
1539
1432
1581
1765
1327
1279
2066
2195
2021
1605
1826
1725
1557
1316
1531
1325
1524
1295
1338
2258
1159
1161
1496
1474
1690
1379
1635
1348
2027
1188
1227
1668
1764
1465
1728
1241
1995
1605
2150
1540
1530
1260
2078
1746
1402
1342
1449
1441
2580
1452
1140
1550
1796
1209
1598
1363
1579
1269
1584
1590
1064
1623
1215
1973
1504
1161
1292
1120
1346
1456
1449
1780
1481
1459
1588
1588
1201
1521
1182
1394
1578
1105
2093
1456
1498
1324
1441
1627
1496
1318
1086
2666
2073
1579
1523
1794
1572
1874
1663
1734
1205
1431
1397
1204
1440
1271
1862
1804
1738
1138
1387
1923
1200
1487
1453
1107
2375
1732
1556
1336
1408
1583
2339
2895
1750
1414
1338
1348
1651
1215
1108
1378
1491
1196
1254
1649
1746
1124
1430
1018
1216
1350
1380
1140
1929
1300
1732
1344
1386
1312
1259
1352
1221
1113
1162
1264
1526
1607
1844
1164
1002
1287
1187
1419
1949
1355
1272
1644
1541
1101
1197
1247
1018
1134
1589
1125
1570
1071
1469
1473
1902
1461
1949
1178
1157
1773
1305
1471
1445
1224
1589
1877
1586
1595
1806
1548
1446
1113
1739
1299
1129
1065
1359
1171
1020
1436
1546
1403
1511
2135
1423
1697
1651
1413
1576
1546
1115
1164
1626
1347
1462
1258
1267
1290
1307
1677
1479
1063
1516
1817
1197
1413
1271
1165
1911
1229
1310
1407
1407
1853
1297
1586
1419
1331
1501
1135
1595
1333
1732
1161
2007
1667
2053
1435
1565
1433
1555
1083
1321
1390
1734
1901
1394
1920
1278
1223
1676
1490
1221
1556
1598
1421
1739
1339
1679
1577
1267
1323
1671
1853
1643
1579
1539
1271
1416
1836
996
1764
2006
1038
1516
1368
1614
1419
1533
1246
1551
1122
1625
1675
1098
1480
1456
1025
1259
1337
1295
1304
1419
2246
1567
1242
1499
1113
1825
1191
1842
1522
1148
1206
1066
1068
1108
1154
980
1361
1699
1545
1158
1736
1545
1358
1380
1174
1770
1492
1913
1445
1696
1354
1502
1181
1374
1637
1697
1529
1121
1974
1248
1750
1593
2641
1461
1346
1174
1807
1388
1544
1436
1520
2184
1884
1332
1326
1341
1243
1024
1497
1978
2498
1341
1435
1285
1980
2428
1211
1293
1343
1608
1352
1392
1585
1094
1413
1525
1082
1197
1093
1943
1738
1146
1710
1485
1127
1176
1053
1959
1744
1340
1602
1695
1246
1506
1117
1404
1354
1439
1354
1439
1400
1335
2301
1312
1474
1199
1120
1274
1282
1422
1390
1342
1598
1297
2267
1396
1310
1520
1710
1909
1242
1444
1909
1155
1416
1286
1504
1833
1552
1596
1156
1145
1844
1276
1828
1281
1410
1163
1286
1684
1204
1316
1266
1283
1332
1710
1346
1450
1192
1623
1771
2174
1810
1078
1401
1382
1286
1462
1643
1458
1530
1291
1583
1886
1493
1954
1392
1489
1430
1512
1275
1868
1124
1370
1224
1287
1912
1270
1372
1361
1262
1878
1746
1706
1724
1578
2019
1387
1683
985
1301
1474
1243
1689
1144
2132
1523
1181
1838
1271
1563
1143
1162
1310
995
1754
2571
1475
1649
1042
1259
1297
1871
1298
1249
1596
1221
1893
1283
1118
1709
1273
1416
1405
1030
1939
1589
1509
2452
1034
1393
1634
1465
1166
1231
1263
1314
1557
1551
1190
1864
1237
1323
1334
1279
1687
1356
1564
1664
1738
1570
1525
1489
1295
1310
1779
1335
1586
1246
1595
1238
1171
1603
1220
1659
1440
1255
1507
1945
1324
1272
1245
1359
1554
3301
1491
1247
2094
1213
1260
1191
1643
1204
1537
2233
1284
1651
1456
1489
2168
1741
1048
1678
1205
1178
1319
1576
1727
1721
1157
1893
1394
1952
1120
1444
1119
1640
1458
1354
1938
1776
1575
1941
1702
1257
2036
1759
1519
1320
1036
1718
1414
2343
1383
2485
2562
1485
1634
1772
1586
1189
1417
1225
1431
1479
1342
1816
1316
1673
990
1264
1375
1970
1168
1222
1284
1187
1725
1256
1208
1364
1794
1369
1464
1176
1260
1126
1790
1713
1238
1784
1632
1131
1180
1499
1816
1590
2144
1421
1728
1234
1289
1241
1147
1194
1217
1318
1520
2032
1165
1402
1899
1501
1279
1662
1533
2120
1705
2070
1123
1724
1344
1683
1155
2773
1179
1676
1318
1704
1456
1731
1726
1136
1670
1618
2252
1388
1277
1872
1576
1185
1512
1421
1404
1392
1335
1154
1070
1735
1173
1296
1891
1125
1346
1221
1320
1204
2016
1706
1970
1372
1415
1291
1901
1434
1136
1142
1632
1471
979
1294
1688
1310
1346
1202
2000
1269
1499
1518
1454
1755
1574
1309
1083
1276
1454
1481
1510
1535
1472
1877
1195
1276
1712
1445
1220
1323
1246
1878
1904
1516
2032
1524
1006
1150
1905
1550
1363
1224
1248
1326
2197
1520
1183
1446
1736
1556
1299
1558
1307
1402
1793
1310
1843
1220
958
1506
1703
1591
1288
1162
1527
1089
995
1153
1386
1140
1548
1993
1106
1785
2072
2195
1112
1720
1042
1121
1309
1388
1556
1389
1983
1617
1433
1450
1391
1771
1301
1629
947
1268
1358
1434
1126
1334
1258
1946
1926
1403
2073
2503
1622
1629
1170
1475
2334
1222
1884
1103
1278
1222
1800
2003
1212
1590
1235
983
1395
1408
1588
1475
1688
1765
1421
1444
1644
1818
1098
1284
1627
2009
1233
1199
1206
1560
1487
2177
1306
1403
1110
1891
1367
1627
1043
1539
1256
1493
994
1676
1146
1643
2294
1212
2404
1423
1615
1547
2086
1092
1267
2029
1327
1341
1385
1558
1631
1306
1803
1380
1130
2414
1726
1190
1413
1783
1664
2119
1315
2053
1452
1545
1176
1859
1404
1246
1518
1717
1668
1140
1392
1299
1751
2665
1195
1195
2495
1193
2081
2045
1580
1578
1673
1130
1240
1281
1497
1442
1260
1526
1211
1804
1626
1671
2305
1212
1369
1447
1251
1101
2192
1096
1318
1513
1318
1141
2181
1740
1245
1747
1411
1074
1500
1973
1390
1753
1715
1537
1876
1193
1480
1639
1642
1762
1317
1443
1967
1168
1287
1224
1356
1513
1758
1675
1264
1284
1216
1367
2662
1419
1731
1187
1717
1748
1718
1520
1266
1518
1359
1402
1194
1900
1785
1468
1243
1216
1395
1508
1191
1773
1241
1469
1248
1537
1368
1235
1414
1213
1335
2016
1548
1460
1771
1353
1209
1009
1829
1732
1323
1322
1503
1105
1788
959
1243
1458
2271
1646
1341
1632
1350
827
1292
1443
1459
1379
1249
2090
1792
1229
1105
1398
2463
1270
1501
1301
1799
1383
1554
1593
1317
1013
1641
1419
1451
1515
1129
1242
1641
1296
1295
1650
1454
1125
1567
1238
1678
1425
1320
1842
1191
1562
1628
1437
1696
1268
1122
1390
1355
1681
1439
1727
1195
1540
1669
1578
1279
1595
1422
1485
1095
1675
1067
1075
1483
1989
2303
1272
1271
1296
1612
1942
1365
1236
1224
1304
2457
1228
1329
1632
1379
1744
1184
1122
1468
2024
1409
1448
1735
1494
1081
1319
1501
1836
1214
1426
1620
1378
1292
1349
1174
1148
1802
1524
1401
1196
1891
1289
1307
1641
1071
1894
1834
1179
1260
1498
1540
1720
1395
1610
1833
1188
1356
2055
1437
2342
1455
1671
1750
1446
1202
1197
1482
1387
1587
1765
1413
1548
1257
1042
1415
1357
1485
2203
1499
1213
1653
1881
1304
1403
1255
1667
1486
1188
1276
1385
1710
1529
1115
1975
1249
1016
1754
1475
1837
1593
1138
1285
1403
1357
1070
1428
1417
1141
1943
1121
1502
1197
1130
1798
1378
1513
1324
1210
1108
1327
1261
1680
1613
1507
1540
1189
1083
1522
1590
1552
1648
1710
1778
1383
1154
1213
1799
2632
1240
1264
1159
1439
1679
1283
1782
1381
1361
1029
1338
1985
1528
1531
2322
1380
1676
1824
1495
1247
1298
1230
1877
1169
1363
1305
1131
2130
1609
1633
1652
1340
1574
1027
1384
1318
1246
1392
1281
1221
1611
1897
1811
1923
1337
1302
1625
1804
1149
1646
1459
1223
1854
1637
1159
1700
1467
1440
1716
1173
1161
1539
1293
2070
2056
1876
1570
1471
1426
1370
1489
1372
1235
1355
1510
1380
1521
1221
1279
1861
1572
1299
1633
1329
1824
1326
1316
1787
1187
1620
1241
1461
1230
1633
1184
1533
1947
1912
1040
1275
1009
1269
1414
1084
1048
1507
1085
1432
1278
1295
1350
1331
1562
1281
1363
1812
1515
1250
1252
1213
1378
1420
1467
1574
1424
2091
1205
2261
1864
1358
1171
1508
1322
1537
1140
1562
1494
2311
1496
1532
1690
1881
1612
1387
1051
1154
1420
1289
1016
1853
1327
1240
1400
1689
1480
1752
1384
1310
1120
1614
1539
1226
1208
1650
1210
969
1275
1324
1452
1867
1760
1383
1338
1568
1298
2262
1291
1823
1607
1241
1218
1371
1663
1233
1553
1550
1141
1341
1859
1571
1502
1597
1936
1485
1364
1749
1883
2214
2175
1655
1702
1659
1956
2339
1279
1030
2095
2045
1658
1778
2033
1686
1420
1237
1563
1311
1513
1419
1188
1453
1557
1474
1405
1136
1354
1220
1206
1595
1120
1955
1472
1353
1366
1341
1600
2578
1379
1118
1452
2050
1255
1467
1415
2269
1623
1304
2300
1391
1425
1442
1446
1776
1954
1405
1718
1490
1575
1269
1361
1057
1491
1579
1246
1490
1507
1211
1326
1682
1249
1624
1797
1201
1376
1036
2006
2165
1434
2228
1512
1370
1193
1515
1129
1402
1264
1767
1358
1406
1619
1722
1312
1536
1385
1345
1042
1517
1562
1412
1432
1003
1410
1368
1794
1327
1312
1234
1601
1984
1798
1337
1250
1214
1167
1395
1344
1637
2080
1264
1447
1139
1931
1257
1000
1652
1025
1845
1729
1194
1219
1303
1404
1755
1886
1537
1354
1226
1271
1275
1209
1151
1218
1319
1870
1137
991
1525
1123
1581
1153
1262
1472
1121
1181
1203
1248
1667
1285
1393
1888
1612
1138
1617
1454
1595
1944
1419
1558
1640
1092
1547
1941
1036
2243
1260
1340
2103
1568
1429
1328
1343
1940
1741
1504
1541
1287
2383
3001
1249
1393
1440
1635
1573
1312
2325
1772
1413
1319
1453
928
2160
1943
1565
1272
1921
1720
1633
1266
1322
1386
1160
1252
1763
1748
1157
1812
1246
1141
1329
1143
1442
1565
1351
1376
1174
1304
1032
1518
1179
1207
1684
1373
2140
1952
1115
1957
1520
1484
1148
1602
1893
1214
1298
1538
2658
1431
1091
1294
1246
1143
1585
1532
2287
1757
1289
1151
1458
1475
1311
1174
1824
1336
1126
1946
1265
1618
1431
1660
1466
1522
2075
1044
1291
1191
1777
1266
1340
1772
1765
1396
1895
1457
1829
1377
1491
1528
2147
1439
1609
1610
1257
1657
1764
1525
1685
2404
2079
1734
1423
1585
1701
1374
1619
1727
1585
2200
2041
1556
1952
1387
1418
1253
1526
1772
1419
1515
1598
1856
1532
1787
1776
1459
2091
1327
1328
1311
1755
1378
1592
1083
1191
1330
1231
1424
1199
1617
1413
1066
1344
1288
1457
1589
1358
1321
1132
1052
1175
1500
1337
1781
1484
1377
1351
1186
1410
1367
1572
2095
1524
1353
1636
1415
1162
1307
1445
1216
1214
1342
1348
1398
966
1216
1383
1094
1358
1533
1248
1139
1972
1732
1521
1241
1671
1210
1515
1489
1298
1366
1313
1122
1200
1056
1480
1670
1777
1617
1238
2067
1533
1210
1863
1712
1581
1406
1638
1344
1395
1173
1375
1076
1333
1194
1297
1890
1360
1213
1585
1207
2223
1192
1315
1939
1496
1531
1407
1563
1240
1317
1632
2116
1642
1539
1206
1344
1706
2183
1871
2216
1615
1277
1392
1348
1477
1754
1419
1468
1230
1590
1303
1145
1411
1120
1168
2022
1586
1202
1439
1446
1557
1647
1510
1681
1547
1446
1437
1191
1347
1713
1214
1594
1442
1392
1463
1205
1266
1315
1360
1578
1645
1282
1528
1537
1858
1971
1907
1246
1572
1276
1034
1099
1435
1217
2357
1330
1815
1092
1323
1909
1781
1547
1204
1145
1868
2165
1840
1185
2415
1584
1963
1505
1782
1331
1535
1145
1403
1260
1186
1301
1339
1485
1521
1731
1615
1486
1514
1042
1092
1389
1692
1030
1713
1510
1691
1449
1448
1858
1608
1232
1359
1309
1677
1207
1528
1444
1069
1343
1415
1526
1326
1587
1523
1561
1529
1376
1324
1576
2140
1611
1294
1358
1536
1330
1509
1461
1773
1765
1504
1732
2167
1318
1130
1698
1149
1329
1774
1382
1378
1425
1801
1213
1721
1248
1676
1590
1630
1837
1220
1336
1591
1484
1619
1554
1908
1243
1497
1285
1502
1495
1315
1328
1641
1039
1730
1991
1352
1647
1082
1275
1289
1324
1342
1345
1760
1651
1251
1461
1449
1720
1333
1531
1375
985
2286
1457
1068
2126
1432
1533
1812
1120
1424
1508
1291
915
1569
1312
1151
1486
1657
1236
1658
1276
1130
1500
1661
1797
1089
1596
1266
1559
1141
1418
1321
1053
1134
1453
1576
1096
1175
1624
1039
1374
1930
1218
1478
1316
1494
1136
1478
1356
1282
1070
1178
1397
1561
1849
1220
1806
1507
2165
1247
1545
1389
1660
1171
1297
1272
1319
1151
1557
1426
1386
1928
1490
1390
1060
1667
1290
1747
1702
1445
1279
1178
1536
1582
1433
1711
1359
1435
2041
1207
1857
1235
1303
2133
1415
1285
1719
1955
1536
2279
1315
1285
1033
1078
1443
1581
1141
1272
1353
1395
1621
1319
1418
1733
1538
1172
1411
2503
1552
1186
1255
1696
1203
1428
2132
1530
1390
1390
1443
1741
2032
1808
1088
1239
1087
1302
1332
1654
1333
1413
1710
915
1470
1180
1234
2062
1661
1427
1913
1673
1338
1305
1422
1278
1937
1132
1232
1585
1397
1604
1656
1367
1069
1365
1867
1942
1619
1378
1355
1331
1636
1592
2451
1296
1261
1233
1615
2039
1350
1161
1813
2295
1400
1098
1308
1475
1372
1742
1298
1202
1204
1600
2053
1434
1660
1481
2063
1301
1397
1687
1210
1473
1278
1285
1395
1256
1571
1434
1269
1255
1470
1416
1600
1077
1056
2370
1147
1420
1412
1185
1842
1754
1410
1541
1382
1421
1728
1482
1264
1600
1325
1931
1653
1347
1122
1749
1513
1208
1095
1075
1385
1203
1091
1497
1247
1694
1331
1488
1275
1700
1652
1449
1563
1487
1046
1284
1688
1357
1878
1648
1364
1337
1284
1409
1194
1123
1223
1693
1415
1544
1630
1272
1560
1294
1223
1508
1341
1075
1246
1738
1975
1734
1517
1207
1922
1935
1580
1775
1496
1704
1417
2186
1261
1639
1328
1065
1361
1230
1932
1233
1087
1312
1650
1099
1296
1899
1235
1431
1605
1286
1229
2156
1502
1396
1144
1553
1515
1449
1385
1336
1300
1140
1114
1456
1661
1256
1691
1321
1681
1723
1627
1866
1397
1210
1575
1453
1953
1447
1450
1186
1162
1142
1284
1087
975
1260
1621
1567
1711
1752
1120
1363
1224
1180
1186
1201
1241
1194
1108
1552
1766
1105
1660
1207
1463
1099
1187
1084
1849
1465
1469
1825
1502
1117
1258
1186
1392
1300
1011
1108
1387
1248
1652
1920
1414
1538
1296
1152
1130
1584
1796
1606
1311
2213
1759
1498
1491
1888
1651
1263
1467
1165
1279
1086
1382
1615
1893
1515
1273
1490
1608
1410
1888
1972
1388
1300
1626
1726
1380
1369
1238
1284
1466
1260
2115
1091
2734
1287
1195
971
1304
1263
1214
1706
1799
1594
1642
1529
1326
1170
1860
1073
1429
1190
2059
1940
1329
1801
1539
1112
1233
1582
1410
1957
1385
1043
1292
1216
1427
1630
1355
1358
1412
1610
1763
1402
1591
1418
1369
1186
1542
1937
1555
1206
1110
926
1377
1954
1307
1148
1190
1364
1693
1230
1441
1432
1562
1286
1191
1596
1996
1560
1238
1235
1493
1222
1391
1355
1111
1445
1678
2074
2094
1388
1331
1459
1182
1347
1519
1843
1360
1323
1931
1270
1422
1777
1443
1870
1321
1728
1315
1278
1357
1112
1476
1048
1533
1665
1657
2297
1357
1558
1330
2194
1239
1548
2038
1838
1493
1293
1497
2208
1027
1235
1201
2621
1426
1837
1482
1662
1625
1019
1189
1467
2000
1904
1138
1439
1079
1189
1710
1456
1129
1059
1227
1123
1488
999
1629
1736
1362
1324
1337
1240
1842
1394
1367
1776
1220
1092
1397
1439
1194
1830
1253
1360
1796
1534
1428
1390
1402
1422
1644
2161
1320
1146
1302
1691
1355
1196
1266
1579
1381
1389
1519
1605
969
1200
1472
1070
1434
1736
1417
1137
1347
2284
1617
1130
1786
1103
1150
1637
1615
1180
1091
1528
1580
1668
1493
1586
1441
1917
1248
1797
1297
2009
1331
1130
1293
1327
1543
1503
1575
1258
1309
1249
1226
1147
1337
1328
1427
1455
1588
1542
1632
1797
1137
1572
1397
1471
1807
1232
1522
2296
1357
1315
1292
1056
1327
1709
1350
1066
2101
1154
1943
1852
1338
1785
1193
1204
1193
1393
1848
1542
1452
1356
1569
2121
1142
1248
1290
1258
1326
1331
1653
1599
1795
1528
985
1585
1340
1601
1610
1471
1517
1700
1891
1514
1522
1294
1186
1136
942
1030
1262
1459
1281
1504
1824
1860
1546
1264
1161
1154
1699
1596
1178
1903
1507
2053
1389
1445
1669
1236
1608
946
1397
1240
1776
1062
1198
1403
1348
1636
1378
1422
1292
1622
3160
1097
1347
1145
1864
1750
1715
1136
1389
1543
1135
1672
1225
1966
1443
954
1555
1135
1440
994
1157
1601
1582
1558
1157
1164
1437
1273
1483
1429
1428
1912
2004
1515
1419
1237
1480
1342
1355
1054
1836
1161
1273
1586
1459
1314
1335
1144
1870
1655
1068
1328
1354
1546
1764
1184
1179
1337
1307
1323
1789
1409
1142
1658
1494
1209
1997
1498
2534
1637
1493
1432
1315
1293
1191
1453
1774
1218
1748
1296
1309
1383
1303
1463
2192
1198
1431
1323
1065
1416
1668
1596
1416
1570
1433
1715
1373
1176
1173
1319
1359
1949
1353
1357
1641
1372
1578
1739
1342
1421
1309
1261
1438
1410
1126
1305
1358
1930
1384
1692
1217
1992
1482
1609
1126
1215
1220
1162
1557
1433
1394
1186
1673
1542
1469
1363
1767
1353
1253
1459
1354
1538
1393
1382
1325
1052
1418
1456
1210
1413
1436
1036
1537
1548
1178
1764
1226
1237
1386
1570
1431
1927
1369
1446
2267
1780
1297
1143
1576
1271
1062
1211
1492
1544
1731
1535
1509
1585
1277
1233
2275
1429
1428
1543
956
1727
1366
1341
1580
1748
1474
1904
1599
1606
1894
1586
1292
2662
1529
1640
1591
1610
1349
1382
2110
1580
1537
1099
1321
1335
1224
1575
1211
1187
1672
1623
1621
1332
1838
1292
1433
1176
1453
1136
1481
1086
1071
1535
1197
1354
1657
1571
1482
1487
1379
1233
1314
1626
2103
2068
1904
1528
1482
1682
1064
1322
1393
1459
1625
1887
1763
1748
1233
1269
1331
1616
1885
1471
1784
1614
1979
1330
1314
975
1144
2144
1267
1527
1530
1649
1890
1471
1513
1284
1352
1368
1654
1599
1419
1201
1613
1413
1728
1281
1367
1290
1855
1100
1699
1626
1042
1489
1317
1472
1230
1473
1747
1330
1305
1590
1221
1246
1522
1164
1465
1598
2069
1315
1262
1689
1586
1716
1766
1467
1696
1082
1707
1290
1326
1121
1285
1609
1190
1141
1323
1506
1260
1692
1565
1518
1672
1681
1417
1320
1317
1045
1243
1202
1243
1220
1343
1397
1126
1549
1598
1216
1746
1789
1134
1032
1458
1340
1597
1302
1084
1304
1205
1447
1718
1144
1083
1388
998
1112
1110
1364
1710
1133
1656
1569
1326
1175
1388
1549
1372
2207
1677
1472
1173
1723
1553
1552
1475
1638
1183
1108
1397
1702
1191
1309
1463
2149
1912
1375
2217
1802
1369
1646
2080
1368
1831
1632
1520
1316
1711
1237
1760
1086
1357
1239
1535
1351
1234
1295
1673
1460
1368
1708
1685
1559
1205
1587
1110
1134
1437
1256
2503
1623
1823
1611
1345
1140
1670
1369
1211
1373
1165
1279
1956
1446
1278
1242
2567
1716
1271
1287
1202
1165
1307
1193
2825
1783
1544
1136
1436
1472
1199
1627
1273
1197
1214
1417
1885
1476
1273
1671
1379
1322
1642
1569
1623
1586
1410
1178
1591
1663
1441
1227
1054
1420
1297
1146
1369
1404
1795
1188
1342
1337
1057
1233
2081
1776
1417
1370
1395
1248
1987
2396
1382
2873
1294
1346
1843
1372
1283
1426
1303
1683
1390
2410
1426
1299
1314
1301
1487
1826
2277
1657
1452
1738
1587
1431
1316
1313
1550
1569
1323
1206
1365
2065
1080
1009
1262
1187
1604
1341
1111
1267
967
1223
1577
2111
1333
1576
1214
1933
1274
1693
1513
1340
1489
1511
1078
2148
1235
1331
1131
1581
1503
1289
1196
1169
1469
1549
1680
1468
1244
1190
1525
1235
1074
1421
1652
1317
1202
1243
1177
1029
1124
1446
1625
1251
1342
1629
1459
2156
1711
1230
1371
1309
1337
1739
2413
1770
986
1413
1194
1440
1294
1597
1195
1318
1420
1562
1490
1381
1443
1073
1789
1550
1180
2297
1326
1568
1392
1899
1150
1184
1485
1335
2034
1263
1858
1690
1220
1577
1622
1080
1460
1228
1426
1040
961
1652
1501
1558
1598
1641
1332
1371
1961
1649
1445
1799
1329
1870
1037
1243
1519
1366
1947
1202
1308
1697
1311
1301
1714
1615
1714
1216
1377
1513
1609
1493
1397
1708
1213
1266
1492
1177
2084
1656
1489
1333
1054
1396
1251
1163
1561
1398
1408
1591
1662
1164
1336
1942
1350
1294
1533
1294
1188
1411
1365
1289
1328
1579
1556
1397
1926
1481
1246
1630
1502
1710
1471
1131
1597
1460
1579
1582
1373
1289
1349
1539
1214
1556
1416
1258
1161
1527
1643
1474
1676
1116
1751
2594
1194
1275
1517
1145
1375
1288
1700
1979
1443
1366
1462
1662
1302
1287
1504
1705
1094
2061
1697
1538
1610
1277
1339
1372
2399
1517
1314
1179
1827
1545
1448
1549
1222
1289
1376
1581
1318
1082
1321
1110
1811
1351
1576
1297
1471
1321
1434
1377
1400
1362
1163
1604
1085
1660
2031
1472
1786
1482
1134
1804
1325
1236
1255
1637
1727
1243
1112
1556
1275
1608
1514
1442
1431
1568
1138
1669
1248
1317
1349
1496
1171
1305
1305
1540
1284
1422
1335
1803
1343
1106
1746
1517
1806
1540
1230
2045
1780
1657
1514
1295
1322
1342
1351
1502
1139
1038
1557
1097
1276
1539
1910
1450
1468
1425
1309
1202
1177
1574
1688
1506
1194
1381
2322
1311
1944
1325
1194
1525
1423
1600
1375
1643
1433
1212
1690
1551
1235
1500
2284
1586
1288
1649
1501
1784
1281
1046
1611
1130
1123
939
1134
1162
1428
1167
1298
1307
1228
1949
1860
1384
1252
1818
1359
1220
1539
1417
1304
1634
1195
981
1878
1221
1518
1096
1805
2009
1526
1269
1382
1250
1372
1102
1216
1833
1451
1550
1082
1126
1793
2562
1161
1708
1080
1456
1450
1418
1072
1447
1090
1379
1266
1108
1399
1284
1712
2078
1483
2735
1442
935
1875
1186
1350
1596
1298
1536
1673
1508
1670
1238
1414
2299
1303
1364
1504
1223
1120
1642
1757
1524
1613
1945
1469
1453
1327
1345
1220
1589
1619
1675
1285
1666
1435
1510
1102
1347
1150
1542
1069
1572
1391
1613
1404
1926
1103
1365
1253
1125
1299
1175
1694
1325
1637
1451
1248
1564
1193
1239
1324
999
1551
1401
1730
1396
1773
1088
2193
1547
1755
1341
1327
2607
1389
1954
1119
1562
2101
1264
1546
1634
1608
1745
1098
1572
2374
1907
1120
1453
1412
1234
2415
1590
1880
1372
1165
1312
1587
1537
1405
2391
1167
1217
1165
1444
1344
1187
1024
1289
1099
1558
1339
1151
1542
1788
1388
1202
1502
1194
1563
1346
1839
1903
1531
981
1255
1625
1603
1682
1635
1124
1163
1373
1109
1553
1251
1168
1963
1206
1908
1653
1450
1602
1200
1751
1631
1729
1883
1150
1889
1773
1722
1162
2133
1672
1702
1768
1367
1601
1573
1484
1139
1272
1374
1326
1532
1504
1487
1245
1563
1666
1133
2068
2111
1483
2005
1617
1215
1499
1455
1438
2441
1404
1620
1733
1488
1297
1601
1477
1502
1223
1487
1545
1212
2699
1685
1299
1530
1204
1299
1195
1619
1207
1556
1349
1690
1779
2117
1445
1797
1032
1570
2083
2037
1406
1537
1311
1243
1348
1224
1337
1333
1873
1636
1926
1453
1299
1260
1607
1882
1537
1850
1840
1563
1320
1253
1430
1349
1838
1362
1873
1572
2068
1910
1386
1383
1310
1951
1636
1534
1199
1250
1294
1452
1165
1153
1291
1105
1432
1287
1941
1264
1474
1105
1033
1090
1910
1178
1307
1610
1099
2647
1234
1370
1005
1605
1604
1542
1291
1461
1349
1675
1467
2683
1463
1626
1080
1430
1320
1292
1257
1161
1533
1770
1148
973
1526
1095
1109
1582
1967
1596
1184
1270
2156
2379
1344
1753
1510
1309
1331
1669
1780
1915
1194
1442
1300
1167
1773
1480
1732
1498
1660
967
1085
1215
1868
1756
1330
1638
1490
1497
1242
1864
1701
1306
1621
1263
1422
1279
1623
1479
1053
1703
1113
1979
1926
1551
1203
1370
2139
1510
1680
1700
1304
1371
1104
1072
1235
1991
1627
1577
1440
1087
1399
1155
1370
1872
1406
1687
1575
1385
1839
1457
1700
1793
1651
1591
1338
1488
1352
1430
1572
1094
1348
2035
1517
1757
1492
1428
1382
1733
1355
1295
1412
1608
1551
1192
1592
1650
1429
1485
1347
1431
1616
1930
1133
1578
1983
1725
1511
1243
1602
1259
1372
1512
1492
1461
1351
1252
1163
1139
1234
1496
1390
1613
1485
2389
1335
1699
1788
1137
1426
1144
1188
1276
1426
1196
1193
2340
1605
1377
981
1478
1399
1255
1459
1128
1562
1338
1331
1390
1397
1314
1574
1385
1064
1311
1346
1478
2201
1443
1502
2516
1223
1703
1266
1645
1471
1221
1341
1654
1874
1655
1267
1616
1527
1666
1424
1133
1264
1682
1482
1384
1339
1162
1887
1843
1511
1438
1375
1664
1641
1171
1442
1465
1780
1382
1531
2167
1389
1263
1722
1548
1636
1678
1297
1947
1091
1616
1783
1815
1303
1796
1560
1570
2208
1403
1847
1889
1438
1290
1282
1337
1335
1342
1069
1117
1132
1347
1181
1531
1454
1267
1624
1389
1131
1867
1085
1323
1260
1295
1597
1640
1145
1305
1653
1532
1363
1885
1489
1353
2571
1105
1126
1321
1564
1180
2271
1537
1923
1695
1409
1288
1252
1327
1240
1357
1588
1690
1284
1296
1847
1615
1783
2139
1689
1865
2450
1026
1313
1127
1704
1232
1273
1340
1715
1278
1563
1202
1254
1780
1640
1974
1339
1387
1245
1300
1557
2149
1576
1493
1626
1944
2122
1453
1490
1248
1049
1376
1668
1610
884
1595
1681
1443
1617
1474
1418
1144
1482
1341
1789
1247
1387
1372
1418
1733
1321
1843
1070
1172
1274
1505
1647
1354
1495
1333
1441
1449
1152
1385
1967
1047
1357
1688
1570
1975
1515
1934
1221
1804
1492
1629
1384
1590
1174
1324
1561
1389
1975
1361
1309
2077
1249
1676
1420
1110
1167
1646
1176
1631
2406
1244
1263
1359
1065
2368
1873
2001
1185
1891
1269
1398
1119
1551
1206
1588
1398
1370
1832
1258
1093
1971
1451
1633
1347
1203
1232
1188
1083
1255
1418
1768
1235
1251
1568
1168
1017
1299
2008
1526
1226
1632
1353
1611
1204
1805
1808
1677
1308
1601
1312
1509
1646
1288
1476
1775
1692
1364
1453
1266
1420
1617
1309
1483
1655
1196
1333
1473
1443
1377
1305
1273
1823
1163
1630
1591
1200
1160
1299
1473
1195
1379
1462
1150
1702
1588
1368
1344
1295
1683
1798
1172
1284
1280
1824
1927
1062
1045
1898
2242
1487
2229
1337
1182
1389
1507
1465
1711
2244
1470
1250
1325
1448
1252
1416
1351
1400
2405
1670
2389
1459
1325
1375
1177
974
1725
1522
1248
1432
1750
1402
1266
1173
1431
1504
1548
1788
1342
2457
1192
1250
1618
1111
1484
1183
1168
1421
1393
1805
1581
1451
1602
1047
1765
1834
1822
1485
1633
1770
1461
1312
1344
1409
1697
1496
1253
1151
1192
1543
1101
1275
1433
1317
1530
1588
1413
1150
1090
1386
1437
1463
2213
1150
1727
1155
1220
1538
1425
1223
1621
1550
1677
1556
1251
1590
1567
1959
1263
1436
1691
1133
1234
1243
1447
1939
1319
1119
1037
1438
1479
2061
1581
1606
996
1539
1361
1393
1296
2117
2315
1309
1083
2030
1558
2038
1322
1499
1633
1260
1550
1248
1758
1618
1680
1313
1157
1242
1522
1388
1949
1548
1397
1393
1169
1834
1695
1752
1364
1445
1745
1174
1782
1363
1716
1171
1341
1736
1582
1191
1365
1265
1355
1651
1444
1423
1584
1594
1874
1800
1576
1147
1176
1497
1614
1481
1628
1428
1576
1434
1250
1717
1745
1723
1468
1614
1814
1576
1612
1973
1095
2491
1195
1358
1342
1733
1413
1283
1502
1572
1516
1200
1525
2320
1621
1764
1312
1409
1369
988
1222
1456
1584
1568
1267
1390
1708
1439
1264
1456
1843
1316
1782
1698
1505
1579
1151
1092
1121
995
2350
1221
1491
1569
1440
1195
1132
1575
1313
1543
1428
1182
1744
2406
1776
1112
1370
1000
1535
1238
1771
1319
2835
1757
1535
1827
1741
1765
1003
1288
1635
1514
1358
1129
1922
1956
1717
1391
1471
1339
1302
1423
1361
1400
1367
1434
1535
1178
1488
1900
1635
1470
1240
1814
1271
1157
1349
1631
1133
1313
1256
1311
1425
1061
1164
1757
1192
2031
1527
1340
1571
1148
1283
1277
1408
1541
1328
1965
1770
1255
1444
1687
1955
1290
1852
1626
1460
1335
1758
1352
1331
1300
1204
1262
1060
1590
1676
1617
1524
1380
1760
1600
1171
1369
1034
2171
990
1571
1860
1306
1617
1648
1340
2022
1301
1189
1496
1621
1634
1223
1399
1709
1239
1724
1381
1326
1135
1535
1386
1470
1291
1462
1501
2034
1583
1518
1393
1225
1377
1283
1559
1044
1255
1099
1828
1015
1512
1630
1529
1398
1777
1400
1733
1672
1578
1878
1306
1543
1491
1573
1486
1181
1365
1075
1381
1412
1519
1425
1409
1931
1339
2165
1078
1209
1812
1186
1134
1236
1436
1367
1011
1534
1200
1409
2013
1914
1321
1359
1295
1432
1210
2355
1409
1453
2036
1576
1336
1880
1474
1671
1578
1941
1145
1345
1080
1285
1139
1610
1378
1367
1764
1653
1233
1765
1173
1284
1236
1271
1677
1161
1373
1221
1377
1404
981
1872
1645
1666
1635
1321
1389
1460
1379
1146
1443
1563
1493
1816
1350
1818
1245
1267
1474
1206
1197
1344
1358
1196
1374
1435
2259
2811
1445
1146
1275
2156
1442
1567
1252
1210
1139
1199
1856
1368
1369
1646
1799
1254
1638
1775
1507
1517
1229
1415
1376
1303
1566
1911
976
1236
1185
1443
1121
1189
1740
1333
1612
2364
1332
1286
1340
2337
1587
1642
1204
1310
1430
1260
1357
1284
1487
1209
1315
1417
1505
1611
1641
1616
1569
1928
2099
1172
1427
2486
1180
1534
1726
1445
1244
1173
1174
1555
1389
1631
1354
1669
1767
1228
1985
1260
1616
1620
1143
1554
1455
1295
1249
1836
1282
1158
1145
1197
1590
1272
1212
1894
1397
1162
1634
1345
1405
1319
1589
1167
1088
1892
1525
1606
1159
1972
1631
1412
1365
1748
1843
1987
1546
1486
1865
1184
1926
1309
1478
1333
1435
1259
1214
1387
1738
2901
1555
1791
1414
1191
1817
1855
1299
1287
1489
1711
1429
1309
1142
1875
1388
1158
1121
1143
1442
1505
1697
1188
1635
1224
1842
1407
1150
1353
1543
1949
1102
2807
1901
1436
2240
1587
1573
1512
1445
1481
2191
1898
1429
1832
1793
1525
1233
1789
1645
1123
1965
1086
1258
1133
1492
2011
1672
1358
1331
1556
1315
1275
1455
1369
1515
1343
1275
1253
1682
1025
1406
1018
1443
2104
1349
1628
1409
1741
1974
1851
1773
1123
1408
1335
1091
2184
1330
1663
1617
2096
1490
1211
1234
1330
1092
1218
1627
1319
1599
1461
1489
1421
1511
1440
2552
1171
1405
1917
1658
1347
1773
1925
2336
1321
1455
1366
1229
1018
1301
1624
2344
1378
1219
1439
1533
1371
1280
1258
1213
1427
1068
1268
1457
1333
1561
1206
1359
1554
1596
1396
1077
1783
1458
1221
1122
1275
1114
1655
1317
1773
1493
1170
1062
1334
1601
1231
1279
1810
1187
1287
1437
1315
1406
1751
2103
1404
1237
1457
1450
1590
1511
1968
1552
1266
917
1410
2175
1349
1476
1227
1393
1163
1381
1828
1156
1218
1584
1325
1024
1759
1167
1323
1224
1699
1425
1454
2357
1200
1123
1061
1164
1259
1624
1476
1741
1485
1022
1509
1436
1604
1788
1664
1150
2284
1557
1628
1476
1393
1111
1433
1602
1021
1725
1421
1127
1599
1275
1919
996
2150
1774
1337
1782
1115
1441
1332
1539
1834
1407
1367
1132
1270
1376
1163
1644
1277
1806
1081
2089
1178
1753
1500
1863
1166
1553
1324
1724
1574
2080
1388
1337
2909
1165
1194
1459
1672
1437
1743
1694
1875
1701
1899
1359
1211
1576
1378
1422
1683
1273
1526
1315
2019
1518
2284
2261
1456
1462
1320
1136
1701
1429
1185
1178
1584
1922
1232
2322
1336
1201
1459
1218
1586
1836
1550
1412
1653
1241
1259
1501
1328
1278
1645
1841
1267
1190
1733
1375
1692
1119
1418
2233
1191
1410
1366
1405
1553
1377
1464
1324
1104
1380
1482
1138
1252
1358
1482
1290
1320
1222
988
1756
1667
1561
1697
1668
1989
1320
1695
1489
1075
1433
1382
1577
1542
1200
1279
1421
1380
1664
1210
1775
1223
1147
1579
1087
1931
1421
1267
1309
1754
1206
1448
1172
1171
1596
1459
1306
2354
1303
1714
1504
1147
1640
1970
1375
1583
1407
1367
1685
1279
1156
1564
1578
1413
1101
1639
1324
1487
1429
1383
1646
2200
1584
1219
1900
1339
1526
1064
1082
1474
1272
1185
1639
1734
1250
1418
1741
1449
1495
1245
1172
1178
1602
1760
1091
1715
1360
1858
995
1405
1048
1227
1395
1494
1259
1017
2703
1285
1405
1298
1490
1595
1485
1589
1723
1629
1362
1334
1327
1358
1277
1572
1122
1510
1481
1281
1883
1507
1895
1650
1949
1569
2145
1645
1400
1730
1234
1941
1779
1796
1090
1504
1489
1587
1238
1341
1416
1777
1516
1408
1173
1336
1293
1383
1531
1701
1155
1374
1026
1315
1439
1477
1269
1227
1619
1392
1305
1600
1626
1484
1331
2013
1258
1632
1796
1022
1607
1111
1480
1407
2108
1712
1424
1637
1673
1256
1373
1487
1136
1661
1344
1597
1085
1263
1486
2324
1497
1337
1216
1314
1409
1240
1292
1900
1759
1412
1335
1661
1705
1795
1151
1608
1561
1294
1225
1185
1312
1399
1456
1381
1467
1812
1959
1501
1871
1454
1361
1316
1612
1338
1437
1119
1361
1674
1449
1362
1427
1177
2059
1060
1295
1574
1321
1105
1075
1372
1064
1811
1380
1389
1470
1524
1525
1574
1337
1301
1252
1495
1244
1389
1613
1452
1077
1684
1581
1855
2117
1716
1452
1470
1447
1122
1646
1593
1281
1612
1206
1099
1982
1705
1377
1533
1195
1760
1373
1272
1240
1110
1097
1831
1340
1458
1443
1554
1403
1034
1655
1268
1161
1086
1898
1301
1541
1697
1871
1485
1217
1417
1204
1258
1055
1226
1222
1920
1553
1068
1790
1619
1190
1191
1448
1259
1246
1610
1334
1282
1240
1272
1703
1119
1201
1830
1843
1394
2167
1487
1667
1157
1136
1400
1281
1357
1412
1426
1368
1368
1248
1205
1382
1100
1091
1927
1389
1334
1178
1190
1160
1314
1567
1877
1548
1349
1235
1083
1370
1447
1318
1170
1385
1462
1393
1554
1427
1283
1529
1653
1280
1487
1311
1240
1648
1366
1207
1056
1110
1432
1558
1614
1490
1578
1543
2091
1181
1176
1182
1709
1691
2080
1763
1519
1389
1251
1314
1481
1800
1936
996
1218
1254
1312
1170
1210
1229
1164
2030
1443
1280
2688
1564
1126
1767
1338
1995
1405
1617
1480
1714
1350
1434
2403
1238
1709
1119
1460
1409
1094
2241
1582
1498
1321
1544
1708
1448
1358
2010
1026
1385
1475
2248
1381
1791
1213
1126
1731
1862
1955
1609
1472
1603
1540
1223
1601
1597
1600
1848
1214
1260
1629
1309
1177
1479
1869
1481
1753
1297
1563
1390
1558
1354
1973
1938
1337
1059
1368
1484
1472
1126
1478
1762
1447
1371
1360
1610
1405
1391
1248
2123
1209
1418
1811
1149
2198
1493
1500
1944
1280
1222
1701
1259
1427
1525
1416
2156
1234
2108
1302
1698
1078
1338
1514
1235
1246
1673
1171
1466
1556
1637
1799
1589
1063
1411
1338
1269
1316
1313
1332
1444
1489
1671
1296
1494
1342
1286
1383
1455
1659
1159
1487
1921
1992
1517
1170
1354
1905
1472
1229
1923
1540
1449
1346
1259
1134
1334
1797
1508
1251
1524
1786
1198
1591
1173
1618
1251
1599
1076
1289
1096
1597
1364
1279
1759
1503
1791
1375
1196
1254
1709
1500
1873
1432
2190
1092
1079
1201
1117
1184
1586
1533
1484
1310
1619
1384
2027
1112
1629
1626
1665
1552
1460
1391
1748
1183
1514
1266
2121
1592
1544
1179
1812
1319
1672
1529
1472
1844
1269
1229
1600
1365
1849
1807
1267
2140
1157
1329
1302
1305
1175
1211
1075
1201
1163
1178
1322
1488
1817
1355
1823
1609
1569
1471
1575
1439
1302
1526
1396
1310
1494
1573
1544
1269
1255
1465
1246
1872
1850
1278
1470
1220
1521
1296
1523
1285
1180
1121
1620
1931
1460
1695
1595
1660
1668
1949
1356
1704
2254
1686
1314
1620
1085
1437
1310
1337
1329
1552
1254
2549
1941
1381
1666
1409
2051
1312
1582
1514
1188
2108
1076
1845
1026
1810
1355
1386
1100
1173
1782
1877
1300
1730
1462
1439
1068
1057
1233
1772
1486
1289
1225
1767
1170
1201
1382
1698
1705
1683
1096
1363
1401
1383
1301
1478
1380
1802
1244
1572
1254
1487
1258
1717
1212
1432
1316
1500
1510
1872
1386
1779
1338
1552
1816
1122
1572
1304
1900
1201
1375
1480
1855
1267
1566
1360
1269
1624
1470
1331
1587
2780
1848
981
1393
1314
1187
1382
1030
1357
1232
2237
1346
1826
1162
1269
1590
1548
1089
1442
1225
1646
1045
1477
1384
1323
1368
1149
1825
1467
1304
1159
1114
1734
1660
1379
1392
1430
1167
1328
1831
1635
1185
1323
1348
1222
1224
1756
1366
1414
2850
2001
1590
1222
1206
1181
1506
1570
1786
1417
1365
1138
1248
2116
1409
1504
1597
1531
1187
1385
1490
1546
1260
1265
1361
2229
1306
1457
1838
1249
1365
1556
1517
1266
1202
1519
1420
1135
1500
1625
1996
1511
1359
1712
1825
1895
1287
1489
1411
1886
1357
1461
2651
1400
1412
1111
1400
2569
1320
1385
1325
1086
1418
1759
1363
1339
1148
1104
1279
984
1782
1154
1063
1582
1610
1019
1377
1601
1346
1379
1729
1538
1514
1606
1245
1088
1129
1047
1547
1222
1555
1425
1318
1284
1361
1869
1318
1557
1107
1106
1484
1169
1574
1531
1121
1514
1614
1088
1473
1963
1725
1483
1168
1563
1392
1435
1660
1379
1421
1604
1092
1250
1278
1381
2072
1187
1160
