183
181
213
284
204
224
209
214
182
197
236
215
216
203
185
318
176
231
205
169
227
245
218
247
205
207
195
227
358
212
214
220
287
208
245
225
210
221
261
189
214
241
245
196
202
193
212
234
181
230
231
245
196
206
182
206
197
233
183
232
244
207
280
172
204
166
209
205
283
198
187
199
254
211
220
191
255
212
228
208
261
188
201
283
245
230
175
166
215
166
191
210
231
185
236
185
202
208
178
192
207
165
192
181
241
184
226
182
226
210
193
217
228
233
260
197
167
189
201
305
211
240
199
197
237
166
207
164
245
243
214
187
269
231
222
205
196
269
205
211
218
152
187
181
256
172
224
240
217
181
249
210
208
332
186
189
195
226
167
221
211
193
211
195
215
227
173
208
217
215
226
256
200
185
259
192
201
355
273
197
232
209
203
200
192
212
195
225
219
219
228
182
194
262
195
184
199
173
229
179
211
240
174
198
234
219
173
228
174
205
255
241
201
233
218
210
176
216
196
261
265
239
226
273
187
193
183
200
180
264
259
261
207
215
204
200
197
277
189
245
261
237
191
216
177
230
190
201
201
230
186
253
204
272
193
198
199
185
150
206
192
233
230
249
204
276
169
157
163
274
192
237
210
191
194
240
272
191
213
207
166
192
239
256
244
207
187
237
205
247
195
210
179
255
198
281
200
286
225
175
173
221
205
205
192
186
187
224
178
199
220
172
236
179
207
195
256
208
270
235
271
246
229
234
224
218
200
208
244
204
273
199
200
220
214
168
228
299
258
178
204
226
224
254
195
172
206
241
213
299
182
206
211
271
191
209
186
232
276
233
203
252
179
175
214
220
221
186
205
224
196
194
258
256
178
252
163
179
311
155
200
219
216
245
260
212
179
361
222
223
180
185
198
260
213
215
191
242
289
193
216
200
223
229
202
210
225
240
227
196
235
217
194
201
238
195
200
240
197
226
212
288
181
206
223
174
253
325
261
203
307
226
210
242
217
225
313
205
185
257
208
194
178
189
245
252
177
232
215
235
213
222
181
171
263
330
219
166
223
230
195
207
208
214
207
211
191
209
195
180
211
274
214
195
168
188
208
285
194
205
243
252
175
229
192
263
176
183
198
207
191
185
215
280
239
213
258
198
191
188
200
203
205
229
190
232
229
192
197
249
266
244
211
224
264
183
199
197
236
182
207
244
196
215
211
189
191
232
243
180
178
184
186
215
245
229
200
203
204
198
224
187
170
242
186
189
253
218
234
216
248
181
204
209
166
209
192
179
201
266
249
180
214
184
247
203
203
214
234
242
212
220
206
192
253
187
224
218
229
247
311
195
208
215
204
198
199
157
188
180
207
212
286
203
198
199
188
254
158
217
212
233
321
192
222
179
232
182
262
242
183
212
173
212
194
197
189
214
231
217
259
208
252
242
199
187
185
238
272
186
168
190
221
184
275
203
233
256
187
233
190
170
233
199
209
184
223
183
185
213
182
196
208
248
224
166
208
298
197
190
189
185
251
234
240
209
173
194
168
182
159
207
228
271
202
271
233
157
183
226
223
245
211
185
202
180
203
292
271
195
230
181
169
197
206
182
179
181
182
189
179
170
214
161
262
233
225
154
175
206
210
184
167
198
202
214
186
183
184
202
273
178
163
247
241
200
227
174
200
151
275
246
203
206
205
207
245
221
224
233
181
177
193
187
189
289
215
210
233
215
206
197
174
226
215
207
271
290
253
225
226
251
225
224
206
227
210
183
209
267
227
248
157
214
254
214
242
239
210
262
222
265
180
226
199
240
181
183
213
207
223
208
270
230
187
197
162
181
198
191
220
240
254
202
186
185
264
249
214
230
208
230
202
255
266
256
234
202
222
230
192
216
217
267
204
271
233
174
194
193
206
224
202
186
226
204
207
199
178
222
213
220
215
229
222
191
248
257
237
231
252
216
173
190
195
198
177
211
206
194
205
185
177
247
191
227
193
205
200
200
265
203
209
227
160
239
226
187
194
218
173
245
183
177
235
205
228
190
201
256
218
245
209
168
179
208
179
252
208
230
227
228
224
296
183
228
199
241
223
200
145
261
256
218
187
190
220
231
246
289
165
237
217
172
195
160
272
290
265
246
228
241
213
236
176
223
272
166
201
194
201
251
202
232
222
230
286
221
235
165
199
262
187
238
187
233
192
181
243
214
199
174
236
220
274
188
167
199
183
211
293
238
201
189
221
216
235
221
193
211
255
269
231
237
183
193
241
259
196
169
225
278
206
218
222
214
213
202
234
242
199
206
189
217
253
216
209
218
290
171
209
172
212
260
194
180
228
243
217
179
165
213
203
193
211
189
230
185
334
233
226
197
221
168
203
223
252
207
225
168
229
235
249
169
177
173
257
164
193
206
218
188
209
240
315
308
184
159
215
204
185
245
171
166
193
234
247
252
211
231
278
201
205
185
205
250
254
226
203
170
210
206
198
194
252
234
237
277
219
197
174
188
192
196
175
282
180
202
190
235
239
192
233
197
213
272
338
240
251
218
253
191
230
245
272
225
231
259
247
192
252
185
182
222
237
196
225
186
217
222
167
226
217
196
207
227
226
187
220
247
236
195
265
180
183
262
386
176
272
192
201
200
215
187
197
223
162
239
260
190
220
222
240
188
211
166
188
224
288
164
216
244
192
172
221
205
195
224
203
192
212
184
243
196
272
191
213
199
246
292
208
203
189
224
226
223
232
221
226
197
234
198
169
300
188
246
242
226
213
221
345
206
212
180
251
247
186
199
229
230
204
306
244
177
179
218
217
199
267
290
210
177
274
210
200
255
229
425
295
233
182
205
222
242
277
224
224
190
266
213
162
169
267
271
221
166
196
169
246
178
236
211
203
271
183
266
242
245
244
200
231
201
200
221
207
202
238
283
189
246
221
171
258
253
186
227
274
211
172
197
232
196
222
178
189
202
246
215
270
201
237
224
188
222
192
187
218
273
192
223
169
214
269
237
186
213
244
188
222
246
179
239
199
209
171
216
230
258
191
232
203
211
303
199
199
193
209
165
204
197
200
204
205
206
186
236
189
187
195
215
178
203
235
177
205
205
203
183
231
215
237
208
339
189
220
207
240
195
166
179
235
232
302
201
177
180
241
201
246
223
209
170
216
178
176
209
202
223
211
201
288
238
197
231
196
198
169
199
225
208
185
292
240
380
180
174
271
162
234
194
180
189
220
222
184
196
194
203
175
186
183
214
243
196
202
261
258
306
202
172
269
248
247
227
225
239
276
242
248
269
200
193
236
186
208
201
207
203
226
224
187
188
230
273
300
236
257
213
201
221
283
214
209
193
218
193
192
186
241
187
217
218
240
352
180
242
155
233
206
256
234
274
253
224
215
196
203
200
257
209
212
232
202
199
184
255
199
232
253
224
189
191
247
196
220
224
226
238
220
259
245
194
202
196
217
210
178
218
238
204
289
190
224
217
178
191
179
197
175
277
188
184
248
191
242
249
188
231
191
184
243
190
220
195
243
232
213
199
219
232
221
224
176
214
189
205
311
225
178
271
211
218
240
248
270
202
226
242
206
245
215
171
225
226
232
214
252
252
269
213
207
181
241
174
177
177
214
199
164
183
206
213
223
178
196
205
219
212
215
224
211
227
248
243
246
195
183
219
215
202
175
221
193
205
185
188
302
186
194
220
171
204
212
317
180
203
178
189
247
165
186
216
237
218
218
223
182
231
181
214
205
311
192
277
225
206
255
261
216
289
180
208
159
155
206
206
238
212
181
217
216
217
222
190
204
214
230
211
181
200
171
200
201
233
186
198
230
196
256
222
209
206
202
193
235
177
198
173
234
192
223
198
188
193
224
148
235
218
220
157
205
236
196
223
187
200
221
220
194
173
199
198
208
280
210
215
244
331
208
247
175
206
190
176
208
302
222
205
210
264
220
226
225
222
233
220
235
221
192
212
249
204
201
241
206
206
193
185
192
218
252
167
207
216
183
213
222
259
224
186
240
245
192
173
186
244
186
175
229
220
198
174
225
220
169
300
245
229
220
189
198
174
243
187
212
243
188
182
227
191
274
177
208
157
190
213
213
239
309
346
178
171
223
195
199
252
199
212
183
165
184
192
246
303
242
189
202
238
204
208
204
164
241
193
176
253
210
181
196
216
179
188
176
184
245
175
190
201
179
187
205
203
213
262
193
260
251
176
194
241
176
196
178
348
225
242
224
210
185
248
204
284
180
173
292
242
192
308
195
323
196
197
262
237
181
198
309
249
213
187
183
266
170
190
198
209
196
196
279
253
210
277
190
213
214
195
239
230
189
213
186
173
205
327
215
168
350
222
197
211
174
193
198
226
205
190
177
261
307
180
266
199
235
194
211
207
175
236
187
189
170
239
186
219
175
188
235
195
230
205
214
173
204
295
177
173
255
280
260
266
204
223
220
280
170
207
234
205
197
191
225
222
179
223
216
245
215
233
221
265
200
228
215
197
230
184
269
205
209
190
270
222
203
201
199
188
229
220
194
232
163
245
211
241
217
185
223
165
318
260
214
183
240
251
286
204
223
251
283
265
286
200
231
189
208
232
221
271
248
199
199
230
209
220
159
168
188
210
179
183
227
219
264
226
227
202
191
243
222
178
221
183
191
189
174
224
216
225
284
255
188
213
214
204
195
286
257
184
247
236
220
245
251
193
192
325
234
240
179
216
209
210
171
180
180
206
187
184
207
174
192
210
227
215
186
219
249
212
215
212
190
163
174
264
239
252
195
251
231
206
160
194
181
257
198
206
163
216
287
201
187
219
187
204
217
211
219
180
205
207
229
211
213
227
174
197
218
196
277
225
181
246
221
252
186
216
174
230
202
199
195
192
243
256
203
223
200
256
245
161
195
233
232
228
177
175
222
205
245
221
199
202
197
238
222
313
194
227
177
207
205
259
220
195
215
197
201
234
171
256
197
224
194
215
202
179
203
212
162
187
190
183
235
241
180
203
209
237
220
178
289
201
245
207
185
228
174
199
202
176
252
202
245
201
219
220
218
236
212
161
197
161
202
184
153
215
162
184
201
205
179
236
233
172
205
299
177
298
186
272
196
203
286
163
209
257
199
288
189
212
187
201
226
270
212
254
260
269
210
195
239
189
390
169
183
190
236
194
206
190
227
194
191
256
233
205
203
228
293
247
192
178
244
237
169
189
188
251
207
206
251
223
219
171
231
191
217
182
191
200
192
172
184
229
196
272
206
183
188
228
238
186
212
233
237
254
172
203
187
187
199
197
201
237
203
213
255
167
215
292
181
286
229
193
256
205
205
208
200
184
305
189
169
178
222
212
185
188
188
247
210
231
192
233
216
175
228
196
201
174
195
171
207
241
254
245
241
148
209
233
183
214
176
200
231
186
227
219
274
164
189
154
218
212
309
186
221
247
222
185
188
160
222
163
197
190
266
271
230
206
207
252
229
169
185
271
272
253
234
209
202
195
189
206
194
193
244
248
176
194
202
229
304
239
229
231
231
264
208
201
221
309
230
174
196
159
199
188
271
156
174
192
245
231
150
232
205
224
245
150
213
205
214
189
232
213
247
189
210
194
265
207
206
228
194
174
212
255
197
220
198
296
224
182
203
198
153
204
200
185
176
251
227
259
193
289
170
216
168
180
198
212
267
200
261
296
227
192
228
182
264
242
226
250
255
191
164
237
193
184
221
192
270
208
181
181
226
207
197
236
281
195
266
219
195
169
172
233
221
179
228
209
227
263
214
211
263
249
206
217
251
195
259
209
239
249
177
174
228
297
215
229
198
242
221
197
178
209
241
224
215
191
292
221
184
209
200
240
186
223
234
231
199
208
253
197
173
215
184
193
209
203
266
211
321
252
288
202
197
215
183
198
221
166
219
244
211
232
258
198
163
180
197
272
206
216
172
174
184
256
214
215
269
179
229
233
199
190
165
192
197
242
200
180
183
250
207
153
252
209
205
269
230
205
242
180
219
202
231
235
283
235
175
189
199
208
199
257
220
250
230
226
240
207
186
218
227
172
274
224
213
194
231
170
282
224
241
228
191
239
266
227
263
227
281
261
204
245
214
235
192
176
184
167
261
198
220
218
318
249
170
231
187
196
243
205
217
252
202
180
252
178
206
292
226
208
191
199
223
216
171
201
183
291
193
198
221
228
189
209
201
201
242
223
199
293
180
170
174
167
272
222
299
209
208
212
263
204
208
184
222
240
199
213
200
171
271
210
222
277
245
260
198
255
294
254
196
198
218
235
212
239
209
198
198
233
234
217
217
209
189
261
184
162
215
190
202
214
193
210
217
180
172
188
220
199
206
235
227
191
254
212
242
193
194
169
276
204
175
205
196
246
199
232
187
197
251
223
193
232
217
218
223
217
184
208
228
213
309
281
210
268
229
199
263
187
174
253
231
205
187
293
191
220
220
208
203
312
208
197
249
231
191
237
224
163
169
195
187
247
232
225
203
246
250
196
226
181
220
217
233
235
218
234
197
221
187
194
180
236
195
227
230
189
321
214
232
197
247
210
200
231
220
173
204
208
245
199
200
202
227
234
251
287
174
212
183
204
198
206
219
200
166
221
187
178
239
177
228
192
202
229
195
211
203
232
281
239
184
235
200
204
209
219
223
174
268
250
184
249
187
183
233
220
233
202
150
211
222
230
219
183
217
185
283
250
187
223
221
221
209
188
183
193
313
221
242
261
197
162
220
239
209
201
208
202
262
162
223
215
194
191
167
180
256
198
229
212
197
236
178
243
201
232
186
164
183
198
235
200
179
211
177
207
221
222
229
164
244
167
253
169
203
236
379
214
181
224
243
195
240
190
200
228
213
225
217
201
191
268
199
187
208
207
253
199
164
164
188
199
253
186
216
175
250
199
241
178
177
178
223
160
233
233
145
211
224
201
192
218
181
276
277
220
172
262
229
247
240
239
204
246
269
242
224
220
203
229
232
178
188
244
296
212
263
165
272
199
213
224
235
241
252
231
186
245
220
177
198
206
239
236
216
199
215
184
290
169
181
200
194
178
282
199
171
205
223
178
315
203
214
182
219
318
224
158
173
223
186
277
206
206
248
243
205
232
210
218
199
247
172
221
209
177
216
206
226
206
218
198
190
370
212
221
199
201
206
225
209
167
187
171
212
181
246
205
200
199
250
223
191
235
181
266
243
210
163
222
252
182
207
178
227
189
229
228
219
215
244
274
290
178
232
218
203
212
226
188
195
195
221
346
254
188
208
209
241
178
210
180
210
185
219
198
205
205
192
247
193
196
190
205
250
169
177
212
188
171
181
181
209
210
258
176
179
187
227
209
221
193
190
245
180
166
356
178
230
258
178
184
222
215
247
168
194
194
211
232
255
251
209
231
225
214
197
227
197
275
199
177
201
204
186
199
210
217
229
201
220
219
232
172
228
171
237
233
230
180
188
166
231
210
320
245
184
213
213
217
199
218
204
175
208
239
236
192
201
189
238
257
189
213
222
328
188
209
194
250
176
243
179
170
239
195
231
182
279
178
245
182
219
189
185
180
189
237
195
212
224
187
200
239
211
181
249
215
287
233
216
166
214
250
190
151
205
185
204
202
209
211
248
230
222
157
202
270
265
210
244
183
190
218
218
200
245
222
221
218
197
219
271
239
241
243
179
197
267
184
172
213
186
193
208
218
214
188
179
230
199
311
184
174
275
213
205
177
271
198
185
168
190
179
187
179
260
215
203
176
242
254
217
237
208
188
220
185
165
211
164
189
233
214
221
190
178
209
193
222
220
228
221
225
195
201
163
223
210
204
186
225
360
210
162
212
197
187
184
237
243
182
265
212
208
245
177
219
204
223
198
240
231
200
241
259
187
191
192
202
196
208
201
182
223
270
227
225
181
215
189
174
241
183
264
191
215
220
242
233
183
204
244
195
250
223
222
193
199
254
205
170
200
206
201
226
234
189
167
266
185
187
207
154
203
170
186
271
269
273
277
322
256
252
239
240
191
245
220
252
223
277
255
231
216
201
184
224
204
233
204
257
207
205
235
201
221
251
267
202
178
217
280
180
240
226
196
236
247
191
256
214
397
236
202
221
221
187
239
226
223
257
218
161
246
238
200
211
177
182
222
214
207
191
204
192
185
230
235
195
213
231
167
201
204
236
207
207
303
196
170
196
241
215
182
257
265
216
239
221
335
207
220
212
217
197
220
216
224
192
302
187
228
245
174
202
220
195
211
187
195
267
195
164
233
180
196
184
215
206
250
261
236
221
202
205
230
239
235
219
205
178
202
212
245
250
181
216
183
213
231
243
198
197
205
231
254
172
201
228
195
172
173
187
326
278
222
248
223
195
228
225
225
226
201
191
212
200
198
168
295
168
195
206
263
238
245
216
212
215
247
219
194
197
260
322
190
202
217
184
221
201
230
184
228
175
261
232
177
256
230
253
182
169
180
284
304
151
191
327
265
259
218
202
177
208
214
175
221
200
243
214
226
186
210
204
204
238
221
218
210
327
166
211
176
226
208
210
211
188
192
184
226
225
213
235
169
295
185
270
243
268
207
233
264
227
218
222
270
207
217
200
210
224
188
243
206
246
195
242
177
195
189
240
196
225
177
256
258
153
209
212
178
229
278
200
294
198
194
241
211
280
214
195
224
220
179
204
174
182
193
224
239
215
279
202
221
224
211
254
193
237
195
191
158
209
170
188
198
264
217
346
243
227
258
252
214
185
260
198
240
194
193
166
265
330
204
227
256
268
194
256
192
233
229
208
185
230
229
200
237
179
228
200
319
240
178
200
283
183
189
238
186
198
226
245
219
205
226
183
173
196
228
197
198
228
277
198
255
199
211
205
183
252
219
200
187
187
174
179
281
198
142
206
211
189
225
187
193
212
210
206
196
200
192
195
171
226
252
206
202
303
224
205
190
304
253
253
268
199
177
244
210
171
237
196
272
221
199
176
192
223
222
166
192
215
208
190
220
184
220
258
201
244
223
170
184
270
236
175
220
214
263
187
265
243
181
194
251
189
181
215
175
194
214
219
313
217
218
216
186
244
281
222
211
168
211
208
291
263
224
189
189
259
185
239
250
193
237
221
209
225
176
202
212
180
192
209
197
185
168
176
231
238
230
224
199
272
191
197
235
171
242
206
202
226
245
198
233
242
245
248
228
248
199
208
209
231
186
183
186
238
206
273
202
185
204
184
193
197
152
256
198
184
215
211
193
252
214
262
208
233
188
192
235
186
243
174
195
222
194
226
189
222
216
243
233
198
239
246
223
227
191
249
181
214
225
191
168
196
264
205
207
182
205
226
244
240
229
230
272
227
212
216
185
211
207
178
204
222
221
237
187
188
254
160
303
188
200
246
215
196
296
284
176
291
206
212
207
233
178
232
195
201
201
181
191
217
234
191
273
222
189
223
218
368
367
219
193
207
210
174
161
209
233
190
214
199
214
219
187
225
269
372
223
171
244
301
219
268
165
258
202
175
185
249
174
214
243
240
225
241
247
215
212
195
235
207
239
233
287
185
230
193
200
188
195
229
252
202
259
226
219
175
241
230
207
200
185
162
200
215
188
209
309
229
218
219
185
231
265
260
247
301
166
160
182
220
220
170
222
209
176
168
183
212
211
186
222
271
190
210
216
181
177
219
191
206
209
189
206
224
215
182
207
214
235
178
196
188
200
242
259
175
303
168
280
232
220
184
225
234
190
199
227
211
181
238
192
218
259
239
209
233
188
162
381
224
257
187
174
230
232
222
190
240
208
237
201
204
227
231
260
227
266
188
212
164
302
203
177
238
187
196
190
185
197
252
216
185
172
178
193
234
243
182
198
238
190
224
200
203
162
181
197
202
204
230
208
225
255
240
197
231
223
208
164
237
193
220
177
182
189
248
210
189
194
181
185
229
191
226
171
195
251
208
206
172
203
244
252
190
212
184
187
212
241
236
207
218
230
201
232
179
234
254
155
276
195
273
220
187
212
176
192
163
223
212
189
169
226
308
212
213
193
231
180
222
242
196
231
335
208
158
274
228
189
203
400
177
210
253
206
189
200
192
217
236
214
282
193
184
179
284
212
209
238
193
226
249
222
213
258
176
242
205
229
307
187
182
191
249
217
223
186
234
190
220
216
260
226
165
266
247
234
200
209
264
192
236
192
232
206
202
206
192
227
262
202
197
254
283
167
246
282
179
295
200
204
219
205
210
182
242
202
191
203
164
187
164
193
274
193
278
204
290
189
217
216
196
217
233
195
254
200
211
200
210
242
329
177
222
208
213
183
204
241
208
190
220
221
204
223
190
215
228
213
210
211
295
204
219
255
178
236
189
214
210
227
224
241
168
228
244
225
200
170
172
220
204
227
191
203
229
192
240
229
242
214
191
264
262
196
310
229
189
197
242
198
185
164
250
281
242
295
223
196
183
192
209
242
230
176
261
295
190
218
171
238
224
230
183
210
240
215
207
236
226
257
200
251
197
217
244
197
200
196
213
236
192
209
228
294
195
247
172
233
222
198
196
245
215
197
268
222
228
263
223
198
204
189
232
253
207
214
193
269
220
199
258
188
227
192
289
257
259
198
219
213
193
205
175
172
224
256
196
223
229
267
253
166
197
200
198
179
235
204
196
202
168
253
258
272
244
206
277
224
213
221
235
174
208
187
196
231
193
241
219
191
206
187
170
179
188
210
190
260
209
204
198
209
192
169
216
200
246
195
247
165
214
186
195
236
225
187
205
206
199
264
227
264
198
251
165
188
174
248
254
229
228
181
186
217
270
286
159
195
282
246
203
270
216
168
195
228
215
293
233
203
250
196
234
213
235
194
216
213
260
200
208
186
159
214
207
239
301
243
223
191
184
278
192
176
276
275
286
218
251
214
229
202
209
189
185
237
291
198
209
231
199
315
206
216
179
200
223
200
255
203
205
213
178
214
225
227
190
269
208
215
193
231
221
190
258
199
214
185
242
210
183
189
168
261
282
243
196
205
167
166
203
206
216
211
316
203
194
244
195
202
193
194
206
234
203
239
189
286
286
185
200
220
235
227
172
218
216
308
170
213
181
231
268
209
223
199
206
205
167
173
206
261
210
209
203
177
201
194
224
188
228
270
227
207
258
173
219
235
195
184
208
201
146
198
208
185
208
231
285
190
247
234
198
240
237
219
188
234
222
164
176
225
183
196
192
185
240
194
347
231
177
212
186
307
165
428
169
208
205
316
190
236
193
226
187
202
217
205
222
289
173
189
243
197
158
221
183
168
227
228
212
300
261
189
193
178
319
179
257
220
210
187
209
279
227
188
206
200
240
210
173
169
202
209
227
211
177
233
178
204
203
197
218
204
205
207
216
202
184
197
211
226
295
272
321
185
253
203
192
255
218
218
198
183
199
226
218
178
202
208
205
185
208
224
247
182
220
217
315
188
174
301
196
291
184
255
187
179
197
205
191
330
305
199
221
186
205
234
192
195
192
252
245
190
258
184
215
253
338
170
190
224
232
279
196
161
223
263
220
205
179
210
178
210
242
185
164
245
281
208
227
203
184
226
219
207
314
224
188
245
217
215
177
249
188
199
170
200
208
205
215
223
192
185
176
201
220
222
245
258
209
253
173
159
201
216
207
236
243
156
183
227
158
245
240
204
246
194
193
209
209
198
196
198
215
204
212
200
193
191
189
174
223
190
192
216
180
206
299
227
291
193
193
181
185
210
295
226
235
237
188
333
245
187
188
235
236
269
174
194
240
190
188
190
209
219
203
226
224
201
198
246
193
202
206
196
195
306
211
187
224
217
211
196
246
219
175
203
179
199
198
193
216
181
231
205
230
191
206
235
227
220
210
197
267
233
250
275
203
231
185
184
186
214
176
221
188
209
253
267
182
166
220
186
218
207
192
215
269
205
191
178
199
183
207
236
200
179
202
212
159
228
197
205
181
223
249
286
185
239
235
183
190
257
196
211
168
228
232
222
209
182
187
204
176
262
222
250
230
165
184
213
191
206
238
222
240
215
219
174
189
232
175
222
164
184
179
243
221
212
210
206
236
162
206
197
252
213
168
214
258
186
185
194
201
187
263
167
185
207
177
244
245
230
200
203
213
199
211
238
172
312
205
179
236
178
311
209
234
188
206
208
252
252
244
170
190
244
242
221
235
261
202
263
243
203
189
221
208
158
181
200
225
179
185
246
189
284
170
358
233
258
188
181
206
208
177
225
227
205
221
222
200
279
183
300
205
183
199
209
224
257
255
189
190
205
269
239
219
226
192
215
221
207
215
268
217
227
181
179
331
354
194
188
186
192
219
183
195
183
341
220
208
210
213
220
239
197
168
181
257
179
214
180
189
202
229
168
214
219
207
221
227
199
216
266
233
265
221
267
216
176
208
267
181
254
181
188
300
213
209
183
209
237
200
203
243
225
242
169
206
228
215
231
248
255
224
196
293
317
180
177
203
202
211
193
208
217
237
200
243
188
213
214
223
206
214
257
204
189
264
180
199
230
206
224
323
225
181
236
239
232
192
229
215
198
170
223
290
210
185
192
199
269
179
207
229
178
170
207
182
251
163
238
214
233
244
281
214
241
216
205
233
246
224
213
210
242
231
184
214
285
244
188
192
228
215
248
174
257
219
254
229
223
199
222
258
275
164
169
246
175
218
240
225
242
301
200
209
219
192
239
183
204
193
227
241
201
189
192
174
264
180
183
238
178
206
308
197
196
232
235
264
224
204
237
238
250
235
241
263
274
204
183
248
191
240
210
199
202
199
268
207
209
221
236
223
194
225
207
271
202
268
197
241
220
221
169
226
235
206
222
193
232
218
231
212
249
190
214
195
175
212
211
184
217
212
332
179
187
270
239
164
205
181
259
189
217
249
176
233
195
219
231
225
215
253
250
207
266
249
199
190
201
170
219
198
219
204
194
232
263
202
272
242
172
167
178
240
229
223
176
173
166
179
208
219
244
219
293
220
186
208
220
204
184
205
202
206
236
189
245
228
185
229
253
219
198
247
229
181
193
234
201
182
212
187
209
178
176
221
205
202
220
227
201
217
173
234
207
210
213
198
220
172
212
227
191
228
237
203
172
235
214
195
197
185
262
228
190
213
192
194
208
216
258
191
172
227
212
217
187
199
206
187
200
192
234
186
195
236
278
258
206
218
298
252
211
177
225
214
184
183
258
211
205
214
213
179
224
204
235
223
182
194
262
174
193
183
206
196
227
261
208
225
189
245
206
226
237
220
213
188
202
291
217
209
175
228
335
196
175
189
227
191
194
210
224
152
234
216
250
187
162
198
161
213
209
201
172
213
237
189
149
227
226
154
171
208
233
167
212
216
320
180
183
213
244
218
210
251
209
183
224
201
186
202
205
248
216
192
192
198
179
197
197
241
280
202
235
240
180
193
201
165
213
152
226
225
210
222
191
211
220
199
284
258
192
160
243
175
274
207
222
213
195
194
237
240
174
186
173
230
244
249
195
184
181
175
224
203
177
188
216
218
187
231
205
193
238
193
191
188
279
238
208
228
213
180
252
166
183
173
249
191
194
214
210
193
218
201
165
201
206
222
187
408
231
185
192
199
236
222
266
217
196
233
208
222
198
260
202
240
223
192
206
169
167
198
246
188
233
246
178
186
197
320
199
304
185
253
242
249
191
177
197
232
214
212
223
185
156
260
237
249
300
199
155
196
175
241
197
203
189
217
190
197
223
244
191
211
170
219
210
172
197
257
231
223
170
218
228
172
250
291
206
184
225
236
244
206
196
249
198
200
201
308
189
187
226
263
252
184
204
217
223
305
184
217
164
170
196
192
200
195
267
206
231
274
239
232
220
189
214
204
158
222
338
248
229
186
214
166
265
182
242
205
313
207
177
215
206
181
323
184
234
179
220
176
228
196
204
196
217
198
216
189
220
192
207
253
234
202
179
204
206
187
216
221
189
232
246
216
254
214
176
160
231
230
246
251
214
240
193
241
197
225
228
250
201
242
212
239
223
213
170
184
185
217
331
226
165
228
224
198
254
201
205
276
224
220
204
210
197
203
224
185
176
177
230
208
160
185
194
241
170
229
191
222
207
261
187
201
228
220
193
182
200
197
298
203
190
175
180
219
213
231
250
240
177
195
266
184
216
206
216
179
268
234
185
211
198
233
195
244
218
168
229
193
266
195
227
262
242
202
191
204
282
219
204
220
198
201
217
216
235
183
218
243
254
187
194
214
213
214
200
206
201
237
292
200
195
170
302
312
227
233
241
202
208
216
199
237
239
208
221
205
206
201
167
208
197
196
222
230
189
345
196
222
190
245
181
294
200
180
190
221
181
220
226
215
197
185
248
230
208
197
196
304
202
186
175
162
274
183
187
279
236
171
215
221
191
172
211
195
198
188
182
171
212
227
183
174
179
206
166
186
200
183
210
207
190
226
239
218
250
262
204
184
206
227
161
171
168
196
249
289
260
233
251
265
202
216
225
172
272
224
233
171
196
172
174
228
201
287
248
199
235
285
187
183
224
212
223
224
213
191
210
212
183
185
187
195
220
208
243
256
178
183
335
228
308
212
187
218
181
194
174
234
219
230
203
170
191
165
179
256
258
172
216
218
265
245
247
183
253
213
220
193
238
189
250
265
177
190
287
178
193
199
180
246
179
207
243
261
178
154
255
215
201
170
160
168
203
248
224
173
261
218
227
284
182
286
186
301
218
273
206
223
242
198
193
236
247
251
174
184
232
284
211
241
205
214
232
176
226
208
198
202
195
253
229
207
217
191
239
311
236
211
187
250
172
180
173
204
200
252
202
253
209
177
210
215
198
227
231
199
196
258
184
224
213
249
193
239
185
182
222
237
210
166
174
273
195
189
181
187
216
214
197
225
218
159
254
221
206
275
310
194
264
200
261
170
176
163
189
187
209
254
202
205
245
216
216
186
236
198
185
193
208
179
222
224
183
177
183
248
191
218
253
279
192
217
246
234
250
235
207
200
244
237
240
228
242
237
176
258
173
196
211
204
210
170
182
218
216
279
197
220
189
196
214
174
254
208
191
190
176
245
183
177
167
264
198
197
219
221
212
180
231
192
287
196
180
207
203
205
233
220
338
196
190
218
263
185
245
163
186
170
167
191
218
197
243
203
212
276
198
214
247
219
207
189
206
201
220
213
206
193
256
184
168
224
236
219
189
217
197
171
198
190
174
186
217
197
197
261
189
190
225
197
248
244
188
208
235
182
241
234
237
224
187
212
187
195
249
179
194
175
269
188
229
186
171
195
223
215
196
254
196
209
182
258
188
182
249
296
170
234
281
193
249
208
210
193
204
277
172
206
228
205
161
216
183
226
232
208
167
166
232
192
169
189
230
200
160
229
179
254
207
234
209
283
220
201
273
208
230
167
222
175
204
288
165
243
186
241
274
254
223
205
200
294
230
236
215
178
220
253
227
187
212
192
204
248
229
175
222
241
175
185
218
220
218
198
221
190
195
254
161
285
186
169
210
241
207
232
201
230
211
205
166
192
198
201
154
205
218
186
158
168
279
165
277
193
213
193
236
214
214
260
211
229
209
211
221
205
223
216
172
227
226
274
183
237
231
192
215
185
215
201
210
226
203
213
245
185
198
225
229
279
194
179
213
225
169
239
186
175
267
225
179
256
274
228
187
231
236
242
280
253
187
267
227
195
191
255
201
167
225
223
231
253
239
238
170
221
242
253
176
173
192
206
232
217
209
184
240
181
243
206
301
172
253
254
228
204
192
248
194
245
164
252
179
188
225
225
240
208
236
156
274
216
198
175
322
215
218
215
172
206
243
193
172
194
203
247
209
233
224
228
183
216
211
262
204
226
192
174
219
193
220
197
277
208
245
221
220
183
166
201
226
195
231
226
186
320
237
186
256
217
229
240
229
183
178
248
236
216
251
189
207
236
236
203
236
260
270
170
227
166
199
199
189
183
181
255
212
257
162
267
201
247
198
163
188
298
231
164
232
341
213
296
306
189
251
208
227
180
189
235
247
211
309
237
237
250
210
188
191
227
265
245
205
233
174
190
199
178
248
227
175
234
191
203
249
199
227
189
204
208
228
255
207
219
201
207
185
196
158
201
189
199
258
238
230
225
287
195
189
216
178
166
228
275
171
258
244
299
161
229
240
194
191
189
227
301
181
198
229
210
305
236
195
203
222
267
167
166
201
208
259
235
200
184
198
239
183
218
197
186
213
234
266
200
250
259
201
212
208
242
184
178
174
208
207
183
173
175
206
213
199
180
216
245
166
171
189
248
233
182
270
169
201
241
217
158
191
217
191
206
190
191
177
223
197
248
210
289
178
228
229
195
217
234
225
199
188
217
226
212
192
250
202
225
205
207
250
182
207
266
226
242
233
216
191
275
197
241
186
224
227
160
214
177
260
218
237
202
210
240
266
232
214
177
190
216
248
239
205
198
268
201
213
190
245
169
252
180
193
201
266
262
204
191
240
232
250
212
185
251
267
295
227
239
173
225
142
181
224
162
212
230
174
260
259
202
195
210
244
252
233
248
228
186
201
216
224
225
207
247
231
183
187
188
255
219
185
248
193
211
181
184
189
255
166
228
220
164
231
203
204
192
235
261
211
251
255
217
209
197
185
201
244
220
261
219
187
267
214
203
185
235
217
170
227
215
190
211
205
248
179
253
199
243
196
182
214
218
201
172
244
254
170
219
218
171
211
208
221
212
199
259
182
241
211
223
222
204
211
220
236
225
307
229
177
188
204
198
238
193
243
223
210
222
190
235
310
206
190
206
203
240
251
183
204
265
182
189
255
197
198
214
204
183
300
197
230
226
224
210
185
229
216
182
217
239
198
228
182
192
188
228
181
202
192
195
260
223
210
247
207
265
210
280
199
195
207
264
180
234
192
236
191
209
177
232
305
235
170
232
245
216
177
181
196
216
317
240
256
191
220
220
249
197
193
188
267
211
208
209
234
275
211
172
252
229
245
223
220
211
327
227
212
165
179
202
189
212
194
209
293
216
205
151
276
239
198
212
189
203
173
198
217
180
267
177
234
216
230
151
198
200
207
217
205
272
218
175
168
270
221
211
192
203
271
203
237
239
183
234
203
196
203
171
221
267
236
242
413
274
233
251
232
185
181
266
204
206
199
231
250
251
197
220
168
261
191
268
187
209
181
228
209
198
210
233
233
237
236
236
208
197
198
268
213
214
337
227
251
183
306
254
193
158
196
188
227
207
201
229
178
162
203
212
244
185
263
283
221
206
211
242
231
204
179
218
305
192
211
237
257
196
243
212
278
195
193
231
223
182
325
207
226
175
187
293
302
190
195
202
206
196
215
225
195
167
204
224
187
191
192
227
159
202
194
220
177
207
190
227
184
228
203
226
238
188
204
188
196
181
183
273
177
206
234
187
227
186
226
264
178
225
201
244
262
236
221
199
171
285
248
284
226
218
226
191
254
204
191
237
281
290
227
226
199
170
201
182
262
246
202
167
169
156
172
215
221
177
252
166
213
263
219
203
250
272
206
219
230
185
210
218
253
226
204
218
218
191
183
201
180
249
281
224
228
170
214
176
207
247
253
281
202
247
229
281
219
222
232
273
208
234
245
197
276
197
231
180
273
194
189
172
227
204
188
166
239
231
194
209
187
237
233
209
287
227
234
279
264
191
203
217
217
203
235
240
207
212
217
185
267
232
204
163
224
179
260
238
222
239
259
169
229
228
205
209
187
235
200
232
157
217
181
186
183
191
219
221
264
223
185
219
197
230
205
201
211
196
206
268
219
187
179
172
224
202
216
227
207
196
205
192
174
205
202
212
205
183
200
228
257
212
251
228
220
191
209
204
208
256
266
241
192
236
229
226
249
319
202
219
216
203
212
217
211
252
255
205
231
245
212
259
175
238
162
262
255
193
212
175
178
217
231
240
184
218
197
185
211
295
225
204
218
239
224
198
187
194
195
248
238
303
245
212
225
204
162
259
192
226
198
196
170
170
167
211
205
247
196
221
201
239
199
254
256
228
333
355
209
206
230
175
229
196
198
205
183
205
310
205
212
171
204
188
189
178
250
189
270
214
248
227
249
230
235
193
220
188
179
204
204
205
200
212
213
186
175
313
153
222
206
208
229
181
207
284
193
192
246
186
203
209
209
185
177
184
245
213
192
198
213
295
195
169
169
183
239
257
175
197
203
276
213
272
179
219
226
238
209
198
218
226
273
254
222
186
183
204
190
231
242
225
228
227
217
227
258
173
203
211
209
274
166
190
194
272
207
217
235
221
190
232
264
302
220
203
187
177
270
237
210
164
204
245
206
236
195
189
229
205
226
189
230
272
221
225
214
249
204
248
192
213
206
214
259
189
229
217
202
248
191
186
189
263
268
248
204
166
238
207
188
232
337
204
222
203
237
182
203
212
233
172
179
225
218
204
210
188
206
235
277
228
216
231
181
173
216
180
222
214
208
202
216
283
169
218
215
171
203
188
206
248
251
234
204
237
191
238
217
207
255
204
182
196
209
187
201
205
231
173
253
211
193
215
187
220
239
286
209
194
211
290
194
202
156
213
210
174
185
236
202
201
203
246
185
197
183
200
221
194
203
213
241
201
203
246
251
213
227
203
238
211
212
221
195
222
195
212
178
227
200
193
214
238
185
210
289
247
195
254
201
214
194
229
220
186
195
248
225
342
214
171
174
216
195
157
219
191
188
221
170
176
185
279
187
210
208
372
225
193
149
270
191
173
220
178
217
228
321
189
170
190
243
280
252
204
191
174
210
247
203
273
177
207
178
204
205
280
231
198
202
145
213
189
222
256
229
250
191
194
186
184
202
162
218
189
200
179
205
159
201
211
229
181
321
197
183
205
251
296
182
258
174
251
241
180
214
179
258
217
195
185
188
195
222
245
213
237
213
209
214
207
154
291
216
189
166
213
210
177
218
244
196
178
188
203
232
256
249
200
183
214
210
229
231
207
282
221
280
245
188
246
193
262
204
171
196
192
288
190
219
209
230
189
181
196
289
239
227
195
231
207
177
176
217
167
250
198
249
306
200
158
220
179
251
199
230
195
191
225
155
158
193
201
215
265
253
196
240
211
228
203
235
191
163
264
165
254
280
188
195
191
196
248
245
285
204
202
228
216
179
192
183
215
195
230
190
209
199
221
226
239
216
233
218
174
258
224
192
202
263
190
173
222
263
200
244
190
197
247
166
180
207
171
210
286
288
223
281
249
180
198
200
247
222
253
260
229
226
177
224
310
280
176
205
192
194
225
281
187
208
171
192
197
179
246
190
214
194
205
155
255
206
226
255
197
193
265
200
229
235
184
201
177
223
196
306
193
220
210
171
333
194
183
213
254
184
204
247
193
219
207
246
254
225
219
209
210
200
213
230
178
173
215
222
217
210
253
196
207
224
254
219
179
196
177
202
227
230
204
244
180
186
223
213
216
204
208
240
286
215
195
201
187
179
175
178
259
207
225
223
267
215
215
243
247
199
227
248
255
214
202
161
255
202
223
203
198
216
273
276
217
206
223
186
175
253
245
193
241
201
228
220
199
187
161
183
267
181
265
256
213
281
160
179
241
205
270
206
204
182
198
194
243
193
189
176
162
199
221
179
324
206
223
238
220
219
219
200
216
160
201
218
176
210
252
198
160
223
225
208
244
193
180
241
319
183
171
183
192
263
244
186
202
172
223
205
215
189
203
168
220
198
214
255
196
204
217
241
214
225
233
160
261
252
216
314
205
214
179
237
166
180
213
208
247
163
269
194
172
220
200
200
230
224
265
285
227
267
326
182
235
268
204
199
202
276
215
189
225
186
239
260
279
193
199
220
246
206
180
204
252
207
216
226
298
320
204
184
246
399
175
202
190
172
219
169
276
334
243
204
224
254
241
260
223
224
263
223
215
281
224
186
202
196
224
229
223
243
204
298
199
250
212
245
200
261
235
203
202
177
214
152
232
204
200
180
184
215
158
180
203
173
242
205
244
221
232
239
228
216
182
271
203
198
204
209
183
261
303
195
213
178
228
224
247
236
199
185
236
290
214
245
203
209
203
189
269
186
235
246
247
245
180
195
207
171
214
397
185
209
268
169
235
170
164
255
213
229
188
191
209
220
167
273
192
195
240
302
239
191
242
244
185
276
190
224
220
176
212
203
187
209
244
201
297
192
204
308
183
208
229
183
217
224
209
183
181
249
242
191
276
194
187
254
203
197
220
215
204
186
227
228
213
226
233
243
195
308
210
204
212
248
168
228
208
204
224
251
241
220
184
170
214
217
206
219
262
224
175
192
204
237
181
225
243
193
196
208
196
223
179
230
182
207
162
173
261
219
213
184
179
224
201
228
190
261
211
183
191
226
204
293
211
201
170
246
240
221
202
215
261
203
225
292
161
214
223
172
216
215
239
236
162
205
239
177
193
250
188
177
212
203
199
221
206
148
252
182
242
204
217
218
235
224
222
226
194
287
317
246
171
277
203
189
202
182
187
255
175
212
212
205
271
191
205
188
191
295
220
178
290
164
219
180
202
251
236
233
186
169
180
224
186
308
229
183
233
275
205
237
198
211
243
217
196
213
216
194
205
184
249
217
204
195
234
260
240
217
205
202
193
262
251
259
222
214
210
251
188
216
213
161
226
264
265
212
446
186
212
163
173
177
270
170
239
205
203
211
205
207
211
219
208
202
206
236
199
186
226
185
224
195
229
219
224
222
205
183
205
208
253
207
213
166
194
227
188
200
248
173
227
188
206
175
178
257
160
229
322
217
200
232
232
202
284
251
182
177
204
266
187
207
234
207
309
234
243
187
182
205
180
198
253
217
237
200
167
259
226
166
213
229
217
241
249
231
196
172
277
210
202
162
219
239
204
194
182
265
185
207
169
214
216
191
190
236
316
263
257
218
280
226
220
215
180
154
217
154
193
222
189
256
287
243
190
171
211
179
196
218
153
197
283
156
212
242
187
191
205
205
190
212
182
196
189
193
196
198
207
169
258
210
390
235
245
208
229
202
187
188
244
288
222
221
211
208
169
187
226
190
173
221
220
254
189
193
183
200
173
222
218
190
155
245
207
231
244
207
236
203
277
210
268
230
277
232
229
207
241
219
170
199
199
218
194
203
246
214
190
164
254
222
155
224
212
209
172
230
242
210
218
193
177
228
281
150
264
218
238
234
182
231
221
178
178
249
218
223
199
264
196
173
220
177
286
191
168
204
220
196
201
193
178
177
210
208
283
204
214
194
238
184
238
253
223
206
206
169
212
238
222
234
203
248
200
241
237
186
287
213
205
194
219
185
189
174
188
192
266
178
209
228
196
247
214
182
216
245
215
233
244
210
281
183
229
218
240
208
229
212
178
183
178
217
209
217
207
203
239
218
216
214
162
179
204
177
212
235
210
193
199
216
281
262
178
234
224
263
208
238
206
159
251
240
256
241
196
201
200
201
217
156
219
254
184
209
208
181
177
188
199
301
269
191
219
199
185
217
185
249
267
195
247
220
240
225
194
195
214
198
221
209
305
225
204
181
203
219
220
184
219
212
221
187
183
221
187
244
195
245
209
205
244
198
239
267
213
183
171
186
276
161
181
218
205
229
202
223
192
230
186
210
192
260
219
205
243
187
236
191
248
205
229
216
281
215
200
200
190
246
211
172
210
288
221
207
213
201
216
227
246
184
194
239
186
234
191
183
389
198
207
286
162
220
215
257
212
189
192
188
198
221
170
311
277
238
198
237
273
213
181
220
237
168
243
229
198
288
265
213
219
210
237
178
180
233
212
205
179
291
210
221
176
197
209
193
157
192
181
196
207
198
209
178
253
326
266
245
234
174
217
227
232
233
194
247
209
237
204
184
193
205
179
233
246
260
327
311
255
293
202
203
183
268
240
172
243
207
163
201
190
199
165
254
214
212
200
183
253
203
247
291
169
190
187
169
208
242
238
204
202
217
276
184
243
193
214
212
190
271
266
273
200
209
177
314
200
193
215
208
219
215
182
167
243
312
238
195
195
194
176
183
243
269
215
187
260
294
195
203
242
192
233
241
240
236
201
158
212
192
220
209
170
194
244
237
218
194
199
225
154
223
260
248
289
206
210
164
202
200
196
232
253
206
205
186
315
246
192
190
200
200
214
214
183
208
335
184
177
252
171
193
220
236
178
158
205
204
241
192
200
195
178
299
235
233
209
194
211
161
178
194
205
188
182
221
194
173
206
244
207
195
299
205
239
215
224
233
218
203
230
214
188
179
183
194
192
195
191
253
183
230
212
211
218
218
234
229
280
210
307
205
236
222
220
221
204
199
225
185
216
225
183
182
251
195
276
236
317
216
203
250
240
227
234
230
204
218
262
205
190
189
251
262
222
246
249
232
156
221
182
253
194
277
199
229
162
249
192
187
220
190
233
225
184
200
181
274
219
203
248
204
194
251
190
219
170
209
261
199
255
222
229
203
233
189
197
256
286
244
185
294
226
233
240
208
265
199
189
253
213
207
232
219
236
197
177
242
217
211
268
255
281
179
177
202
193
208
219
192
218
201
178
198
223
235
237
210
212
160
261
236
182
203
247
252
282
280
196
240
217
202
195
230
230
187
245
204
283
317
254
285
206
187
201
206
171
225
249
206
250
225
206
266
219
254
200
253
211
227
207
187
214
357
221
256
296
205
193
213
213
