15
2
16
23
16
6
16
8
2
49
10
3
2
3
15
23
2
27
5
1
30
1
8
10
11
8
11
1
3
9
8
16
4
13
19
5
3
19
12
5
7
4
30
5
11
5
19
8
4
40
3
1
11
3
22
21
28
3
6
2
2
1
40
9
3
24
24
15
9
7
24
12
42
1
74
2
9
19
33
10
20
17
4
9
40
16
16
31
16
12
20
4
21
8
5
2
5
12
15
14
48
2
3
17
7
1
3
4
5
14
1
23
44
47
32
2
4
7
3
1
38
7
5
2
17
4
10
6
26
13
9
25
4
5
12
32
2
10
6
3
1
2
18
6
10
19
3
5
21
32
16
23
16
5
1
17
7
11
36
51
13
1
28
7
12
23
30
22
26
3
2
25
10
59
1
38
7
33
9
32
3
62
52
3
3
16
39
44
44
13
18
21
25
5
3
1
42
4
17
3
7
1
21
12
6
2
4
5
4
13
5
1
12
2
47
15
23
53
27
18
8
2
12
16
27
2
18
5
20
2
2
5
3
1
10
28
43
11
73
6
7
5
1
31
5
17
21
4
4
10
3
17
8
83
9
16
24
68
13
20
6
5
16
19
6
20
51
16
69
8
1
4
40
13
12
53
39
59
7
10
46
17
3
26
10
7
18
8
3
4
27
12
3
29
6
11
20
18
2
67
2
57
7
12
15
12
17
14
3
4
14
15
33
22
12
17
4
14
5
21
14
2
3
27
27
13
26
5
13
1
11
30
30
44
5
27
17
5
18
3
5
31
16
3
83
28
35
7
5
8
8
7
3
3
5
41
40
14
30
34
55
36
56
3
8
25
59
5
15
67
4
2
25
2
4
5
31
10
6
1
7
22
53
12
20
1
1
1
5
6
23
19
6
15
22
3
13
37
5
24
2
48
6
26
1
21
65
9
4
1
12
72
27
12
49
5
30
13
14
17
9
48
20
49
14
17
1
5
40
4
6
11
58
4
10
23
16
1
5
15
14
28
43
1
1
21
32
6
4
19
3
22
66
26
19
26
5
24
6
28
60
39
6
7
6
48
8
9
33
2
15
5
34
21
1
1
3
27
3
1
12
2
12
58
22
10
5
29
24
46
1
19
15
16
26
6
58
10
1
12
6
30
12
4
1
4
11
24
8
8
2
4
3
64
13
40
1
1
2
6
6
20
10
47
19
3
7
27
3
32
21
5
7
2
11
11
17
3
14
9
9
35
3
63
14
1
3
13
5
13
27
20
9
15
2
37
9
46
4
47
27
33
7
2
15
5
4
3
28
3
38
5
24
28
12
2
6
7
6
38
6
6
12
18
3
18
2
8
33
1
1
7
7
44
4
29
4
6
27
1
1
8
3
3
9
3
5
7
27
75
6
14
4
24
1
15
21
43
17
58
15
47
4
14
12
24
15
13
2
2
2
19
4
11
6
86
17
9
7
7
15
40
9
1
4
13
14
5
44
2
16
12
27
3
24
21
11
17
5
44
5
1
12
14
15
11
68
6
2
20
16
51
8
11
51
9
26
9
1
5
5
3
6
7
19
2
2
2
9
16
23
12
7
10
1
3
2
6
11
1
49
19
3
42
24
26
9
11
2
14
11
18
11
37
49
3
15
3
27
5
9
18
6
1
13
20
18
9
22
13
36
3
43
3
23
50
12
10
17
18
5
8
21
33
14
8
7
7
14
11
11
11
6
17
3
56
4
2
2
2
9
11
4
3
46
1
15
2
1
2
21
2
8
58
54
34
32
32
16
39
19
9
4
4
18
1
5
8
7
21
2
21
2
31
44
16
2
8
5
8
2
23
26
39
1
15
20
18
6
38
10
10
8
5
20
10
50
5
1
21
21
9
40
17
9
5
18
4
1
47
27
11
2
22
27
38
25
14
10
5
2
17
4
4
7
1
52
9
21
2
11
3
17
6
21
24
4
11
6
11
6
18
30
30
47
35
26
9
18
4
30
3
52
2
19
4
13
3
17
3
20
1
4
17
27
14
28
3
40
31
16
19
15
29
5
9
26
15
9
16
2
3
10
20
4
37
78
11
3
11
43
7
13
15
1
22
36
2
7
1
10
47
66
1
6
27
14
6
18
16
6
12
17
17
25
3
9
37
5
16
9
18
7
3
8
3
12
17
58
22
1
20
46
10
4
21
10
7
7
33
12
6
2
41
57
13
10
4
28
36
5
37
13
33
20
35
16
10
1
18
10
2
4
6
2
4
2
7
24
18
15
33
31
65
2
4
45
6
14
3
