3
63
27
30
185
214
230
12
247
29
310
297
132
67
397
70
404
1
20
138
3
103
7
54
256
38
18
126
181
78
28
185
502
56
144
58
227
692
94
557
71
141
12
1
77
130
286
51
191
323
63
28
83
82
180
76
9
52
67
85
286
479
75
67
67
12
177
262
129
91
82
118
29
175
777
41
218
155
98
180
106
142
118
127
1
132
54
119
96
97
334
12
129
164
51
299
7
460
144
45
135
117
1
104
16
546
7
446
56
79
245
390
18
175
2
15
9
123
106
109
15
37
63
275
93
331
60
10
293
85
522
330
31
5
25
185
177
103
61
14
45
185
122
262
371
473
220
41
48
84
87
216
21
200
20
148
185
39
51
84
121
37
119
214
49
8
22
29
18
101
164
88
73
40
50
65
376
30
142
11
47
67
23
163
241
99
870
142
77
264
147
45
61
56
75
408
91
240
58
29
134
24
1
133
182
120
44
85
244
51
290
123
886
113
73
55
176
210
336
268
56
26
108
84
220
147
161
9
167
260
21
23
96
473
31
312
234
64
379
506
52
95
15
414
378
39
348
74
71
154
26
450
289
639
12
13
318
29
327
15
475
88
311
115
37
218
1
44
49
67
49
63
83
518
128
343
273
148
319
56
37
305
166
15
150
59
7
471
119
65
269
379
19
154
14
471
164
183
159
200
155
22
86
331
148
191
79
22
53
110
203
57
18
42
30
141
237
499
51
53
551
259
82
239
92
70
38
8
63
66
150
55
197
308
154
28
368
21
281
27
184
171
22
243
737
326
42
456
437
30
53
48
112
42
139
138
301
443
249
6
400
98
15
196
125
20
144
332
49
278
25
161
305
145
13
36
78
39
796
174
112
139
84
42
21
43
74
27
143
1
17
128
21
56
28
623
9
1
182
158
49
125
168
84
450
84
82
106
102
500
55
545
232
188
8
234
21
35
101
101
1
33
162
44
139
71
42
6
456
41
110
59
376
95
155
91
97
112
59
70
340
167
282
117
64
10
15
77
173
3
277
648
314
124
184
3
21
169
222
65
75
78
7
361
57
26
20
29
17
287
76
63
57
223
4
164
273
442
50
41
185
228
52
111
1
95
39
332
146
139
16
102
25
139
101
26
235
179
96
48
8
160
275
25
112
39
259
129
172
531
28
192
245
302
195
28
110
121
13
89
50
50
81
351
126
66
503
27
7
50
17
115
51
130
124
247
501
165
1
271
123
112
322
342
136
227
48
11
44
4
111
61
279
8
86
208
49
9
2
532
688
6
167
577
68
375
99
140
31
113
90
46
134
15
40
62
11
142
37
27
210
26
11
200
1406
208
110
127
18
49
88
211
8
89
134
29
55
14
147
46
143
83
10
38
56
258
375
16
36
200
76
325
199
23
91
168
424
23
20
14
9
24
318
253
717
146
5
126
241
164
151
37
61
7
312
34
18
34
99
130
308
365
1
259
9
26
156
123
599
49
151
120
400
37
12
589
166
149
107
66
470
242
47
193
162
12
7
3
140
148
1052
94
307
328
267
110
59
137
74
37
57
74
274
14
103
123
79
205
61
43
163
49
28
7
160
272
43
61
45
463
103
337
76
266
144
293
81
134
99
312
268
25
120
236
22
40
396
28
8
105
258
205
272
170
229
159
108
119
141
80
48
31
26
60
87
12
121
25
20
42
25
150
133
72
78
99
79
45
292
6
310
168
200
406
1
9
49
77
119
104
143
256
15
265
182
44
4
39
194
38
54
132
200
101
314
25
217
45
20
260
104
82
164
147
6
358
7
212
90
227
121
24
56
272
219
25
278
353
12
111
16
122
200
110
3
62
477
59
57
155
97
31
503
179
372
63
99
13
73
27
85
294
158
68
100
67
27
33
37
13
58
469
74
19
45
180
22
239
58
90
502
35
263
85
157
52
296
263
177
241
82
64
165
74
8
36
39
40
44
212
9
111
38
86
5
57
532
57
23
6
101
65
822
78
27
43
5
112
56
178
39
422
11
22
164
90
285
118
3
468
88
8
100
366
267
80
38
258
104
30
219
105
265
7
179
110
228
152
541
182
335
224
26
130
34
225
76
209
47
94
383
91
24
136
193
23
385
117
53
29
202
87
243
321
189
135
307
40
434
42
46
99
22
1
320
63
79
82
224
117
64
78
120
71
64
89
74
44
115
241
25
52
28
228
793
4
111
287
4
628
148
119
157
112
88
73
224
214
17
194
84
13
4
146
61
31
33
20
38
299
267
197
60
159
67
73
64
296
52
210
62
88
339
64
188
83
145
4
39
654
268
106
243
232
132
192
553
246
101
70
212
33
129
93
34
68
228
128
385
44
61
137
27
61
166
13
540
34
82
684
350
107
25
23
51
89
827
50
178
155
15
151
165
215
2
66
348
731
136
318
56
501
21
60
306
574
258
150
59
81
326
112
62
94
209
160
120
3
216
50
204
120
346
179
535
71
250
343
482
209
7
369
77
130
83
156
37
193
351
22
601
357
287
107
161
38
355
24
204
53
375
225
278
27
72
50
153
39
201
99
54
91
30
376
89
206
142
161
123
276
78
55
187
34
142
283
78
2
87
47
56
63
311
164
159
55
79
190
37
418
128
100
54
85
56
60
15
447
34
295
147
80
23
393
359
87
48
30
8
42
452
109
45
131
55
82
489
138
34
60
73
292
25
80
277
119
135
293
30
84
3
7
847
168
449
48
24
115
109
237
73
191
253
176
19
24
263
62
208
4
60
17
10
63
133
285
44
236
53
99
168
123
17
38
355
117
139
332
203
346
14
412
216
10
376
150
4
190
127
175
198
88
24
225
95
15
22
12
202
187
23
192
109
6
93
63
95
329
36
8
300
430
43
27
127
5
68
56
410
736
124
198
219
32
10
414
431
709
229
23
136
130
67
109
182
14
34
80
9
95
150
56
231
45
139
19
397
198
145
10
144
136
285
71
130
33
203
53
6
18
437
48
187
1233
9
80
268
67
25
556
62
50
42
43
38
283
175
81
79
49
31
14
209
53
104
182
283
86
43
135
66
10
30
114
18
118
616
322
57
81
42
316
302
68
565
281
15
163
182
105
63
37
34
75
57
86
97
61
165
272
169
120
27
122
548
157
417
222
69
39
93
67
49
94
73
148
38
305
3
119
393
463
10
175
44
146
33
92
366
72
555
94
190
102
263
511
59
58
289
247
30
92
78
19
215
14
154
16
188
314
143
135
210
150
29
96
172
284
133
138
109
67
75
416
505
110
119
514
2
227
118
398
28
41
55
34
187
99
137
73
72
144
173
325
255
522
237
356
298
44
196
149
108
201
120
3
92
120
313
247
65
17
58
27
163
240
14
338
243
275
88
44
287
5
272
140
63
48
9
217
27
27
99
115
233
115
18
24
71
48
159
165
12
4
328
159
64
301
73
3
37
5
241
48
336
106
81
349
16
44
419
303
585
41
290
83
175
163
106
109
62
106
261
138
122
56
244
165
46
4
132
952
127
409
110
116
139
200
68
22
24
83
1
340
70
14
132
574
57
64
84
170
300
88
145
302
158
238
13
39
253
26
97
36
126
8
17
30
329
188
176
31
3
66
345
38
48
44
198
278
67
32
177
368
389
169
164
214
122
76
38
1
211
86
171
471
85
141
98
57
81
1087
103
306
706
639
79
178
24
10
20
28
91
296
323
109
241
289
812
211
43
236
128
74
8
53
197
113
3
129
73
52
38
94
39
464
61
279
215
9
170
24
4
278
168
43
248
226
48
294
49
79
63
313
39
1
167
152
265
180
58
152
59
26
306
190
25
68
259
48
436
2
542
248
529
3
97
104
203
99
261
104
37
24
100
181
11
32
500
170
67
33
24
302
124
22
62
722
171
310
155
97
394
204
21
12
9
219
382
108
135
51
123
25
250
139
433
100
143
147
275
290
89
51
252
18
323
168
411
51
93
2
292
375
36
28
78
81
300
94
64
145
359
196
154
32
201
875
188
175
24
255
128
118
338
37
1034
222
124
318
76
97
248
153
63
321
689
108
92
149
52
58
38
229
31
144
229
298
97
20
317
161
32
249
102
117
31
98
10
210
214
257
39
15
41
405
81
337
162
416
22
130
104
147
273
192
54
63
337
262
43
29
13
267
2
15
89
49
95
261
190
384
49
17
15
115
535
431
73
135
24
12
141
79
188
179
479
64
2
71
238
13
172
71
175
173
281
26
216
20
179
254
393
210
415
152
248
279
481
365
176
75
61
7
72
417
83
95
126
121
218
14
40
414
55
27
10
535
185
153
192
140
106
84
117
179
132
255
43
92
20
23
424
106
10
69
355
104
86
146
300
36
35
167
2
249
28
10
174
122
692
148
33
52
41
229
286
396
41
87
19
120
21
113
20
134
99
71
125
80
15
33
23
253
137
253
36
41
21
177
28
288
72
147
107
308
29
28
178
25
15
120
47
95
152
169
49
137
163
8
197
18
336
535
149
239
24
259
42
211
63
85
49
15
1004
17
66
141
532
62
34
244
180
785
221
106
24
95
5
342
39
28
440
67
250
79
63
68
65
29
762
27
79
71
18
206
330
26
107
27
220
37
105
214
3
450
51
136
88
398
21
350
47
164
192
24
275
188
292
293
187
229
126
407
34
442
638
4
121
446
242
120
201
276
309
224
218
3
76
362
8
115
3
115
637
34
180
45
34
125
217
48
344
152
52
268
271
204
11
106
44
41
46
147
118
711
467
56
15
276
72
43
125
25
129
252
159
120
51
7
358
90
201
62
37
15
200
77
101
149
135
84
48
74
175
95
224
95
85
27
26
41
98
119
394
418
5
18
57
132
7
12
164
49
531
15
1
87
164
211
294
38
242
246
9
237
42
2
19
153
1
204
29
318
278
392
168
54
456
19
149
37
14
190
70
20
118
100
366
134
30
24
109
319
21
89
7
52
35
58
50
92
670
51
47
120
296
237
7
27
68
193
91
68
330
131
65
10
29
128
143
44
25
202
24
190
139
133
500
129
279
227
127
302
102
116
203
5
9
47
146
17
35
40
88
14
162
68
30
85
93
117
1162
61
122
86
273
253
247
373
53
186
43
39
95
25
13
2
248
37
151
108
236
251
93
150
4
72
472
125
64
4
101
16
51
81
17
187
150
14
73
49
81
203
50
82
297
264
11
56
3
66
145
333
82
60
2
147
204
264
17
255
46
23
681
248
336
89
57
334
68
6
6
324
16
20
53
99
328
274
145
238
51
35
140
501
50
136
257
14
33
20
122
116
42
42
58
124
222
50
292
96
21
100
10
295
133
115
25
153
202
212
34
109
67
349
193
19
129
358
90
381
163
1
366
133
20
106
52
12
144
43
158
111
2
146
13
29
379
101
51
92
21
62
197
52
78
45
19
17
176
1
348
17
79
303
129
195
17
73
4
138
76
86
55
371
10
5
99
69
64
99
22
245
62
103
41
482
202
158
51
540
346
160
67
1
234
193
47
169
37
268
19
26
250
189
1026
1
20
37
156
229
227
241
174
33
174
176
159
70
541
32
53
142
191
112
9
28
206
1
130
51
51
507
11
338
64
146
417
265
31
178
54
408
373
230
643
38
72
106
136
62
240
82
100
10
105
443
12
10
48
178
22
150
39
21
33
87
24
93
266
202
96
112
80
145
39
47
476
40
266
82
163
87
321
35
268
14
28
48
106
4
486
313
5
71
19
17
161
692
179
169
95
11
472
57
31
30
26
180
185
367
113
24
115
9
89
49
34
225
38
106
18
360
1
153
104
206
99
39
294
20
331
48
267
73
617
29
5
4
136
123
131
342
302
89
82
64
7
164
38
202
277
195
11
20
2
43
81
165
225
16
257
75
144
470
439
542
115
300
223
251
306
21
300
216
71
89
165
187
276
210
186
166
79
11
235
197
372
238
24
477
86
344
18
201
77
177
147
5
169
230
78
283
106
273
382
16
24
55
143
127
85
217
23
2
107
40
176
31
80
60
218
174
77
275
1
507
371
91
251
73
83
29
290
15
726
316
187
11
238
159
100
152
9
230
491
1005
994
1
289
129
19
7
106
75
18
4
122
355
125
126
29
11
310
125
822
73
185
217
30
85
197
284
8
2
183
97
40
53
153
321
52
168
414
167
24
45
62
134
199
135
51
100
421
16
72
19
129
43
157
146
17
49
81
76
24
136
226
247
264
10
15
1
253
213
311
16
179
134
12
372
33
84
213
45
114
7
8
38
248
384
260
34
232
124
151
238
3
45
90
257
43
69
77
51
44
74
64
165
79
54
39
18
273
181
45
163
311
32
133
95
22
194
5
294
190
96
167
36
9
31
155
37
136
199
17
302
37
5
143
56
116
296
192
647
90
76
229
198
316
104
73
36
34
178
83
291
13
69
23
169
4
25
697
69
131
252
6
102
431
235
17
96
104
294
211
91
49
68
188
379
57
142
65
210
330
167
211
68
145
118
492
60
114
90
428
208
73
301
87
129
162
62
1
299
89
25
189
88
153
264
86
262
242
50
65
91
54
280
218
14
86
293
132
20
24
198
160
174
212
625
109
44
173
50
164
86
88
15
40
186
297
43
303
364
126
75
152
76
404
86
45
554
17
37
41
109
563
155
598
596
148
18
55
5
264
50
25
103
194
20
3
397
68
7
37
36
62
53
49
57
111
34
103
380
343
88
128
173
11
180
170
27
64
99
146
129
337
310
114
43
204
16
102
46
242
152
83
160
116
28
279
104
12
254
89
253
171
198
260
191
15
2
157
2
382
52
11
52
172
159
137
63
84
693
17
111
476
18
20
199
135
110
135
122
530
424
222
192
25
46
1
35
77
82
8
90
131
15
50
65
166
52
129
191
74
2
178
79
88
1
146
22
66
280
109
16
270
218
239
153
11
13
6
193
88
218
415
80
387
111
258
47
43
8
221
110
115
289
49
172
101
145
294
53
3
141
98
334
138
152
165
214
460
181
17
38
285
124
200
211
30
46
32
72
11
13
108
34
437
37
8
18
139
63
85
82
89
75
70
246
207
326
432
176
6
46
41
200
122
2
7
443
71
102
2
27
23
367
208
348
14
49
3
154
44
237
164
116
260
210
9
21
197
551
38
296
432
100
151
74
42
12
65
8
34
241
7
110
93
176
614
225
75
32
36
93
23
129
50
16
149
236
205
101
293
17
391
42
132
61
65
306
795
166
96
12
102
127
82
10
55
49
3
128
28
79
76
137
256
38
205
268
94
13
290
195
332
18
22
161
43
101
174
243
48
77
234
397
92
452
40
221
90
47
21
208
700
14
225
39
51
423
220
113
235
35
36
39
27
11
491
12
678
181
193
189
301
47
709
178
245
150
30
151
81
96
310
101
200
40
69
9
23
10
17
5
70
218
30
261
89
112
42
267
137
64
68
55
54
201
190
164
4
90
312
137
509
16
18
20
25
237
53
268
64
146
159
96
376
64
92
448
297
70
205
75
531
25
201
247
203
20
15
15
46
138
242
37
231
24
112
100
165
43
147
35
175
73
31
170
160
58
253
11
131
373
42
213
184
57
51
131
15
325
138
110
51
111
8
33
6
54
42
101
56
1109
180
53
383
354
438
129
14
45
501
43
236
32
47
33
503
252
19
301
133
352
9
410
61
263
104
40
215
243
49
31
127
240
89
40
128
682
68
14
40
159
228
17
75
74
546
81
3
34
203
16
38
31
15
514
45
69
28
205
19
172
740
611
37
190
35
17
584
162
22
300
121
91
80
437
284
965
70
25
101
140
46
461
73
148
152
369
14
59
141
155
56
280
89
140
51
55
15
146
13
47
106
27
47
120
173
197
29
691
44
98
1
125
165
54
44
298
31
99
4
526
159
343
12
210
590
250
111
25
230
12
38
55
237
66
16
43
74
157
24
86
26
94
178
232
47
6
229
56
17
27
109
21
7
111
50
9
159
316
294
61
248
11
107
76
17
357
103
173
370
157
135
174
30
422
157
79
319
73
183
103
96
39
32
436
123
92
287
25
172
68
266
109
244
230
7
171
443
52
89
823
34
6
170
36
91
18
103
80
57
360
578
107
29
28
29
121
294
181
10
56
130
171
319
418
4
180
270
220
160
66
345
87
28
208
195
179
17
90
124
128
42
79
19
222
192
194
63
536
34
170
130
235
217
82
87
220
26
89
72
56
140
62
29
348
84
414
420
269
141
144
13
160
31
154
70
916
6
14
356
366
40
160
86
117
111
32
188
13
174
134
10
158
142
348
98
148
193
127
47
6
164
28
72
240
44
13
428
123
101
27
14
55
756
7
12
411
42
65
220
360
185
16
655
120
123
46
33
315
63
223
123
113
237
38
237
285
154
1148
45
39
211
117
466
144
122
279
80
137
29
7
203
6
67
116
48
203
32
344
302
275
328
245
73
296
142
26
400
1
80
233
60
286
291
154
27
69
324
1
77
131
44
162
5
13
32
215
116
107
188
117
256
82
25
139
79
129
78
82
492
103
64
123
32
123
58
308
392
10
483
1
226
26
463
35
14
47
246
89
57
86
116
221
202
58
150
81
228
92
22
169
34
354
23
12
52
292
374
27
114
51
346
27
190
483
49
119
243
174
162
102
181
138
208
317
111
134
135
287
818
19
3
146
135
52
188
269
277
61
260
57
42
200
68
32
148
83
119
173
5
5
284
206
87
441
19
18
464
16
41
166
282
90
210
77
1
191
50
8
14
178
129
297
11
73
316
201
120
31
235
93
153
191
73
69
23
94
412
76
740
31
294
226
183
154
522
65
330
168
205
97
235
223
25
44
109
17
92
503
106
64
421
144
17
203
83
51
232
4
24
179
23
39
185
73
131
7
112
86
135
253
135
191
27
98
82
220
36
36
31
221
120
49
30
1
89
182
64
40
52
23
65
117
31
141
15
50
363
131
90
35
183
18
8
507
96
104
116
47
81
305
11
228
55
30
111
98
128
334
75
367
287
755
131
64
101
220
115
76
241
2
38
31
352
239
394
118
122
77
94
371
82
37
13
23
363
133
68
401
328
186
147
147
28
184
719
210
141
97
14
7
104
149
187
267
384
191
135
238
43
4
6
34
191
192
4
5
54
129
161
121
8
36
91
3
549
167
40
27
72
68
109
45
78
208
4
46
92
151
35
53
68
50
203
39
504
259
124
120
103
13
208
109
85
8
59
4
77
143
21
158
234
65
20
94
288
21
58
17
149
10
421
80
21
28
5
20
62
107
254
78
159
175
135
10
173
127
80
161
244
96
273
50
7
465
299
512
602
177
91
198
7
43
148
261
71
179
70
136
106
18
86
94
74
149
112
20
230
38
244
232
58
17
551
37
95
50
73
99
145
19
209
33
6
240
52
96
201
48
201
10
38
370
96
26
209
269
132
159
114
119
256
342
7
6
345
54
135
58
41
63
17
284
545
25
530
91
163
37
69
325
134
103
62
97
166
67
182
110
319
180
152
479
60
392
20
190
283
82
649
87
27
19
455
600
62
15
174
79
12
57
569
377
135
199
137
52
109
209
42
334
71
3
207
515
246
100
108
221
22
275
146
59
50
228
36
51
157
133
55
22
145
174
91
51
33
49
98
146
1059
106
216
29
268
171
36
85
27
65
184
29
578
545
320
316
15
63
279
99
2
113
122
2
218
253
65
104
108
484
39
62
29
19
347
10
293
57
322
7
79
70
143
201
167
26
1
114
85
157
98
31
209
83
395
318
424
45
117
63
90
19
99
154
39
131
30
14
18
165
542
373
355
132
287
3
329
124
280
131
192
97
124
220
198
21
87
8
17
232
190
64
8
70
190
38
319
55
295
254
85
45
39
61
39
308
66
91
135
510
223
60
341
50
44
150
131
162
154
2
32
45
39
210
7
63
28
13
21
412
432
310
109
284
101
68
370
255
33
5
284
88
336
88
137
29
71
295
85
123
64
15
57
31
103
117
66
216
331
67
18
134
5
31
161
185
6
334
20
239
68
15
20
19
99
39
4
712
6
87
9
200
99
359
169
68
50
39
29
49
441
40
43
125
101
155
24
438
473
129
59
62
127
253
49
102
197
68
181
111
65
26
37
243
173
187
1
44
40
177
322
23
59
37
35
51
67
579
34
951
139
34
30
437
43
146
355
239
160
29
20
119
79
22
144
124
8
20
226
25
104
207
420
154
273
50
392
162
8
50
190
493
188
448
114
254
167
31
180
17
473
74
642
74
264
29
274
1
81
23
209
31
55
197
484
215
166
19
17
305
19
201
2
56
54
56
261
25
14
235
27
15
234
50
6
57
25
41
245
19
440
4
452
1057
320
716
322
128
79
289
46
180
84
74
55
101
3
32
104
153
33
173
159
9
111
253
53
545
418
242
123
151
293
88
386
141
27
106
434
745
207
67
273
186
63
693
17
84
281
31
220
167
118
288
46
831
186
278
12
359
120
17
279
105
108
25
50
35
60
21
120
3
61
602
240
18
164
301
199
17
34
9
91
56
142
119
284
84
113
77
115
64
62
309
10
72
5
63
269
53
26
183
20
112
89
2
142
129
26
24
226
735
344
69
2
133
31
411
319
287
139
145
333
15
128
31
145
75
205
63
36
27
209
575
167
149
100
220
78
109
13
265
32
40
183
229
47
5
133
84
108
115
31
189
150
83
23
159
11
379
22
75
93
74
114
88
90
2
3
12
39
311
450
4
26
15
140
15
196
292
18
218
26
790
74
63
135
12
54
231
22
213
374
154
67
140
103
182
234
21
38
42
253
324
63
154
28
153
50
374
116
40
530
505
84
69
139
533
35
91
3
382
122
35
78
526
297
309
183
87
67
307
104
219
112
179
124
224
177
533
196
518
76
225
125
27
136
3
113
112
213
79
91
206
35
29
15
190
7
64
368
122
51
134
361
151
87
233
89
218
14
17
183
69
3
275
3
5
21
137
12
293
58
38
412
13
16
102
193
64
37
38
34
143
214
169
1
74
378
196
363
1
53
194
112
115
241
43
185
13
44
18
201
54
61
121
316
31
71
126
258
84
614
196
60
259
216
89
461
44
207
10
13
94
56
331
125
63
37
142
208
67
54
238
60
278
365
211
113
30
237
25
121
84
101
488
65
43
138
39
63
62
224
39
214
372
28
294
120
30
70
194
6
537
67
45
266
12
759
477
47
130
127
66
8
20
356
89
7
603
179
55
70
34
23
183
620
30
110
79
130
81
231
25
525
125
97
124
93
35
17
190
199
126
401
42
386
54
507
15
11
162
81
279
247
95
197
42
413
15
50
264
323
257
6
113
85
51
191
139
1043
44
47
5
139
29
166
56
140
186
367
193
18
14
232
120
85
4
38
100
101
290
75
52
420
76
475
158
231
459
71
53
57
5
79
11
251
71
98
278
57
22
271
53
17
37
210
132
63
112
11
111
159
255
37
228
17
12
219
151
374
48
38
26
110
167
56
196
180
177
173
121
223
60
540
113
755
255
15
102
202
18
1
87
137
38
172
129
77
72
642
243
310
197
43
180
406
101
11
89
84
632
67
93
379
117
346
186
700
103
236
113
18
158
73
63
154
66
109
302
190
260
394
167
157
116
231
92
109
15
583
83
96
523
294
434
196
596
39
32
217
366
522
68
39
144
365
8
45
358
417
194
260
29
208
145
104
98
100
17
351
38
407
166
369
232
70
68
120
431
304
577
150
200
246
157
337
152
138
536
109
130
24
30
49
106
269
22
11
130
43
110
155
163
322
138
4
21
61
9
100
68
199
216
426
49
288
802
31
55
370
191
237
167
5
132
148
323
75
220
61
63
55
199
195
280
519
17
123
6
66
151
38
82
34
82
91
96
16
365
36
271
77
251
406
17
156
32
57
166
3
202
17
176
166
233
854
167
54
109
34
103
70
153
179
204
310
30
253
244
425
674
441
89
149
104
188
116
32
52
55
216
2
28
63
170
64
55
182
67
63
151
6
210
456
94
86
185
149
192
162
30
471
73
121
66
202
80
92
200
49
5
158
44
41
245
286
153
144
477
40
62
645
59
72
247
86
1126
1066
518
324
441
61
36
3
144
72
60
31
10
97
110
55
22
26
54
40
58
134
195
152
295
72
578
12
85
81
214
19
162
43
137
47
15
175
44
154
1
127
58
237
113
194
294
197
82
20
351
46
298
379
33
86
69
114
277
17
94
140
122
30
219
128
238
100
74
125
90
62
66
513
61
24
32
6
8
803
21
43
5
11
135
43
318
172
179
17
24
23
41
67
806
49
211
56
66
159
12
21
44
243
67
91
479
46
37
132
144
384
101
223
77
315
142
252
124
41
247
103
11
121
35
5
19
209
25
122
81
89
363
77
8
25
375
152
218
60
201
122
244
183
36
91
55
254
185
68
154
230
235
180
76
122
102
38
114
168
36
33
269
41
504
67
529
81
121
270
210
34
20
482
177
18
587
317
60
386
81
63
39
53
101
164
46
126
815
51
159
152
208
14
164
330
208
154
365
36
44
233
161
40
257
362
131
39
47
180
826
28
469
64
75
208
349
321
316
128
116
328
190
502
322
120
24
644
67
11
209
31
272
492
323
228
7
206
250
58
701
24
6
147
10
78
14
8
37
7
85
42
77
60
90
126
196
47
66
24
466
36
139
31
34
34
11
597
181
159
56
139
401
34
14
79
88
106
23
230
743
318
26
83
29
40
134
74
99
16
101
173
99
128
28
55
84
116
49
44
191
33
140
114
45
84
212
34
453
191
52
33
6
2
57
27
138
348
336
428
62
91
71
76
89
30
61
16
54
380
367
61
429
317
229
124
174
195
297
44
351
61
101
159
123
136
212
161
66
76
414
262
11
35
148
604
138
78
154
369
58
40
23
31
89
58
502
38
34
65
414
65
268
203
180
222
146
140
1
67
4
426
193
578
124
151
126
77
287
110
20
269
295
107
99
58
20
96
20
96
32
98
1
202
91
3
50
126
203
192
156
224
11
803
6
292
401
141
80
457
307
588
8
109
9
280
270
125
58
17
77
182
566
138
52
68
165
189
82
57
115
368
38
2
8
295
112
34
235
35
363
7
29
13
76
46
204
186
75
35
23
274
199
213
429
48
222
19
111
16
119
159
130
130
776
52
116
37
210
8
70
77
242
14
16
44
19
138
227
126
134
150
28
5
72
18
276
29
94
43
95
205
4
15
76
19
72
218
846
166
64
416
66
109
338
69
110
56
232
461
77
59
33
35
6
155
40
174
217
199
20
552
254
213
108
61
146
72
23
99
243
108
265
216
205
157
350
31
57
152
112
42
154
442
24
8
232
393
19
56
128
254
29
13
213
5
354
199
158
73
148
60
1
132
55
66
223
111
21
18
226
7
626
216
46
594
32
12
217
141
340
283
137
55
50
81
30
51
77
306
110
100
97
5
81
180
62
21
245
363
87
75
58
40
102
57
610
60
203
238
93
37
713
181
17
77
187
437
220
40
173
167
102
275
339
52
117
80
50
47
150
121
30
133
5
134
209
347
558
73
199
244
180
8
6
164
167
21
362
241
59
155
105
18
279
60
1
106
383
51
16
290
56
6
26
71
167
184
165
589
77
196
23
29
61
112
302
192
76
295
149
175
253
392
83
3
17
159
57
433
286
61
593
174
75
238
48
282
78
23
90
4
149
34
106
151
152
207
238
26
113
115
309
150
104
102
81
409
252
104
64
612
156
14
3
134
400
290
149
80
117
63
22
28
231
126
129
142
249
51
421
470
125
84
217
395
242
617
281
25
146
89
313
39
158
29
110
64
219
60
87
42
96
86
132
130
594
34
78
106
110
219
600
209
394
76
18
18
38
43
16
8
111
92
237
16
202
24
339
91
178
8
640
199
910
94
123
560
149
129
383
45
400
41
22
108
36
287
20
603
30
230
65
467
190
155
74
32
37
38
13
597
39
780
50
632
13
197
726
286
106
71
3
4
75
57
69
333
72
360
12
259
563
363
130
27
68
295
82
322
46
306
5
40
358
26
125
60
296
3
92
60
108
3
37
288
126
143
178
113
26
58
151
286
42
65
102
23
78
14
85
89
314
207
3
53
61
143
17
168
329
213
118
171
257
11
41
343
21
120
225
49
240
86
63
164
300
155
234
10
762
61
89
203
25
1
79
20
154
22
74
248
360
36
256
194
165
3
18
74
550
28
90
172
45
60
27
200
86
181
204
18
182
421
17
584
269
194
110
73
181
415
114
197
80
201
54
263
79
63
489
51
238
17
26
310
793
132
3
327
82
207
28
222
358
98
41
196
266
385
4
105
168
525
30
107
112
279
82
199
48
58
231
58
56
161
25
32
247
194
621
1
60
228
78
56
141
171
618
75
1
165
147
68
334
129
145
108
114
131
129
208
8
578
75
22
128
48
141
137
227
117
85
19
5
40
71
152
116
139
62
2
121
385
339
219
153
262
67
2
238
148
58
288
58
711
58
12
13
109
84
124
53
376
107
32
17
109
39
30
20
158
19
352
76
361
21
220
77
62
362
30
41
8
6
166
15
144
31
98
3
130
17
73
168
2
204
54
227
54
19
65
11
132
98
80
476
9
10
11
219
147
28
35
128
163
261
303
74
106
301
330
247
209
180
61
32
59
384
158
4
22
48
414
5
202
128
70
157
40
68
47
224
40
106
58
54
48
179
147
361
223
126
235
45
4
210
85
79
195
488
264
37
4
51
34
22
56
130
55
48
259
36
64
67
12
407
4
126
122
114
79
125
96
30
79
34
473
196
147
20
218
56
247
8
65
218
32
53
78
277
252
6
113
493
198
45
10
31
62
23
34
601
294
41
155
92
145
236
33
165
164
442
275
464
124
264
69
231
84
25
136
46
320
352
323
21
127
66
51
101
137
471
99
171
109
30
26
376
36
258
144
167
86
137
60
48
147
435
259
283
91
39
194
131
154
116
41
69
39
194
128
116
19
291
464
278
88
378
100
12
14
120
214
1
285
25
56
212
148
117
106
201
30
9
57
470
115
324
320
68
115
489
316
80
456
288
298
117
350
208
61
507
57
317
48
99
132
59
238
143
32
78
237
166
262
92
137
29
190
54
154
66
109
44
22
254
14
241
413
56
27
387
131
147
124
110
268
105
80
127
6
55
105
53
43
174
114
11
23
47
180
5
4
320
18
11
52
67
78
59
76
338
416
42
66
58
215
30
38
37
64
88
238
27
69
198
34
54
338
98
146
340
87
55
36
238
493
16
276
28
135
239
263
137
43
78
76
17
40
93
33
17
402
14
12
28
18
723
19
46
51
474
114
181
18
27
132
34
102
209
91
278
7
150
391
109
137
239
164
12
462
11
67
74
29
24
346
198
120
49
672
421
53
335
328
307
431
8
78
115
77
43
40
146
219
26
176
229
124
317
398
30
173
95
132
250
153
162
79
272
115
107
38
13
59
5
251
322
220
403
66
79
113
123
137
60
450
277
177
198
54
228
523
77
78
300
404
444
161
154
75
66
62
259
59
102
93
644
27
243
41
74
264
42
306
596
6
187
62
126
21
148
154
290
24
108
68
221
281
105
342
33
334
29
152
36
70
72
54
138
533
51
586
21
38
55
193
104
22
28
56
68
11
103
8
27
43
513
210
114
294
135
153
42
114
130
634
170
89
112
34
12
414
112
15
254
166
56
207
62
380
452
780
51
40
145
55
97
239
42
59
59
20
271
6
136
21
27
134
17
83
214
13
385
37
283
247
179
35
639
19
257
240
65
152
24
339
3
52
21
70
26
968
118
134
39
87
403
43
1
419
1
133
257
22
143
105
184
75
1281
59
22
32
252
186
12
522
44
78
201
329
181
115
40
249
234
78
47
95
44
97
51
98
52
7
22
68
489
260
94
313
429
361
60
136
28
158
8
271
50
119
29
80
117
87
209
172
432
7
211
11
37
318
19
18
51
141
52
294
621
26
40
22
817
164
221
606
24
147
12
347
45
418
2
45
19
124
388
382
49
1044
121
249
382
7
174
13
96
1
24
311
310
7
55
455
47
41
16
66
155
97
206
133
87
273
208
146
680
9
24
106
18
952
73
150
131
573
339
774
1
9
20
26
64
48
199
254
560
4
65
28
69
317
50
710
104
111
213
161
534
72
116
450
244
71
39
79
140
368
605
179
182
152
49
275
31
494
13
33
43
60
93
8
101
70
255
73
54
89
556
21
41
23
572
52
45
117
62
129
49
131
182
205
189
1
130
64
137
251
136
116
458
175
15
335
84
15
5
72
58
61
127
47
47
111
341
6
165
171
63
51
43
383
96
322
119
159
158
23
55
4
21
145
254
435
25
318
129
323
103
113
17
138
74
294
168
2
196
113
202
135
71
33
25
129
37
349
218
63
459
44
57
58
381
473
40
94
45
42
101
111
39
33
19
130
289
6
42
120
57
52
43
82
222
71
67
48
76
76
156
118
483
88
2
361
85
126
58
32
45
72
128
25
604
261
81
475
3
236
45
3
75
38
9
171
133
258
16
57
48
91
37
8
79
173
190
112
75
29
10
170
34
92
187
358
278
113
136
37
53
63
249
590
34
38
191
141
285
222
40
11
38
92
103
161
239
98
107
113
363
133
83
17
88
309
5
304
94
112
22
8
127
73
351
162
31
43
24
267
212
87
29
5
227
149
112
111
13
286
92
220
130
1
14
36
39
90
25
520
47
143
462
86
68
53
22
31
707
32
28
79
153
339
31
25
4
98
20
66
217
294
212
216
76
62
64
395
187
69
67
251
35
41
208
50
93
122
86
75
37
195
141
58
4
269
390
24
75
30
56
430
344
276
192
232
67
41
125
73
60
98
93
70
211
81
569
234
58
62
62
215
77
97
6
379
500
194
11
226
50
178
33
289
87
16
16
710
138
216
328
214
238
129
20
38
77
2
290
481
68
8
298
160
237
323
10
5
69
103
80
111
108
463
421
147
482
362
147
41
146
118
56
179
152
264
519
493
152
8
247
52
163
138
3
89
129
11
150
152
248
89
30
396
24
1
59
245
136
14
212
41
114
2
81
37
314
37
45
166
36
209
4
17
170
179
429
48
132
62
74
56
6
31
137
90
113
62
21
194
807
138
147
64
120
79
560
50
91
125
60
29
8
181
152
91
152
21
114
61
204
29
154
89
229
290
7
16
91
189
228
78
42
6
480
21
122
622
158
1043
175
296
33
143
8
511
35
281
23
241
108
79
1
373
66
145
294
153
191
57
198
55
53
30
393
71
95
11
164
10
75
244
228
66
91
520
66
100
71
15
253
361
101
29
125
95
501
149
55
24
64
126
93
37
133
20
75
193
77
9
20
141
408
53
154
7
38
378
1367
58
219
181
252
206
292
72
190
40
67
62
197
125
93
130
31
63
76
334
184
182
109
80
176
17
225
360
59
110
309
37
29
42
424
288
77
79
110
61
119
25
180
252
50
152
29
335
84
218
174
82
168
16
56
345
121
4
74
128
79
18
144
183
74
223
109
201
35
270
240
137
180
36
506
683
45
197
165
245
316
33
306
248
2
100
223
134
161
182
189
143
80
165
197
57
216
12
1
304
45
203
299
74
103
144
212
148
399
66
50
126
133
163
14
43
23
103
41
80
39
142
32
65
137
83
33
71
257
21
211
1
72
317
114
434
248
617
106
74
186
22
304
107
27
135
58
123
486
17
129
197
76
36
294
1
62
686
286
21
86
26
94
344
92
308
218
210
123
187
166
254
182
8
43
3
44
320
195
21
538
200
14
89
48
19
38
46
229
21
437
213
271
67
10
77
221
43
98
327
161
249
118
18
287
49
422
71
275
35
83
454
158
77
82
112
64
197
195
27
32
149
78
268
363
80
206
184
130
92
615
500
143
777
96
23
204
513
132
44
83
10
62
83
99
88
68
11
53
16
250
109
35
75
213
123
4
385
323
239
129
100
188
90
270
508
160
71
55
132
406
23
206
310
43
10
192
159
347
184
221
397
130
82
166
475
407
107
29
85
36
86
158
18
26
56
301
247
1
261
79
134
145
63
212
9
140
356
44
3
59
207
44
103
44
36
75
305
265
38
189
6
303
69
18
206
14
257
40
617
3
89
16
147
32
62
322
117
92
338
100
180
117
118
3
48
50
117
465
45
168
452
174
19
13
362
196
103
160
338
502
46
489
60
216
165
96
114
47
343
372
39
68
365
274
79
238
89
282
78
113
510
243
97
55
295
175
23
92
122
34
550
168
62
51
55
164
23
1
108
214
81
57
345
31
181
54
29
46
18
114
15
38
54
93
94
508
237
11
41
31
84
171
125
29
135
483
211
527
67
244
231
53
189
225
113
413
521
331
21
153
140
86
186
48
109
191
15
144
133
20
169
51
8
10
55
252
312
350
114
32
171
59
319
37
7
68
52
196
140
332
154
95
568
42
142
238
93
41
23
2
475
17
32
250
238
642
390
294
88
169
23
36
62
144
319
38
276
48
33
90
82
299
149
111
93
32
55
32
41
207
130
76
150
214
30
18
633
192
175
203
318
148
254
276
157
405
38
272
71
74
111
110
95
20
412
409
28
93
136
37
197
26
5
71
142
4
178
362
109
1
380
91
66
18
8
57
278
56
85
3
152
2
39
47
158
57
309
56
434
31
3
19
266
65
25
382
155
36
68
737
122
238
71
231
114
414
37
138
430
155
741
87
17
168
25
402
13
15
326
510
691
134
441
141
368
55
157
203
21
124
90
621
428
138
146
198
455
270
242
99
378
264
146
133
13
15
128
157
101
59
72
16
206
12
93
234
321
12
332
425
241
57
214
36
3
188
131
115
32
122
108
143
365
47
123
135
115
43
175
91
63
415
212
103
188
204
149
60
34
134
66
674
65
82
534
51
91
24
55
124
40
581
32
57
12
38
101
15
101
182
113
52
101
295
206
16
84
102
430
118
18
47
60
58
176
11
49
48
185
77
56
88
259
217
305
66
202
202
333
30
310
176
116
100
147
404
87
17
132
501
248
35
6
294
335
98
15
15
12
97
19
292
78
34
12
27
53
80
431
17
302
15
24
294
51
370
48
88
168
183
13
21
404
99
26
9
313
55
66
5
196
94
139
56
637
9
32
83
84
150
342
405
178
229
113
231
296
90
27
97
135
64
149
317
90
84
80
108
313
9
31
51
24
39
280
387
11
113
423
26
153
30
8
255
170
10
84
386
196
4
89
54
336
17
74
8
136
35
113
433
326
52
61
73
47
121
336
195
955
25
55
108
68
11
229
92
49
64
20
126
5
132
335
12
563
95
149
81
1287
16
27
77
47
88
487
23
218
283
126
45
247
182
83
106
176
308
14
32
93
156
106
43
30
32
337
162
37
11
663
306
439
120
69
88
81
240
29
132
142
407
26
41
136
46
42
59
17
1
417
448
261
31
68
136
13
651
156
4
95
115
45
174
12
65
226
37
195
127
349
88
31
94
62
370
17
57
106
78
113
106
157
301
62
8
242
165
2
28
68
25
459
130
231
68
190
107
8
154
17
24
207
24
449
67
68
55
96
73
126
316
269
122
137
159
129
272
87
231
299
79
66
45
415
41
81
12
164
56
31
285
151
406
37
116
2
213
137
220
168
52
72
31
29
356
22
57
73
403
101
115
186
21
294
76
284
31
156
300
18
379
41
24
90
254
48
192
33
165
19
644
30
89
50
103
26
23
25
192
80
88
59
47
134
96
57
42
46
61
173
360
91
217
14
45
20
38
168
56
164
211
257
64
7
476
107
49
32
160
489
7
284
70
219
10
113
56
161
93
70
100
290
6
289
19
419
61
117
303
65
259
106
245
457
227
65
30
141
66
283
188
105
88
11
13
201
9
6
150
197
192
30
9
196
4
163
20
442
120
121
43
11
122
92
218
24
91
35
81
28
57
139
22
103
111
397
83
6
16
75
39
124
49
29
292
285
4
302
77
74
342
16
83
20
287
115
235
224
92
552
27
137
52
26
230
88
50
24
4
169
59
325
1
107
69
63
123
244
76
58
171
28
217
76
28
69
20
169
24
67
534
50
12
52
92
76
280
117
53
158
268
156
368
668
93
65
4
461
272
398
31
58
667
21
82
91
90
245
92
311
37
118
125
169
185
180
74
587
890
23
356
71
77
10
41
22
38
71
77
67
34
321
105
154
5
65
46
26
46
47
27
184
157
25
105
7
101
22
59
22
133
63
5
19
40
174
448
38
98
98
26
10
65
3
169
12
373
176
186
78
24
42
107
199
60
115
91
48
75
69
120
215
213
63
69
9
67
192
7
296
505
100
418
11
59
135
20
70
11
646
147
470
61
99
212
39
124
139
6
220
39
550
116
16
192
93
116
595
94
53
128
217
72
16
25
11
39
113
142
153
80
257
6
238
216
33
52
110
100
244
72
242
91
240
29
39
2
100
83
58
76
156
4
67
93
7
229
83
275
637
244
331
30
275
22
151
302
300
139
50
96
53
28
72
24
106
59
34
74
545
14
62
51
378
26
40
176
30
138
48
264
325
27
212
361
7
3
77
94
100
13
75
220
72
188
975
162
71
148
82
23
59
159
91
253
142
164
195
169
378
359
156
221
216
148
154
7
11
559
322
41
101
32
38
51
259
79
18
70
39
6
64
6
10
13
95
65
344
33
94
104
495
158
219
20
5
475
167
120
268
213
40
57
24
38
325
72
10
123
74
30
29
359
60
60
113
332
96
207
85
580
25
333
101
240
217
34
287
111
3
109
141
33
86
27
86
37
1
94
68
256
15
294
92
61
241
90
144
346
102
14
332
55
5
215
468
20
126
208
61
342
69
31
218
142
130
277
54
28
42
94
143
187
99
579
10
52
312
376
67
86
211
223
66
331
112
160
499
433
184
76
621
12
160
140
128
54
154
70
60
294
174
711
13
35
147
153
121
169
29
16
27
273
85
27
17
24
187
181
26
32
108
5
31
67
3
235
66
695
119
102
38
5
184
407
24
294
87
26
40
164
149
68
257
113
199
83
47
780
30
62
41
25
124
49
387
90
11
29
300
24
145
36
24
69
302
209
436
169
780
13
21
54
354
6
306
83
90
411
49
233
150
105
189
496
51
4
723
175
33
36
334
126
187
59
456
12
443
78
100
8
95
75
58
193
108
174
111
75
261
70
79
14
50
391
335
72
78
192
16
148
189
122
62
243
112
109
46
11
70
65
82
42
129
296
85
273
65
201
25
1
89
170
26
566
343
126
54
5
13
81
184
2
64
314
27
56
125
574
148
94
24
95
199
87
81
90
157
155
231
27
92
23
63
15
42
172
332
19
3
10
273
230
45
25
304
95
74
32
2
21
35
78
227
254
134
106
28
179
250
248
106
57
274
185
14
218
39
517
5
73
21
126
149
16
64
100
299
94
138
124
181
52
850
50
49
98
76
69
173
9
75
47
8
582
38
21
20
155
358
245
92
119
70
53
35
172
197
130
29
45
468
39
44
122
236
61
85
214
107
85
200
219
94
593
37
48
352
73
34
248
45
198
64
71
127
1
45
154
536
445
22
84
24
532
35
33
340
55
618
277
132
353
64
404
54
98
62
11
122
225
47
13
40
61
160
39
97
383
311
468
56
171
9
259
41
78
184
424
121
200
99
43
6
71
126
75
138
11
94
41
246
323
442
28
45
34
69
98
7
114
58
99
291
342
18
14
140
79
82
312
124
38
29
43
34
14
35
166
20
65
91
304
127
382
66
74
41
129
176
63
63
135
156
25
71
25
53
10
456
26
192
351
153
171
219
85
454
163
4
57
39
10
40
97
265
31
356
181
289
63
79
233
61
41
184
21
208
48
265
169
113
369
157
196
13
3
208
216
225
79
232
26
135
39
233
103
288
96
49
120
184
2
41
25
127
111
197
25
81
341
166
348
285
126
26
75
55
183
35
233
175
68
272
35
205
6
393
280
26
16
95
16
396
161
385
280
190
7
248
212
420
302
31
21
99
51
140
79
381
193
45
175
577
196
73
238
236
297
47
35
25
32
178
251
1
464
38
491
7
255
94
21
12
23
203
62
462
302
48
4
226
148
155
203
116
690
93
36
291
15
116
316
28
256
90
36
107
95
7
153
89
82
29
82
308
364
8
185
3
262
57
161
98
7
59
32
25
424
23
8
59
162
281
16
303
198
118
10
160
38
144
448
308
52
320
405
4
27
16
67
32
153
1
72
450
450
109
74
151
17
54
54
87
50
28
63
336
128
194
113
22
212
31
84
130
207
534
131
5
66
80
26
380
185
148
253
67
4
399
267
171
113
68
189
95
194
20
29
79
249
21
266
6
276
43
122
253
95
87
143
34
11
412
271
16
116
31
27
36
222
75
47
434
62
35
75
11
554
6
110
153
14
202
135
37
203
124
68
648
79
415
130
41
57
38
212
9
117
14
230
15
122
909
19
282
48
111
1
131
40
114
147
79
111
40
140
675
668
20
96
617
270
113
331
92
410
26
8
151
18
10
106
346
41
82
125
147
43
223
436
54
69
541
331
550
24
116
115
124
49
91
78
20
1
244
5
140
1
50
87
76
35
40
8
62
51
285
362
230
381
80
137
107
70
196
234
690
92
123
85
14
87
112
36
275
51
82
15
114
32
7
109
149
33
43
19
162
124
44
88
354
168
118
15
25
343
389
54
