3985900
3937600
3926400
4011900
3980900
3962700
3973600
3972600
3960400
3900100
3947600
3963700
3917700
3937800
3943800
3974000
4879700
4033000
3979400
3965400
3957200
3971900
3957300
3997000
4044100
6352600
3945800
3992500
3905700
3964300
3965900
4049400
3939800
3969200
3923000
3948300
3906200
3978100
3942700
4708400
3983800
3943500
3940100
3987600
3979400
3985200
3969000
3948900
3992800
3954000
3965800
3908400
3997800
3963100
3981500
3971400
3936000
3963400
3955600
4776400
5669000
5609700
5655600
3959800
3904400
3995600
4036700
3930800
3992300
3978100
3956900
3932600
3948600
3970500
3941200
3967600
4031400
3939100
3928800
3954200
3946200
3969300
3941500
3976600
3921200
4726600
3993100
3926900
3954300
3968800
3975700
3954600
3904600
3931800
3928900
3959400
3961100
3994600
4344800
4341800
4363300
4325500
4312400
4341800
4121500
3917000
3974400
3987100
4648600
3956400
3963200
3928300
3949200
3973800
3953000
3962100
3971500
3955300
3914700
3959400
3974900
3985300
3957300
3982700
3978900
3968400
3970600
3974600
3966900
3969400
3933100
3953200
4681000
3935600
3945800
3905800
3975200
3935900
3956800
3981100
3969200
3936800
3963700
3948500
3955300
3946000
3976000
3974800
3964500
3944800
3950300
3950200
3961100
3904200
4313100
4787100
3918900
3953400
3919700
3960100
3976400
3957600
3952700
3952500
3995000
3956700
3960500
4021400
3938000
3950100
3963100
3989900
3951900
3957300
3991700
3958600
3961800
3962000
4699000
3965500
3953900
3988400
3959500
3950500
3972200
3943100
3946900
3953700
3950900
3962700
3972500
3960100
3975900
3968600
3965300
3953100
3969700
4085500
3939800
3954100
3911900
4700300
3960600
4007500
3983300
3974100
3936800
3929200
3991100
3959100
3968600
3964900
3959100
3940300
3959700
3984300
3958100
3997100
3981500
3924000
3952100
4002800
3960700
3976500
4767000
3951700
3971800
3959700
4002400
3964800
3962700
3925700
3958100
3973200
3954500
3943600
3949500
3952400
3982800
3944400
3968700
3971700
3970300
3964400
3960700
3962100
3931900
4738500
3943700
3942400
3925900
3949600
3961400
3974600
3959200
3951000
3961000
3946900
3979900
3967200
3964600
3957500
3947400
3966200
3983400
3955100
3981500
3994700
3951400
3929600
3952200
4718500
3955400
3955400
3979400
3916400
3962000
3946400
3967400
3976700
3912600
3999400
3976200
3916000
3949100
3982400
3960200
3947500
3968100
3973700
3955700
3922200
3961700
3987900
4666300
4154200
4528600
3956100
3956400
3982600
3970800
3951900
3975800
3924700
3967200
3966200
3947000
3957200
3959200
3971800
3961900
3951500
3973400
3965800
3918000
3951200
3963800
4709100
3964400
3966500
3976900
3959500
3964300
3995700
3960000
3952800
3956400
3995900
3965000
3959600
3958900
3924000
3915600
3983100
3991200
3973500
3986600
3912200
3956700
3949400
4690000
3986700
3956700
3994900
3963700
3965800
3971100
3931600
3916900
3959100
3935800
3946900
4098700
3996100
3981500
3960500
3969400
4020200
3950800
3975700
3984300
3969700
3967800
3925700
4701100
3978000
3944700
3982600
3953000
3972200
3980300
3962400
3956700
4034900
3981900
3959200
3917900
4004700
3963800
3955400
3962500
3971100
3966000
3975200
3950800
3951700
3960900
4753800
3986800
3960500
4003100
3984500
3946100
3958400
4013800
3934800
3960000
3980900
3971100
3950400
3911700
3975400
3909600
3941800
3980200
3933400
3950300
3951700
3967300
3915900
4623000
3985800
4326800
3939100
3979500
3948200
3954600
3965000
3943300
3952900
3977300
3971300
4007300
4089800
3983000
3953400
3997900
3946500
3955100
3958200
4034900
3989200
3955100
4764000
3975000
3954000
3905400
3962500
3973100
3964000
3990600
3986000
3911800
3936900
4016300
3966900
3933800
3950900
3971000
3960900
3941000
4000200
3955000
3931600
3972900
3952300
3916700
4640600
4019000
3947500
3941600
3962100
3965900
3908800
3913800
3928400
3965300
3967600
3980200
3985800
3985200
3952900
3934600
3983600
3939600
3940200
3938900
3966800
3979900
3950400
4778000
3955100
3952000
3927500
3942200
3974300
3928400
3947500
3974500
3979700
3921200
3942500
3989900
3952700
4011700
3965800
3975900
3958200
3961400
3997400
3953600
3977300
3974100
4653800
3951400
3913700
3965200
3964900
3952200
3972900
3918900
3921600
5605300
4966300
3916000
3981700
3970100
3942000
3982200
3914600
3944500
3964500
3935000
3964100
3940600
3961900
3960000
4700700
3955800
3944200
3945300
3951500
3964700
3958000
3960500
3927900
3975800
3910200
3958300
3973400
3968400
3930300
3979100
3984200
3944100
3956800
3982000
3911000
3947200
3986900
4756400
3947300
3949200
3975500
3953700
3904500
3976100
3917000
3952700
3963500
3916500
3928400
3970300
3978900
3955800
3951400
3980600
3955600
3929600
3947700
3955000
3960700
3914000
4664000
3915200
3976200
3981800
3960400
3947600
3930800
3968400
3967000
4081700
3952100
3958500
3904000
3958100
3939900
3912700
3938200
3957700
3953600
3946800
3979000
3966500
3908500
4639800
3946400
3959300
3955800
4001600
3960700
3950300
3955600
3992400
3891100
3925800
3973800
3954900
3899500
3943200
3965500
3960300
3949100
3969600
3935100
3951500
3975000
4170100
3959800
4696500
3959200
4042200
3968700
3954300
3995300
3945000
3956900
3954400
3942100
3948700
3952000
3950500
3941400
3979100
3943700
3979300
3966700
3952000
3952600
4179700
4368600
4336400
4953300
3927400
3925600
3933200
4001800
3994900
3918200
3987900
3975700
3946100
3932700
3987400
3925100
3930700
3944500
3951800
3940700
3946000
3986300
3974600
3956000
3990500
3927500
4721700
3914100
3976400
3964200
3967200
3942100
3942100
4121300
3954400
4046400
3983800
3969400
3974700
3991200
3975500
3972900
3989000
3936000
4006700
3927000
3944600
3957700
3944600
4120100
4670400
3982500
3981400
3970200
3970200
3959800
3942900
3956900
3965700
3955100
3912000
3971100
3957500
3975500
3958600
3969700
3935800
3968200
3974800
3939900
3968600
3956900
3981000
4666100
4003800
3989300
3942200
3918400
4027700
3963900
3945100
3988400
3972400
3957700
3945300
3967800
3951600
3963600
3973400
3981700
3975700
3961500
3982500
3958300
3964900
3993800
4850800
4354300
4342700
4338500
4361500
4355900
4391500
4390000
4343500
4333600
4342800
4335800
4202100
3927800
3915200
3958300
3918600
3976800
3990100
4735000
5803100
4019500
3974700
4748100
3960300
3990500
3940600
3926200
3910200
3965200
3963100
3947100
3931200
3966600
3952400
3919700
3987500
3918800
3988100
3939300
3960400
3955900
3988200
3951900
3927700
3971600
3927500
4716500
3984400
3971900
3958700
3950200
3981100
3955700
3980600
3988400
3907000
3911500
3955600
3929400
3957800
3950600
3950500
3961400
3927000
3927200
3912000
3930100
3967800
3981000
4640000
3963100
3984100
3975600
3920800
3980500
3960100
3963300
3899000
3956400
3940000
3970200
3954800
3987300
3937900
3929800
3945500
3939500
3956700
3957700
3989400
3961400
3898200
4745600
3984300
3963700
3982900
4022200
3994100
3953600
3912100
3973600
3923600
3958200
3962600
3951700
3965300
4146200
3983900
3940300
4014900
3961800
3921100
3954900
4061800
3989800
3943300
4717300
3928500
3971500
3952900
3985900
3943200
3956700
3954600
3931900
3949400
3915700
3997400
3954000
3958300
3896900
3970500
4020200
3994200
3975400
3927100
3922100
3970300
3993400
4686000
3968200
3966800
3984300
3945600
3975500
4020700
3948800
3956300
3926100
4020000
3929900
3992400
3960100
3939600
3968400
3946500
3974400
3972000
3959900
3943900
3977000
3980100
4704400
3965200
3979400
3949100
3958700
3976300
3984400
3961200
3949700
3946300
3975300
3953600
3934100
3962600
3931400
3951600
3985500
3925500
3968400
3974200
3930700
3944200
3973100
4004600
4557900
3957000
4021600
4005200
3952700
3940600
3956800
4051300
3944200
3980700
3974700
3961700
3940800
3964300
3957500
3946600
3976900
3967000
3984500
3953000
3959100
3961500
3955600
4676700
3936700
3951200
3969900
3938100
3960500
3979300
3939900
3956000
3948600
3954500
3955800
3961000
3994800
3951800
3981000
3940200
3953100
3923200
3942200
4006000
3963000
4749300
4790400
3932700
3968500
3948100
3954900
3969400
3966600
3982000
3959500
3911600
3957200
3957500
3918300
3958600
3985600
3954500
3935000
4001900
3970800
3941200
3950700
3969500
3953000
4746200
3995000
3934000
3960500
3972900
4012500
3937500
3972800
3911200
3928000
3959500
3986700
3944700
3948800
3963800
3956500
3971400
3952400
3952800
3958400
3936100
3989400
3968800
3982200
4703500
3952200
3967300
3931300
3979900
3944800
3963000
3955300
3967100
3953300
3943900
3955900
3963600
3968200
3995600
3943000
3902000
3995500
4000700
3977300
3963900
3962900
3946100
4680900
3984000
3958300
3933900
3960500
4012200
3966900
3944400
3969900
3940100
3909200
3963000
3987300
3983700
3903100
3968300
3947300
3948100
4005400
3964300
3965000
3969500
3987000
4772300
3968500
3969300
3960800
3933800
3951100
3950400
3967900
3951600
3985400
3957900
3947400
3976700
3965600
3997100
3978800
3969300
3960400
4066800
3930100
3966800
3966300
3934000
3957500
5041100
4205600
3957600
3959600
3956500
3995200
3963700
3964900
3982300
3964000
4052700
3920000
3974000
3968900
3961500
3956200
3964500
3937800
3957100
4005700
3938000
3948300
3974600
4695500
3956000
3984600
4173100
3936000
3958700
3976200
3945000
3955300
3958000
3953900
3917100
3960300
4008500
3921000
3933400
3959400
3988900
3961800
3977900
3950000
3930800
3904500
4733300
3989500
3919600
3992400
3950900
3926700
3977700
3961000
3968200
3923800
3968900
3948000
3992400
3949300
3922800
3952200
3932500
3966900
3965400
3969600
4001900
3967500
3993600
4665200
3977100
3960500
4085200
3945200
3961200
4006500
3940700
3962900
3931000
3981200
3963400
3959900
3982200
3950300
3940800
3952900
3944000
3932400
3959900
3962900
3984500
3957300
3961300
4817800
3960500
3952200
4157300
4369300
4314900
4365400
3970500
3957900
3969900
3997200
3979800
3954000
3970900
3923200
3967400
3941200
4002600
3957100
3952500
3962900
3939700
3958000
4743500
4083600
3975600
3908700
3954900
4020500
3963700
3986600
3950100
3942500
3961400
3897600
3985500
3919000
3996700
3966400
3984800
3958500
3959800
3949000
3924900
3964000
3977100
4696600
3983100
3941700
3979000
3980300
3953000
3948600
3960500
3964600
3962000
3967800
3927900
3912400
3952300
3965000
3968600
3964700
3906400
3950900
3942200
3961000
3975000
3918700
3963500
4674500
3954200
3967900
3953100
3991700
3955000
3955300
3968100
3969500
3937600
3949000
3939800
3961100
3958100
3965000
3926000
3952600
3960000
3945900
3925100
3947100
3961600
3916500
4673400
3968100
3972200
3961600
3948200
3974600
3952000
3948100
3946400
3917500
4092900
3959400
3938500
3957600
3960000
3978100
3957800
4067800
4384600
4359200
4350900
4364900
4348700
5097300
4340100
4355500
4359800
4316000
4345400
4361900
4133400
3938500
3966000
3998500
3971500
3966300
3962000
4015600
3982000
3947800
3988400
3989700
3932200
3924200
3975300
3950700
3963400
4646000
3994400
3953100
3958600
3980700
3957200
3962200
3956000
3988500
3940400
3959300
3967900
3955300
3907800
3967200
3933000
3966300
3967500
3934800
4066000
3957800
3984100
3971100
4651900
3953800
3969200
3939100
3917300
3985600
3969400
3957200
3971800
3961800
3942000
3964300
3942500
3960800
3934200
3938900
3904800
3956100
3965500
3960500
3955100
3958700
3961000
4720200
3960100
3921200
3945600
3968600
4019300
3987800
3966900
3985500
4004100
3948700
3964400
3965500
3913800
3940200
3942400
3936100
3952200
3954500
3974800
3956500
3961900
3948700
4970900
3956500
3958700
3988300
3961500
3951300
3965200
3927400
3959200
3969400
3946500
3917500
3944600
3971400
3942500
3959300
3970000
3977400
3916800
3918800
3968800
3950600
3936800
3952400
4658900
3986300
3939600
3961200
3963600
3952100
3971600
3933900
3904500
3957200
3969400
3963700
3946800
3977400
3942100
3955300
3951300
3942100
3969600
3942300
3947400
3922900
3957400
4704500
3968300
3980400
3943000
3946700
3929700
3958500
3932200
3938400
3982900
4376200
4336100
4312100
4046300
3949700
3958300
3948200
3963000
3961500
3950800
4086200
3925200
3952500
4742300
3912100
3960500
3968000
3984800
3954900
3962100
3968900
3956000
3960800
3951200
3977700
3948100
3916200
3975000
3930000
3955100
3956300
3976400
3961500
3978900
3925700
3924900
3964600
4712400
3962500
3960200
3945600
3916400
3968100
3974100
3943100
3949300
3973900
3998600
3965000
3963300
3948900
3945000
3966300
3983800
4013600
3963800
3972500
3965500
3950500
3934400
4714500
3947700
3972600
3974400
3944200
3956400
3973100
3986100
3923000
3921900
3965100
3951900
3983400
3962100
3996900
3938000
3958500
3980300
3967100
4095900
3970300
3949600
3978400
4679800
3939500
3952200
3967100
3956600
3930200
3966000
3922500
3987500
3969800
4018800
3964600
3959300
3969600
3933600
3913500
3949700
4141200
3977400
3973000
3946600
3928200
3973600
4721100
3973700
3948300
3954800
3958400
3975700
3951800
3906800
3981000
3959700
3964300
3967500
3959500
3944200
3956200
3991600
3959100
3933900
3957800
4014100
3959900
3953800
3968400
3968700
4763300
3970200
3968300
3954200
3959500
3963700
3927800
3959900
3970900
3970200
3919200
3960500
3988300
3940800
3938200
3919400
3905900
3919600
3948700
3936600
3979100
3953700
3968900
4726700
3968500
3958200
3935600
3918700
3955200
3931600
3990700
3951900
3932200
3974800
3951200
3920800
3961000
3948400
3955800
3965800
3955000
4000600
3968600
3954100
3947500
3968400
4748100
3958200
3988700
3955100
3910600
3983600
3976000
3913300
3963200
3976500
3971400
3965100
3945300
3952600
3964500
3957400
3968800
4003800
4024900
3999400
3986200
3949100
3949600
3937500
4755700
3961900
3971600
4022000
3942600
3941400
3942000
3957700
3917000
3964500
3974900
3951600
3934400
3983300
3970100
3949600
3974900
3946000
3965200
3959000
3951200
3948800
3967500
4880400
4335700
4357900
4368900
4345900
4364600
4356700
4323900
4358200
4376600
4337300
4181100
3930000
3941700
3967500
3937000
3930700
3955000
3967000
3943100
3931700
3973300
3957200
4772800
3950500
3966400
3976400
3970800
3953200
3960800
3967500
3955700
3955800
3912100
3978200
3916000
3951900
3964200
3963800
3986300
3959000
3963800
3939500
3926900
3974500
3923700
4756400
3946300
3920500
3951400
3959500
3953900
3958800
4022600
3965100
3947700
3944000
3973300
3957900
3962500
3959600
4020500
3972200
3969400
3977900
3978600
3970200
3933100
3983700
3966100
4797100
3937400
3911500
3963900
3901800
3960300
3909200
3973600
3952700
3924700
3913400
3958900
3995300
3973000
3937700
3985200
3959200
3977200
3937000
3944900
3968200
3914200
3935100
4680100
3948500
3909000
3920800
3921900
3949700
3966800
3959600
3967200
4084000
3962700
3973700
3954600
3954800
3955100
3961600
3974300
3962000
4017100
3920400
3905900
3969900
3960400
4757000
3950000
3961100
3952600
3927400
3963900
3958900
3970400
3959000
3935500
3976400
3923600
3963900
3969700
3996200
3962800
3919800
3935200
3992900
3971700
3907700
3993000
3921600
3958500
4671000
3915200
3956900
3975300
3966600
3936900
3949300
3975900
3939900
3929600
3946400
3965200
3961600
3966500
3973200
3959000
3947200
3975400
3952900
3940800
3958900
3992400
3992100
4696300
3951400
3954500
3941900
3964000
3955900
3911600
3931500
3977000
3953400
3991000
3964500
3948400
3957200
3945600
3918200
3933700
3971500
3987500
3955500
3965700
3963100
3949600
4767500
3967500
3952300
3932300
3958500
3975800
3967500
3944500
3980400
3964600
3913700
3949100
3964700
3929900
3960200
3986600
3948400
3939200
3955500
3971700
3911300
3976000
3969700
3931200
4647400
3986900
3945300
4009800
3940900
3969800
3944400
3990800
3956700
3957900
3940800
3962000
3977600
3961600
3956300
3976400
3937600
3972200
3955400
3928500
3959300
3929700
3944900
4684700
3946200
3935900
3951100
3947100
3941700
3979500
3904300
3958500
3950200
3922100
3964600
3969200
3955100
3946100
3966600
3964900
3962800
3955300
3940300
3970900
3952400
3949900
4691400
3949100
3971600
3977600
3929300
3944100
3932300
3964400
3931400
3959400
3942300
3959800
3967400
3974200
3962600
3963200
3962800
3967000
4052200
3999300
3973900
3962600
4003500
4748800
3943000
3961100
3952200
3922800
3942400
3958800
3978900
3961600
3944100
3917100
3942900
3959600
3961700
3983600
3947200
3959200
3957300
3929800
3954200
3959800
3995100
3950100
3951100
4710600
3927700
3943000
3913100
3969800
3912700
3957600
3980000
3947300
3908100
3953900
3935300
3920700
3944700
3970900
3939300
3922000
3963200
3974500
3924800
3958800
3979100
3939000
4643500
3974400
3969200
3978000
3974500
3946100
3967000
3900200
3992600
3944800
3968200
3948900
3992200
3947400
3946900
3950900
3959900
3956100
3973800
3971700
3928800
3963500
3896500
4923700
3917100
3962100
3953900
3984400
3954700
3939500
3974700
3949800
3985200
3913900
3957200
3974400
3952200
3956200
3981200
3946700
3915900
3969200
4001500
3911800
3910200
3980500
3980500
4684100
3946300
3922000
3958400
3928500
3992500
3948600
3942400
3970800
3939300
3965000
3940000
3973300
3954100
3925900
3932500
3966900
3972600
3924800
3977100
3957300
3924900
3933100
4669800
3944800
3964800
3929600
3934500
3947200
4000800
3938700
4065500
3982900
3961700
3922000
3949200
3978200
3978800
3964000
3953500
3960800
3971200
3956900
3947000
3943300
3934700
4710600
3953000
4006300
3966900
3982000
3934700
3955400
3941600
3948200
3913300
3946800
3972600
3986100
3964300
3955200
3989100
3972000
3962100
3965700
3921200
3951000
3955600
3944800
4760000
3913400
3965100
3904500
3956700
3948900
3980400
3949800
3959300
3929800
3991100
3940300
3978700
3944500
3920100
3903900
3976100
3975400
3937900
4059500
3943800
3955500
3912600
3936500
4697100
3969100
3975100
3948300
3957600
3965700
3971300
3973700
3961100
4010400
3961900
3935100
3979100
3952100
3970500
3914200
4017200
3916100
4002500
3962700
3955300
3940400
3981500
4660000
3962900
3981400
3983400
3953800
4011800
3994900
3959300
3946000
3944900
3972900
3940500
3950000
4001200
3945300
3908800
3980700
3960700
3942900
3954200
3952600
3951200
3954700
4708900
3956900
3969300
3955600
4226100
3931400
3911000
4039900
3962000
3973000
3978600
3980600
3969700
3972300
3938400
3960400
3975800
3961000
4116100
3975600
3971800
3973100
3948400
3908800
4729800
3973400
3923900
3948600
3960900
3926600
3966900
3957100
3975300
3949500
3965500
3912900
3962300
3971500
3922200
3973300
4092600
3966500
3967700
3999700
3969200
3977100
3954800
4797800
3941200
3940800
3953900
3984200
3950800
3959500
3967300
3962800
3958100
3972000
3973500
3948100
3952500
3977100
3901500
3909800
3948400
3995800
3950700
3933400
3978500
3977800
4679900
3930100
3933200
3948700
3945200
3956100
3948300
3938400
3978500
3992000
3909500
3944800
3954500
3952500
3952000
3988200
3972600
3973100
3988100
3964400
3948900
3964700
3971500
3970100
4716100
4013600
3958200
4141700
3987900
3961900
3990000
3973100
3984300
3972200
3967800
3963900
3965500
3955900
3981600
3968100
3963900
3973000
3969400
3970500
3948300
4220200
3968000
4714500
4013700
3943400
3905900
3974100
3971700
3954400
3948500
3953500
3946000
3958600
3923900
3980400
3960200
3949100
3972800
3978300
3940700
3911800
3941600
3954600
3946500
3985500
4722600
3948700
3960800
3927600
3945000
3966900
4031700
3952800
3952000
3969100
3974500
3958600
3947300
3986500
3914200
3913300
3976200
3975700
3914200
3918600
3954500
3968000
3948700
4723800
3955900
3933100
3997000
3960100
3982200
3989100
3965000
3957200
3951300
3965600
3973800
3962200
3983100
3951100
3948500
3978400
3973300
3962900
3952200
3957200
3963900
3953000
3998300
4705400
3975200
3978900
3938200
3965300
3943200
3960500
3960700
3962000
3910400
3991500
3941600
3947300
3986400
3930600
3948600
3940700
3916100
3945400
3943700
3970100
3963700
3954200
4738600
3935900
3935500
3962300
3983800
3993400
3942000
3971800
3956600
3970900
3950200
3984600
3917200
3953000
3977400
3956300
3977600
3949000
3934800
3975600
3959000
3969900
3967100
4684800
3927300
3924600
3971100
3924300
3954400
3989400
3964700
3967000
3929900
4134800
4358300
4348000
4370800
3952000
3938800
3957700
3962400
3957600
3958900
3960300
3932600
3953900
3962500
4707400
3963500
3939900
3932700
3970100
3953800
3985600
3968700
3975000
3958700
3968700
4002500
3963700
3945100
3962900
4011000
3969800
3889800
3955000
3937100
3917500
3974100
3941700
4708000
3954900
3959500
3985400
3954500
4019300
3941200
3924100
3955900
3939600
3914300
3987600
3968700
3985600
3988700
3961000
3957800
3938200
3959800
3934800
3977000
3958800
3970100
4709200
3992400
3962400
3951400
3959600
3945600
3951900
3913200
3933400
3975800
3960900
3976300
3949500
3941200
3964900
3977400
3955500
3945700
3979300
3937400
3903000
3972200
3967500
4695600
3915400
3993600
3949400
3950300
3961800
3972600
3892200
3922600
3909700
3957700
3943800
3982600
3969100
3934600
3973800
3929600
3962800
3961000
3964300
4000900
3972700
3971700
3965800
4737300
3991500
3965100
3973300
3953600
3974000
3970500
3945100
3968900
3952100
3962000
3928400
3955300
3953300
3950400
3928800
3893400
3941400
3938300
3954000
3956300
3920000
3977100
4673000
3997300
4007300
3915000
3965100
4000200
3932600
3961300
3918900
3923000
3954100
3949400
3975900
3969000
3972200
3966900
4002200
3955000
3964100
3967100
3878800
3944200
3910000
4799400
3957400
3956000
3987700
3921500
3957600
3962000
3977500
3965200
3930900
3979900
3934400
3948800
3931400
3908100
3918800
3962000
3917100
3987200
3914300
3963800
3960000
3992300
3970200
4697100
3969100
3959300
3990300
3962100
3978200
3973500
3949500
3956500
3925500
3956900
3912900
3936500
3977600
3953600
3942800
3971100
3947800
3951700
3944700
3978300
3912700
3955000
4705500
3915200
3953100
3929900
3965300
3909300
3966300
3989700
3901000
3925000
3981500
3927100
3948500
3941400
3982000
3945500
3958100
3961400
3999900
3977700
3974600
3977500
3949800
4698900
3969900
3949700
3928000
3965700
3939200
3931900
3979800
3926800
3940200
3962600
3952400
3942800
3951800
3902900
3981400
3901900
3967700
3960300
3943500
3950900
3934800
3912800
3964900
4742100
3952500
3959900
3956200
4186100
3960200
3959500
3964300
3977200
3918700
3900700
4006600
3972100
3975000
3988100
3946900
3960300
3966800
3960400
3961600
3933900
3957500
3980700
4752800
3958100
4604600
4879500
3925100
4048400
3976900
3976500
3992600
3957700
3917300
3961700
3959100
4003500
3972400
3986500
4022100
3964200
3953200
3980200
3965000
3983100
3934500
4675300
3937300
3913700
4002000
4048900
4001000
3962100
3935600
4010500
3946600
3963500
3959800
3961700
3968300
3955600
3981800
3963600
3964700
3915400
3969900
3956100
3950700
3942200
4692600
3975800
3980200
3956600
3957300
3933100
3955700
3916800
3948200
4222000
3954000
3962000
3973600
3969800
3956600
3968100
3941000
3962600
3933700
3926600
3960600
3966700
3959300
3982300
4675300
3972200
3977300
3960900
3994400
3912200
3938500
3955800
3957400
3960600
3961300
3951500
3985100
3961300
3953000
3958900
3935700
3917900
3961600
3961400
3983900
3930800
3952300
4707600
3942100
3942000
3992500
3978200
3941000
3941100
3960800
3970400
3960800
3985500
3956300
3905500
3959800
3960400
3963700
3968200
3967400
3957700
3937900
3972000
3958500
3932200
4986200
3960100
3959800
3953900
3978900
3961600
3961000
3933300
3960400
3968800
3988800
3954700
3957900
3949900
3960700
3909300
3940500
3920000
3940700
3910300
3974700
3997300
3947700
3952800
4667100
3951800
3947500
3928600
3946200
3944000
3914300
3960000
3968800
3926500
3971900
3954900
4009500
3945100
3962100
3950200
3947400
3968700
3969700
3959800
3956600
3994300
3961600
4671900
3914300
3946100
3928700
3980400
3941700
4003200
3940300
3991300
3929400
4157300
3962800
3956100
3946800
3969900
3963800
3970200
4092400
3965700
3902700
3904500
3990700
3956300
4705400
3981600
3977400
3958800
3937500
4003100
3960600
3964900
4018200
3959400
3966600
3932500
3942300
3945200
3913700
3977100
3927400
3950000
3949100
3965500
3963200
3962200
4058200
4723900
3984000
3996800
3945400
3964100
3951900
4009300
3925800
3954700
3987900
4059400
3965900
3957900
4139400
3968700
3964000
3938500
3976700
4008700
3988200
3966300
3959200
3970800
3935000
4775200
3909300
3981700
3987400
3945600
3975200
3939900
3965600
3954500
3945000
3993200
3960100
3972600
3942400
3963000
3950100
3975600
3970300
3963600
3964000
3907200
3990900
3945400
4726500
3951500
3988100
3968000
3916100
3977800
3967600
3955200
3953900
3950500
3960800
3950200
3940900
3953600
3948600
3930700
4001300
3956300
3960200
3955000
3965200
3966000
3952900
4688100
3960300
3903700
3972700
3921600
3956400
3966700
4046900
3912000
3907000
3971100
3936900
3958100
3950400
3982200
3956200
3964000
3978500
4145600
4344500
4355500
4365100
4337700
4361600
4916100
3940600
3965000
3955500
3935300
3960200
3985200
3975800
3972200
3993100
3951900
3949700
3945500
3970600
3962600
3953400
4003600
3969400
3988600
3941900
3948500
3979100
3948600
4682700
4333500
4333300
4317900
4317900
4340500
4309100
4350600
4365500
4349300
4318900
3973000
3951000
3954800
3987500
3929700
3965700
3953300
4033800
3954300
3949000
3969500
3945100
4662300
3957200
3930000
3966300
3959100
3994600
3965500
3954700
3942400
3975900
3950100
3938600
3969200
3924700
3950500
3955400
3942100
3956400
3893000
3907100
3984100
3968300
3969400
4685000
3942800
3974300
3912800
3986700
3915400
3976200
3893700
3961300
3987600
3923600
3948800
3932400
4004700
3951800
3941100
3974500
3955000
3967300
3984400
3915400
3950300
4097100
3986200
4688800
3984100
3939400
3930600
3950600
3949500
3964900
3958200
3949800
3947800
3966000
3958800
3933700
3916100
3908300
3966600
3949000
3950800
3920900
3923600
3941200
3966100
3956200
4786700
3919400
3920100
3978000
3996600
3958900
3976900
3967000
3931700
3931900
4001000
3951600
3954200
3967400
3954300
3952100
3955300
3971400
3940000
3914000
3920200
3948500
3977600
4743600
3967700
3970000
4069300
3988300
3908200
3959000
3976000
3960700
3958800
4162200
3958800
3943200
3969800
3977100
3979100
3961700
3944500
3973100
3915900
3965500
3937300
3911700
3938300
4756000
3973500
3907300
3982800
3961300
3971500
3944300
3983800
3934800
3977700
4036600
3995200
3957900
3964900
3999900
3972500
3920200
3967900
3949700
3966100
3967500
3986800
3953200
4741000
3974200
3960300
3962200
3965100
3965400
3971200
3957800
3904300
3944000
3951400
3958100
3993700
3936700
3983800
3978000
3988500
3948900
3976400
3960200
3974300
3960600
3958400
4731300
4010300
3961200
3949100
3955800
3978900
3958500
3953200
3957100
3914000
3948800
3933500
3963700
3944500
4031300
3982600
3951600
3957200
3929700
3965900
3968400
3990700
3985200
3961300
4818600
3957400
3962900
3951800
4386200
3975300
3922800
3948000
3939300
3940000
3961500
3945200
3960200
3957700
3956900
3962600
3962500
3959000
3974800
3962100
3965200
3954000
3970200
4638300
3954800
3953300
3949300
3912000
3947500
3955200
3971700
3951700
4002800
4311400
4323500
4347800
3999800
3953400
3972700
3913100
3957400
3944700
3933900
3963600
3954500
3921200
4759700
3971900
3966700
3949900
3983700
3946800
3936300
3955800
3915600
4009400
3908100
3990400
3918500
3960300
3969100
3940100
3968400
3949800
3965100
3953700
3927200
3969300
3931900
4702500
3980600
3979900
3978300
3953100
3923700
3984200
3952800
3958900
3952000
3976700
3957100
3960000
4003800
3957200
3960500
3951100
3988600
3950900
3964200
4041100
4364000
4377900
4377000
5081600
4344100
4382000
4350100
4344500
4358200
4190200
3912700
3974900
3949500
3940200
3945300
3980500
3961200
3925300
3978200
3934200
3977700
3945500
3938500
3976100
3960600
3983100
4683400
3967300
3959500
3932300
3960800
3928800
3962800
3984600
3967900
4006300
3934100
3957600
3968100
3972300
3955600
3950200
3961600
3969800
3954600
3961000
3916300
3937400
3963900
4738600
3942300
3908200
3931100
3945700
3946900
3937900
4088500
4352600
4329300
4373800
3974700
3950200
3969600
3985800
3972400
3962400
3984800
3950200
3948400
4000800
3960700
3910300
3924000
4678300
3981800
3965100
3959700
3965200
4011900
3970900
3919300
3959900
3961900
3996600
3956300
3982000
3975500
3964100
3917900
3990500
3961800
3955300
3969400
3986000
3940800
3969400
4740300
3927400
3913700
3953400
3978800
3914600
3954500
4016100
3915400
3944400
3970900
3929700
3968100
3917700
3977100
3916300
3955200
3973200
5186300
5928700
5609500
3959900
3975200
4721600
3951500
3970800
3958500
3972900
3973600
3969300
3962000
4181600
4343800
4356200
4379300
4338700
4085100
3971200
3938000
3965000
3927800
3987300
3958500
4001000
3944800
3979200
4709700
3964900
3990400
3982900
3951200
3929000
3942000
3951900
3952800
3979100
3941200
3924900
3955500
3962800
3947300
3972100
3966100
3973800
3972200
3914600
3987100
3973500
3937900
3963900
4708500
3979500
3925000
4019600
3976100
3966600
3939000
3946100
3954600
3964400
3983100
3958000
3976500
3975600
3954700
3945100
3957700
3950800
4064700
3961600
3958300
3959900
3970000
4680200
3953200
3995900
3958600
3974800
3952600
3990500
3972900
3956200
3947500
4336600
4317900
4357000
4345700
4346700
4365900
4337000
4381700
4335200
4317200
4341500
4350300
4366700
4884700
3955700
3976200
4022200
3972600
3964800
3972900
3986000
3976300
3962600
4001000
3922200
3955300
3965500
3983100
3973200
3939500
3961100
3963900
3952700
3957300
3952300
3943000
3953500
4650600
3964100
3964300
3967400
3999200
3928100
3951400
3950600
3952400
3940100
3971600
3922100
3954800
3972000
3958200
3979000
3923300
3961200
3946900
4012100
4145300
3947800
3975200
4893800
4349900
4339300
4322600
4348600
4362200
4361300
4330900
4338600
4297300
4323000
4351200
4314100
4096400
3971200
3898000
3983100
3936100
3940800
3953100
3989700
3930700
3964800
4759300
4339200
4324700
4347600
4350700
4315900
4379900
4370600
4352300
4338800
4403400
4351500
4248900
3996200
3979400
3949300
3972100
3997400
3948600
3938300
3955000
3958000
3989100
3952500
4774000
4082800
4036600
3978700
3964300
3942100
3966100
3976400
3942600
3952100
3975500
3950100
3954900
3959100
3950700
3958400
3963900
3970300
3968900
3949400
3951500
3946200
3967600
4699000
3980400
3972000
3999700
3980400
3994100
4017800
3970200
3954300
3951300
3968500
3969800
3970900
3915300
3952300
3950300
3915800
3935000
3934300
3967100
3967700
3935000
3967500
4757700
3992300
3954000
3956400
4070000
3946600
3982800
3947400
4004400
3959900
3963400
3915700
3955100
3907200
4350100
3939800
3911900
3910300
4394400
4302600
4357400
4393900
4303500
5064700
3970100
3959100
3952100
3955600
3931500
3969900
3965200
3974700
3968100
3968400
3949600
3974500
3966500
3953900
4005300
3966900
3971200
3956500
3924600
3955900
3959700
3983100
3977000
4718100
3975000
3919500
3956400
3971700
4078400
3957700
3920700
3999600
3931900
3939200
3925100
3989800
3946000
3953700
3967600
6489200
3925200
3954500
3942800
3953400
3961900
3934300
4744800
3971000
3964300
3944800
3940200
3924900
3949400
3945400
3970700
3957400
3932600
3946400
3948800
3951700
3917800
3958900
3962400
3952400
3965200
3953300
3957000
3965600
3991900
4722800
3956200
3964400
3948600
3949000
3971600
3968400
3955200
3934400
3962700
3966300
3919500
3995100
3970000
3910300
3955300
3983200
3962000
3968800
3974600
3919700
3956800
3965300
3995200
4643700
3974100
3983800
3946300
3954800
3970900
3964000
4104600
3950400
3977500
3954800
3959500
3960000
3992400
3946800
3952800
3948400
3950900
3917800
3971100
3937700
3943100
3962200
4711900
3957300
3952400
3950600
3968900
3962600
3957800
3948300
3947400
3948100
3943500
3913300
4118600
4374300
4339800
4349900
6119200
4635300
4368300
4338700
4334500
4333000
4385300
5030500
3963400
4007100
3961500
3958700
3925600
4016800
3925600
3915300
4031400
3951400
3951100
3978300
3943100
3958900
3987200
3950800
3933900
3941300
3969400
3927300
3920000
3917100
4624600
3931200
3951100
3954600
3979500
3939600
3949100
3937900
3983700
3975100
3969000
3997300
3962700
3966100
3964100
3972800
3991000
3957000
3968400
3953000
3960600
3921400
3988500
3983300
4725800
3971500
3961100
3919500
3914200
3947000
3953500
3967300
3969300
3969100
3953500
3931800
3989600
3963900
3971700
3975500
3971400
3948200
3969800
3998700
3945000
3954800
3953000
4814900
3969100
3937800
3996800
3944800
3940400
3915400
3908100
3946400
3969000
3935700
3943000
3963100
3951000
3933000
3953400
3904200
4078600
4305700
4382300
4312500
4335500
4374100
5089900
4330400
4394000
4323800
4303900
4330600
3914600
3901200
3941100
3974300
3933200
3967900
3971300
3931900
3950500
3972700
3963000
3960300
3971100
3949500
3957000
3938300
3962300
3956800
4682200
3975800
3959500
3963400
3950000
3939500
3978200
3933800
3976200
3957200
4008000
4380200
4364500
4351900
4357800
4354300
4348600
4367900
4354500
4340500
4355000
4375600
4353300
4780200
3984000
3969200
3945900
3983100
3997600
3946600
3969400
3957400
3974500
3939600
3982500
3953200
3935200
3987800
3964600
3958000
3910200
3933300
3953300
3940600
3922600
3952400
4804900
4332400
4330800
4358500
4370300
4347600
4323100
4336200
4397100
4335500
4307400
4314400
3917900
3950300
3971000
3981500
3912500
3949700
3992900
3957300
3920000
3965900
4126600
5083600
3943600
3960200
3943500
3965900
3938600
3929400
3952900
3975100
3993400
3967000
3962000
3946800
3941300
3909300
3973600
3966100
3974700
3927200
3959200
3955400
3949700
3959900
3955300
4698000
3978400
3951500
3965100
3995000
3944600
3974900
3945500
3962800
3980000
3922300
3978200
3949000
4007900
3923500
3946700
3959700
3946500
3962200
3937000
3969900
3985800
3959500
4695100
3940900
3979400
3955400
3914500
4141000
3959800
3940100
4001600
3978900
3965300
3967400
3960900
3913100
3917900
4003800
3945100
3920300
3953000
3931300
3912700
3960800
4009000
4740700
3958500
3986400
3940900
3942400
3960700
3971100
3965900
3964600
3957900
3933500
3914200
3948800
4005100
3976500
3935000
3949200
3949900
3923700
3972500
3932200
3957600
3965800
3980900
4721500
3972000
3965300
4029500
3985300
3972000
3971300
4001700
3949500
3942200
4107700
4357500
4367200
4333300
3931200
3919500
3925500
4004000
3933300
3920000
3944600
3963600
3971200
4672900
4013100
3987100
3952600
3971700
4004500
3912000
3971300
3938900
3898300
3957100
3971100
3959100
3956400
3958500
3960800
3944100
3963700
3960800
3956100
3948300
3913900
3942200
4842000
4349300
4209000
3967800
3948400
3961800
3988900
3922800
3926100
3945300
3933400
3965800
3960300
3957900
3959600
3897000
3932700
3908600
3935700
3943800
3946800
3984800
3934300
3963000
4643600
3938400
3902600
3967900
3937000
3961900
3980900
3961700
3951600
3950800
3948200
3945300
4000000
3966800
3950500
4011300
3985300
3977100
3957300
3957500
3935600
3923600
3925400
4688900
3934700
3956500
3992800
3965900
3931100
3952000
3958800
3906400
3912000
3937900
3946600
3901700
3912400
4003100
3968600
3953400
3959500
3965500
3925200
4006400
3922900
3940700
4722500
3955200
3924600
3984600
3999400
3971900
3969100
3985500
3951800
3966600
4095400
3965000
3915400
3984400
3957100
3948900
3967300
3988900
3939800
3977400
3962300
3921300
3976200
4755900
3923300
3939300
4200400
4365800
4339000
4317700
4362400
4345600
4348100
4325800
4334800
4308600
4175700
3941300
3930900
3947400
3953800
3917100
3936200
3981200
4363900
4337700
4378100
4731200
3953600
3996600
4038000
3962000
3964900
3998000
3917600
3958700
3964600
3931800
3963400
3970800
4035800
3930900
3948100
3927800
3951200
3975100
3945600
3955900
3950900
3940300
4740500
3954000
3951500
3972700
3953300
3943900
3887400
3982500
3965600
3970400
3977800
3952700
3987400
3950500
3988400
3977900
3990700
3939400
3965000
3980500
3998000
3964900
3963300
4730500
3952500
3916900
3965000
3983900
3968500
3958700
4204800
4338400
4340600
4356100
4347700
4345500
4337700
3973600
3945400
3967200
3970700
3939900
3957100
3928500
3969100
3913500
3953500
4734300
3931100
3974700
3946800
3905300
3911300
3911400
3959200
3922000
3952000
3968800
3940600
3962500
3969000
3948900
3968600
3962700
3982600
3927200
3970200
3988500
3989900
3976300
4705000
3929900
4017800
3939600
3987200
3963500
3974700
3998700
3954900
3943500
3983200
3940300
3976200
3925300
3981100
3957200
3980000
3910300
3982300
3962200
3952900
3971600
3958700
4706000
3983400
3946700
3937400
3949800
3972000
3945100
3984600
3917800
3943500
3939100
4047400
3955300
3949000
3963200
3990800
3921900
3954100
4005000
3937400
3937900
3918000
3988900
4730300
3907200
4003400
3920700
3937800
4003500
4011400
3905200
3949300
3984000
3958400
3954800
3976800
3966200
3971900
3916600
3958400
3977200
3923700
3971400
3946500
3942800
3965100
3918600
4707000
3957500
3989000
3962900
3942300
3941600
3957500
3966000
3965000
3928900
3957100
3953000
3981000
3934700
3937600
3961200
3941100
3956700
3958300
3979900
3970300
3954000
3917500
4892000
4350200
4367100
4357900
4453100
4333100
4323600
4343400
4214100
3968400
3909100
3945700
4302400
4332900
4354300
4358800
4366700
4351200
4230800
3963900
3973300
3952000
3953800
4731700
3960300
3944300
3972600
3965400
4005500
3956300
3942100
3944100
3979800
3981200
3960100
3950900
3972400
3959700
3977000
4000200
3893800
3938900
3998600
3959500
3965000
3915500
3946600
4669100
3972100
3961600
3952200
3951200
3946100
3979100
3970300
3992900
3947700
3975400
3964800
3983700
3939500
3975100
3987600
3960300
3944400
3961400
3925500
3919600
4007300
3961200
4701900
3931200
3982500
3969500
3907100
3967500
3969700
3964600
3964700
3944500
3944500
3956700
3956000
3965000
3962600
3957700
3984700
3942300
3968600
3925700
3979200
3972100
3952300
4719100
3950500
3954100
4000300
3963500
3937900
4051900
3966500
3964900
3956200
3954400
3945300
3913000
4001500
3952000
3962400
3966200
3926500
3912300
3954200
3963400
3903600
3935200
3977600
4619100
3951900
3966100
3949800
3956200
3918300
3985900
3976000
3903700
3921000
3962200
3915000
3969600
3967100
3967900
3959300
3931400
3914500
3934400
3968300
3988300
3979000
3953700
4671200
3967100
3929200
3939400
3948200
4119300
4333200
4362700
4371900
4344900
4343500
4348700
4318000
4330700
4334800
4225600
3951500
3955800
3957300
3957100
3999000
3948700
3929200
4903600
3953300
3956900
4004100
3955300
3951100
3936400
4867200
3955600
3942400
4017400
3957100
3977900
3974700
3931300
4035700
4142000
4132400
4140500
4142600
4247400
4316400
4357800
5129400
4414600
4382600
4374400
4397300
4384300
4404000
4397900
4352500
4318600
4359200
4348400
4269700
3951100
3938600
3951500
3901200
3948100
3958500
3970800
3973600
3985800
3955500
3961200
4678400
3973300
3962000
3911400
3984400
3922500
3962300
3913100
3954700
3908600
3945800
3971100
4243300
4208000
3973800
4111400
4305300
3944500
3952200
3968600
3968400
3949400
3918800
4698100
3972300
3985100
3924400
3895500
3969300
3929900
3965600
3912400
3965300
3964300
3956800
3966900
3935900
3963200
3940300
3917200
4377200
3944300
3968600
3962300
3958000
3944800
4746800
3942000
3982700
3935000
3932300
3915300
3912600
3949000
4057500
3976900
4011600
3993800
3985200
3913000
3950100
3961000
3957000
3970400
3959600
3955800
3949800
3917900
3981000
3927600
4603500
3945200
4205500
4320700
4336400
4387200
4353700
4314600
4360500
4296500
4319900
4333000
4163800
3969800
3919000
3984000
3927900
3943300
3955400
3969300
4325900
4374900
4326400
4797400
3931200
3946000
4028500
3996000
3968600
3953100
3977700
3956400
3957500
3956500
3964800
3981900
3967300
3948900
3986300
3946000
3968700
3913800
3971000
4005000
3939400
3979200
4749700
4018400
3954800
3962000
3996100
3977700
3965100
3981300
4013800
3992800
3947600
3911900
3979500
3908200
3951800
3974900
3984500
3947000
3969400
3967400
3958100
3910700
3967000
4771200
3925100
3960300
3975100
3944400
3965900
3964300
3975100
3958000
3962000
3939500
3972200
3928400
3954900
3966100
3948100
3909500
3940600
3951800
3958500
3963800
3961400
3927000
3981900
4743900
3974900
3939900
3966100
3942000
4028100
3942600
3953200
3961800
3935900
3911800
3965800
3993200
3954200
3957500
3972800
3927400
3973300
3959700
3991100
3994200
3939700
3993400
4746600
3969800
3958100
3973900
3948900
3961200
3996800
3943700
3903100
3986600
3991400
3961700
3946400
3993200
3945800
3980800
3978000
3977200
3915100
3990400
3973400
3983000
3980300
4669000
3962300
3950500
4036300
3963500
3965600
3990400
3955200
3967700
3951800
3983100
3960600
3957200
3950000
3976200
3961700
3957400
3972600
3962700
3967000
3928500
3948100
3951800
3968400
4675000
3961600
3953800
3919100
3947700
3928800
3971900
3961000
3937200
3949500
3943700
3945600
3939200
3982800
3946500
3957100
3977800
3968600
3950800
3968800
3979600
3936800
3933400
4669700
3915400
3947600
3970700
3954500
3960400
3947700
3964500
3968900
3940700
3946200
3959400
3957300
3956000
3966600
3949800
3963100
3965700
3956600
3942400
3903800
3963400
3988200
4734500
3994000
3983200
4049900
3971900
3973700
3963800
3919900
3944800
3951900
3943100
3965200
3937400
3965400
4011100
3905700
3961100
4055700
3960200
3947300
3944800
3980800
3952600
3956100
4632600
3925200
3957400
3964800
3987500
3960100
3908100
3988800
3963700
3914400
3972100
3924400
3919900
3916900
3966700
3954900
3967100
3966300
3987400
3972900
3990500
4017400
3953700
4718500
3967900
3964700
3983700
3982100
3968800
3999100
3965000
3968300
3947800
3982800
3969900
3959500
3972900
3962300
3956600
3971700
3937600
3935600
3922000
3963100
3958000
3941900
4749700
3938000
3978800
3960200
3958300
3973300
3899800
3950600
3945300
3927600
3927800
3915500
4001200
3934400
3916000
3922300
3971600
3954700
3954200
3985100
3944800
3916300
3947100
4671200
3930500
3964100
4001800
3964200
3978200
3999300
3945000
3969700
3960300
4007500
3980500
3960900
3976000
3944000
3956500
3971000
3937300
3931800
3930600
3946600
3979900
3968800
3982500
4665400
3946300
3952300
3928000
3976200
3963400
3948500
3954000
3976700
3968000
3911500
3946000
3929800
3970900
3939900
3976900
3993300
3956700
3948500
3955600
3979500
3916300
4221300
4692900
3958500
3941100
3956800
3941000
3963500
3947300
3991700
3964800
3984500
3977000
3971800
3957800
3987400
3987600
3962500
3948700
3964600
3986100
3969400
3968300
3959900
3987200
4725800
4026300
3988300
3998900
3944000
4008100
3988100
3983200
4060600
4674800
3973600
3977900
4003600
3934800
3977700
3945100
3980100
3983400
3946000
3998900
3975400
3981700
3988300
4276400
4724500
3998300
3990800
4007700
3942500
3938100
3976400
3999800
3986400
3992800
3971500
3923500
3926800
3965600
3988100
3973300
3970400
3983800
3924000
3938400
4009400
3966500
3947700
4656500
3990400
3953400
3965900
3990600
3973400
3950100
3928900
4025000
3968200
3970800
3984200
3942000
3961700
3973000
3994700
3962200
3923300
3996300
3986300
3938200
3924600
3970100
4750200
3956000
3957200
3940900
3957400
3970800
3981700
3960100
3975300
3954300
3969500
3956900
3984400
3928100
3918300
3964500
3954900
3942900
3957300
3989700
3958800
3964600
3961000
4728300
3909100
3968000
3967100
3990900
3906900
3960100
3962800
3973500
3936300
3956400
3937300
4069200
4162400
4051600
3988000
3944400
3912000
3989900
4001800
3944900
3941000
3971800
3966800
4686500
3993900
3926500
3950700
3957700
3969400
3963000
3958600
4020000
4362400
4313300
4347400
4007600
3971600
3907400
3935200
3966500
3982300
4002400
3947800
3965800
4011900
4057400
4767000
3979400
3997900
3970800
3974100
3982600
4011200
3949300
3958900
3968800
3930700
3950500
3980100
3963000
3930300
3932300
3975700
3967600
3934000
3978100
3959000
3933900
3907700
4754900
3949200
3968300
3953200
3975600
3982000
3985100
3925000
3968200
3996200
3981200
3964900
3970500
3978500
3970300
3966500
3954500
3980300
3972500
3966900
3977000
3947800
3971200
4004900
4687800
3954200
3965100
3935400
3946400
3903200
4004600
3963900
3944600
3963500
3946200
3945300
3928700
4204000
3968000
3952200
3947000
3939000
3971200
3948600
3981100
3953000
3948300
4684600
3945400
3962600
3986000
3946700
3916100
3959800
3946200
3983100
3943600
3970100
3912400
3938200
3956700
3979700
3961400
3932200
3978400
3962800
3974800
3986700
3965100
3959500
4696900
3982900
3914900
4001400
3956300
3951400
3941900
4037800
3959800
3918700
4032800
3931300
3951000
3962100
4111000
3980200
3934500
3930900
3983600
3907400
3948200
3984500
3956400
4736700
3950500
3958200
3921700
3930500
3964600
3909700
3967100
3993100
3943900
3906000
3955900
3971700
3954400
3946100
4014200
3957800
3949900
3948500
3937700
3970300
3979500
4021400
3938200
4656700
3960000
3940700
3942500
3967200
3964500
3943800
3955900
3931500
3974200
3989300
3960900
3949900
3989100
3954600
3964100
3984500
3917500
3984000
3964500
4007500
3961000
3960100
4725400
3956100
3965800
3972500
3989800
3974900
3967500
3971000
3963000
3981400
3916600
3968500
3927600
3930900
3939400
3923400
3990500
3950200
3988000
3969200
3942600
3958400
3941100
4735600
3941900
3944900
3994100
3925400
3947900
4011900
3949600
3973800
3969700
3957400
3932900
3930100
3972800
3939600
3984000
3960800
3977200
3996200
3991600
3955400
3917800
3976800
3922800
4641500
3985800
3952900
3948300
3952200
3936200
3943900
3965900
3938500
4019500
4348000
4354200
4346300
3989100
3980400
3952800
3967500
3965900
3965700
3966500
4303200
4353400
4363900
5062400
4384900
4354300
4362600
4355700
4330700
4300000
4347600
4360200
4330300
4069500
3915100
3955800
3947900
3948600
3967600
3958700
3983300
3956700
3905400
3956700
3933700
3969600
4689500
4024100
3966000
3947700
3991800
3938900
3945800
3949300
4063500
3973500
3957800
3976700
3954800
3947400
3964100
3984400
3954500
3956300
3941200
3926300
3966600
3965700
3958300
3942800
4697900
3951200
3968100
3950200
3969700
4006900
3947100
3981900
3992500
3961000
3977200
3976700
3962000
3926300
3951100
3951200
4040400
3920100
3954000
4001500
3972500
3980400
3967400
4661000
3950900
3961200
3989300
3947000
3959700
3983200
3976400
3955600
3962400
4001500
3959000
3968500
3915100
3947200
3975400
3962500
3946000
3955800
3970500
3952400
3973100
3979900
4698200
3955200
3977400
3952000
3966900
3983900
3944000
3944500
3962200
3966100
3947700
3941700
3955000
3914400
3914700
3963000
3977400
3937600
3954600
3988800
3985000
3966700
3996800
4763500
3956100
3989400
4003500
4012100
4005400
3965900
3990900
3960100
3968900
3943000
3963400
3962500
3954700
3897100
3945400
3975600
3912500
3944400
3940400
3985300
3942200
3980400
3937900
4743500
4000200
4003900
3967900
3958600
3968000
3919700
3960800
4084000
3937000
3944900
3953100
3961500
3937600
3943000
3940900
3974800
3957400
3967100
3996100
3979900
3955300
3968300
4712900
3974000
3954600
3979900
3918800
3950700
4011400
3956000
3932600
3959400
3977100
3916900
3948200
3914700
3903900
3950300
3949300
4046300
4373800
4326200
4867100
3961700
3959400
4720400
4007800
3954500
3984800
3971100
3941900
3973400
3968800
3945500
3960000
3964500
3967200
3982800
3952500
3951900
3942100
3932100
3950800
3914600
3969700
3956700
3952700
3955100
4100600
4639000
3920300
3952500
3997300
3953400
3906100
4012700
3959400
3915700
3960000
3985200
3956000
3922000
4019800
3958100
3942400
3956100
3980000
3972400
3970400
3966900
3924600
3955000
4673000
3967100
3958000
3908000
3976300
3926100
3960100
3926100
3939100
3962900
3921300
3960800
3942800
3960900
3970300
3931200
3918200
3924700
3931800
3974600
3941700
3979800
3946900
4670700
3971900
3942600
3962700
3940000
3969800
3958400
3973900
3962800
3955100
3988700
3962600
3967300
3967500
4003500
3973400
3918600
3986300
3938900
3954200
3962500
3927000
3963000
4747100
3987400
3947700
3949200
4030100
3958600
3960000
3955500
3966300
3923000
3901400
4037300
4364100
4334400
4367300
3949400
3961400
3958100
3963300
3961800
3964900
3977600
3944000
3947900
4717400
3967400
3949900
3958900
3928100
4119300
4334600
4350900
4362800
4332300
4352000
4359400
4048900
3961200
3952700
3951000
3960000
3965800
3960100
3944700
3957800
3921200
3964700
4810500
3946000
3951400
3967800
3973800
3944600
3964200
4245100
3952700
3959100
3962800
3997400
3955200
3955400
3927100
3956000
3961300
3960600
3958800
3948800
3947300
3952800
3941700
4652100
3993500
3918100
3954400
3959900
3939700
3968500
3948700
3973900
3947100
3953500
3902300
3977500
3930300
3968500
3967100
3994500
3956300
3982300
3970700
5090700
4077200
3974300
4032600
4709900
3939400
3906300
3919000
3919700
3968600
3941300
3912500
3984200
3946600
4033500
3972000
3912400
3917500
3956500
3968400
3904600
3990900
3930000
3966700
3959200
4057600
3942600
4700500
3943900
3961500
3926200
3913600
3940300
3961000
3951900
3982200
3966100
3965200
4000200
3983900
3907000
3951800
3981800
3951100
3947500
3981100
3968500
3937200
3954400
3983200
4694900
4014500
3988400
3984400
3988900
4002100
3944500
4034100
3954000
3973000
4009100
3942300
3954500
3958500
3997600
3953700
3972200
3943600
3962600
3968300
3938600
4001300
3912500
3954400
4734700
3956700
3977200
3961200
3923300
3985800
3920500
3958500
3959000
3966100
3944000
3907800
3939100
3925600
3972000
3958900
3956900
3956100
3970300
3977800
3956600
3958300
3941900
4696500
3952000
3981500
3901500
3959200
3958400
3989000
3942100
3945900
3990900
3930600
3942900
3942100
4009900
3941400
3948400
3980100
3947100
3951800
3945500
3996900
3944700
3956600
4725900
4027300
3962900
3955200
3969500
3961400
3951900
3930100
3928500
3943900
3934300
3962200
3924000
3935800
3921800
3905100
3968800
3975800
3978600
3947000
3960000
3966000
3916100
4766900
4349900
4348500
4340000
4370700
4353400
4360200
4359700
4349300
4350700
4342900
4369400
4324000
4155500
3916800
3956100
3905700
3927300
3966400
3935900
3974800
3948800
3918300
3938300
4797200
3957600
3951900
3977600
3956700
3960900
3987600
4066400
3955100
3961300
3941800
3947500
3958700
3914900
4102900
3950600
3975500
3962700
3955200
3964100
3931300
3944600
3960400
4701400
3987100
3977100
3953500
3944000
3995400
3969800
3975600
3968700
3942800
3969500
3944000
3943300
3955500
3940100
3949400
3958500
3965000
3960500
3930900
3913400
3988000
3984200
4709000
3987200
3944700
3997700
3959900
3958000
3960900
3951000
3979900
3944300
4081900
3912300
3990100
3963400
3975000
3929400
3968700
3952400
3967000
3963500
3997300
3962000
3919800
3951000
4734500
3985200
3963000
3939700
5091700
3956800
3978300
4020600
3957000
3952700
3975100
3966100
3951200
3948000
4033700
3972400
3955900
3975400
3984000
3949600
3951400
3951500
3985600
4673200
4002400
3959500
3966800
3988900
3970900
3965200
3964800
3987200
3940300
3964700
3978500
3940300
3938900
3983200
3956100
3915900
3938600
3939400
4001000
3939100
3992900
3952000
4660300
3935800
3977200
3962200
3964300
3968500
3945900
3941900
3956900
3913800
3939600
3955500
3983600
3963500
3959800
3974200
3898300
3959300
3949700
3972300
3948500
3951900
3933700
4658000
3914800
3969700
3958900
3961700
4778500
4436500
3962900
3989800
3983200
3982200
3946100
3996000
3933700
3941000
3957600
4023000
3956900
3962700
4063200
3908400
3901600
3957400
3978000
4702200
3970800
4001200
3963200
3951900
3969400
3957300
3916600
3901600
3977400
3951400
3959400
3959200
3949300
3954000
3973300
3909200
3911000
3965600
3983900
3989300
3934400
3969400
4670100
3927900
3943600
3957000
3957200
3958500
3964500
3966200
3928400
3927800
3958500
3944900
3968000
3958200
3929800
3933100
3962100
3950000
4052300
3948400
3951900
3945800
3918500
4768600
3958400
3958600
3981700
3932800
3958600
3928200
3970400
3963800
3932100
3934500
3912300
3951500
3979400
3947600
3951100
3959400
3948300
3917300
3955700
3947900
3970500
3953100
3973400
4725300
3959500
3916100
3981100
3960100
3912900
3996200
3944000
3961700
3932100
3947500
3946500
3934100
3977300
3969700
3968600
3956200
3966700
3941200
3914300
3999800
3964300
4315800
4876600
3941400
3972100
3956200
3950100
3957300
3951400
3931400
3953500
3936400
3958300
3933500
3954000
3927700
3977200
3924000
3964300
3948100
3966400
3952100
3964600
3935000
3938200
4672700
3990700
3940000
3893500
3980400
3975000
3916900
3942400
3957800
3910300
3899200
3946100
3971700
3965900
3936900
4006500
3955000
3945100
3973700
3938200
3938700
3934300
3995700
4708300
3942200
3967100
3960600
3957100
3919300
4018000
3956800
3955300
3974200
3915300
3941400
3963700
3978900
3964100
3953500
3961500
3979800
3967900
3959800
3987100
3964700
3940900
3936700
4715200
3957400
3973400
3961200
3946200
3971100
3965100
3940500
3950500
3978200
3955600
3935600
3965100
3923500
3990900
3957900
3968000
3971900
3988600
3970700
3952100
3946900
3975300
4654800
3972000
3995500
3967800
3964500
3969700
3981100
3915600
3919400
4040300
3941600
3924400
3969700
4027800
3959500
3938700
3995300
3968200
3952600
3956900
3966200
3959000
3960300
4707400
3971900
3939900
3960300
3963900
3908500
3957800
3982300
3942000
3962000
3966000
3916000
3947200
3959300
3933700
3939800
3967300
3979900
3921700
3949000
3970800
3971000
3960600
3944200
4707200
3945000
3914000
3958600
3975700
3955300
3969600
3962900
3946800
3905400
3927800
3977600
3952900
3970700
3957900
3932000
3948200
3988800
3959200
3913700
3978200
3968300
3976800
4733800
3947200
3981900
3934000
3976600
3962400
3987100
3982000
3968500
3972800
3966900
3993600
3929100
3953000
4011400
3951900
3950400
3963900
3963500
3964900
3964700
4195200
4342600
4989600
3995100
3963900
3932000
3972100
3940900
3955700
3961600
3949400
3965000
3943300
3965900
3945900
3958100
3958500
3953200
3980900
3953100
3968100
3956100
3957500
3954700
3906700
3964000
4750000
3924700
3920200
3931700
3974200
3955400
3985500
3956600
3987200
3958400
3926600
3957200
3956900
3915000
4001300
3962600
3951700
3958700
3950600
3966800
3956800
3956200
3976300
4671400
3984500
3980000
3975600
3970600
3979100
3933500
3920900
3996000
4303200
4346000
4353500
4168800
3948300
3955800
3946800
3974400
3964700
3940000
3942600
3956500
3952700
3970400
4723000
3925300
3962900
4003900
3974600
3994100
3965500
3962300
3964600
3932500
4168200
4358300
4373100
4325300
3963700
3979000
3954600
3960600
3949300
3980600
3941500
3960200
3954800
4692800
3979300
3927400
3965400
3960600
4042100
3984000
3947200
3981800
3986400
3962500
4203200
7290100
3979000
3961000
3978900
3946100
3958300
3970300
3965900
3943600
3975500
3962500
3947500
4677900
3955800
3965200
3954200
3981000
3970500
3969100
3964700
3966100
3939900
3933400
3969000
3911600
3975100
3946700
3966100
3940500
3958300
3966300
3931500
3941000
3977700
3984000
4745500
3920500
3973300
3955000
3954400
3970300
3960800
3962100
3927500
3990700
4156500
4345800
4371700
4350100
4328500
4318000
4330500
3979000
3955100
3963200
3984300
3959000
3982800
4716000
3950400
3983500
3964200
3935100
3958400
3956600
3963900
3939800
3971200
3936300
3956000
3932500
3945200
3984000
3966700
3980500
3967700
3934600
3975400
3949100
3970700
3921600
3961600
4820700
3989500
3974400
3976400
3953100
3988700
3964400
3969800
3945100
3964600
3946900
3955000
3974200
3959800
3935800
3960900
3961700
3921100
4036200
3970900
3964800
4021300
3954200
4700600
3983300
3930400
3939100
3927300
3957100
3946600
3968100
3942000
3954400
3917300
3948400
3947300
3938800
3960600
3922500
3913400
3932600
3951300
3967500
3955700
3985200
3944100
4696000
3944800
3975400
3965300
3949200
3965400
3957500
3946300
3962500
3932000
3948500
3947600
3968600
3973400
3948100
3950300
3999500
3940200
3952100
3964700
3957900
3963300
3950800
4697000
3939600
3949000
3946400
4030500
3948200
3956500
3916100
3900700
3968800
3910200
3922500
3948200
3958100
3929300
3960700
3921900
3952900
3908200
3945400
3985400
3905100
3976900
3957200
4728900
3977600
3977400
3935300
3926800
3947100
3965600
3965600
3965500
3932000
3939900
3936600
3986400
3967200
3946100
3961700
4158000
4353500
4341800
4338500
4312400
4305300
4361900
4917200
3956600
3972100
4092300
4326000
4320000
4352000
3934400
3957100
3972500
3923800
3941600
3964000
3936100
3913900
3888100
3998100
3918700
3925400
3975800
3956200
4029900
3949200
4735300
4045600
3931900
3974900
3960200
4124400
3969000
3964800
4002300
3953700
3954000
3961800
3965700
3980800
3948800
3923600
3921000
3912300
3916600
3946400
3918800
3896800
3943400
3947100
4699100
3975500
3944700
3922700
3967400
3967400
3975600
3956800
3966400
3988600
3968800
3955800
3965800
3964000
3932400
3957600
3970400
3920700
3958200
3909000
3937400
3951700
3963300
4714500
3930700
3953000
3966000
3964700
3891000
3964100
3942500
3977400
3972000
3978800
3928000
3943400
3948700
3984700
3939900
3911900
3987200
3959200
3954200
3964300
3976100
3994100
4711900
3939800
3955700
3962000
3979900
3910000
3959200
3952600
3986900
3959100
3967200
3916100
3968400
3972300
3966700
3966000
3949000
3951300
3973800
3961000
3947500
3938500
3964200
3968500
4685800
3951500
3944800
3929400
4315200
4351500
4344300
4351300
4342700
4337900
4255800
3953100
3952300
3954900
3992300
3907300
3955000
3994400
3915100
3971700
3957700
3937600
3940400
4585000
3983000
3967000
3950600
3992200
3917900
3946500
3965000
3988200
3935500
3949500
3987100
3952700
3958600
3953900
3969700
3955700
3950500
3955200
3901200
3947800
3948500
3978500
4882400
4349000
4333400
4347600
4327000
4445500
4323800
4359300
4364300
4358200
4340500
4346000
4344100
3906300
3942100
3949300
3932900
3962000
3968900
3941500
3939400
3939000
3955500
4748900
3965200
3955600
3969000
3942500
3968300
3946300
3942100
3938300
3922400
3939100
3951600
3949500
3964800
3949400
3938100
3932700
3954900
3968300
3921100
3933000
3980600
3971300
3940400
4816800
3963200
3961100
3948800
3960900
3910800
3937000
4073300
4376600
3924300
3936600
3921100
3979500
3918600
3969500
3913600
3909100
3974300
3919900
3959700
3977800
3998000
3956700
4689100
3945300
3945200
3964800
3933800
3949200
3936700
3972000
3960600
3969200
3969200
4000000
3951000
3956600
4038500
3954400
3923300
3954100
3942300
3951300
3991600
3995900
3953400
4763300
3930000
3946900
3936100
3949300
3983500
3952100
3973900
3934100
3942500
3941200
3966600
3980500
3964400
3948200
3986700
3955600
3903100
3956600
3946000
3949000
3913600
3938500
3960700
4663800
3960600
3955100
3947500
3944000
4276700
4339200
4342700
4365000
4359100
4356300
4380300
4329500
4368900
4336400
4343000
4352200
4335600
4226400
3952400
3974000
3934600
3948900
4704700
3926200
3959000
3963400
3957500
3915100
3964900
3957100
3953300
3948900
3925000
3972800
3935900
3983200
3961300
3938300
3906300
4213000
4351000
4335100
4267200
3994300
3962400
4753300
5710100
4293300
3910700
3964000
3912800
3943500
3970200
3924300
3944200
3975200
4200100
3912200
3971900
4005500
3956400
3945300
3952200
3955800
3956000
3998200
3967400
3963100
4719000
3975300
3946800
3954400
3960200
3940300
3909600
3979700
3919500
3955000
3957400
4046800
3896500
3950500
3954600
3924800
3923300
3962100
3960300
3915600
3936800
3969600
3995300
3973700
4698000
3982800
3911800
3992200
3965100
3952900
3963400
3972300
3961800
3926600
3957800
3947400
3946400
3957200
3969700
3986800
3910900
3957500
3957700
3978100
4069000
3950900
3967500
4764300
3981700
3955800
3918600
3954800
3956400
4023700
4370400
4359700
4362300
4311200
4344300
4312100
4137800
3935700
3947500
3983000
3971800
3916100
3938400
3957100
3972400
3954500
4809900
4374800
4345800
4304000
4031300
3929900
3964200
3970400
3949600
3960000
3961000
3935000
3908500
3967100
4023500
3979300
3937400
3979900
4021000
3930100
3951000
3978000
3964400
3964100
5015900
4336600
4341700
4374200
4979200
5195000
3991700
3986600
3944500
3963400
3977000
3953200
3949500
3958900
3901500
3926200
3963500
3940100
3926600
3959600
3972200
3957200
3956100
4720600
3954500
3967400
3952700
4101100
3966100
3983600
3975000
3959300
3960500
3965000
3961400
3964800
4004800
3977700
3961100
3960300
3942500
3963000
3962900
3960300
3940300
3944500
4688700
4039500
3947200
3961800
3964800
3915400
3966400
3906700
3948300
3962500
3969200
3987500
3942100
3947700
3951800
3999300
3909600
3954100
3913700
3962500
3960600
3980200
3987900
3954200
4618600
3928100
3945800
3944500
3959500
3955400
3933300
3964100
3965000
3974700
3951400
3957500
3971800
3946000
3954600
3976100
3968800
3981700
3964300
3963500
3933000
3987800
3942700
4728400
3929800
3920800
3962800
3967100
3968200
3950400
3958300
3935500
3942500
3944100
3996000
3970400
3900700
3957500
3962900
3971700
3963000
3920500
3959600
3953200
3944400
3955300
4694500
3952800
3979300
3956600
3962900
3909500
3992700
3926400
3963500
3965200
3950800
3949300
3956600
3965300
3944800
3917100
3965100
3955300
3966200
3958200
3920000
3965400
3960100
4712900
3966800
3963100
3979400
3960700
3952900
3955700
3985900
3967100
3924600
3980200
4008800
3975900
3970300
3955900
3928400
3931900
3988600
3949100
3983500
3969500
3933400
3958300
3951500
4672000
3907000
3986600
3947300
3973100
3964900
3992700
3955000
3947200
3962600
4020200
4064900
3957600
3944400
3964700
3969000
4007000
3945600
3953000
3945500
3973500
3916400
3925500
4686700
3945400
3924500
3945500
3982600
3957100
3956900
3979000
3940100
3926600
3957900
3923500
3899600
3942600
3974700
3961500
3949700
3945300
3964300
3925700
3914100
3979700
3976300
4754400
3939700
3962100
3964900
3971100
3953400
3965500
3963400
3954200
3947100
3942700
3974500
3955300
3923100
3940800
3982500
3959100
3950700
3985800
3959300
3928900
3958600
3960700
3963200
4684200
3956700
3953300
3964500
3967100
3960000
3969200
3972300
3986100
3942700
3955100
3970300
3906400
3965500
3985800
3982200
3957000
3947400
3958400
3976400
3967500
3952800
4286400
4787000
3946800
3982400
3957600
3923000
3955800
3943700
3961900
3956900
4002200
3957400
3960400
3973000
3995800
3957700
3974700
3958400
3938800
3966100
3957000
3951000
3939900
3966800
4698300
3932400
3950400
3957000
3954700
3974000
3987700
3945600
3933200
3977300
3964100
3952400
3919000
3950300
3961500
3969200
3963600
3967500
3920400
3984000
3942500
3957300
3954800
4723100
3918000
3959700
3951100
3954500
3938400
3951300
3947600
3954600
3938900
3986100
3933700
3964400
3999000
3937000
3968000
3967400
4002400
3966700
3971400
3922400
3968400
3954700
3957100
4703700
3962900
3970300
3956700
4000700
3946500
3955700
3963100
3952000
3969500
3975300
5050800
4038100
3935600
3945600
3949000
3982700
3957400
4160300
3953500
3977300
3981800
3954200
4766200
3985200
3967300
3931700
3964800
3976500
3932600
3912000
3947200
3986100
4071800
3952600
3978100
4002200
3959800
3951500
3986900
3934400
3966200
3954100
3999400
3941100
3968600
4902600
3919200
4005000
3962600
3953900
3977800
3999400
3960400
3958700
3938000
3956200
3943800
3966600
3924900
3952600
3940500
3954200
3948200
3959100
3968400
3934900
3941700
3966200
3982700
4801300
3971800
4087800
3958100
3943000
3969100
3961500
3968900
3942800
3948800
3907500
3964000
3968200
3973000
3959800
3911200
3969400
3968500
3939200
3978200
3919300
3971400
3989800
4653000
3958500
3963800
4008700
3955400
3957900
3943900
3951800
3960500
3956900
3931100
3952200
3947800
3977600
3957200
3955600
3970800
3934300
3983300
3944900
3974400
3953900
3966900
4694400
3950100
3951700
3951300
3921200
3937300
3954600
3983800
4003200
3957300
3944100
3923900
3951800
3947000
3931600
3964500
3974800
3961700
3954000
3973700
3971500
3965300
3968800
4763500
3944500
3948700
3950100
4061300
3954800
3969200
3982000
3986600
3939600
3936900
3961500
3974600
3964000
3981900
3952900
3949700
3961400
3972600
3943000
3922600
3976200
3927700
3962600
4657500
4015600
3953700
3936000
3977900
3955600
3959200
3918500
3998000
3969300
3959200
3987200
3992500
3959400
3957200
3959300
3988500
3925000
3970900
3989400
3977300
3963600
4002500
4743700
3986500
3958700
3939600
3963100
3983200
3992100
3966800
3987100
3950800
3940400
3957000
3955400
4002600
3961100
3948200
3935000
3909500
3967600
3902900
3970700
3933600
3928700
4710400
3937400
3957400
3918500
3965700
3948600
3908700
3951900
3960200
3966100
3966400
3958100
3969100
3922800
3954300
3965300
3972900
3940900
3959600
3943100
3962500
3971300
3969700
3968200
4684600
3974400
3960500
3967500
3954800
4012900
3961500
3964800
3952300
3941500
3950000
3941100
3964700
3922800
3951200
3959400
3934800
3948500
3950600
3972400
3958600
3942200
3958000
4669500
3926500
3954600
4000800
3954900
3940900
3976100
3947300
3921000
3969000
4014300
3910500
3942700
3980000
3956500
3947200
3961200
3969700
3896000
3955400
3966200
3972100
3963900
4809900
3980400
3910600
3923200
3953000
3993100
3943000
3991500
3962800
3973100
3989800
3973500
3960700
3956800
3985400
3942500
3928500
3991300
3955600
3931000
3935400
3967300
3956100
4093700
4661900
3956600
3949000
4033300
3949600
3937300
3973200
3955400
3920300
3920600
3953100
3941600
3928200
3965700
3964100
3955800
3928200
3973700
3961400
3954400
4005900
3925500
3969900
4730300
3939900
3938300
3973800
3992500
3955200
3970400
3956500
3998200
3945100
3981300
3966900
3948600
3941900
3988500
3978600
3972200
3986100
4028600
3951200
3967300
3988500
4029500
4694000
3984300
4077000
3943000
3912000
3961600
3965200
3966300
3978600
3959300
3966400
3974700
3971200
3973300
3986600
4043700
3961900
3973000
3932500
5645900
4908000
3947300
3974400
4726500
3916400
3973600
3979000
3967600
3947100
3923500
4006900
3964400
3949900
3938700
3971400
3959500
3970700
3971300
3964300
3928300
3951500
3967400
3941100
3926400
3952900
3906600
3953700
4701000
3904000
3951200
3897300
3974400
3941300
4037500
3979000
3913900
3973600
3964500
3973900
3970700
3953300
3930000
3956700
3953500
3973100
3969100
3952700
3969800
3936200
3938900
4681100
3996100
3956200
3964500
3960200
3964500
3962800
3935500
3968700
3976900
3945700
3971600
3959100
3959600
3960100
3978400
3951000
3896300
3959600
3959800
3955800
3998600
3972800
4674200
3939800
3928200
4056100
3959000
3969100
3957100
3958400
3963300
3938000
4074500
4329000
4378900
4344400
3907800
3960800
3952500
3969900
3957100
3974700
3954900
3956700
3961000
3963500
4683300
3978400
3955000
3944100
4008400
4236300
4343000
4365200
4342400
4338100
4340800
3978700
3961500
3928400
3978600
3984000
3952900
3916300
3966500
3951100
3941500
3968000
3951500
4677300
3955300
3974900
3940800
3958100
3938100
3919800
3919400
3971700
3972100
3958200
3962400
3957300
3966400
3946900
3979200
3993800
3958500
3976900
3946300
3986400
3926900
3943700
4716600
3976500
3977400
3981400
3950900
3979400
3934500
3952100
3969400
3958200
3977000
3957200
3970600
3977100
4208000
3953000
3969100
3961800
3920900
3972700
3946500
3948300
3970700
4714200
3949700
3932200
3964200
3955400
3961400
3966400
3914900
3922300
3941300
3932500
3919100
3942900
3942300
3957300
3957100
3976700
3969800
3963000
3939200
4024200
3967400
3952400
3965100
4680700
3958600
3953400
4003300
3945200
3941800
3959700
3969900
3958000
3960900
3967700
3964400
3934900
3967300
3923200
3952200
3958800
3962000
3954400
3964800
3975000
3955400
3918700
4684700
3954000
3963300
3923200
3999600
3944200
3969600
3951200
3962600
3935900
3944700
3960300
3968800
3969200
3993100
3966800
3982000
4000200
3962300
3957500
3969300
3963300
3932800
4698000
3973400
3949600
3936500
3961500
3952200
3963800
3921200
3970700
3944000
3939900
3974000
3939500
3963000
3913300
3962000
3954600
3978700
3958300
3953700
3954800
3942600
3980400
3950500
4634800
3968800
3937000
3966400
4077600
3947300
3923500
3955800
3959700
3968400
3961700
4007900
3941600
3962300
3962400
3932900
3952300
3965500
3920400
3928000
3973500
3969500
3963900
4728400
3949200
3985000
3919200
3946600
3918300
3937900
3960500
3963800
3953600
3942900
3975100
3938000
3960400
3931300
3977700
3916400
3949700
3959100
3980800
3964700
3966900
3972300
4787200
3975900
3961800
3955300
3958800
3958900
3963600
3952700
3948000
3949800
3943900
3932500
3992400
3960700
3964600
3965100
4018400
3966900
3960200
3989000
3971300
3959900
3941500
3982400
4637800
3946600
3979300
3947900
3956000
3944200
3940500
3949300
3962800
3991500
3965400
3959200
3964500
3966200
3935600
3977300
3978000
3991400
3959100
3939000
3964500
3942700
3970300
4700800
3937000
3930000
3972900
3961300
3948800
3929400
3945000
3931500
3957300
3985400
3967900
3959500
3984600
3951700
3964200
3944500
3967800
3951800
3932000
3978500
3939600
3943500
4684500
3935100
3965000
3946300
3951100
3963800
3940000
3980400
3977400
3960200
3960700
3979300
3949800
3968600
3971500
3904900
3953100
3948100
3981600
3961700
3923700
4027400
3970700
4733700
3993200
3948300
3965400
3990900
3955400
3957300
3971000
3979700
3977500
3967500
3958300
3973600
3956400
3932500
3982700
3947100
3978800
3964700
3935100
3976600
3969900
4010100
3975700
4679200
3996600
3934800
3967700
3975100
3934800
3907800
3950600
3974700
3973600
3906700
3943100
3960600
3920100
3943300
3946700
3977700
3931800
3979500
3957300
3929100
3936100
3941600
4692100
3909500
3970000
3946300
3973800
3993100
3962500
3979800
3957800
3978200
3976000
4115600
4019500
3915100
4039900
3979200
3952200
3972600
3973600
3984400
3958900
4013600
3993000
4749500
3989600
3958700
3897200
3934200
3926800
3953400
3926900
3956500
3888100
3957500
3962600
3944300
3939100
3968900
3953200
3909300
3911600
3958300
3963300
3982400
3963100
4004400
3973300
4665800
3969500
3986700
3958400
3973100
3957000
3950000
3953000
3951300
3975800
3963300
3992700
3955000
3919500
3953800
3973800
3929300
3940200
3982000
3955700
3920600
3937300
3960400
4760900
3964200
3978100
4016200
3926700
3980600
3919800
3923300
3964200
3987700
3993900
3964400
3974200
3959100
3910500
3982400
3961000
3977900
3963000
3934300
3953100
4006900
3976700
4751900
3984800
3990200
3913900
3921200
3976800
3952400
3971000
4055800
3964900
3916800
3938700
3952800
3982200
3962100
3967000
3952200
3961100
3962800
3991500
3963100
3951800
3946800
4706500
3993900
3924200
3960500
3944300
3952700
3993400
4003000
3946000
3971200
3989000
3910100
3921500
3949600
3960500
3947100
3939200
3981700
3953600
3941800
3969600
3960400
3944100
3950700
4815700
3967500
3962600
3967100
3966700
3943400
3973500
3968300
3949400
3923500
3976100
3938000
3957600
3899900
3986800
3963000
3976600
3966800
3926600
3959300
3973000
3965700
3962000
4702800
4074100
4336400
4442300
4331200
4444600
4344000
4325900
4334900
4352800
4318300
4338400
3953100
3974000
3979200
3977900
3965700
3973300
3967800
3920600
3964500
3957700
4256300
4716300
3969000
3961700
3986400
3963000
3968000
4009200
3943500
3901100
3944200
4967800
5522700
5531800
3923600
3959900
3954600
3931600
3953400
3927400
3971100
3939200
3975400
3963100
3943200
4657500
3977200
3984600
3995700
3961600
3984300
3959900
3983500
3942200
3969700
3947000
3926600
3979400
3908600
3950700
3947000
3964100
3948700
3948000
3984400
3955300
3938500
3982600
4754600
3952700
3941200
3979900
3914500
4092900
3950100
3949800
3947200
3972500
3969600
3964400
3960200
4328000
4329900
4326400
4359200
4351000
4353900
4332700
4361900
4322400
4340400
4953800
3928700
3962700
3970200
3954700
3955800
3981800
3932700
3958200
3936000
3934900
3903100
3939600
3961600
3963900
3947700
3966400
3956900
3935700
3945800
3971700
3993700
3970200
4794100
3920400
3945600
3969900
3953400
3955300
3938500
3975700
3907300
3992000
3983900
3961500
3949500
3977000
4001200
3954500
3936300
3951800
3947300
3962700
3913700
3954500
3972300
3970200
4680300
3952800
3958600
3948000
3970200
3952200
3916400
3925300
3966900
3950500
3990600
3955200
3961800
3929500
3950200
3955400
3957900
3982000
3924200
3948000
3982800
3957700
3967400
4643800
3973900
3957100
3958600
3919600
3989700
3905200
3973700
3951500
3934400
3947700
3983200
3953600
3947800
3975000
3949300
3950700
3944000
3974500
3911400
3967300
3983100
3907800
4657600
3917500
3910300
3950200
3919700
4007600
3954800
3957600
3942800
3946500
3894200
3925700
3988700
3946000
3947400
3969600
3942000
3946600
3933600
3974600
3958400
3944300
3956000
3958500
4672300
3956500
3941800
3939100
3962100
3969600
3947800
3962300
3970900
3927700
3953100
3942500
3997900
3958500
3956000
3953900
3965400
3956500
3968600
3954800
3914700
3947700
3988500
4733200
3931400
3956200
3960300
3932300
3986600
3958300
3963800
3951200
3987800
3965700
3945800
3957200
3951300
3951400
3921400
3965900
3916700
3978100
3956300
3974100
3964900
3998900
4681900
3962200
3975300
4030700
3950200
3963100
3967200
3966000
3968300
3984500
3984800
3952800
3943100
3976000
3951500
3939400
3956300
3961600
3932800
3957100
3962800
3948200
3943900
4049700
4644000
3937200
3948400
3969200
3959100
3957300
3964000
3978600
3974400
3953500
3983100
3964100
3961500
3985500
4267400
3960900
3978200
3958700
3967700
3964000
3927800
3913700
3975600
4708000
3955400
3971900
3945200
3942800
3964100
3968400
4007900
3954600
3998100
3959300
3914600
3973800
3971800
3994200
3953300
3957600
3948200
4004700
3907400
3913900
3922600
3965800
4728500
3958000
3945200
3968700
3961100
3957800
3969900
3956300
3958800
3965900
3967600
3956100
3967700
3960000
3963700
3961200
3950500
3977300
3969200
3948800
4038900
3971200
3972700
4728000
3956900
3948900
3950600
3928200
3961400
3959800
3994300
3922500
3953200
3918200
3981300
3936100
3947300
3966400
3897400
3917900
3969800
3923600
3962700
3920100
3969200
3905400
3907100
4680200
3977000
3965500
3935300
3979500
3948600
3960500
3980300
3972500
3939400
3891000
3989800
3961100
3951200
3983600
3944600
3953100
3949100
3924900
3952400
3950700
3942600
3980800
4622200
4006200
3959000
3959800
3981100
3956800
3988400
3983100
4002300
3968700
3951000
3973300
3958200
3963900
3953200
3961200
3939400
3932300
3958800
3911700
3969000
3968000
3937700
4717100
3926000
3972900
3918600
3956500
3967200
3977900
3967500
3950700
3948100
3964400
3939500
4011900
3968500
3972900
3948600
3952500
3956000
3941800
4000000
3962300
3960700
3979500
3922700
4665000
3958700
3963700
3948800
3935600
4043700
3944400
3897300
3976100
3982600
3911100
3923600
3987100
3976500
3966400
3954900
3977400
3961100
3948300
3960300
3942600
3968900
3970700
4698800
3947700
3981700
3947100
3963100
3960500
3978700
3955800
3963900
3974700
3963900
3949500
3932000
3959600
3957900
3959300
3956800
3919200
3963100
3981700
3946500
3949800
3963700
4717500
3956200
3993600
4001900
3958500
3954300
3990700
3952000
3958300
4007400
3969800
3952900
3965400
4009700
3952100
3949200
3960900
3996200
3958800
3944400
3962800
3976600
3965000
4794000
3922100
3950900
3912100
4000600
3944800
3955100
3942000
3952100
3946400
3985100
3968200
3943000
3906800
3993000
3921700
3962900
3969800
4002300
3965400
3936300
3956500
3938800
3960300
4662600
3938000
3923500
3992100
3986700
3943900
3944700
3969000
3933800
3943600
3941000
3968400
3959400
3939900
3910400
3946800
3929100
3962300
3951600
3960000
3952100
3960000
3954300
4776000
4003500
3921200
3950600
3936200
3960600
4151800
4018900
3976300
3942600
3944100
3958100
3955400
3960000
3965400
3953400
3946900
3980000
3991500
3920200
3906700
3953600
3954700
4691800
3974100
3991500
3951000
3919600
3966000
3936700
3971600
3953100
3944400
3957100
3948900
4032000
3923600
3994400
3992900
3935900
3943000
3950000
3976800
3958800
3954700
3979800
3956500
4645400
3965900
3961200
3964400
3938600
3972400
3964700
3953000
3964100
4608700
5444600
4490000
3995000
3973200
3974400
3938400
3930800
3977900
3967800
3964600
3987900
3949400
3943700
4626000
3995300
3963000
3980500
3964900
3947300
3942200
3942200
3910200
3912400
3957500
4007400
3962500
3960600
3997500
3971900
3954400
3958300
4022000
3959300
3960100
3927800
4074900
4681000
3991600
4098100
3959000
3960800
3982400
3944800
3982500
3980200
4118100
4347700
4394900
4356200
4364500
4343200
4360200
4308200
4348000
4380600
4352400
4364300
4355700
4328500
4443600
5041500
4351600
4346100
4316200
4370900
4319500
4340800
4350700
4327200
4348700
4315500
4182000
3949700
3912900
3971800
3970600
3992900
3923200
3971900
3995600
3967100
3930500
3983200
4715900
3973600
4020100
3939700
3955500
3929500
4028000
3963900
3952200
3950700
3930300
3948800
3942100
3997500
3930900
3966000
3940200
3982500
3961700
3971900
3925800
3964000
3951500
4770600
3963300
3956000
3949800
3958700
3927400
3957000
3969600
3952900
3908000
3952900
3953900
3918000
3933600
3979700
3955100
3970900
3969400
3961100
3974800
3946700
3981500
3955300
4674700
3984400
3964300
5307900
5558600
3967100
3963500
3942200
3960400
3962100
3936700
3971800
3957600
3973900
3967700
3944000
3956100
3954800
3953000
3952900
3972500
3969700
3964700
3936800
4711400
3975800
3961200
3944000
3940300
3948700
3966400
3980600
3964900
3922200
3954100
3954800
3965500
3962900
3987700
3905100
3967400
3983000
3969600
3946500
3938000
4082800
4352400
4861100
3949500
3921800
3921700
3945600
3977900
3956900
3958900
3986600
4088600
3956800
3938300
3987900
3965400
3916000
3964300
3950100
3965000
3961700
3961600
4052900
3979400
3960200
4686700
3944500
3965900
3962700
3944400
3957000
3968800
3969800
3969300
3966900
3957000
3983900
3984300
3955200
4128100
3957000
3955100
3957600
3960400
3968100
3946500
3952900
3945200
3948200
4631200
3984800
3959900
3964500
3963700
3979200
3956700
3933100
3943500
3942600
3958700
3971000
3981000
3979400
3950600
3969100
3952400
3962300
3927700
3974900
3967700
3946800
3983000
4716600
3939100
3985800
3956300
3963100
3972700
3990100
3952200
3951700
3978800
3941600
3951000
3990000
3955400
3952900
3943700
3957400
3936200
3958600
3950800
3981800
3937100
3950200
4777900
3929300
3951700
3959000
3971800
3954300
3967900
3910500
3930000
3949000
3967700
3960500
3960500
3952600
3959700
4035000
3938400
3984700
3950500
3949000
3953500
3963000
3962000
4705300
3951900
3954300
3909600
3973700
3923600
3976500
3997400
3954100
3959300
3938600
3957600
3940300
3926900
3952600
3936400
3951200
3970000
4024900
3927000
3960800
3953800
3952100
3963100
4728400
3952100
3959200
3932900
3951300
3940300
3934200
3969100
3911400
3962500
3961300
3982400
3948000
3952100
3991100
3933400
3964800
3978100
3974300
3961300
3964800
3957700
3931500
4729600
3986200
3971800
3956500
3981700
3962700
3949100
3963400
3974500
3979900
3959000
3957700
3950500
4033000
3987000
3979600
3954000
3954100
3969800
3963600
3981400
3985600
3969400
4736900
4030800
3959000
3901500
4080000
3976500
3970600
3916500
3955600
3951800
3946200
3936000
3985500
3957300
3952300
3904800
3951100
3955700
3955700
3940200
3951500
4002300
3958000
3959300
4824200
4049400
3958800
3945900
4024100
3929500
3948800
3937300
3963300
3938300
3959500
3973800
3947300
3955300
3958700
4526900
5641900
3953600
3979200
3953000
3980900
3929500
3952500
4665600
3894600
3956900
3947300
3954600
3978100
3967200
3966300
3966600
3919600
3946000
3939000
3981400
3983400
3939800
3973100
3949500
3984500
3968000
3966000
3942500
3900700
3918900
4825300
3983000
3977900
3942400
3972100
3991200
3966900
3964300
3971500
3975600
3925500
3952900
3943000
3954200
3971000
3974800
3968400
3946300
3971100
3979600
3952900
3957300
3960400
3941800
4637900
3948100
3981200
3949900
3909900
3951000
3927000
3911300
3942300
3969600
3951000
3942800
3921300
3959500
3972500
3963700
3964300
4293500
4359700
4358300
4335800
4348600
4385600
4835400
3971300
3983300
3912200
3989300
3950600
3921200
3935700
3948900
3981500
3927800
3979700
3977400
3948100
3968300
3948300
3963100
3907900
3948400
4007300
4005600
3955000
4070400
5019100
4037500
3958600
3979900
3947900
4137100
3960800
3971000
4041800
3959600
3955000
3962100
3998900
3972400
3969300
4049800
3965100
3967900
3982100
3974900
3964700
3969200
4035000
4706100
3971200
3929300
3988300
3969000
3987800
3975500
3933700
3932100
3978700
3971800
3921300
3954600
3953000
3930300
3959700
3967700
3951800
3965800
3961500
3899500
3966800
3920100
3977600
4711300
3943100
3930600
3941600
3963300
3961000
3927500
3962700
3966800
3951700
3941200
4190800
4358600
4348700
4225200
3961700
3928000
3950300
3957500
3990100
3974000
3969800
3977000
4634400
3982500
3996500
3913300
3942400
3955400
4031200
3946500
3956600
3956700
3966900
3913400
3974100
3980000
3961600
3981500
4030500
3956800
3921900
3979100
3953100
3959700
3932200
4915200
3921400
3937100
3953500
3945000
3951600
3955100
3907200
3959000
3938900
3973800
3966300
3951000
3990000
3940400
3955300
3961300
3967100
3929900
3971100
3954600
3933800
3960200
3983300
4683900
3928000
3967800
3961900
3969700
3950200
3974400
3955200
3995800
3978000
3968100
3951100
3935500
3958500
3950100
3967800
3955200
3909300
3959800
3975800
3996300
3910900
3950100
4803800
3950200
3957200
3981700
3957200
3919900
3915300
3957200
3930100
3947100
3972800
3936000
3957200
3962100
3939700
3953600
3962200
3957300
3972300
3960900
3963400
3975500
3922000
4838400
3987800
4014700
3952000
3980700
3992600
3979000
3928800
3981500
3966700
3967900
3983600
3965000
3939100
3950600
3953700
3984900
3950100
4050400
4010300
3921400
3976300
3963400
4732800
3929500
3924700
3959500
3969600
3915600
3918000
3990900
3949600
3971900
3978900
3913600
3976300
3956800
3939300
3978600
3945300
3977300
3976800
3950700
3950600
3941300
3968800
3968800
4656900
4018300
3983500
3966400
3960600
3939400
3963700
3956900
3966000
3953200
4051600
4365000
4354300
4332200
4340800
4325800
4346700
4308600
4319000
4372400
4356500
3966400
3914500
4635600
3917500
3914900
3931000
3943100
3949700
3942300
3977700
4053800
4218600
4314800
4275200
3934500
3954000
3923800
3940800
3931500
3963800
3972700
3950800
3969900
3986200
3908000
4666300
3897000
3969300
3941000
3961700
3945300
3962100
3921600
3910800
3995200
3965100
3965400
3919800
3954200
3939700
4016800
3927200
3905400
3948200
3988300
3985600
3950600
3979800
3917800
4655000
3947600
3994100
3933500
3938700
3959700
3965000
3930600
3985800
3914700
3976100
3947400
3929600
3961100
3925400
3938400
3911500
4004500
3951200
3961200
3946000
3974200
3998400
4749000
4008900
3980700
3954600
3919900
3934200
3913900
3930700
3983500
3955000
3918300
3936600
3988600
3972700
3923800
3951200
3988400
3970100
3925500
3969900
3916500
3950000
3916700
4788400
4327200
4316000
4297500
3957600
3946000
3986500
3921500
3953500
3967400
3941700
3937600
3962000
3967900
3947300
3959900
3959900
3953200
3922200
3908600
3981000
3933700
3917600
4720000
3965100
4257300
4369400
4338100
4317800
4354900
4351600
4367400
4316100
4355800
4348300
4031900
3933000
3977700
3966200
3965900
