40771700
39502900
40385100
39646900
39645500
40356600
39699400
40372900
39695500
40441900
39701600
40550900
41304300
39827700
40422800
39718800
40594800
39739000
40564100
41962800
39692800
40412100
39473400
40379900
39633500
40222900
39609700
40711400
39641400
39965600
40493500
39595200
40295100
39607100
40192200
39533700
39417700
40688800
39796600
40359200
39689900
40663400
40011600
39611200
40500300
39619600
40696100
39556800
40405000
39523000
43506700
39994600
39706200
40457400
39615900
40332000
39663100
43108500
39480000
39763000
40345500
39727800
40719100
39659600
40579600
39518800
39713200
40555100
39905600
40437600
39650500
40725000
39493100
40347800
39716400
39559900
40582300
39591800
40302900
39570600
40263600
39774800
39726900
40368200
39661500
40434600
39894700
42384800
39544800
39584800
42952200
41467900
40544400
39442800
41544300
39556100
40275900
39492100
39752500
40326700
39507200
40460000
39469900
40381100
39588500
39543100
40299400
39798700
40527600
39769500
40522800
43094400
42685400
40568700
39641300
41470500
39689100
40345200
39688800
41783700
39735300
39648700
40462800
39511700
40505100
39688700
40448800
39633200
39569700
40323700
39520000
40493100
39480900
40888200
39636100
39679800
40402400
39612500
40261600
39527400
40341600
39636400
40351000
39533700
39488400
40500400
39502900
40329800
39493000
40280700
39504700
39637700
40365200
39595700
40326200
39450600
40524700
39679900
39568400
40319400
42946500
42229200
39600500
40362800
39518800
40429400
39486300
39544000
40207300
39599700
40516700
39720400
40399200
39497300
39711200
40257400
40577200
40315300
39700800
40462600
39664000
40651600
40735800
41301500
40503500
39576600
40158600
39490100
40472400
39511300
39428500
40329800
39737000
40386900
39841900
43173700
39528900
39496100
40235400
39611000
40427900
39610900
40380500
39572600
40313100
39575600
39573600
40513400
39600300
40377500
39616600
40286300
39546500
39562500
40812200
39605400
40391300
39860600
40537600
42291000
41893400
40811800
39705200
40486000
39470400
40437800
39661400
40458800
39715300
39465400
42645500
41727200
42326000
40984900
40292500
43468600
39557100
40463000
39620400
40253900
39747400
40258200
39512300
39483200
40330300
39714300
40272100
39528600
40522700
39591000
40474000
39636000
39620300
40347900
39531200
40265000
39704500
40222200
39586600
41000700
40379800
39565400
40451200
39717700
40521100
39800900
39730400
40418900
39502800
40625900
39602000
40463400
39645500
40482100
39454200
39469200
40354500
39528600
41163100
39671300
43840600
39915600
42314100
40778500
39536500
40346400
39605800
40222600
39605600
39655700
40443900
39791100
40532600
39628600
43755700
39839400
40371300
39648800
39620800
40446400
39528400
40363600
39519800
40308100
39553400
39631100
43349500
41124000
43361700
39642400
40375800
39783200
42475500
40384000
39539000
40447100
39436800
40373900
39612600
40823100
39624600
39509900
40401500
39581500
41561000
39617600
40242800
39606200
39689400
40350100
42391300
42167400
39551100
40467000
39651000
40392600
39585700
39586200
40335300
39966900
40489000
39461300
40524600
41175300
41015200
40316400
39529400
40316900
39452900
40215500
39569300
39535200
40340100
39527800
40904400
39611500
40465100
39953100
41396300
39628600
42710900
41605200
39951800
42614700
39739600
40282600
39752900
39590400
40582700
39533000
40328400
39564300
40249200
39584400
39586100
41631700
41119600
40334500
41144500
40416800
39621900
40316200
39732600
39734300
40468500
39637800
42156800
43630500
43767600
39513100
39487600
41801700
39592400
40330000
39589400
40355500
39657100
39607600
40334400
39601200
40469900
39449700
40429300
39665500
40300100
39594700
39749500
40222200
39481900
40403900
39453100
40370400
39593000
39512600
40544400
41098900
40298500
39698900
40450100
39427000
39548500
40283900
39661900
40314400
39649800
40302900
39604400
40532300
39607300
41805700
43961600
39654500
40431400
41130900
40309500
39436200
41061300
40458800
39633400
40463500
39715200
40368300
39681500
39654700
40318100
39520900
40291900
39547300
40222800
39661100
40195900
39582600
39821900
40434800
39753200
40336100
39683700
40518100
39552800
39534000
40397400
39560600
40284500
39816700
40310200
39489500
39480700
40291400
39527900
40492400
39684100
40448700
39672200
40220500
39643300
39386000
40476900
39882600
40467700
39654900
40491800
39670800
39648900
40464200
39561600
40310800
39497300
40313900
39703300
40218500
39784200
43657800
41203400
39714900
40388100
39691400
40437400
39477800
39550400
40486700
39562900
40576500
39607000
40270000
39432900
41083400
40768800
39605500
40475700
39555700
40283100
39542200
40324200
39617500
39582500
40411400
39531300
40526400
39679900
40326000
39481200
39580800
40367300
39472500
40468200
39604700
40433600
39548700
41210700
40922200
39468500
40404900
39453500
40322800
39507000
40426200
39647500
39671700
40282400
41249500
41709900
39733100
40429400
39620000
39626600
40422500
39399600
41814200
39851200
40471000
40028900
39841500
40548400
39533300
44093200
42514900
40387800
39960900
41229900
39513600
39523300
40392400
39656400
40556600
39506300
40633800
39585100
39519800
40366000
39693000
40453400
39589500
40491400
39566700
39563900
40353100
39548800
40372900
39499900
40346700
39545600
40276400
39813100
41473700
43540900
43622200
42008700
39574400
40653200
39718200
39721300
42812000
39688900
40760300
39526600
40446300
39742200
39485300
40346700
39691500
41553800
39672600
40417500
39551100
40307300
39980300
39614900
40443600
39549500
40467200
39557800
40406000
39567000
39650400
40194900
39557700
40534000
39604300
42667300
39630400
39607400
40368200
39498200
40549400
39576100
40733700
43745300
40328900
39662400
39606100
40360500
39484000
40365800
39476100
40388800
39621100
39428800
40317800
39602300
40430000
39689600
40430100
39477800
40423700
39674600
39689900
40356500
39632400
40567900
39645100
40356600
39515700
39621200
40502600
39523700
40259600
40561200
40397300
39574900
39469000
40408700
39622200
40404400
39506800
40367500
39971400
46802700
39613600
39663000
40546000
39607200
40475300
39542900
40412000
39709900
39882600
40388700
43516500
40510300
39765700
40380100
42033200
39542800
40306500
39668500
40523200
39602900
40310300
39538600
40211800
39816500
39574200
40300900
39700800
40234700
39966800
40389400
40068300
39704200
40572800
39647200
40445500
41719600
43461900
39677000
39608600
40541700
39842000
40920300
39777300
40383400
39662700
40214500
39517400
39615100
40424400
39445300
40250000
39765500
40344900
39663300
39501900
40408600
39584500
40416400
39658900
40227700
39695900
41043400
40916400
39507500
40344400
39445700
40256600
39586400
40268900
39455100
39447800
40225600
39662300
40499800
39540300
40350500
39822600
39725800
40444100
39472800
40454400
39587000
40692000
39551000
39503600
40399700
39491900
40398100
39491500
40471300
41071100
40422400
39681800
39586300
40555400
39606700
40332300
40970700
41040700
43534000
39953600
40401000
39620000
40260800
40622700
42143300
39720400
39540000
40281200
39737100
40441300
39508700
40464700
39702100
40341700
41116800
39689500
42671200
42002900
40425800
39525400
40450900
39509900
42445200
40537900
39489800
40391900
39696900
40370000
39634800
40310600
39922900
43064200
41607900
39439100
40396700
39815200
40338400
39462700
39697400
40465200
39658700
40450800
39640000
40300000
39603300
39535800
40255900
39550000
40319500
39546800
40367800
39595500
40364900
39642400
40807500
41428000
39501600
40220000
39547900
41932800
39603400
39590100
40482200
39530300
40510900
39524500
44031800
40760900
39602100
40309600
39656800
40574100
39695400
40485900
39528100
40474700
39558800
39517400
40285900
39417200
41671300
39842900
40458400
39704900
39677000
40455000
39635300
40388300
39502300
40400200
39616000
39640500
40279400
39559100
40267100
39617200
40627400
42514500
40346100
39629400
39530900
40491400
39601400
40489200
39535500
43785200
43499300
39761800
41557700
39558100
40444000
39618300
40467100
39577800
39747300
40303400
39741000
40479500
39935000
40298000
39711200
40503800
39663200
39715300
40357900
39852400
40516300
39687300
43450400
39552600
39554900
43805000
41496000
40379200
39599500
40402600
39649700
39516400
40282200
44333800
44120500
43562900
41448100
40977400
40398800
39517400
39539700
40368100
39720800
40377200
40119900
40446800
39577300
39658300
40288400
39484700
40356600
39628900
40362000
39818800
39495300
40395000
39497300
40338700
39680800
40401100
39486400
40252700
39667400
39497100
40317400
39548000
40326700
39631400
40361100
39553000
39601600
40515000
39566200
40363600
39510900
40332200
39593800
40320200
39613800
39519200
40493600
39742400
40372100
39923900
40294100
39594600
39598300
42092500
41979600
42429000
41449500
40328500
39414600
39765900
40386500
39410100
40355800
39531800
40439300
39773900
40358100
39596000
39826500
40450400
39579900
40304700
39591200
40387400
39495700
39492300
40556700
39600000
40406400
39703900
40317100
39482900
39534400
40318300
46490000
40405400
39630600
40779100
39584000
40374400
39624500
39831900
40319700
39636700
40485200
39524200
40367700
39744300
39526700
40505200
39608000
40334300
39627800
40751200
39626700
39591300
40375700
43948800
40508900
39558900
40354600
39566900
40297500
39439400
39571200
40427200
40109100
40380700
39627700
40276300
39544000
39552100
40312800
39399700
43692300
42052200
40428400
39683300
39557900
40306800
39473400
40425300
39441800
40578100
39622800
40320300
39620700
39509100
42149000
39538000
40494800
39688800
40260500
39539100
39596700
40232100
39642800
40423600
39507400
40273900
39593000
39634700
40280200
44457800
40554500
41061000
40260000
39770400
40265400
39602200
39645900
40397100
41543300
40585900
39551000
40386100
39724800
39719100
43107900
39652800
40333000
41070900
41939600
39457700
39477100
41375600
39790800
40466400
39613500
40450500
42303100
40277900
39537800
43243200
42544200
39578900
40362900
39529800
40293600
39492600
39559700
40408300
39518000
40272800
39653900
40349900
39517100
40577800
39567200
39567200
40524700
39543100
40409200
39746000
40389800
39613100
39583100
40448600
39515900
40405200
39921500
40368800
39693700
39521700
40509900
39806700
43948100
39512000
40372800
39467900
43424900
39675400
39868900
40338500
39471600
40317600
39589000
40423700
42761900
41023500
41559000
39558300
40508800
39520300
40415200
39883600
39775500
40379200
39627200
40292500
39667400
43367600
43784600
44155900
42998800
40651100
40406400
39703500
42055800
42909400
40274000
39699800
39510600
40504600
39760000
40444600
39420300
40580800
39807700
39666000
40321300
39592800
40336200
39479100
40265700
39613900
40474200
41420300
40587400
40534100
39531200
40560800
39771700
40437800
40080100
39581900
40265800
39478500
40411300
39688900
40294700
39690200
40198100
44413600
40748600
40411300
39739000
40479000
39579800
40639800
39561700
39607100
40519300
39537400
40326600
39478100
40370800
39535700
39381600
40434600
39704200
40484200
39749700
40835400
39582900
39550700
40270100
39646100
40395500
39604500
41970600
39772700
40297600
39551100
39899900
40482200
39538300
40267000
39582400
40319600
39695700
39687700
40546000
39456300
40448700
39939200
40185700
39559400
40964000
41267600
39728400
40403000
39672700
40498600
39680100
40561300
39433600
39611800
40287300
39623200
42740600
39901600
40403400
39622900
39592900
40295600
39617400
45263100
39532300
40351000
39660700
40357800
39754600
39559500
40547400
39559200
40441500
39417000
40227600
39530100
39891000
40355300
42588100
40586100
39737500
42938800
39602600
39528300
40285300
39566400
40190500
39489500
40435200
39606900
40965900
39637000
39558400
43322200
39659100
40466300
39559500
40546100
39466000
39623900
40495200
39613500
40584000
39549000
40373900
39800000
39487600
40383800
39590400
40475900
39675800
40267800
39548800
43754100
39584200
39601600
40447100
42519700
42616000
39529800
41050000
41396800
39673100
40464700
39561000
40370900
39745500
40536200
39635800
39725200
40410200
39624300
40465200
39625100
40396500
39703100
40258200
39523800
39852200
40280800
40930300
40535900
39635500
40605200
40658100
40043800
40633000
40192000
42477200
39599100
40387200
39946400
43336300
40809500
39598000
40511100
39520200
40423500
39581500
40622700
39581900
39615200
40393400
39545600
40270600
39419900
40325000
39644700
40634500
40406500
40561400
40244000
39658000
40407200
39593100
39615200
40345600
39885200
40344800
39434200
40514100
39693000
40462800
39630700
43505300
41344100
39656200
40389400
39629700
40427000
39658800
39495600
40526100
39690800
40312400
39988700
46405100
39454500
40374100
40618900
39635100
40516200
39505900
40533000
39550400
40419800
39547300
39499600
42722200
40314500
40513900
39428100
41095600
39659300
39699400
40442100
39718000
40428800
39619600
40457300
39624100
40267000
39458400
39641900
40655100
39559500
40567200
39639000
40442400
39605300
39702200
40530400
39852300
40537100
39608900
40398500
39574300
39582800
40405300
39546600
40575600
39548000
43189800
41726100
40852600
43697900
41278500
40305300
39631000
41871800
39735900
40599700
39580400
39562100
40424600
39685700
40330600
39564700
40205000
39654200
39564700
40375200
39652900
40479300
39733600
40521500
39461400
43369100
43654800
40188100
40449400
39597200
40316200
40001800
40366400
39733100
39651600
40358000
39608000
40360500
39510800
40316700
42220400
39966600
40272500
42191600
43908200
39992700
40210400
39528100
40411500
39627100
39716300
40406700
39687300
40302100
39694500
40446500
39611800
39615100
44288000
39691600
40460400
41234400
41266500
39458400
39529300
40359100
39513700
40303900
39542300
40307800
39650100
40441200
39679700
43139900
40496400
39721000
40357400
39671300
40263000
39574900
39591200
40436800
39600600
40339100
40703800
40789500
39511300
39518600
40445600
39869700
40381600
39640500
40558500
39673300
40409900
39461800
40969400
41335900
43722800
41289900
39598200
40313300
39590700
39843900
40366400
39473000
40443200
39390200
40297600
39587500
40288500
39609900
39685800
40269700
39467700
42114600
42310800
40421100
39607500
39594400
40515600
39720300
40370200
39579900
40370300
39677400
39690300
40454100
39545900
40328300
39610200
40553400
39525600
41602200
39679300
39847800
40321600
39531700
40509200
39852900
40428000
39589800
39560800
40320300
39514100
40517500
39376100
40326500
39626700
39613200
40360200
39439000
40422300
39772300
40464700
39784900
40398700
39805400
39652100
40374700
39824500
40338900
39805100
40928700
39694300
39795700
40329900
39631500
42808700
39467400
40499300
39629800
39522600
40535700
39618900
40481400
39572000
40459900
39988200
40234800
39851100
39476800
40391600
39569000
40340800
39732300
40746600
39446800
39681300
40411400
39634500
40395000
39612400
40470200
39535800
39729400
40388900
39567900
40431500
39596600
40284400
39530400
40314900
39764100
39545600
40409700
39496300
40403400
39728800
40432400
39586100
42201000
40389300
39701900
40446800
39590500
40347900
39809000
39668200
41489200
39611900
40507000
39669200
40479100
39556800
40266100
39590800
42236300
40404200
39725800
40425300
39623800
40383700
39559000
39557000
40413600
39682800
40430700
39627500
41491200
40119000
39708700
40247500
39653000
40520100
39677000
40372500
39550000
40464600
39465600
39522600
40513100
39806100
40625000
39490000
40312300
39773500
39845700
40402400
39616300
40448900
39605600
40284700
39481800
40433300
39647000
39579100
40362700
39592600
40411900
39623100
40460800
39905900
39678400
40511600
39627500
40443400
39599000
40392100
39613900
39642400
40429800
39672400
40485300
39571200
40363000
39727900
40490400
39677200
39716500
40565300
39429100
40334700
39625000
40239700
39483900
39891600
40249500
39725300
40520100
39473400
40254900
39586700
39869200
43424500
39532000
40238000
39556600
40269300
39556500
40358100
39727900
39507200
40396800
39558800
40257300
39490400
40390900
39598400
39570100
40581200
40348100
40487000
39476800
41452500
39772100
40763200
40826800
39725600
40316400
40970900
41840600
41749300
40378900
39530800
39527100
40282100
39541300
40438100
39470300
40430200
39458600
39647100
40302200
39565700
40546400
39742000
40370500
39566800
39694600
40463700
39549200
40440700
39608500
40622900
39548000
40444700
41086500
39552400
40459800
39687400
43250400
39763500
40237800
39615000
39480100
40308500
39998200
40395600
39484800
40435900
39611000
39571400
43047800
39655400
40400200
39537300
40529700
39593900
40368200
40711900
39665200
40339600
40553900
42477100
39590900
40371700
39511600
39569300
40420400
40313400
42139800
39533000
42814300
39832700
42503300
41959900
39521600
43153400
40260800
41115000
39682400
40420200
39563100
39541400
40432800
39555700
40428100
42444500
41330400
43488600
39605200
40446600
41468000
41477700
39513700
41342000
39867800
40326200
39716800
39680100
40480100
39769600
40568400
39583900
40433900
39600200
39445400
40306700
42606200
40430100
40754900
43888000
41119200
39885700
44142300
41748700
40528000
39680100
40324500
39927300
40443000
39732000
39614300
40368600
39566400
40467000
39650200
41061000
39743600
39692500
40612800
39677700
40412900
39527600
40551000
39428300
39605700
40312200
39588200
40618100
39680200
40512800
39618200
40404200
39602800
39604800
40556800
39593300
41550700
42881800
40900900
43691700
39789500
40276800
39460700
40404100
39727400
40474800
39778700
39541200
40285700
39719500
40463200
39663200
41192600
39845300
40311300
39493100
39781400
40375300
39658300
40409800
39554900
40533900
39547200
39673700
40504100
39778600
40572000
39548400
40464800
39619500
39625100
40339700
39846600
40497100
39439000
40306600
39569700
40376300
39705500
39814500
40416700
39619400
40421700
41164400
41138400
39556500
39552900
40328000
39605000
40564300
39634900
40539900
39472500
39547500
40673400
39736300
40439200
39691100
40515000
41062900
40413500
39571000
39795700
40326900
39727500
40591100
39684600
40425300
39880100
39474400
40375700
39548600
40577500
39549900
40316000
39420200
39562400
40324400
39558300
40316100
39606200
40397600
39511100
40291800
39972400
39629500
40347200
42564100
40351100
39689500
40460300
39748200
39950300
40299100
40281400
42032100
39642100
40370300
41026300
44574800
40069900
39656000
40452300
39552600
40519700
39562900
44466800
39594100
39587300
41935100
41105400
40611100
39694800
40541500
39572800
40042300
40312200
39893300
40448300
39821400
42395700
39554500
40281000
39525000
39663900
40346000
39535500
40335100
39545100
40307100
39575600
39619200
40338900
39544800
40522300
39565400
40407100
39631600
39673900
40481900
39522700
40549000
39834800
40351700
39540400
40343600
39656300
39582400
40439900
39707200
40305600
39704500
40347200
39569700
39754600
40272300
39416700
40446300
39688600
40642900
43805300
39515100
42324300
39567000
40411800
39501900
40316700
39711000
40351600
39643200
39974100
40440200
39660400
40522100
39528500
40297200
39737800
39553800
40419200
39575000
40473400
39614900
40331500
39445800
39657500
42457700
41810600
40450900
41342400
40476500
43738900
40818600
39644600
39584700
40335700
40236500
42503500
39601700
40312200
42414400
39647600
40414100
39617200
40251100
39607700
40341700
39659400
39596100
40537000
39475600
40373400
39630600
40592800
39556900
41894600
39508400
39695100
40523000
39610300
40357500
39503800
40346600
39698400
39676700
40311400
39604900
40553400
39833800
40250400
41142500
43767700
44455400
41198800
40362900
39828800
40819700
39521100
40637300
39549700
39637600
42020200
42619300
40318400
39643400
40449500
39700300
39778900
40620700
39594000
40350900
39535200
40309300
39771800
40501200
39654600
39567100
40326000
39690000
40314000
39458600
42075100
39756400
39615200
40456800
39972700
40615300
39534400
40424100
39651400
39674200
40291900
39464400
40302000
39622800
40266800
39538900
40499600
40039900
39495500
40428600
39588700
40361900
39778500
40322600
39617000
39630900
40417800
39547200
40639700
39734300
40306800
39569400
39607800
40296900
39593100
40245900
39435100
40451400
39660000
40486300
39655900
39699900
40355400
39533200
40521200
39566900
41006700
39505800
39700100
40322400
39565700
41611700
39684300
41577700
43598100
39875900
40242200
39529600
40365000
39718600
41379000
39585200
40313600
39566400
39472000
40425900
39640900
40236400
39401500
41237300
39700800
39644800
41093500
41632300
42133900
39875300
40493500
39616500
39731100
40464000
39624700
40401800
39616700
40363500
39660000
40322900
39752000
39657200
40379400
39613200
40265900
39634800
40317300
39652500
39760000
40284700
39574200
40338200
39559500
40562200
39831700
39596900
40414400
39783500
40410400
39798600
40303200
39754100
40583100
39534800
39603300
40361500
39517000
40276000
39604000
40403700
39643200
39475400
40361500
39629900
40151400
39605500
40412700
39621000
39918800
40516400
42358500
40444600
40000100
40518100
39796400
40333800
39774900
39643600
40256700
41072300
42388000
42371300
41622300
39694500
39743600
40386200
39600500
40436300
39546700
40252500
39670700
40882400
39655800
39640100
40367400
41950400
43074900
40422600
40429100
41091100
41228100
40283600
39701200
40312400
39598700
42315600
39520600
39631700
40447900
39570500
40427900
39548200
40347400
39442300
40462900
39646900
39628100
40534600
39850400
40389800
39646900
42893800
39599400
39653100
40279000
40479600
42390000
39608500
45628800
39700500
39613500
40374900
39818800
40319600
39556700
40341500
39620200
40358200
39530400
39679500
40370000
39629900
41638100
42683100
40420700
39570000
39530500
41772100
39742300
40357600
39604800
40306100
39653400
39875500
40302800
39588600
40414000
39556300
40463100
39826600
40249500
39715000
39569600
43550700
40997500
40269700
40948300
40387100
39483300
39496900
40534700
39697000
41595800
39753200
42649200
40066100
39692800
42851100
40200900
40335500
39444600
40358900
39501100
40367000
39495600
39695100
40386900
39515400
40534800
39534000
40215500
39660600
39670700
40441200
39837600
40378300
39501300
40381000
39532200
39645900
40383700
39493700
40298500
39471300
40460500
39627000
40388600
39772700
39454800
42464200
39571800
41538400
42628000
40443400
39831000
42039200
41949600
39558400
40401000
39758200
40355300
39507200
39675200
43253000
42719700
41705700
40979100
40400200
39641700
40444200
39908700
42465900
40506600
39617600
40389800
39445000
40190700
39565600
39734600
40431800
39575000
40530900
39634800
40594100
39616600
40252600
39578400
39660800
40400900
39684400
40172700
39554100
41770700
39453300
39650400
40327200
39647100
40245900
39565500
40307100
39567900
40948400
41316900
40552900
40351100
42569600
40292100
39835400
40479700
39579900
39476100
40398000
39664900
40526600
39520100
40277000
39572800
39607100
40547200
39726300
42166300
42020200
41377400
40034000
39565900
43174400
39618300
40423800
39527400
40403700
39701400
40459800
39838100
39578000
40506600
39546200
40499400
39832400
40447400
39572100
39721600
40392000
39386200
40275400
39524100
43858500
39609100
39515500
40511800
39604600
40384400
39761700
40398400
39772300
40421700
39703700
39578600
40438500
39678200
40400500
39615100
40236500
39492300
41999500
40862000
39587400
40235700
39635700
40256200
39532300
39535100
40332300
39439600
40424600
39517700
40577700
39648900
40478400
39728100
39644200
40428200
39766700
40269000
39641900
40389800
39549200
41510000
44480000
39534200
42306900
41956500
41537500
43114200
39651300
40266900
41056000
41644700
39511600
40283900
39605000
40532600
39445600
39554200
40321100
40538900
40449200
39520600
40519400
39717700
39703300
40380200
39656000
40435600
39872900
40476100
39672700
39664700
40406900
39739100
40356800
39568300
40363900
39571500
40213500
39624300
39721500
40414800
40004100
40321200
39627300
40763800
39707700
39374800
40407800
39497300
40332800
39573700
40257800
39678100
40276700
39567500
39463900
40384900
39543500
40214600
39655800
40382700
40431200
40100100
40208200
39511800
40432900
39626400
40672400
39751400
39648000
40485700
40947100
44300700
39508400
40355700
39524900
40598200
39629500
39523300
40983900
39593100
40453900
42334900
40329900
39622400
39558700
40407400
39760600
40491900
39772900
40479600
39507900
39592000
40407800
39841900
40445600
39720000
40613800
39570000
40412500
39911000
39631400
40373400
39497700
40339000
39730300
40782100
46358900
40442000
41978100
41523600
40457000
39481900
40426200
39819100
39593400
40414800
39596700
45698000
39545800
40433500
39638400
40523100
39582700
39729500
40277100
39571800
40245500
39507700
40289300
39506100
39587100
40227100
39719600
41574700
39702200
40501200
39606000
39670800
40395900
39557600
40292900
39678400
40496600
39435900
40432400
39689900
39667800
40346400
39665100
40421500
39924300
40219500
39583700
39674300
43713000
40662900
40255800
39503500
43146200
39877400
39511600
40337400
39792700
40407600
39602900
40407700
39729800
40331900
39408400
39493000
40374100
41084500
40430300
41086400
40599600
39679300
39630700
40252300
39582700
40419000
40596300
40439300
39528700
39594500
40619300
39557100
40416400
40335400
42924400
39677900
40325400
39810200
39617200
40394300
39645800
40390100
39541400
40325600
39685900
39675300
40478100
39627000
40350700
39683900
40309400
39455900
41946700
41008600
41365100
41478300
39519600
42209100
39736300
40271800
39518200
39611900
40690100
39556000
40497900
39739900
40487200
39569400
39517300
42446600
41572400
40394300
39533900
40485300
39676100
42516000
39969300
39509700
40475700
39631900
40377300
39594200
40474500
39499700
39678300
40396900
39669100
40841000
42215400
40259000
39608500
39792800
42200600
40249500
40275300
39518000
40355100
39601200
40305100
39573300
42462200
40486700
39446800
40383500
39574300
40271300
39657700
39742100
40311900
39474100
40365700
39734200
40284000
39694900
39456600
42392400
43551200
40415800
39625300
40372700
39558200
40388700
39743700
39726500
40377400
39500200
40495900
39602700
40283100
39631400
39567200
40355300
39639200
40370800
39608900
40367400
39577800
39554600
40397300
39550700
40294000
39509000
40421100
39758100
40217200
39691800
41080100
40300900
39686000
40237800
39661900
40263200
39618700
39612200
40393100
39670600
40598000
39768900
40430000
39670000
39516200
40337600
39627200
40421000
39724600
40450300
43482300
40380900
39521000
39481200
40324500
39633900
40383200
39545300
40512700
39589600
39593700
40307800
39554700
40261900
39611000
40385600
39565100
39641900
40347500
39544500
40579300
39479100
40272400
39547900
40298000
39510900
39601100
40315900
39504300
40379300
39454000
40446800
39475300
39552300
40241500
39778400
40452400
39496200
40485300
39590500
43135800
39563000
39708500
40473200
39640300
40469300
39623200
40211500
39550400
39632400
40341700
39594400
40291700
39636500
40576000
39572100
39710500
40336400
39627900
40409800
39508600
40419700
39594200
40457400
39587800
39673800
40304100
39664300
40245200
42562600
40339600
39542200
39682700
40448600
41323600
40339700
39547400
40463600
39620000
39511300
40465900
39784100
40411100
39566200
40324700
39632900
40183300
39791800
39779700
40517500
39760000
40321100
39592500
40415600
39638900
46340200
42787500
42393000
40524900
39505500
40381400
39620600
39479400
40265600
39621600
40513000
39616200
40423400
39744300
40279800
39684200
40094200
44641700
39663400
40213900
39498200
40389000
39681400
39707800
40419300
39612800
40358100
39570100
40232700
39538700
40193000
40556700
39628700
40338500
39599500
40358300
39738900
40413000
39671900
39592800
40401200
40008200
41464600
40327000
40529400
39504800
39631400
41059800
40046400
40369300
39526000
40407400
39621500
39620000
40354000
39588000
40241600
39752100
40262200
39560900
40354000
39711100
39567400
40516000
39718900
42065300
42281100
40354300
39751900
39580100
40390100
39729100
40400100
39459700
40441800
40113600
40638000
40238200
39583000
40494800
39502700
40291900
39795000
40514600
40652800
42926300
43641300
40840200
40292000
40705200
40327200
39662800
39584800
40351500
39588500
40559800
39656800
41656600
40170900
40388800
39581100
39582800
40262000
39570500
40493300
39709300
40415500
39600700
39559700
41784900
39449700
40387700
39580500
40231500
39658100
39575600
43265700
39651900
40301900
39807300
40258400
39525100
40296300
39486500
39524900
40447000
39612700
40445300
39862900
40234700
39508800
39592600
40462500
39579000
40397100
39591200
40394200
39539000
39506500
40539500
39701300
40710800
39676500
40327900
39764100
40369400
42577600
41230900
40359000
39687900
40359800
39605000
40362800
39494800
39641400
40582200
39780300
40352200
39637800
40503300
39473300
39606300
40250000
39596800
40295200
39580700
40341100
39519300
40471700
39697800
39675400
40429200
39690500
40439200
39529500
40677400
39645300
39562100
40445200
39699400
40309000
39504700
40493400
39668400
39537800
40247800
39578300
40487700
39547900
40306900
39559700
40459400
39562800
41132500
43184900
39534000
40330000
39635000
41071800
41063000
39618500
40464100
42259500
43529100
39613300
40498100
39563500
39769500
40339300
39598700
40223500
39654000
41828500
39759200
44939900
39938200
39553900
40434500
39468800
40322800
39514300
40305800
39628000
43654200
44368100
41128500
40405400
39697000
40435000
39571800
40269000
39464900
39511700
40431300
39506800
40428100
39599300
40312300
39679100
39632100
40444400
41009400
40616400
40387000
44400400
40403200
39602500
42353000
41924000
40432600
39815300
40448500
45436500
42444000
40733500
40989800
40468600
39704900
40330500
39942200
40292700
39572500
39586100
40530700
39630200
40234600
39676500
40485800
39735700
39826100
40510300
39627500
40506600
39578600
40356400
39664100
40320200
39642500
39697000
40508800
41162500
40347800
39566500
40325600
39585600
39619000
41570100
39691200
40442200
39691000
40327300
39840400
39518700
40194200
39686500
40498900
39572500
40376800
39437600
40529200
43637000
39938200
40405400
39648400
40271100
39624700
40347600
39577000
39571200
40242800
39560300
42612600
39804900
40399600
39527100
39547900
40541000
39639600
40498100
39543500
40450000
39506800
41985500
40808900
39665800
40438100
39731900
40472800
39574600
40231000
39603300
39590300
40558500
39686800
42244100
41909000
43130100
42460000
40294200
40388800
40884300
41717000
39612700
42623900
39517300
40360900
39726100
39567500
40390000
39618600
40555800
39558000
40428300
39734900
39802500
40363900
39692300
40454200
39625700
40429500
39646700
39626100
40269100
39629100
40333900
39502700
40302800
39469000
40415500
39591800
39644000
40345800
39542200
40370200
39517100
45348300
39546900
39582300
40391100
39485800
42129200
39462700
40430700
40972800
40404900
44502300
39770900
40451200
39630700
40383300
39621400
40238600
39518600
41053900
40355200
39809600
40432800
39594800
40348000
39574200
39623700
40449400
39585200
40462600
39594600
40601700
39513500
40708300
39757500
39690400
40467300
39695400
40525100
39435000
40493000
39541500
43036500
41218800
39580300
40406900
41107300
40324600
39584000
39889200
40401700
39579000
41315700
39633900
40368200
39506600
40266100
39635400
39569000
40389900
39679400
40566600
39603600
40466300
41205400
39524000
40376300
39470000
40440900
39633700
40308900
39582700
39594500
40343200
39504700
40549900
39629100
40328800
39451500
40533100
39450200
39568100
40598300
39607600
40462800
40672900
41494100
43594700
39593700
41518900
39482100
40284100
41288600
44326500
40870000
39681400
40282500
39517800
40581700
39560100
40354000
39725800
40285900
39677600
39655400
40373700
39883800
40317900
39509800
40439500
39521800
42536400
40536200
39746200
40603800
39703500
40515000
41605000
39895900
40563400
39536300
40419400
39620400
40420800
39555500
40314400
39627200
39592200
40433700
39506900
41373100
39799000
40331600
39568700
39550500
40512100
39608900
40372900
39709000
40305000
39629300
39650600
40314800
39713700
40347000
39814800
40339600
39532200
40326000
39437300
39591500
40366800
39613500
40560000
41027800
40400700
40416100
43674700
40811700
39586000
42205400
39660700
40640000
39586500
40340500
39744100
39536400
40433800
39855900
40287400
39608500
40301400
39470000
39642300
42192400
42191900
41324100
43266200
40335000
39518500
39803400
40378700
39664300
40326300
39432600
40305100
39591300
40597900
39755900
39682300
40611800
39614400
40401900
39902700
40565700
39526100
39700000
40396600
39540400
40356900
39508500
40602500
39696900
39610800
40135900
39384300
40559900
41554600
43112000
39586900
40265800
39755800
39619300
40567000
42492600
42498700
39777200
40499100
39600300
39652900
40498000
39663800
40258500
39569800
40334100
39537100
42048700
40715400
39759000
40366400
39600100
40565500
39624000
40492300
39665700
39703000
40529700
39754200
40464300
39602700
40362300
39699800
39516800
40312700
39488900
40369800
42331300
40935800
39574400
39628300
40419900
39525700
40582400
39628900
40287000
39469800
40494900
39595200
39570500
40441600
39671400
42489300
43011800
40423100
39745900
39773800
40478700
39534400
40432800
39484000
40313200
39831900
39812000
40584500
39758700
40413600
40293400
43805100
39524800
40214100
39650500
40518700
40707700
41894300
40566800
39832600
40318600
39520400
39730500
40512400
39642400
40372100
41094800
45683200
39470000
39647300
41435200
41429600
40438700
39697600
40448300
39642400
40338900
39731300
39494900
40316500
39503100
40516200
39709600
40417400
39796500
39579100
40494200
39574600
40400900
39677700
40587500
39840100
41048100
39685400
41203700
43376500
39946800
40399100
39843900
40505700
39576800
39589800
40387500
39583700
40386500
39678500
40543200
39460100
39852300
40444600
39648100
40383100
39457800
40422300
39480600
40428800
39564900
39503100
40333300
39617800
40804300
39605000
40466200
39915700
39560300
40267700
39577600
40309300
39708200
41749200
39751000
42794500
40470900
39541400
40275800
39662400
40609600
39483800
40289000
39673500
39676800
40222600
39504500
40336600
39581900
40460500
39592500
39651700
42464200
39650000
42676500
39696900
40495000
39595700
39543600
40239200
39860100
40620600
39578400
40855400
39728300
40465200
39567700
39465800
40411900
39492400
40365300
39463800
40328600
39605200
39607400
40361400
41581400
41404100
39613900
40595400
39567900
39580900
41139400
39538600
40390000
39805400
40400100
39581800
40383900
42487100
39708800
40361200
39606400
40331700
39606200
40227400
39634300
39686800
42932200
40382000
40499100
39503000
40415900
39791500
39547200
40508900
40537700
40336000
39501400
40489300
39697300
41385800
39595600
39630600
41010400
40446200
40488100
39716900
40328400
39518300
39477100
40398300
39512800
40477900
39529600
40332500
39424600
39561800
40342500
39556300
40510600
39569600
40420900
39490600
40547400
39803700
39595200
40357300
39582400
40473500
39671700
40356400
39661300
39699300
40391900
39552200
40298200
39572800
40154000
39483000
40357900
42555700
39729600
40753700
39623500
40670600
39612100
40250500
39485900
39650400
40475200
39718100
40480000
39716100
40573800
39647800
39576900
43120600
39492900
40340600
39574900
40929600
39675500
40622800
39735200
39616900
40405000
39778400
40451300
39750300
44882100
39552800
39561600
40291500
39602100
40598600
39579400
40404200
39567300
39670600
40754600
39501100
40310300
39567500
40338500
39578700
40504100
39605300
39591700
40428800
39587800
40238500
39705900
40382800
40078500
39740500
40719600
39572800
40383700
39750600
40649600
39595600
39677000
40463200
39577400
40465400
39476100
40406600
39425700
40272400
39539500
39588200
40417700
39720100
40357400
39749000
40258700
39664600
39582500
40550900
40727700
40649000
39739100
40562600
39565700
39755700
40436600
39862500
40364600
39548400
40303500
39481800
40360800
39467600
39602400
40551000
40568700
40781400
39451900
40390300
39705200
39507300
40315100
39748800
40378800
39531600
40312300
39680200
39553100
40347000
39550300
40434000
44464800
40326900
39594700
40228000
39589000
39672300
40462000
39515800
40457400
39487500
40634500
40752900
39425200
40314200
39681500
40299200
39567900
40365200
39680200
39758900
40373700
39637300
40286200
39600400
40528300
39616100
41681900
39554800
39593500
40404900
39681600
40297600
39645800
40300400
41019100
39607500
40374400
39779100
40394100
39609900
40316000
39774300
40457800
39661700
39549800
40513200
39545500
40389700
39601800
40214500
39935100
42226300
40384300
40800600
41909400
39756900
40589600
41883700
39592300
40267400
39445100
40330800
39533900
40421700
39529200
40459200
42503200
40174500
41592000
39628500
40236300
39595200
40610800
39870300
39698600
40380100
39692000
40235800
39536200
40489200
39595900
39467500
40421500
39566600
40637400
39544800
40302900
39379600
40165000
39562100
39735800
40381400
39481400
40372500
39710200
40294800
39709600
39609300
40447200
39704500
40407500
41267400
44417600
43719400
40079800
40368800
39585900
40389800
39840400
40299000
39800600
40347800
39704800
39815400
40379800
40447600
40440700
39675000
40486500
39469300
39620800
43798200
42096100
42314400
39599400
40284100
39381800
39415700
40705500
39632600
40475500
39649300
40424700
39585600
40243400
39675700
39515800
40444100
39626100
42027900
43542700
40500300
39779400
39638700
40713800
39723500
40505200
39516300
40485300
40005300
39894500
40362700
39515000
41976300
42236500
40424400
39474500
40730100
40112600
39605600
40448400
39574500
40438700
39542900
40504500
39535900
39787000
42506700
40683000
40281700
39581400
41807900
39565300
39662200
40424200
39596100
40305100
39704700
40429200
39733700
40395100
39528600
39768200
42356900
41704300
42432300
42730500
40453800
39670500
39608300
41491400
41399800
40344600
39777200
40295300
39506400
40166700
39599900
39713800
40363200
39686700
40329000
39650800
40244900
39692700
39495700
40402000
39730000
40511600
39768400
40262200
39657800
39726300
40330400
39693500
41837700
39940800
40415500
39646300
40556200
39549400
39742200
41343200
39856400
42703300
39526800
40380800
39800700
39659100
40403300
39535300
40426200
39574500
40403700
39541100
39762400
40546500
39512800
40366400
39618900
40292700
39872100
40491700
39852100
39701400
41815900
40330800
40512800
39682400
40565600
39860300
39724800
40416500
39595900
40522300
39521500
40546000
39888600
45007900
40370700
39627800
40526300
39612800
41079500
39589100
40346300
39586400
39848300
42857900
40159800
40434500
39604700
40348600
41802300
40372200
40337900
39598400
40398400
39769200
40573600
39456000
39675200
40454500
39595200
40438300
39681400
40345600
39694400
40268700
39845000
42652700
40357800
43591400
42338200
39623600
40439800
39570200
39533800
40423800
39499700
40619700
39676100
40349000
39457200
39676400
40302300
39526500
40405800
39459800
40420900
39662100
40347700
39553300
41818900
42667000
39640300
40610000
39635600
40366000
39706200
39639500
40248000
39617100
40446100
39511900
40359300
39752600
39389600
40414000
39555000
40418200
39389400
40375900
39699500
40366400
39531900
39460900
40502200
39665500
40390000
39554900
40400100
41685700
39819100
40311400
39553000
40455200
39520200
40587300
39466400
41771700
39656900
39506900
40257700
39661700
40329900
39527200
40531800
39751600
39919400
40515200
39418100
40551000
40918400
40561200
39612200
39732800
44101600
40546300
40347500
39592500
40388700
39586600
40250000
39704300
39590400
40483800
39640900
41525900
39670700
40317000
39530800
39565500
42762800
41410300
40329700
40211900
43478500
42514100
39477600
40408600
39541600
40611600
39432600
40617900
39743400
40475300
39687100
39466600
40557800
39628200
40399500
39576700
40351300
39571400
39541000
40370500
39685600
40604000
39511200
40241100
39704300
43139700
40697600
39822400
40397800
39626900
40439400
39693200
40265600
39760800
39541800
40435900
43530400
42295900
42991200
40340200
39712000
39657200
40242300
39565100
40431200
39858200
40489900
39555400
39500400
40274500
39583400
40597100
39767900
40455300
39672900
41899100
39799300
39540800
40361800
39636000
40529100
39564600
40429800
39537100
41126900
40307400
39659800
40345100
39513900
40397700
39689600
39606500
40189800
39868700
40354200
39700700
40440500
39658100
40329300
39451500
39544500
40303300
39569300
42244600
39609800
40315500
39647600
39719100
40433200
39749300
40436000
39575200
40327200
39475000
39677400
40440400
39642600
40248100
39413100
40477900
39482500
40443300
39677700
39530200
40404300
39478700
40443700
39510700
40437400
39703100
39736500
40608400
39657900
42725300
39599300
40288800
39591000
40311600
42690600
39638400
40433800
39549800
40598400
43371700
40537900
40339000
39737700
40450700
39481800
40427800
39561800
40409100
39565300
39624900
40301500
39545200
40171300
40109800
40200100
39484100
40477300
39668200
39633900
40295700
39524800
40432500
39542500
40451300
39531900
39577800
40477100
39626000
40392200
39637200
41211800
39645600
41084200
44436400
39712200
41045600
39752000
40417600
39591000
40419800
39749300
40162700
41257500
39660800
40580700
39605600
40604400
40183400
39596600
40397400
39536700
40469600
39497000
40355000
39529100
39532500
40443200
39727400
40450400
39465200
41590600
39557000
40155000
39628900
39590000
40362800
39541100
40330900
39576800
41348000
39597200
39640300
40574200
39871400
40521700
39751200
40621500
39551500
41220200
40368300
39665900
40465600
39581300
40486700
39707600
40388200
39450000
39555300
40566500
39615000
40284000
39632400
40327700
39827000
39616500
40644600
39852700
40576400
39686000
40426400
39553600
39935000
40285200
39536400
40511900
39559300
40392100
43650200
40697300
39547900
39585200
40308100
39544000
40492000
39562900
40488200
39716000
39833800
40533300
39523500
40379900
39510300
40573400
39851600
39767300
40493500
39597700
40521400
39678400
40462000
39779300
45780400
39620700
39453800
40233100
39717300
40731500
39622300
40511300
39522700
40668000
40251700
39746000
41794800
39710700
40238100
39655200
40386900
39565400
39684900
40353100
39613600
40274600
39728000
40311000
39666100
39522300
40463800
39594900
40354300
39598100
40340900
39651100
39494800
40299000
39606100
40316900
39546100
40690700
39588600
40382400
39827300
39822900
40406900
39796200
40408600
39594700
40375400
39664400
39742700
40632800
39524100
42325600
43218900
40486200
40308000
40372700
40439700
39514200
40465700
39520900
40341900
39529300
40411900
39866500
39603300
40398600
39481900
40261900
39486000
40249900
39588900
39560300
40410500
39601900
40288600
40608800
40384300
39555500
39589200
40346600
39615200
40447200
39583200
40466700
41683900
43853400
39506200
41106600
40485400
39727500
40372000
39599600
40521500
39662900
39705000
41219900
41705400
40382300
39500900
40459900
39766200
39642200
40267900
39559400
41662100
39585800
40259900
39829700
40385600
39689900
39534100
40449600
39977200
42586500
39700300
40464500
39626700
39495900
40506000
39443600
40451100
39598800
40413600
39704900
39557400
40267600
39550900
40558400
39509800
40324000
39531200
40280300
39844800
40369300
40578300
39586900
40889900
39715000
40331200
42554600
39698600
40378800
39643400
40409400
39640500
40315600
39673300
39539800
40240200
39498900
40357800
39649700
40337800
39568800
40397100
39542100
39626300
41032400
39436700
40555300
39703600
41916000
39911800
39816500
40627400
42094400
41258100
39594600
40320400
39495500
40202300
39606400
39591100
40586100
39535200
40599000
43799000
40618400
39573100
39756800
40631600
43810400
42439600
39704600
40389100
39547000
39501200
43657300
40697000
40414400
39940800
40402300
39576600
40270600
40912600
39890300
40373600
39476500
40251300
39609900
40283600
39625400
39568700
40400600
39611100
40377800
39516300
40382000
39607100
39546200
40437900
39575800
40600600
39601100
40481300
39515100
40241100
39727500
40268200
40394600
39703600
40228500
39523300
40468000
39541800
40500100
40917700
39549000
40347000
39633900
40398700
39563400
39740300
42343900
40682200
40418100
39520600
40334800
39620900
40400600
39528500
39565900
40233500
39629200
40321600
39459200
40197600
39556800
39705800
40302400
39635900
40311900
39523600
40285800
39681800
39649000
40329300
39744100
40428600
39605100
40322000
39544000
40476200
39550100
39627200
40706400
41064400
40394900
42367500
40197500
39491700
39569800
40214700
39510000
40441100
39677400
40518600
39585900
39616900
40446100
39536300
40471400
39547000
40314700
39648800
40402200
39620600
39594200
40318100
39665500
40401800
39677000
40409400
39757900
39557300
40162700
39610500
40345300
39601900
40598400
39560100
39589600
40370800
39501200
40409000
39711200
42263700
41902100
40691700
41080000
40048300
40644000
39952900
40727100
39515700
40506200
39670300
39690900
40337400
39637000
40700900
39648800
40366800
39538000
40292200
39763700
39465000
42122800
42049400
42118700
42884900
40524700
39771700
39707700
40481300
39537100
41964700
43582300
43734400
39607600
43146800
40625500
39529900
43313800
39516700
42997400
39451200
40402500
39636400
41096900
40433400
39504100
40482300
39445300
40467500
39811600
39797200
40370800
39791400
41590400
39558200
40268500
39699700
39649400
40209100
39504400
40355200
39524000
40256000
39542300
40352800
40265700
39526500
42166600
40590500
42616500
42659300
40527500
39506500
39611100
40396700
39571200
40359600
40906200
40344200
39794100
39565300
40551300
43737700
41562800
39511100
43209900
39554400
40483900
39554800
39773900
40261500
39499100
40342700
41048500
40395600
39651400
39623400
40373000
39583000
40401200
39589200
40357700
39737000
39655300
40425500
41059800
40600300
39686100
40764900
39465400
40356600
39565300
39700100
40373300
39639200
40186200
39725100
43193600
39632200
39688500
40349200
41159500
43096900
43355800
40447300
39506800
39599400
44380200
40870800
40886800
41773500
40367100
39892700
40391400
39515200
39619400
40431900
39473300
40406900
39718800
40422900
39725100
39537500
40294200
44170200
41721400
39414300
40361600
42648800
39606400
43649500
40989300
40392000
39608200
40501100
39626800
42396900
41880300
39647100
40586700
39564100
40342100
39805400
40250100
39675300
39636700
40412000
39634600
40338800
39608300
40392100
39718000
40468800
43270000
47326800
41754300
42338000
40293300
39617600
40569700
39669300
40928300
41130700
39583000
40437200
39753000
40512200
39436300
39620200
40380200
41054200
40209300
39470400
40509900
39636600
40866000
39757600
39500100
40413300
39552600
40665800
39525600
43085200
39663200
39660900
40415100
39472100
40631900
39684400
40521900
39627100
39667300
40321300
41201400
41985100
42310000
43012700
39685500
40344600
39826700
39619500
40355100
42253000
40331800
39680100
41407200
43752600
42743600
40434700
39647900
40400900
39860900
41354300
41465900
39514900
44263600
42006200
40405600
39713600
40256400
39610300
40432500
39518500
39511000
40364000
39718500
41390600
42382700
43786100
39699800
39587800
40304300
39653700
40376300
39545100
40376600
39790800
39864200
40416000
39561900
40413700
39616600
40527100
39602100
40356700
41366300
40637000
40613700
40067600
43623600
39677700
40423300
39557200
39528500
41740800
39688900
40600600
39571500
41838500
42212100
40711900
42794600
41455400
40631700
39552300
40558700
39673400
40581700
39473700
39564900
40516000
39442300
40503900
39701000
40431700
39520400
42387000
40653600
39769100
40343800
39527500
40339900
39659600
39966000
39965100
41096000
40333200
39604900
40364400
39676600
40508100
39702900
39454700
40533800
39559200
40388900
39528900
41145100
44655000
39690500
40268100
39492800
40615300
39869700
40367700
39751400
40363200
39617400
39772500
40416100
39643000
40467500
39489100
40366900
39565800
39439600
41171700
40143100
41344600
40676700
41209300
41651400
39425100
40349100
39559000
40271500
41049200
41539600
41201000
40395700
39589900
39598900
40360500
39527000
40375800
39540300
40344700
39660500
39681600
40325700
39524700
40338100
39636600
40486700
39859700
39556600
40256500
39499500
40430300
39537000
40308300
39491900
40271100
39586600
39582000
40282000
39421000
40400300
39607800
41013400
39555500
39589800
40322700
39909700
40474600
39780400
42248700
39522500
39499800
40289400
39650800
44724600
39794900
40460300
39610300
40854600
39822300
39629600
40265700
39532400
42415000
42976700
43114100
39701900
39572100
40372000
39510400
40322100
42378900
40354900
39503800
39527600
40403200
39558800
40830800
39624100
40384600
39588900
40381100
39556500
39669800
40477000
39753600
40357200
39655600
40234900
39614300
39383500
40635400
39556000
40609600
39608600
40407800
39568800
39600500
40246300
43498300
41656600
39662100
40469200
39559800
40266700
39577700
39752800
40291600
39822200
40329800
39609400
40356900
39799000
39634500
42788700
40249400
42020500
39695300
40386300
39658200
41470400
39715000
39545400
40438800
39693200
40433300
39530800
40477800
39421200
39560900
40261600
39542000
40390300
39523400
40580000
39650900
39626100
40279900
39865000
40549400
39601700
40307800
39583000
40324700
39669400
39518300
40333200
41026600
42021400
42618000
40206300
39745600
39920400
40479800
39569700
42628700
42880100
41392000
43519800
39450400
44206800
40579900
40303300
39508600
40192300
41114600
40421600
39581000
39700500
40405600
42382700
40290800
39710300
40302500
39416700
39541500
40335900
41091400
41296500
39622400
40311300
39692300
39553600
40397300
39568400
40625200
42324000
44454700
43604000
40584400
39589200
39630100
40313500
39760500
40462300
39718400
40542200
39528500
39576600
40237700
39721800
40422500
39629400
40310300
39514600
39739700
40368100
39680800
40499600
39777500
40625100
39521900
40275100
39427900
39435100
40388700
39540600
40380500
39761100
40286000
39714500
39586900
42451000
41849600
42659800
42625700
40374400
39595600
39535900
40453700
39564600
40563200
42540900
40387300
39630100
40409800
39674000
39748600
44150800
41458800
40389800
39485700
40396700
39724700
39683800
40414500
39517600
40480600
39807000
40587700
39725400
39506400
40250000
39598800
40318300
39604800
40956400
40415600
40439300
39506400
39610600
40658000
40791700
40412800
39605700
44298100
43616800
43191400
41708800
39553300
40288600
39490400
40286900
39805700
40265800
39649700
39583900
40303100
39592900
40541800
40339300
41200300
39697100
39626800
40371500
39568800
40416000
39526200
40313600
39574300
39705700
40451100
39674300
40527900
39605400
40545600
39765000
40452800
39663400
39709000
41528300
39526500
40333500
39568100
40315400
39446100
39838100
40604700
39776000
40402600
39589200
40419900
39442800
39547100
40245700
39563300
40549800
39868800
40504400
42318100
40560200
39783300
39705300
40420000
39569600
40328500
39522400
40613500
39851200
39793200
40551500
39868200
40433400
39557500
42343600
39824100
39510100
40402300
39761600
40454700
39573300
40255400
39495500
40456300
39541800
40949000
40244300
39707900
41353500
39835100
40297800
39676000
39654000
40218500
39479500
40471100
39717600
40402200
39705600
39490900
40344700
39621200
40489500
39615500
40390800
39632800
40470600
39550000
39813100
40451600
39568200
40309200
39710400
40259300
39501600
39642100
40314700
39455800
40263400
39557800
40484600
39617500
42373300
40298700
39500900
40372000
39497800
40441300
39706600
40399800
39527900
41372700
41336700
39538200
40500500
39506000
40325200
39518300
39530500
40307800
40204300
42193200
39788700
40236600
39586400
39609600
40222400
39760700
40638100
42373800
41008300
39528400
40288100
39481900
39650200
40325800
39535700
40277700
39645100
40417800
39806800
39561000
40318700
39497300
40394200
39666700
40659300
39609900
40336800
39718200
39578400
40920800
39687300
40396900
39607200
40356200
39610400
39654800
40377100
39592400
40477500
39575000
40620700
39534200
39837900
40477500
39641400
40363100
41251900
40281300
39551800
40581800
39485100
41412200
41449400
39630200
40537800
39614500
40749000
40631700
39543300
40284300
39647500
40463800
39710000
40190600
39538000
39515400
40412400
39617700
40622500
39559100
40440800
39630600
40365400
39822900
40997400
41436500
39566500
40474700
39928600
40493400
41972500
39771000
40326200
39491600
40406900
39477100
40345700
39593700
39504500
40391800
39535300
40424700
39793200
40489700
39567200
40256300
39739400
39499000
40377700
39523200
40373900
39441500
40398100
39494600
39665500
41341500
42954500
40401200
39441300
43046100
39493200
39778900
42054400
40741200
40211500
39588900
40361700
39695500
43200800
39616800
39460800
43375600
41615200
40584500
39808700
40442700
39930900
39727400
40334400
39613900
40337500
39467900
40343200
39708700
39814700
40198300
39618100
40407200
39602900
40222400
39666300
40394900
39918800
39446200
40421100
39673000
40319300
39668400
40418600
39586800
39497900
40329300
39609600
40311000
42953000
40571800
39767100
39456300
40336200
39572200
40372400
39593300
40588800
39540000
40342800
39660600
39570200
43237900
39557000
40445700
39622100
40274900
39639400
39600800
40366400
39535500
40570500
40887700
40447300
39729000
42506400
39546400
39691300
43292900
41677100
42025800
39580200
40326900
39766200
39538000
40547900
41151700
40400600
39625900
40317500
39597200
39643700
40692800
39667700
40440100
39582000
40410100
39482100
40072100
39669700
39388900
40196200
39588500
40406800
39494900
40478300
39581300
39881100
40397400
39420800
40583700
39470100
40293900
39440900
39554100
40467100
39554200
40491700
39706300
40429500
43553400
41378000
39635300
39824200
41681100
39464300
40532600
39995900
40669900
39577600
39543600
40428100
39489700
40566100
39560100
40581400
39547400
39573100
40287600
39497100
40226400
39585400
40294000
39715700
40543000
39567700
39503500
40410400
39493600
40385400
39734500
40344300
39585100
39556100
40791400
39586400
40462300
39485900
40495100
39607000
39756700
40444800
39599700
40447800
39611600
40438500
39603200
40342700
39716700
39627400
40317400
40036200
42525500
39484200
40432400
39583800
39417900
40350800
39637000
40383400
41743400
40722200
39624500
39605000
40412000
40748800
40463700
39459800
40366500
39625300
40584600
39608700
39552400
40324000
39608200
40529100
39657600
40235100
39524700
39647800
40532600
39670900
40345600
39558700
40410900
39658700
39469400
40362800
39544100
40411600
39634500
40350200
39494500
40461500
39654600
39636500
40620100
39756800
40447500
40949500
40651400
39661800
39752800
40333300
39659100
40472200
39440300
40463300
39616600
40382100
39509700
40062400
40654900
40747500
40638700
43491700
40847900
42867600
39584500
40456500
39712400
40368000
39508900
40324100
39530900
39526900
40291500
39615400
40313400
39405100
40328700
39597900
40354500
39485600
39554300
40502200
39465900
40536500
40028800
40682000
39899400
42505300
40363200
39514600
40506900
39537200
40288900
39527800
43576000
40595100
39551000
40353100
39505000
40391100
42380800
40344700
39640400
39532900
40273400
39404100
40435700
39487500
40635800
40019100
39481200
40337300
39611900
40570900
39551800
40380800
39452300
39794600
40333500
39684000
40338700
39609200
40333100
39517700
40357500
45342000
40226400
40408200
39637000
40430800
39462200
40751700
39517200
39676100
40400700
39566500
40494000
41040100
40478100
39730700
39734000
40407400
39639300
40350900
39554500
41528100
39467000
40204000
39566400
39569300
40333000
39595000
40225200
39508300
40376500
39539900
39587300
40412300
40224200
40548900
39599000
40496200
39656500
39517400
40580500
39798300
40374500
39558400
42964500
39579900
40467500
39639900
39700300
40383500
39587200
40335800
39546300
40271100
39576100
39533300
40373900
39464300
40530900
39493200
40372100
39779200
39474300
40401600
39680400
40605000
39503400
40575800
39555800
40273800
39576800
39562400
40513600
39720200
40294000
39397800
40391400
39812700
39658600
40586900
40821900
40710700
39624100
40360400
42220500
40168000
43760100
40620900
40283500
39829300
40429300
39638400
40418800
41228900
41053900
42702000
39566700
40455400
39647600
40448200
40368400
41933100
40543100
39484600
40533000
39584100
41677500
39769600
40344700
39861900
39489400
40562900
39565800
40356100
39842600
40297600
39705800
39560500
40372700
40610000
42335600
39743400
40411000
39520400
39585300
40417400
39717800
40347800
39624200
40512600
39602700
40204300
39721100
39523800
40379500
39587300
41375400
41559800
40379200
39625900
39487100
40514000
39656600
40377300
39580400
40467400
39583000
39594000
48853600
39679000
40340000
47317000
40450100
39648700
40376700
39627700
39687900
40560200
39682800
40362500
39657700
43236400
42328300
48087500
41355000
39752100
40484200
39633500
40502200
39500400
39633000
40258200
39518600
40300700
39612600
42699800
39462600
40414000
39566800
39686900
40355200
39565200
40612400
39596100
40495200
45017600
39610400
40461600
39580100
40395000
39621800
40333200
39548300
40524700
39877700
39614400
40294700
39660300
40507200
39907800
43092000
39585400
39652400
40422300
39630900
40236100
39545900
40423100
39539400
39705300
40319900
39799800
42154000
39535300
40310700
39514100
40396800
39627500
39506500
40313700
39576700
40327500
39500500
40361800
41195800
39572500
40276500
39507400
40282200
39732000
40562000
39684900
39642800
40457100
39605400
40374600
39679600
40311400
39488800
40518900
39740800
40140700
40536500
42303800
44381500
39844100
40229200
39408400
42428800
40302200
39581100
40248100
39644700
40627200
44608600
44329800
40287800
39470000
40338000
39559100
40554300
39500000
40472700
43615300
39909900
40501500
39560900
40451700
39437300
40378200
39581700
39624300
40339900
39508800
40332000
39641200
40387000
39647800
39663200
40425000
39571100
40422600
39680600
40419000
39619500
40785600
39766100
39586000
40522700
39493100
40376600
39563900
40384400
42641400
39737000
41714900
39540900
40237700
39549200
40277700
42359400
39645200
40538400
39601500
40424200
39591400
40416600
39873700
40554900
39472200
39735700
40469400
39648800
40450800
39643900
40256300
39677000
39678700
40391900
39541500
40573300
39600500
40335300
39524700
39612700
40314800
39605900
40420900
39661900
40275400
39920100
40506200
39766900
39621300
40581100
39444400
40434700
39569000
40344200
39560700
39547100
40364400
39784800
40577800
39759400
40246700
39589600
40157000
39691100
39787600
43131100
43500500
42012600
41831500
40499700
39650800
39603100
40411200
40828900
40828200
39750200
40550400
40739600
41200200
40293000
39489400
40328700
39570500
40409700
39568400
40350700
41727800
40248200
40659000
39486400
40478000
39566600
40473100
39791200
39716000
40741700
39469800
40437500
39815200
40379400
39746600
39680900
40425000
39467900
40491300
39401100
40366300
39488500
40485300
41124200
39550300
40349000
39406200
40384500
39847700
40414100
39844600
39703000
40465400
41141300
40326700
39584800
40543400
39716300
39564600
40454100
39612300
42304200
39570200
40383700
40108800
44329300
39895300
39664600
40532000
39513800
40354200
39391200
40548900
43404300
42458700
40410900
39571700
40482000
39500600
40424500
39597900
39844500
40379900
39591300
40578100
39631900
46773200
41678000
40288200
39557600
39624300
40396900
39628100
40357300
39420500
40315700
39494400
39610600
40267100
39634700
40407100
39381300
40553200
39534000
39643500
40616500
39627100
40256200
39668100
40452800
39448700
40370100
39589100
39491900
41783500
41097700
40531900
39628500
40448900
39604400
39522600
40583400
39623800
40637600
40046200
40362400
39773100
39737900
40367900
39590400
40525600
39533400
40539100
39555500
40286600
39527400
41010900
40393700
39613000
40435700
39589400
40374200
39615500
40584400
40654400
39597000
40611300
39569500
40382500
39464500
41455300
43619500
40168900
40404000
41467800
42904800
39753900
40383300
39548800
39586600
40314200
39484200
40395400
39921800
40379400
39681500
39468800
40442200
39620200
40282600
39554000
40452600
39676800
40389700
42698500
39575100
40408800
39532600
40477900
39770400
40567800
39527700
39737900
40365100
39586200
40341200
39502200
43192500
39619200
39879900
40406400
39598900
40400900
44399900
40438900
39572200
40516000
39659700
39649200
40379900
39535200
40314500
39523100
40304200
39591300
39521100
40363200
39552300
40236700
39590000
40325100
39469600
39640400
40223900
39647600
40348300
39690800
40277400
39471000
40402300
39621100
39577300
40544100
42427900
40408400
39547300
40327900
39613400
39599400
40419800
39509300
40364300
39653200
40366900
39465600
39721900
40551900
39629600
40360000
41952300
40373800
39564200
40465800
39654100
39625200
40395700
39710300
40387900
39658100
40634700
39523500
39589100
42579100
41781600
42698600
42550800
40475400
39935800
39775000
40495800
39414700
40374800
39579400
40383600
39712300
40497000
39550000
39529600
40278500
39502500
40349100
39702400
40555000
39627100
39509400
42310200
42184900
40585900
39836100
40526000
39815700
39576800
40356300
39607300
40437800
39443600
40231400
39470600
40466000
40884100
41417600
40516900
42185200
42478400
39555900
41223300
43612800
40497400
40372400
39697200
40388400
39778300
40500300
39724700
40398400
40153600
39667600
40571700
39540200
40491400
39716500
40618400
39793300
39473400
40438900
39569300
40530200
39699500
40409200
39800100
39663300
40305300
39657300
40427800
39494000
40367200
39540800
40359000
39606200
39467100
40246500
39577800
40458300
40707700
43730700
39633800
41506200
41232600
39493000
40720000
39575400
40583900
39606200
39668000
40366000
39609000
40236200
39570000
40433200
39564800
41586500
39616500
39684000
40615100
39618200
40387000
40232200
43809800
39679600
39651000
40343800
39699900
40913100
42400000
40320600
39460700
39531700
40363900
39629600
40496100
39655800
40306000
39503500
40382000
39685300
39822500
40357500
39563500
40391500
39799400
40460900
39419400
42233300
40814000
39636700
40412500
39578500
40440700
39575000
39703900
40467800
41194100
40425900
39748400
40426300
39495900
40430100
39640700
39517200
40197700
39605400
40418500
39689300
40529200
39610200
39503900
40350600
39441700
40370800
39531600
40462300
39490600
39617700
40207300
39573000
40450700
39604200
40527300
40846800
40365800
39557900
39520600
40411200
41800900
42589200
40042500
40298500
39705700
39515600
40353100
39802800
40414100
39907500
40280600
39655600
39544500
40310700
39805000
40457500
39680800
42738600
40436000
40456500
39480200
39587300
40436500
39503600
43193300
39622500
40698800
39638800
39728500
40553700
39656100
40354100
39533900
43152300
39820400
40340800
41958200
39509900
40490800
39610700
40281600
39614700
40449800
39630500
39766900
40433000
39576300
40539700
39562300
41371400
39741100
39643900
40272100
39503000
40247200
39628200
40263500
39779800
40225300
39764300
39500200
43367300
39882900
40409600
39763300
40467400
39465100
39584300
40332000
39511700
40391200
39617800
40288500
39519900
42459700
40618700
42414500
41748300
39496100
40410600
39671800
40386800
39868600
39566800
40365300
39638900
40447200
39589700
42258700
39519700
39523700
40384700
39815500
40603200
39483400
40235800
39650700
39593000
40384100
39789300
40890000
40615300
40405900
39672600
40274200
39423200
39538300
40491100
39836600
40426400
39623300
40329300
40222400
40379900
40467000
39686300
40387400
39748200
40385300
39578600
39680900
40296300
39483800
41948400
40489300
40243100
39587400
40332600
39748300
39586900
40483900
41092800
42554300
39498500
40324100
39462200
43734700
43011000
39574400
40483200
39853600
40509700
39856500
39520500
40277100
41173200
40390800
39727500
40648400
39535500
40539300
39729900
39438300
40488300
39580800
40402900
39572800
40349000
39562800
40879300
40726500
39654200
40304400
39517900
40361900
39448400
39866700
40502800
39648800
40578100
39725300
40503200
39581300
40337900
39800300
39595200
44976800
39956400
42413800
39646800
40314700
39446500
39969000
40718300
39601900
40352400
39604700
40369900
39515500
40273000
39669600
39638100
40464800
41006600
40317500
39477900
40238400
39497800
39342400
42065000
39595400
40262700
39593100
40494300
39637100
39432900
40366200
39397400
40806800
39661600
40509500
39611800
40330000
39567200
39559100
40408000
39590700
40500500
39648900
40446300
39589600
39624600
40500200
39600400
40540400
39563200
40541800
39607500
39639900
40452800
39638000
40691000
39605300
40403800
39627100
40321400
39540500
39619600
40427400
39556900
40440600
39453100
40461200
39522200
39786700
41010500
39635900
40669800
39555300
40464000
39561500
39622500
40341600
39516900
40348400
39627900
40431100
39952600
40445700
39577000
39649700
40251700
42109800
40602000
39599200
43782000
39511300
39614000
40559400
39749600
40398900
39733700
40368700
39668400
42768400
40639000
39679900
41949900
41643300
40532300
39511500
43383400
39625300
40504400
40883100
39621200
40402000
39670500
40243400
39776400
39571500
40319900
39640000
40484200
39631300
42379900
40437800
39330000
43127600
39711100
40636800
39668400
40335800
39604400
40342400
39499900
39552700
40348400
39503400
40443700
39732200
40395900
39426300
39639400
41144300
39538800
40459000
39537300
40554300
39512500
39719700
40336200
39579900
40415200
39574000
40568200
39636600
40322300
39487700
39597600
40363400
39659900
40261500
39698900
40271000
39591500
39613800
40638600
39631800
40612000
41021900
40365100
39553000
40452000
39490000
39652700
41472800
39589200
40521400
39834800
40315700
39474700
39629000
43075400
41061200
40365600
39624500
40221800
39475900
39577800
43274900
39618900
40850000
40691900
40461300
39497800
40370900
39581600
39803100
40548700
39587100
42374100
41402600
43006200
39500900
39541800
42962500
41062700
42489300
40614700
40287800
39627300
39550400
40260300
39674100
40286400
39540700
40487200
39783300
40521500
39646700
39607300
40238900
39699500
40660000
39678400
40392100
39554600
39567300
40365200
39515600
42343700
42319800
40282500
39494400
39447700
40355500
39674600
40418500
39574700
40396100
39664500
40503700
39719400
39677500
40386600
39662500
40274600
39659400
40194700
39534500
39537500
40409300
39683700
40205800
39583700
40343700
39628600
39576900
40273000
39467900
40726500
40531900
40277900
39663000
40356100
39376800
40839900
40363500
39626900
40449300
44533200
40243200
44003000
44001400
40630000
39500500
40486400
39561600
40279000
39435600
39681400
40393700
39674900
40424100
39578900
40376500
39704800
40293600
39595100
39724300
40404400
39597800
40416500
39683800
40396300
39540000
41750300
40735600
39542000
40504500
39512100
40525700
39634000
39741000
40188100
39596100
40397200
39459200
40411600
39499500
40359400
40370800
43568800
41127700
42412700
40352600
41047000
42009300
39600800
39718500
40286200
41023000
40809100
39648100
40260000
39630900
40343600
41039200
39572300
40360500
39580700
40526200
39562000
40336000
39596400
39552700
40560600
39631400
40246400
39644600
40354800
39753400
39658600
40422400
39562700
40277200
41082100
40489300
39590300
40416900
39789000
39543900
40504400
39505500
40279500
39451500
41205300
39537700
39672000
40340500
39669500
40357300
39498800
40433300
39569600
39532800
40289300
39494400
40426300
39620900
40506400
41198600
40445700
40676800
40104500
40388100
39570600
40500100
39502400
40363200
39518800
43294700
43693400
39548400
40219100
39666700
40379000
39649300
42458400
40456200
39558800
40432000
39487000
40320200
39642300
40422900
39646200
39764900
40413600
39662800
41733300
39650900
40461200
39702600
39737300
40347700
39571100
42781600
39607500
40464000
40057000
39663600
40229600
39573600
40476400
39538300
40410400
39667800
40408700
39521700
39486600
40432000
39764600
40451100
41097100
40398800
39513800
41472900
40365900
39495400
40435400
39513200
40476900
39638900
39488900
40827700
40114600
41937700
39572800
40363600
39758400
40418400
39579700
39463300
40539700
41004300
40385900
39705000
40409900
39567800
39502400
40340600
39707100
40345100
40494300
43195900
42632700
39759100
40501800
39660300
40405600
39465700
40615800
39604800
40348100
39598500
39706700
40400200
41177500
40348800
39645300
40317900
39837200
39663300
40326100
39495400
40408400
39647200
40287100
39548600
44250700
41356000
39654700
40460400
39857300
40673200
39676400
40470000
39596500
39629200
40366200
39723700
40450300
39775900
40472200
39619900
39614500
40466300
39738600
40452800
39575500
40417200
39658300
40341900
39619100
39748100
40420900
39591600
40231800
39696100
41777500
39684800
39593100
40298000
39673300
40358700
39502900
40488100
39582700
39724200
40470600
39531000
41822800
39632000
40433200
39574500
40281300
39543900
39567800
40506200
39546800
40476700
39563400
40487700
39633500
39693100
40395900
39604500
40311000
39603800
40306000
39562900
39771500
40381900
39597500
40552900
39543500
40343000
39596500
40410300
39562900
39528700
40361400
39564800
40338600
39543100
40390200
39794200
39613400
40589900
39800600
40613000
39568100
40381000
39432800
39615100
40424900
39563700
40464600
39634900
40628400
39784500
40191600
39551700
39587800
40389400
39556300
40584300
39556800
40340000
39539500
39656500
40539800
39649900
40588500
40393500
40807600
42528600
39501700
40228700
39531800
40526800
39462600
43958700
39501000
40220700
39585500
39560800
40501100
39536500
40494000
39590200
40354100
39656500
39603100
40304800
41863200
41411600
40008100
44308300
40051000
39520100
40429000
39629300
40360800
39510800
40375700
39568800
40279700
39600500
39750500
40517700
39612000
40564500
39520900
40550000
39576200
39540700
40420300
39509500
40421700
39548600
40362500
41099100
40742200
39708700
39493000
40433100
40655000
42765800
39593900
40214500
39624400
39719300
40340600
39675100
40374300
39468700
40519500
39537600
39640700
40431100
39546200
40535400
39571300
40170600
39680200
40530900
39795500
39502400
40331100
39544500
42496700
39773900
40334700
39625600
39622400
41063900
39579500
40403300
40967700
40410600
39515700
39602500
40404200
39590100
40389300
39571100
40667200
39397400
40483700
39608700
39562000
40639900
39643100
40569300
39510700
40365400
39553700
41176100
41247300
39664400
40469500
39813000
42779000
40957400
39733000
40408100
40204900
41818300
39711600
40577000
39532900
40199900
39582300
39812400
40265900
39733900
40336700
39571600
44259200
42380500
39539900
41087100
39939100
40391200
39554900
41509700
42231100
39526800
40380400
39440300
40429900
39767400
40706100
39602600
40373900
40877400
41090800
43584000
42039500
41457700
40227500
40304600
39686400
39574100
42549900
39601400
40542600
39760700
40316500
39582600
39571400
40336100
39548000
40523800
40335900
42898400
39725500
40366300
39712800
39570000
40386200
39616900
40484600
39610700
40607500
39590200
39630600
40681100
39717000
40438300
41077900
40334000
39620400
39777800
39607300
39437000
40334800
39526900
41899300
39494800
40262700
39701500
39609600
40503700
39540400
41186600
42996700
40385900
39531800
40849500
40289700
39565300
40534800
39496900
40337600
39682200
40252500
39585700
39715600
40589700
39642300
40461500
42547700
40361200
39614500
39668500
40447600
39421900
40423500
39596700
40314200
39521500
39705100
40609600
39561400
44004000
39526100
40388900
42282700
40317000
39706200
41690200
41538800
39614800
40728800
39595000
40344100
39762300
39497000
40350900
39541800
40492100
39677200
40312800
39554900
39529500
40758500
39746300
40319000
40194600
43085600
40896000
40484600
39959400
39639800
40548100
39584600
40270500
39536300
40224300
39502300
41125800
40435100
39716900
40404800
39533500
40679900
39656100
39670300
40371200
39604100
40310600
39586600
40468400
39584500
40382100
39612600
39587200
40586300
39683100
40248300
39520900
40376500
39556200
39637000
40403500
39505900
40355000
39540300
40476800
39595700
39711200
40577900
39660300
40204800
39483300
40421100
39794700
43406300
39710300
39533000
40163100
39630600
40442400
41979800
43733500
39806500
39732500
40335700
39513900
40301800
39434500
41960500
39669000
39654600
40454700
39620700
40361900
39548400
40323100
39557700
40340000
39534700
39612200
40589000
39530600
40312100
40302600
40419800
39669000
39501300
40424000
39571200
40459400
39504100
40269900
39499300
40522700
39600700
39451100
40392300
39537400
40343000
39505900
40456200
39598700
39505500
40582400
39550600
40841000
39534100
40242200
39444200
39704800
40337200
39584300
40399600
39628200
40469100
43137000
40979200
39624800
39614400
40466200
39698500
40377400
39631400
40342600
39561700
39719700
40381500
39801900
40914800
40209900
43507600
39541800
39609200
40566400
39636700
40443700
39739900
40336900
39590400
43996500
39580000
39978700
40467500
39491300
40445900
39399700
40358600
39583700
39499300
40304900
39770100
40567400
39651000
40416500
43063400
43363500
40358300
39498100
40402700
39640000
41843200
41003000
40338700
39505700
42073600
41398500
39629600
40717900
39607500
40330900
39743500
39646400
40254300
39600100
40523200
39689000
40303800
39603400
39548700
40301800
39620700
41871900
39592700
40552800
39600600
40369700
39814900
42413100
40567100
39688000
40604100
39693000
40774800
39580200
39653900
40443800
39640300
40340300
39833900
40307800
39787400
39684900
40418000
39443500
40419800
39648700
40293500
39838600
40288600
39634400
40142000
41344900
39618500
40375900
39613000
40152800
39752900
39707900
40357000
39426600
40377600
39694100
40740900
39542400
39475100
41889300
40946800
40461000
39541300
40301100
39733400
40307600
39491100
39452000
40305700
41083500
40294600
39532700
40328300
39526900
39489300
40448000
39531200
41783400
39571900
40607400
42415600
40468300
39685500
39591000
40321800
39554100
40437700
39594800
40723100
39468900
39702600
40459000
39558600
40399200
39554900
40364100
39582700
39602100
40376000
41608300
41290600
39524800
40305100
39438000
40397800
39657300
39576000
40547300
39698400
40362400
39682600
40387500
39566600
39665400
40384400
39906000
40306700
41115000
40285800
39535400
39847000
40432200
39390500
40211800
39618700
40309000
42381900
40437700
41296300
39633200
42658300
39541800
40548500
43206800
40475500
43417200
39706200
40385400
39722200
45242400
39457200
41217000
39521100
39595300
40434400
39761400
40359700
39548300
40411600
40006900
44217000
39826600
39590400
40383100
39552900
40367200
39477300
40720100
39466500
39501600
40484600
39560200
40442300
40516600
44564300
40219600
39674300
40430300
39436800
40518900
39516200
40395800
39608000
40436400
39559200
39533300
40239100
39694800
40418600
39632000
40482700
39622400
39624300
40376100
39485400
40466100
40276800
45754600
39674200
39586100
40333200
39507900
40509900
39695900
40410800
39496900
40191500
41429400
40508800
43591600
41278900
40572600
39448000
40375000
39776400
39824200
40360800
39575100
41467600
39534600
40333300
39645500
39433800
40344300
39521100
40245500
39699600
40228100
39558500
40188600
39509000
39500100
40258000
39682700
40359400
39586100
40269500
39639000
39574400
40477600
39639000
44950800
39734600
40385100
39642500
40413400
39654300
39613500
40418800
39764100
40546700
39524600
43205700
39589500
39718100
43215300
39745700
40487100
39760500
41217800
42307500
39890000
40668100
39529300
40471300
39483700
40396300
39667700
40299200
39653900
39714900
40452800
39745400
40398600
40065700
44271400
39500600
39534600
40464700
39641400
40417500
39570200
40281200
39588700
39510300
40243500
39586800
40410400
39577200
43178500
39473200
40290000
39653000
39517600
40527000
39530300
41028200
43629800
40296600
39584800
39621400
40367500
39514900
40289900
39475000
40279800
39515800
40316400
40396100
39458300
40411200
39744900
40358100
39684700
40375900
39645400
39583000
40543500
39568000
40501800
39604900
40344900
39542600
40883600
40802700
39486500
40884600
40724700
43351900
39597300
39605800
40527200
39646100
40389100
39634600
40385400
40023500
40329600
42744100
39809300
40583300
39549600
40424500
39612900
40472700
39605600
39552100
40384800
39633500
40516800
39607300
40340500
39460600
39690600
40344500
39716000
40463100
42336400
43509000
39667400
40512100
39583600
39681200
40641700
39661900
40319900
39712400
40467900
39699800
39573900
40571600
39720400
40408100
39529900
40352200
42412300
39604600
40187100
39672100
40523000
39505700
40270700
39559900
40578300
42281400
39553700
41851200
44174000
42538500
39465400
40306700
39431200
39635000
40391300
39823000
40504900
40607800
42305600
39563400
40396700
39650000
39548800
40333700
39647500
40322500
39560500
40390300
39565900
39722900
40469800
39639900
40660800
39665100
40513800
39523200
39593100
40294700
39519100
40479300
39647800
40477000
39784500
40518000
39554900
39544400
40410100
39505200
40309300
39462600
40234400
39490900
39477300
40426500
39537200
40418200
39508400
40305100
39631800
39619600
40330100
39457600
40385200
39722400
40345000
39714300
40877900
39709200
39750300
40455400
39715700
40358400
39511900
40410200
39741300
39674300
40258100
39416100
40185900
39581400
40180100
39631700
39756300
40419300
39791200
40406500
39677400
40657600
39629600
40523200
39648300
39554800
40542200
39683100
40455000
39613700
40473700
39508300
39778800
40413000
39658400
40556900
39489500
47123300
41664300
43430400
40476400
39798100
40362800
39552400
40426500
39592600
40331700
39601400
39570700
40490000
39518100
40152400
39630800
40239700
39565600
39583000
40359000
39512400
40534900
39592900
40332700
39491200
39647200
40211400
39680400
40411400
39448900
40314500
39543800
40218600
39796100
39623000
40631500
39732100
40287600
39612600
40484700
39682500
48890200
40436900
39641700
40492800
39530100
40339900
39861000
43796100
40358200
39606600
40504900
39646500
40537400
39590500
40539700
39631100
39566200
40383000
39783500
40654400
39713800
40356100
39536800
39655500
40500800
39704900
40551700
39602100
40418900
39750000
40345800
39684900
39601300
40464600
39597500
40383500
39619600
40281800
39941000
40854300
40338400
39503200
40496200
39455100
40597000
39694500
39867400
40352800
39746200
40496300
40607000
41746200
39603200
40290400
39573300
39719300
40456200
39668700
40479300
39568700
42694600
39576900
39777700
40645900
39438600
40367100
43441700
40380000
39958100
39752800
40330100
39566300
40371200
39574300
40233500
39590500
40460500
40117100
39593700
40328500
39698200
40369900
39669300
40430600
39412200
40550500
40350700
39569000
40813000
40454100
40365000
39540300
42079300
42065100
39840600
40656000
39461100
40325200
39549600
40377200
39563500
39745100
40408800
39702700
40366600
39534500
40394300
39755400
39637300
40511300
39700500
40674000
39867700
40309300
39506900
39646400
40354000
39688600
40460600
40149600
41188900
39576000
40401500
39741900
39526400
40344700
39634900
42018200
42321800
40971600
41895000
39549600
40541900
39745300
40299400
39650400
40400800
39859400
39876700
40361700
39496300
40526300
39646600
40240100
41315000
41716000
39508200
39703600
40495600
41186100
40345800
39589500
40456200
39525500
39623200
40640000
39633600
40429700
39575900
40343800
39570300
39750600
40288800
39520600
40605200
39749000
40509800
39532400
40290300
39656800
39480100
40473100
39701400
40463800
39525400
40423800
39617200
41740600
40809300
39749700
40564600
39659700
40401500
39917700
40241200
39921700
42130700
40540000
39576400
40514700
39639100
40500900
39661800
39494300
40706600
40085000
40547500
39615000
40324000
39510900
39551300
40411600
39522100
40572000
39630700
40310800
39610500
40322800
45423400
39592200
40442100
42474700
40435900
39498200
40362800
39737900
39630000
40345600
39575700
40300400
39623800
40402600
40017300
40493900
40506900
39662600
40453100
39575300
40387300
39725300
40313100
39708900
40976100
40448700
39527200
40458500
39691800
40186000
39804000
39638400
40470900
39577600
40321100
39471500
40220900
39681800
39519700
40228600
39562600
40442900
39581000
40320700
39537900
40297200
39509800
39898200
40345500
39755400
40611500
39682600
40386300
39674900
39637200
40488000
39650500
40815700
39626300
40338000
39579800
39508500
40350000
39616300
40331500
39544400
40576400
39640400
40337600
39691600
39392600
40338700
39575300
40354600
39662700
40848300
43591500
42192600
40397800
39726800
40536000
39615800
40748100
39456500
39588000
40422800
39647900
40509900
39671400
40518400
41644800
40509500
39515300
39701000
40446500
39649500
40531200
39591100
40447100
39901800
39601300
40227600
39639000
40478300
39632800
40470000
39727300
39873400
40404700
39563400
40332900
39539000
40492000
39595500
40318400
39600100
42402700
40337800
39662500
40445500
39591300
40326100
39474300
39407300
40390900
39542100
40528600
39692700
40371500
41151400
40522200
39774700
39728500
40342100
39528900
40387800
39648600
40606700
39730600
42279100
41280600
39599900
40329000
39533300
40527300
39622200
39542900
40357300
39597200
40277700
41117700
41480200
39503700
40478300
39566600
39564400
40375400
39632700
40367200
39606900
40465600
39516400
39681500
40478800
39645800
40605100
39486300
40752000
39803400
39748500
40376200
39512300
40462800
39506200
40418700
39500300
40444800
39635700
39602000
40325900
39508200
40437500
39651200
40323400
39520200
39615200
40142800
41380600
41605500
39510300
40376600
39580900
39732000
41615000
42625200
40510300
39624800
40422400
39656600
40150000
39652100
42071700
42768000
39652600
40415000
39492400
40632700
39543100
39489100
40902200
39659400
40575200
39734500
40618300
39582400
39902300
40391700
39454600
40372900
39655600
40452000
39957900
40513900
39558900
39641200
40564500
39689700
40449000
42411800
40570300
39716300
39601700
40460500
39582400
40379900
39556600
40382200
39672800
39635800
40217300
39543400
40374600
39514300
40439900
39643400
40332400
39805900
39519100
40307200
39465600
40425400
39527600
40479200
39713500
39539000
40908300
39716000
40376800
43179500
42557200
39664600
39464900
40219100
39517600
40481700
39687700
40363800
39781900
40324600
39593300
39886700
40385800
39405700
40327400
39522500
40338900
39684700
39629400
40450200
39524400
40492600
40052900
40330100
39707400
40223700
39813900
39653900
40397700
39745800
40438900
39729700
40589600
39677300
39603200
40440900
39492800
40416000
39653400
40494000
39744800
39687400
40372600
39611400
40337100
39558600
40510200
39743700
40438200
44838200
39626400
40251700
39413500
40372500
39583400
40333700
41273600
39673200
40425000
39870300
40792200
39810700
40587000
39718800
39648500
44556800
41558000
40425600
39598100
40657100
39511700
40397300
39738200
39619700
40340900
39558600
40382800
39654300
40434500
39772800
39838100
40479100
39601800
40447900
39618000
40454000
39654300
39795700
40450800
39673400
40331100
39893200
40508700
42543200
40367300
39586500
39541500
40357100
39771700
40264800
39637500
40420700
39617900
39534700
40445600
39568700
40400600
39513800
40374300
39675400
39513600
40766500
40793700
40591400
39638000
40321800
39616600
40351700
39698400
39631400
40453900
41168200
40316800
39590200
40329800
39622000
39593400
40330200
39473300
40431500
39714900
40433500
39444600
39657300
40280300
39787800
40366600
39627300
40631400
39467300
40461200
39559700
39538300
40596400
39490000
40176500
39662400
40341700
39610900
39539500
40308900
39548100
40494900
39626400
40376400
39759800
39646000
40422200
39532500
42817000
41700600
42187200
41165500
40341700
39689100
39637600
40579600
39727500
40538000
39572500
40435900
39497500
40554800
40857700
39724400
40384900
39643000
40323100
39492700
40408000
39729600
39597800
40388500
39517600
40821500
39715000
43000200
39574200
39633500
40372700
39768600
40487200
39615000
40490100
39493300
43163500
42712900
39570100
40446500
39917500
40199500
40145800
40329100
39623300
45443800
44565900
43133100
40822800
39784900
40918400
43669000
40679100
40566500
39577000
40326900
39511300
40489200
43696000
39955700
44405900
40517700
40518800
39609800
40442400
39816600
40358000
39610900
39991300
40393400
39730800
40386000
39519700
40385800
39635600
39596600
40337200
39689200
40441800
39727400
40877500
40143700
39595100
40310400
39671100
40446700
39641300
40504000
39584200
40324100
39517800
39654800
40384600
39634000
40412000
39712500
40536800
39644900
39595600
40415100
39648100
40438900
39576100
40401600
39747700
39592500
40267100
41789900
41736900
39941200
40351700
39562900
40192900
41037500
43672100
41364400
39521400
40241100
39553200
40391000
39764300
39589500
40436100
39718400
40268200
39515200
40386200
39636100
39701900
40367000
39661900
40393800
39554600
40247300
39613100
40359100
39663200
39783400
42352700
40515000
40305100
39509800
40425800
39543000
39671000
40424900
39624700
40397200
39670000
40557800
39554000
39633200
40229000
39582400
40363800
41756200
41529400
39565400
40332600
39621000
39529400
40521000
39612400
40815700
39785400
40338700
39625900
39617700
40354400
39818100
40552800
39615500
40488500
39573200
40642000
39554300
40124400
40352400
39648600
40392900
39595100
40342500
42480300
39552100
40546700
39619700
40467800
42416800
41895000
39621700
39509500
40442900
39699500
40427200
39381100
40531000
39622100
40333400
39759300
39805100
40759600
42186200
42037900
43101100
40454800
39576900
43128200
40980400
39517200
40305500
39659600
40371700
39521000
39650200
40329600
39570600
40264100
39903000
40749400
39738500
40742600
39675500
39673300
40517900
39555100
40316400
39679200
40394700
39607500
39638100
40464800
39577100
44353200
39686100
40436400
39680300
39802400
40490500
39641100
40373800
39602500
40469500
39717900
40397000
39590100
39665300
40423300
39687300
40441300
39613000
40304600
39732900
39606900
40596000
39602100
40478100
39475300
40508600
39681000
39454700
40252000
39605600
40275900
39487300
40355700
39886000
40296600
39591100
39515500
40375100
39687300
40582000
39666300
40376400
39643100
39590600
42232700
39647100
40658200
39555400
40697000
39612800
45877900
44373200
39636900
40328800
39522200
40420600
39850900
40515600
39652600
39588200
40450100
40114000
40733000
39891600
40569100
39441600
39465700
40517900
39542000
40399800
40045300
40380100
43232800
39591700
40295500
41022300
40382200
39564800
41930400
39817100
40415500
39577100
39760500
40479200
39590700
40393100
39603500
43338600
39681200
39657100
40151200
39650200
40492800
39610500
40359700
41513900
41612300
39726900
39527000
43255000
39446100
40534100
40970900
40323500
39613600
39674200
42128200
40600400
40527200
39702100
40177500
39610600
39770100
40351700
39847900
40861200
42052000
40342200
39745400
40410600
39748600
39596700
40309200
39712800
40456700
39484400
40415600
39913000
39592600
40393300
39588200
40175900
41094700
40553900
39493100
39600600
40322500
39568600
40497800
39576800
40165200
39749700
40313100
39780700
39542100
40439400
39480000
40442100
39811000
41707800
39761400
39600500
40525200
39794500
40388300
39713700
40624100
39598200
39980300
40477600
41908400
41952200
39757500
40467200
39443600
40388500
39624700
39703000
40380800
39803300
40358800
39637800
40332900
39632600
39839000
40377000
39542800
40429400
39798300
40475800
39566500
39688200
42433200
40354500
40437200
39504200
43458700
39530600
40644900
39788200
39540400
40388000
39620800
40416300
39609900
40284800
39569400
39603800
40478800
39703800
40510700
39682600
40445400
39694600
39809800
40441600
39672700
40543100
39664500
40358500
39780400
40524700
39525800
39560900
40354100
39572200
40545000
39550600
40473200
39596800
39669700
40314500
39619600
40332400
39675800
40519900
39485800
39652000
40525600
39605600
40395200
39612800
40345100
39768400
40506500
39819600
39594300
40319400
39568200
40484000
39831800
40533100
39572400
39708800
40471400
39651900
40384200
39654800
40421800
39594700
40454200
39626600
39443700
40395300
39541100
40462600
42455200
40374200
39905800
39544600
40396700
39663400
40324900
39467500
40322400
39610800
39508700
40456600
39827100
40306100
39720300
41717800
39864200
43240500
39684100
39674500
40427400
39488000
40512500
39474800
40797800
39455400
39930000
40398800
39450500
40404200
39506200
40477300
39555100
39529800
40353800
41218300
41661000
40114200
40403100
39608300
40249700
39469500
39626100
40363500
39672100
40280400
39639000
40418400
39668300
39689100
40325400
39651000
40525300
40464900
43536500
42493100
39498600
40431300
39647500
40404500
39684200
40464700
39660300
40383200
39935600
39555200
40386100
42298400
40379500
39450400
40347500
39517200
39514100
40454600
39540400
45809100
39693400
40272600
39694000
39584400
40421000
39536100
40258900
39767000
40530700
39669100
40307300
39613700
39518600
40422300
39597000
40571200
39687000
40326900
39474200
41785100
40861200
39568200
40476400
39657400
40581600
39709800
39579500
40717800
39723500
40355400
39533100
40411900
41255300
40330700
39824100
39527900
40726600
40877800
41882800
39579600
40298800
39636300
39609100
40454300
39651800
40196200
39648600
40242700
39726400
39515600
40305500
39593700
40350700
39689700
40321000
39558300
40265900
39500800
39717000
40361000
41181700
40359200
39529100
40240900
39448900
39455600
40288700
39531500
40570700
42548600
40349300
39554300
40189900
39621800
39592500
40402400
41145700
40403000
42287400
40486000
39660900
39517800
43167600
40003900
43113000
39514500
40497300
39625900
39606900
40591400
39444900
40336700
39607800
40335900
39622200
40326900
39659800
39696500
40551700
39773700
42493800
43327500
40315400
39522500
39502900
40524000
39676600
40548500
39644900
40385600
39611000
39635100
40448600
39681500
40392100
39799000
40389800
39613000
40501700
39721300
39888100
40407200
39529300
42684700
39509800
40218200
39607200
39616900
40337600
39507100
40336500
39550000
40580800
39676500
39600400
40324900
39447900
40594000
39682900
40518200
39577700
41477300
39526400
39553200
40400100
39492800
40448900
39552700
40248800
39509900
39593100
40297600
39589900
40396100
39787800
43480900
39688600
39718700
40193200
39601700
40311000
39606800
40330300
39570600
40298500
39632800
39607400
40438900
42497200
40395700
39737400
40404900
39517600
39779000
40552000
39744900
40402000
39740400
40633800
40529600
39722300
40850500
39548800
43282700
41337800
40350200
39533500
40205600
39506300
39658000
40392800
40600300
40635500
39538500
40363900
39634500
39612300
40383500
40379600
41964800
39647600
40453500
39760000
39645700
40382700
39544100
40911000
42195000
42669700
39683400
40305200
39793900
39654000
40386400
39872600
40557100
39592900
40345700
39533200
39661500
40546600
39555000
40350400
39584700
40339000
39688500
42812200
39628500
39487000
40556800
39688000
40470200
39365700
40401100
39526700
39624900
40408400
39482500
40555100
39638300
40571800
39523700
39524500
40305700
39617500
40560300
39763200
40410500
39573800
40566300
39904000
39764800
40509400
39664700
40437900
39442500
40359100
39661500
39673200
40381700
39539000
40621000
39528500
40325000
39547600
39591700
40448300
41012300
40499600
39860400
40420700
39444800
40241600
39775700
39648500
40324400
39681000
40792500
39606100
40273100
39814200
39630700
40518400
39746500
42168200
39602900
40272900
39579500
42652100
40714800
39608400
40304100
39705200
40356900
39896200
40441300
39604600
39674500
40563600
39652500
40471900
39600600
40481000
42216900
39624300
40410600
39651600
41868400
39536400
40434300
39535500
39698700
40336300
39610500
40327400
39551500
40329300
39478800
40513400
39622600
39536600
40438300
39530600
40601000
39821900
40308900
39733900
