236
157
155
244
175
222
196
181
185
229
236
151
148
146
148
228
203
195
151
143
173
159
158
223
118
205
195
300
205
154
228
222
237
188
234
256
182
172
188
204
275
151
276
215
244
194
135
296
336
190
189
279
167
136
167
214
163
218
234
196
168
184
187
189
176
172
212
200
209
242
202
252
298
158
239
205
189
163
192
189
143
170
181
197
191
249
234
213
233
188
302
170
180
153
207
268
255
202
295
196
178
321
173
302
158
182
183
215
189
192
230
259
161
237
174
242
254
287
154
112
321
150
152
165
174
224
213
212
186
224
190
184
172
192
387
263
270
207
241
217
175
148
203
266
219
204
162
226
209
195
192
195
189
211
175
276
205
194
167
315
187
137
263
171
222
185
130
206
154
196
147
190
363
184
173
142
221
195
232
200
231
128
176
334
186
198
148
172
228
171
154
154
252
216
244
213
212
183
238
182
179
218
164
293
164
190
180
226
168
183
216
166
369
169
176
231
153
139
257
168
213
142
199
193
221
141
293
209
171
185
225
206
173
166
222
210
236
212
199
191
156
270
186
221
155
138
156
193
214
224
187
181
161
175
144
194
140
160
241
227
200
214
258
230
206
137
186
159
156
182
124
202
177
178
210
249
175
134
238
190
184
194
259
133
202
383
180
183
219
166
271
217
268
217
294
216
220
218
242
192
164
199
157
178
182
163
134
157
311
167
179
152
204
234
154
295
159
213
176
161
197
195
165
163
228
167
274
224
211
170
316
236
147
188
162
232
272
152
270
181
161
138
151
194
275
202
211
207
237
192
177
130
168
207
227
181
179
183
160
196
125
307
171
143
278
115
170
178
255
118
222
228
156
168
124
184
173
206
157
240
149
251
148
166
228
198
177
269
208
160
214
149
222
188
186
209
168
223
163
203
183
175
176
183
179
165
173
186
191
218
154
187
202
211
212
214
165
174
186
115
164
150
201
159
187
203
167
183
230
178
272
189
210
140
194
279
189
155
183
180
254
257
166
231
141
223
195
203
161
193
176
241
159
196
242
191
152
249
179
210
168
231
278
173
183
125
154
246
159
209
166
262
292
234
156
205
306
221
147
157
283
184
174
164
268
189
157
239
155
155
225
200
230
143
186
176
185
136
174
246
177
219
161
178
181
172
144
218
258
168
181
168
216
170
189
163
151
178
217
174
253
273
198
192
203
174
192
149
196
217
171
288
208
171
226
275
190
183
218
198
240
203
183
231
169
160
153
165
174
176
211
150
155
150
344
162
188
287
170
141
194
193
156
132
245
259
223
178
263
201
206
161
330
230
223
173
200
183
193
209
226
153
184
222
185
176
226
192
116
170
279
178
228
231
274
302
191
249
202
223
182
217
223
165
160
186
149
144
148
220
340
176
331
132
161
179
166
192
178
249
153
157
278
178
222
148
198
157
175
209
193
206
171
363
305
211
229
208
169
144
212
235
143
262
246
335
140
241
120
188
219
170
209
177
200
178
196
171
164
184
162
277
174
246
187
232
245
236
271
298
265
211
154
190
238
184
206
256
215
218
226
320
180
142
136
261
148
148
154
208
155
213
174
213
145
145
169
137
223
144
205
167
165
231
203
185
210
138
248
187
185
231
215
266
226
207
213
181
234
142
220
209
178
156
156
140
220
254
213
189
252
205
145
145
188
170
163
182
146
145
283
249
210
217
132
133
147
345
161
139
208
198
460
191
170
184
178
139
193
186
241
129
207
228
245
158
240
170
189
217
195
263
164
199
227
206
186
237
155
193
242
243
199
215
189
201
231
182
184
364
185
206
198
243
199
244
180
163
213
206
137
131
166
156
197
199
155
224
362
290
193
182
186
259
208
171
209
161
181
133
122
226
124
233
194
128
205
171
195
201
186
181
217
214
228
265
179
227
195
194
154
194
176
201
186
183
203
188
181
182
183
203
172
218
172
171
177
160
107
186
189
181
237
205
250
225
175
190
147
142
165
179
266
203
217
153
193
178
158
135
220
179
217
194
181
184
172
239
172
215
266
137
233
164
301
200
210
239
201
330
204
220
140
190
188
177
179
228
243
199
406
234
189
202
173
321
198
140
212
159
183
142
273
202
231
162
153
169
179
184
172
227
240
172
340
151
226
157
265
234
147
191
239
149
179
159
216
148
140
173
205
178
184
210
245
216
276
160
188
384
211
221
173
181
137
143
197
143
201
218
198
209
175
264
227
214
173
161
175
310
178
253
212
146
197
221
178
268
129
180
204
237
150
219
190
292
171
268
342
176
172
326
199
187
180
184
227
237
146
212
251
219
158
188
146
160
179
194
209
230
211
217
218
214
129
164
122
202
151
150
234
158
189
214
203
212
189
348
219
371
166
273
140
255
182
149
185
133
243
155
204
171
225
151
190
236
182
253
152
270
153
234
191
292
205
233
281
200
298
215
198
170
183
185
218
240
156
158
264
251
227
140
231
160
306
133
142
140
176
194
179
270
179
211
151
146
179
183
217
267
209
186
217
236
173
175
149
254
232
158
161
167
227
239
187
135
287
197
323
167
160
171
182
447
256
164
197
231
220
199
206
167
227
318
153
270
218
175
144
222
148
176
214
198
135
179
205
192
271
216
101
237
152
187
223
197
221
175
219
187
147
198
125
181
228
163
154
251
138
158
142
170
166
171
191
153
179
167
186
242
141
184
250
224
177
209
317
201
247
227
244
190
209
153
243
209
169
227
196
188
411
136
154
157
244
222
166
161
178
140
161
150
151
203
182
219
134
175
166
181
131
185
171
242
179
161
242
169
151
281
165
162
248
222
233
148
144
195
172
293
170
290
189
157
220
264
145
199
208
166
189
148
203
223
160
164
175
144
192
161
186
246
195
236
209
139
169
185
250
277
265
192
160
155
181
246
195
188
288
233
206
238
145
213
154
164
181
217
196
167
237
203
145
232
157
212
117
204
162
340
253
171
154
130
263
161
216
179
235
247
132
221
189
187
193
191
223
122
175
224
136
158
205
125
324
185
305
196
191
250
266
196
199
263
231
149
194
174
261
157
159
156
186
191
171
213
160
181
220
225
183
170
242
251
253
186
210
177
207
143
205
156
205
179
187
190
214
233
195
251
191
146
276
189
171
181
192
160
196
147
136
188
238
229
169
119
293
131
129
242
226
143
204
193
179
268
172
204
155
153
211
271
202
140
143
206
169
302
180
124
219
159
198
197
193
229
179
144
255
190
217
176
214
212
277
185
213
242
137
168
155
309
175
160
220
161
218
234
130
161
135
192
127
171
200
144
308
203
161
160
245
209
249
264
146
213
167
225
223
183
198
183
171
212
270
273
222
159
180
175
369
185
229
271
225
209
273
236
311
189
203
223
162
155
187
178
168
162
165
242
266
183
192
182
162
232
107
169
212
369
238
125
144
126
354
231
173
160
235
383
166
243
279
293
195
164
136
130
166
246
132
214
290
296
252
204
119
141
318
202
198
200
148
170
137
142
145
180
226
184
199
254
229
151
169
173
184
227
208
251
214
223
141
173
244
172
192
162
234
203
213
169
188
174
297
214
149
275
301
239
242
280
156
241
244
129
124
180
262
431
191
225
209
165
211
248
183
167
246
213
308
245
166
198
147
233
295
165
170
193
223
191
170
200
184
232
197
188
154
197
365
146
219
193
189
163
165
233
227
189
174
374
175
243
170
195
282
150
245
162
191
158
222
223
160
190
160
130
304
184
203
180
189
410
159
186
141
224
179
228
227
167
195
171
148
264
147
159
223
173
168
191
235
168
166
237
154
134
267
154
267
190
168
349
209
155
183
149
188
200
285
194
139
179
243
183
167
187
174
230
154
187
173
208
148
221
205
220
195
149
156
334
203
162
148
191
201
188
193
154
210
213
139
204
143
148
159
345
137
166
216
144
130
178
179
196
194
304
188
223
208
163
200
185
247
220
201
155
161
236
158
195
188
277
171
227
163
302
174
236
224
179
161
207
187
173
150
169
198
324
201
217
369
171
146
167
184
222
226
273
216
264
154
215
202
134
226
180
167
247
252
317
199
139
186
288
186
136
245
204
337
155
151
180
178
220
179
167
177
193
232
265
142
150
210
164
151
211
147
182
179
189
142
164
218
185
160
216
335
204
188
201
207
258
138
155
183
174
161
282
216
248
196
170
237
186
202
189
141
149
241
214
135
323
176
189
167
141
182
197
234
303
138
156
212
210
242
176
275
217
204
273
183
124
258
147
167
205
268
160
186
232
159
368
195
172
208
179
229
175
131
200
326
178
125
191
159
180
246
154
155
188
191
174
267
307
165
271
195
215
179
163
312
215
215
234
147
216
205
149
182
149
246
209
135
310
214
197
186
211
238
153
262
160
274
230
168
199
195
152
225
186
234
181
148
187
267
181
189
187
192
169
296
165
207
143
187
262
271
233
159
162
134
246
146
189
209
216
169
214
175
269
194
235
190
181
179
166
212
156
136
185
196
164
246
190
194
246
203
139
175
211
191
233
166
151
205
202
202
147
251
139
152
143
272
179
189
176
189
169
208
177
224
145
217
195
209
166
205
197
183
220
179
229
245
181
169
183
206
180
186
186
150
236
205
156
216
159
197
191
169
163
194
214
183
192
185
150
262
160
268
186
151
245
171
168
251
192
276
176
223
207
257
284
294
216
190
169
296
162
147
168
144
185
193
221
140
220
222
177
203
227
181
189
262
216
203
215
217
162
231
190
226
188
152
163
132
192
169
215
178
149
163
203
176
175
172
177
199
188
163
245
209
198
201
204
181
239
159
192
213
198
163
145
174
173
178
139
186
181
143
169
176
199
203
207
419
220
153
211
162
145
141
201
246
189
233
194
229
180
195
220
210
136
193
189
199
167
297
193
252
232
208
233
199
188
211
215
129
204
160
160
226
282
237
201
181
186
146
238
266
179
140
177
202
188
266
244
237
232
189
194
196
263
209
149
140
258
168
140
199
163
204
154
235
151
176
203
159
225
168
178
165
162
190
193
159
234
165
254
140
214
162
177
280
222
216
176
315
128
236
170
183
252
174
162
202
185
214
192
154
215
177
155
175
142
198
236
225
175
219
226
285
187
183
160
173
238
190
149
256
174
172
219
170
144
214
216
158
163
143
232
182
158
207
156
242
140
206
265
200
218
153
250
237
137
209
174
174
157
220
139
141
219
185
313
184
158
186
215
253
168
205
194
196
153
197
252
200
283
193
220
194
291
189
159
188
204
192
176
165
205
163
165
184
177
226
220
249
174
154
207
226
212
178
215
253
164
240
177
222
230
239
276
218
431
349
174
156
162
287
283
247
176
174
184
180
214
184
256
233
261
195
168
246
197
147
155
253
201
157
198
165
253
220
190
180
155
248
385
218
159
199
149
187
138
211
164
187
212
230
150
197
210
206
243
133
155
216
206
233
136
156
188
163
178
319
228
161
158
167
184
198
158
140
159
261
186
197
190
273
209
186
312
139
123
413
195
239
225
200
142
251
215
131
233
163
154
203
158
176
178
193
174
152
147
159
167
256
169
260
174
236
159
225
172
165
360
165
178
215
214
164
223
176
178
238
230
173
211
194
211
247
259
208
167
198
239
219
226
209
171
172
145
198
368
163
127
249
195
224
178
237
127
266
180
214
155
233
156
209
221
195
241
204
164
173
266
192
184
127
187
196
152
283
177
230
229
189
179
158
198
245
203
223
168
345
183
207
186
158
178
181
196
214
192
199
193
368
163
291
178
183
282
160
232
172
159
251
154
176
241
180
128
255
137
195
196
280
250
158
156
167
138
231
178
137
241
233
185
179
118
235
129
179
191
146
183
291
290
237
178
191
204
234
138
162
169
184
221
128
160
217
170
173
222
221
153
182
193
198
163
152
221
225
221
185
183
229
158
128
199
150
251
177
231
243
187
265
133
266
217
199
158
144
221
281
227
199
232
146
177
205
237
168
167
145
151
180
155
191
315
217
273
186
328
234
162
237
244
177
173
299
182
172
163
163
177
313
176
233
315
186
183
244
185
212
238
162
190
282
174
157
209
200
153
164
157
169
185
167
176
173
192
257
184
163
160
232
223
188
135
249
217
184
186
174
196
147
170
153
163
329
275
159
244
207
164
224
172
219
167
319
227
180
187
173
280
191
152
252
215
186
155
174
198
221
170
193
170
192
190
240
150
154
135
134
123
189
220
191
184
189
157
184
223
216
181
169
192
192
187
174
172
186
181
297
153
187
185
360
290
151
202
185
328
153
182
191
152
180
144
201
118
186
158
198
198
215
223
160
349
180
155
266
297
232
176
308
148
344
137
230
201
194
205
128
218
149
168
183
153
219
190
203
258
187
210
182
170
161
158
277
218
359
231
229
247
226
160
148
149
197
174
195
188
168
249
157
209
145
211
258
173
184
185
143
142
184
168
285
200
207
304
185
203
203
166
247
206
198
150
158
199
210
187
222
146
185
188
164
140
174
202
132
185
111
202
167
133
155
201
166
202
152
179
302
171
190
228
191
212
239
200
203
324
219
193
204
261
171
260
179
226
179
141
357
313
157
246
145
174
203
174
270
244
174
169
135
246
252
216
177
225
284
296
241
179
193
186
160
178
266
155
263
198
167
185
197
238
192
403
173
123
130
171
147
168
204
276
176
197
176
232
272
187
208
309
140
137
189
244
134
191
288
176
161
241
268
200
176
131
239
191
188
248
143
205
293
162
271
208
135
147
207
158
274
178
147
182
171
225
152
158
186
136
133
219
164
214
155
202
246
172
199
249
177
173
196
295
198
233
149
193
203
218
157
161
241
205
234
299
215
169
235
186
185
223
167
176
146
192
221
208
183
138
186
258
242
186
201
168
234
230
219
178
268
227
169
199
156
135
304
211
279
186
238
224
232
226
192
209
162
205
246
159
244
157
254
218
185
171
152
236
213
199
284
184
197
228
265
175
241
197
205
199
147
328
256
131
175
171
258
209
136
134
180
147
183
145
165
180
262
162
268
173
143
153
181
198
109
215
239
186
128
135
151
154
245
154
200
201
155
266
215
230
189
198
215
163
321
143
201
147
178
182
150
264
191
190
213
147
205
160
200
185
214
208
229
170
216
196
224
156
151
218
177
175
216
193
190
217
241
150
211
172
171
243
179
206
230
232
172
214
218
169
207
166
187
140
156
180
179
126
156
179
203
196
172
250
158
205
185
275
186
208
165
130
205
126
151
240
184
165
271
211
248
262
148
294
187
197
221
243
278
133
208
175
228
132
277
188
167
208
218
299
207
216
368
161
139
218
216
162
175
222
153
211
192
179
197
271
182
144
162
209
178
159
226
150
194
195
201
156
154
163
159
188
179
156
137
251
160
164
153
169
239
237
172
291
247
167
214
160
227
260
183
204
221
159
187
175
152
259
182
163
199
208
239
204
144
213
219
147
139
261
204
101
141
215
120
240
169
181
151
226
326
195
145
147
275
286
194
270
207
189
378
209
183
246
180
171
200
210
202
190
149
162
327
194
291
169
199
189
145
243
206
162
278
207
221
112
232
167
274
195
202
218
191
245
202
220
209
166
175
210
163
299
124
142
201
155
238
197
147
219
170
210
200
217
428
136
228
291
177
230
168
194
252
154
185
179
165
143
254
181
168
191
198
217
153
156
168
145
178
290
159
148
200
201
222
252
156
196
242
226
156
221
227
222
154
206
277
162
259
339
183
175
263
175
155
182
197
210
178
195
206
271
194
151
269
206
198
156
214
199
188
193
177
328
155
156
145
242
142
246
224
171
189
170
148
226
281
177
233
191
251
182
194
200
213
254
135
197
278
179
149
155
134
248
159
198
164
119
223
172
163
284
252
152
172
188
184
200
219
184
182
195
206
133
281
142
175
150
168
197
198
201
142
229
185
225
175
200
357
193
201
176
124
232
143
169
164
358
120
270
190
166
234
175
197
132
265
170
148
158
155
319
215
163
172
198
204
200
169
273
196
191
187
175
226
175
138
212
236
172
190
176
178
291
269
152
241
184
185
164
195
185
237
251
199
476
184
220
233
161
328
197
199
206
188
285
155
170
185
191
315
149
126
228
392
141
247
195
218
157
183
160
150
240
177
213
196
190
142
130
152
216
148
163
191
164
157
246
154
155
197
159
182
256
210
222
142
175
196
175
154
226
152
227
183
242
157
169
184
221
274
203
178
190
196
134
137
185
225
167
223
214
230
235
185
164
165
199
131
189
191
167
179
156
275
336
299
232
261
131
192
129
188
181
167
239
151
168
290
158
241
160
164
199
168
236
236
167
230
190
252
154
215
229
169
172
187
272
187
192
154
207
181
146
127
237
169
178
221
162
133
175
271
221
157
222
426
271
256
231
205
204
154
144
238
174
160
215
232
147
160
191
179
166
201
230
208
224
141
190
207
203
186
205
299
210
159
201
213
164
229
215
228
182
170
159
223
160
260
208
143
305
219
251
182
216
166
381
197
185
229
165
194
180
169
146
367
207
172
269
175
175
189
204
238
179
205
176
153
261
183
300
196
213
237
132
171
137
236
206
177
263
148
174
194
152
183
233
199
209
302
300
213
128
113
211
147
212
162
145
204
134
173
251
176
190
141
188
179
241
206
259
240
257
264
263
224
161
170
145
219
201
176
246
182
232
266
156
154
163
165
184
139
180
186
163
156
169
186
139
208
199
196
225
200
206
251
169
291
153
206
178
149
138
198
155
163
200
248
189
208
207
134
182
183
330
137
286
178
207
161
151
173
180
193
181
148
157
244
210
143
154
224
142
143
266
160
211
265
154
167
164
189
182
224
182
240
183
256
149
187
168
196
162
275
234
165
158
201
144
241
189
176
142
146
217
220
348
160
150
221
160
213
154
164
142
174
201
209
180
213
231
262
252
173
236
267
207
184
150
192
245
156
158
199
198
158
156
158
337
177
219
186
139
250
199
156
280
169
172
138
192
314
162
164
331
121
231
193
182
228
144
213
159
156
138
144
222
235
180
162
139
184
165
151
168
287
224
230
160
234
171
315
140
203
252
148
155
277
329
174
133
136
216
158
163
237
170
177
178
295
196
120
164
238
353
189
251
204
311
260
230
178
161
150
168
169
165
217
243
186
193
214
248
237
180
210
225
141
138
150
195
244
138
261
205
181
138
150
186
183
252
176
155
205
285
235
152
153
198
199
260
174
179
230
148
237
224
131
183
364
273
403
226
168
306
210
200
168
184
122
183
182
194
157
141
241
179
175
233
224
171
300
164
145
235
271
222
181
219
140
196
192
305
277
182
207
172
261
171
223
205
162
208
217
164
161
199
148
268
183
205
148
146
172
162
201
175
175
225
148
150
150
158
177
353
150
209
186
136
161
165
269
167
193
195
275
164
176
278
163
365
183
162
212
136
197
128
113
289
150
234
156
218
207
179
162
207
238
166
162
156
188
221
186
181
195
172
207
214
145
174
209
200
287
199
228
188
211
145
169
230
186
276
169
152
197
207
175
124
188
253
222
202
188
256
193
204
185
253
190
186
177
201
198
171
216
185
209
182
190
219
138
199
317
107
288
283
183
239
281
193
168
195
255
184
175
240
166
263
198
220
192
204
210
234
184
198
170
172
179
182
216
223
239
238
123
281
177
173
158
145
152
191
249
152
178
236
219
193
172
187
148
187
98
213
291
234
174
239
136
187
295
166
266
206
219
313
213
450
178
221
118
153
133
218
176
181
217
158
177
217
187
140
218
190
170
179
181
184
209
300
165
200
234
191
212
186
157
178
190
201
190
153
207
163
189
275
145
281
205
175
207
203
192
174
209
189
207
177
168
179
153
215
169
157
158
218
196
135
155
334
319
139
167
207
194
335
140
184
266
151
191
201
241
178
158
157
195
202
355
115
154
284
351
244
263
224
245
205
276
208
224
216
159
196
195
156
188
240
215
213
178
192
161
144
251
152
274
171
199
197
171
150
250
160
149
159
150
182
171
165
176
175
205
187
182
227
181
227
216
279
195
266
192
202
163
198
190
214
214
203
275
201
149
203
257
269
168
232
156
162
166
159
155
143
265
230
349
203
221
139
149
227
179
157
159
197
225
142
170
164
181
143
181
269
162
287
196
248
195
195
241
185
234
183
201
145
168
155
188
193
175
224
215
167
217
191
203
144
215
277
236
204
184
296
246
205
180
161
234
220
298
215
193
172
185
161
208
201
274
200
227
149
292
175
240
152
210
171
192
276
222
154
282
154
151
151
192
214
219
188
191
215
202
204
195
376
171
199
223
207
159
225
188
193
176
176
146
116
194
205
209
169
180
203
259
177
192
178
130
158
208
167
217
221
184
275
146
202
194
185
231
292
269
252
265
180
177
184
345
171
269
171
163
136
229
139
187
158
148
197
218
147
163
213
227
197
308
149
203
213
159
179
199
160
191
173
211
167
279
145
154
135
170
366
183
140
162
213
155
177
216
199
167
200
146
155
150
195
145
255
186
162
149
186
245
216
163
137
175
195
193
209
154
251
222
131
180
192
154
286
185
192
136
251
233
234
203
196
144
216
228
304
283
151
186
177
246
166
175
215
155
230
159
176
189
212
195
199
224
177
160
188
175
203
177
326
217
188
286
211
267
185
254
227
236
185
188
119
166
138
247
128
190
211
165
442
240
215
161
135
208
203
155
184
160
172
153
195
174
176
180
175
198
162
156
251
163
127
242
176
170
158
205
126
263
253
169
211
178
166
157
135
153
187
193
227
261
259
163
321
162
160
237
176
185
182
266
257
161
177
239
162
136
179
221
134
191
192
202
252
194
223
199
317
159
187
209
286
160
265
315
156
157
150
140
194
165
200
229
200
168
320
187
248
168
235
201
209
230
272
181
215
182
172
192
186
251
192
136
205
187
157
166
255
180
323
240
130
184
170
137
253
204
196
199
252
181
239
144
233
247
250
200
231
211
182
178
354
223
196
183
144
235
219
176
135
185
173
367
202
144
271
213
191
172
180
191
206
138
306
188
208
174
162
176
203
348
190
233
159
171
242
174
134
220
183
192
194
177
251
163
184
213
166
215
177
295
186
214
182
193
245
253
226
207
181
203
171
188
198
181
211
190
452
156
248
163
159
220
164
234
177
153
199
289
193
146
176
148
148
183
335
252
222
167
185
173
345
127
232
191
291
141
229
223
158
206
182
184
195
172
180
153
288
300
176
299
160
194
190
169
185
233
282
197
223
205
179
179
137
328
303
150
178
262
226
234
122
175
124
247
139
162
277
272
211
156
310
176
223
150
197
175
200
198
204
190
166
141
233
165
175
182
171
298
157
183
148
197
213
216
162
159
174
199
160
186
194
201
232
236
200
244
260
159
227
152
221
140
181
153
169
187
158
143
227
140
312
186
205
195
428
213
160
293
166
162
218
180
177
173
217
209
189
180
175
220
149
250
168
217
154
158
195
336
179
177
193
178
157
203
188
170
238
192
205
207
144
232
189
168
279
146
197
213
250
253
181
212
144
163
252
163
245
204
229
242
130
174
207
225
166
253
357
287
199
181
177
208
204
295
203
136
125
183
218
217
229
228
146
263
167
188
388
280
180
232
208
236
209
155
166
315
237
183
174
200
154
194
167
235
165
197
208
269
191
269
222
226
130
318
282
216
136
157
275
176
186
171
215
181
265
310
147
133
350
176
168
322
140
193
177
178
180
285
180
313
209
186
223
191
287
228
308
161
226
145
174
252
179
220
169
171
136
168
214
192
159
235
196
178
213
226
145
179
219
193
152
150
147
182
228
186
183
201
185
150
153
165
149
224
252
180
212
127
149
249
206
146
226
163
181
282
172
155
154
187
190
158
215
157
230
160
148
203
270
226
222
332
236
160
188
158
205
214
233
190
215
246
272
129
156
304
264
206
325
154
194
196
283
226
155
256
148
154
176
241
230
180
159
198
211
212
363
185
197
185
364
221
155
255
171
159
207
136
171
172
176
176
102
186
309
140
229
204
227
171
239
195
263
220
225
160
300
125
165
148
144
162
164
144
187
279
160
200
181
135
253
180
199
223
122
164
273
170
123
185
177
167
155
190
137
290
302
186
313
171
479
208
184
167
183
153
223
150
188
156
165
202
237
206
157
184
200
185
131
209
163
184
154
216
226
172
156
195
214
199
135
226
219
151
289
202
217
161
161
149
206
179
178
159
225
189
217
159
226
165
195
158
222
212
131
176
208
170
128
178
212
189
250
179
140
216
236
168
149
179
224
153
257
223
177
197
206
274
179
196
168
260
169
214
227
211
193
212
142
156
281
201
278
262
161
145
211
166
183
133
173
270
195
151
198
169
214
198
256
252
226
221
264
176
203
168
159
154
196
145
145
188
205
211
169
245
154
224
170
215
218
178
245
188
194
185
149
188
183
200
160
314
211
152
366
234
172
147
148
159
223
179
140
153
208
201
267
171
203
144
199
158
209
155
138
117
231
183
143
177
173
220
201
246
192
192
190
270
204
175
237
167
185
204
203
159
162
158
149
191
319
140
179
147
184
207
260
142
197
207
245
177
221
190
161
210
182
197
255
162
147
267
172
207
172
293
189
327
146
485
171
181
164
192
169
174
213
190
227
166
170
160
191
199
261
188
203
202
176
130
148
168
234
138
244
164
186
298
218
178
141
161
280
165
187
132
226
192
153
281
204
161
286
166
148
163
278
176
226
177
178
159
137
204
171
296
199
154
234
152
135
209
165
139
198
165
164
135
194
222
136
318
204
130
148
207
301
145
275
191
258
197
152
231
207
259
169
210
148
269
226
173
171
238
184
159
183
254
168
270
233
215
189
191
130
159
173
161
178
207
166
181
147
151
166
137
200
192
210
316
216
210
165
281
314
210
205
172
267
244
172
169
355
203
308
214
162
163
180
210
256
158
227
227
162
232
170
177
223
332
234
145
334
183
208
181
183
149
177
170
148
141
112
118
147
240
208
157
266
180
267
199
177
190
180
245
161
226
184
136
289
264
170
206
250
229
219
151
189
329
186
164
199
156
140
199
198
164
182
118
192
210
224
168
193
175
121
268
154
235
200
199
189
192
173
219
135
227
182
207
255
171
122
163
153
137
181
169
180
257
137
162
205
222
154
182
159
189
159
201
161
175
227
175
193
259
248
173
211
265
173
191
227
210
162
222
179
206
144
286
161
232
161
259
276
178
175
145
192
260
211
262
182
223
289
152
178
199
302
198
177
166
170
243
184
229
136
183
289
194
129
323
145
224
189
188
133
291
455
100
157
182
177
244
182
171
151
189
286
244
244
164
209
156
174
206
179
213
243
391
353
199
124
225
113
168
179
181
181
115
190
230
242
140
261
252
289
274
345
211
220
229
152
194
182
181
164
212
144
200
183
172
145
187
175
203
175
172
161
305
161
173
175
198
154
198
201
288
174
264
190
170
185
283
235
192
223
167
160
178
222
278
213
240
175
177
275
187
218
141
168
214
192
202
214
241
181
223
138
279
156
202
200
163
293
125
230
228
188
164
195
182
159
278
198
203
201
154
198
297
159
148
177
149
211
233
156
267
195
125
200
175
208
190
253
174
313
167
144
287
329
308
179
203
266
179
165
220
177
215
167
154
154
143
189
164
175
164
168
164
214
225
188
163
178
419
155
239
229
207
168
212
210
175
283
253
225
211
129
174
127
289
224
159
261
292
195
185
136
269
260
149
134
340
202
150
170
156
189
206
133
185
236
301
303
134
265
206
190
369
160
126
245
147
136
183
188
163
220
166
327
169
129
218
170
321
163
209
230
175
178
191
193
168
261
239
220
137
456
213
161
142
140
360
225
204
261
245
173
127
170
224
276
180
158
208
193
159
184
181
223
208
177
170
180
149
241
311
162
321
218
225
162
212
206
166
202
133
254
271
183
141
148
179
198
167
334
173
204
263
238
203
131
268
230
179
159
165
179
145
181
167
257
294
182
174
191
138
187
180
191
153
127
163
169
223
133
231
217
219
150
419
171
411
206
199
204
257
191
139
181
182
183
153
146
146
174
246
241
273
237
183
148
197
153
160
433
171
203
178
188
166
212
267
235
224
199
160
153
232
244
197
164
187
212
231
252
174
152
218
269
158
224
164
218
138
252
277
217
250
175
199
227
170
190
190
117
206
156
140
210
174
253
182
192
166
285
383
209
203
177
405
148
333
146
232
141
168
154
318
227
141
167
159
305
197
188
275
173
229
200
231
298
198
235
212
187
202
192
180
347
201
137
318
196
188
146
194
275
208
197
201
171
249
180
150
202
235
153
181
217
160
157
145
179
170
195
278
245
178
251
164
159
165
237
193
243
223
195
240
183
156
291
261
190
228
295
191
190
174
200
184
163
195
263
240
206
167
199
223
119
218
195
187
228
165
166
148
216
179
251
190
173
158
201
176
197
210
248
141
166
171
122
220
225
295
181
300
192
165
205
163
181
187
178
279
169
191
206
208
201
175
166
202
255
229
239
191
202
148
315
221
136
218
195
172
178
229
140
170
175
161
196
154
201
178
174
263
208
122
209
176
289
188
155
206
178
165
145
201
197
214
191
259
206
190
147
243
180
179
197
184
293
209
181
193
225
205
148
217
187
234
409
231
177
139
309
217
223
167
213
235
138
132
239
216
169
208
156
180
187
193
148
177
155
225
273
193
196
127
181
175
177
259
121
302
246
207
230
208
150
223
139
327
176
198
149
173
229
161
185
253
185
351
207
139
290
240
201
153
158
173
238
202
161
255
218
270
193
176
168
198
162
232
133
226
254
249
168
156
146
148
220
193
173
157
238
328
212
138
198
144
168
247
152
220
163
196
249
172
187
218
245
153
204
130
185
266
141
168
177
172
194
182
165
155
238
257
216
226
160
196
221
192
184
146
261
181
221
241
232
211
160
186
230
225
242
176
202
232
143
222
164
212
144
235
205
231
186
187
277
268
201
186
151
237
226
138
169
179
152
164
211
201
200
181
171
207
235
199
192
273
182
158
177
171
175
141
156
167
250
160
235
209
208
244
204
180
194
205
141
170
171
195
176
210
184
262
233
214
192
178
127
136
297
174
153
206
309
233
125
191
199
171
273
206
232
257
186
172
173
184
222
152
210
153
109
272
236
187
142
196
276
297
202
161
267
153
181
216
152
141
290
173
249
201
215
236
243
214
144
237
242
166
221
155
216
329
209
136
181
148
245
243
157
168
181
192
168
155
188
204
172
187
189
148
171
252
249
199
286
167
195
182
185
169
160
214
129
126
144
154
137
198
183
171
203
178
240
189
205
224
200
221
162
253
233
129
211
227
217
147
144
170
243
130
164
173
173
171
200
282
157
264
147
364
256
292
149
217
229
196
220
270
186
189
266
125
235
233
169
237
142
181
147
173
196
216
259
250
195
193
175
189
262
173
161
208
195
196
147
256
141
190
132
254
156
211
267
204
146
169
181
245
151
136
190
196
194
192
219
170
152
141
345
249
150
296
188
224
188
169
165
150
204
244
140
209
164
202
208
201
179
145
125
159
181
120
197
155
159
166
197
236
346
176
172
333
212
275
168
266
202
156
150
179
323
136
160
206
163
114
135
189
181
149
207
164
178
230
186
202
152
145
241
244
199
198
215
166
194
188
143
171
165
265
130
155
219
161
199
154
189
200
192
158
197
142
183
200
212
162
210
266
194
127
160
171
166
188
159
187
245
181
167
220
202
230
200
182
197
191
276
258
192
152
178
133
141
280
169
228
228
334
201
233
172
244
160
270
189
186
202
166
220
242
239
276
259
263
292
198
155
229
189
189
284
252
140
141
186
181
222
151
183
171
159
162
176
244
242
209
190
200
155
173
252
279
202
448
205
176
186
185
158
215
278
312
197
221
169
242
199
280
281
151
197
228
107
148
319
183
287
176
128
174
244
212
203
230
207
289
232
292
203
180
211
341
319
197
173
231
292
228
174
217
204
200
148
154
149
297
161
151
153
204
187
226
157
240
199
189
188
171
164
215
133
281
202
202
187
150
157
188
237
144
211
219
244
286
197
196
208
222
175
149
174
206
235
268
200
215
205
147
177
243
154
161
178
250
197
183
268
220
168
197
304
160
270
151
256
149
140
180
220
177
280
159
144
197
179
227
188
236
284
198
176
218
182
186
194
200
339
185
360
180
200
136
183
173
230
150
202
203
215
192
179
212
172
172
242
190
245
189
273
193
207
229
217
174
139
241
167
159
207
153
210
170
225
217
274
163
147
233
202
174
179
182
181
186
215
251
225
211
191
232
227
260
197
233
149
134
230
195
188
150
144
273
288
183
162
164
150
298
231
222
214
310
152
150
188
145
235
287
312
260
223
210
188
167
319
195
186
215
196
195
198
187
172
178
202
212
143
175
149
142
180
185
189
159
165
175
138
237
186
270
224
241
260
189
316
237
237
258
169
144
259
283
194
183
201
186
198
190
206
151
392
165
229
165
210
245
161
237
323
185
225
172
316
230
164
233
142
157
211
194
294
208
179
123
160
155
200
163
161
175
225
187
153
200
209
182
195
122
197
165
169
147
203
171
171
129
151
150
124
188
154
228
230
218
167
156
222
208
186
217
141
184
239
128
192
240
145
234
360
191
214
211
206
198
306
211
199
137
163
178
166
171
162
242
211
137
146
138
185
191
193
318
120
265
311
246
235
161
176
192
291
204
162
181
188
218
287
170
277
229
185
225
207
199
188
172
181
171
212
241
166
129
163
269
149
312
231
222
287
160
166
206
245
162
244
163
285
168
215
221
215
173
226
359
204
251
264
200
152
221
136
190
185
156
252
195
230
122
232
126
193
164
217
221
174
169
219
160
165
182
259
214
168
179
199
190
148
274
164
185
256
216
148
198
136
297
179
185
206
209
152
226
153
202
190
182
223
190
213
170
192
212
236
176
199
146
182
314
165
186
132
207
178
207
183
207
184
172
208
187
222
175
144
161
221
281
210
260
171
162
171
250
164
185
139
176
255
189
225
177
199
163
270
208
158
222
204
176
164
158
324
191
139
292
181
176
207
223
144
199
180
190
234
194
158
231
233
159
182
166
231
206
202
152
229
197
161
229
186
202
187
174
155
252
180
218
166
241
149
207
188
170
292
173
213
174
138
294
181
138
295
192
168
221
184
150
158
268
124
198
280
170
286
149
213
239
170
155
239
219
188
180
221
137
156
142
188
229
169
185
187
240
349
146
191
246
144
158
117
181
209
272
175
149
314
265
226
168
185
189
143
188
270
202
174
194
171
145
241
202
254
213
311
151
222
274
174
180
199
212
173
120
150
135
206
214
168
161
189
232
164
166
145
180
232
158
281
227
174
159
115
179
167
156
231
290
194
197
182
147
253
277
150
218
286
171
189
128
240
194
171
186
209
177
127
165
237
141
120
194
237
218
206
123
156
258
147
214
181
209
248
151
143
138
199
191
167
172
285
134
147
184
162
191
150
156
188
202
165
188
190
237
173
136
361
256
145
174
243
190
201
295
166
200
214
183
208
146
201
144
308
214
209
175
172
147
125
150
193
176
146
258
161
314
210
164
184
156
186
235
225
258
317
283
190
241
156
152
193
228
200
170
214
179
190
261
198
281
258
259
187
174
202
223
237
167
295
162
157
230
163
268
161
171
275
166
188
190
157
177
238
183
220
238
183
189
196
178
197
206
153
152
301
196
222
214
220
133
175
145
176
348
208
228
175
199
184
171
205
263
257
168
187
173
212
219
171
174
224
167
162
159
177
186
231
183
231
134
282
175
165
270
181
233
215
139
153
249
194
191
137
240
173
320
166
199
213
197
121
176
165
224
153
218
176
158
207
251
201
265
243
348
200
140
195
276
254
265
188
130
278
219
199
173
165
129
177
196
251
160
156
328
135
231
144
191
268
239
258
242
128
265
384
267
140
180
122
159
165
201
155
233
134
218
177
197
218
189
117
198
238
175
169
189
176
173
223
239
160
126
130
141
264
270
160
183
215
118
243
138
194
197
178
154
198
170
191
173
234
290
163
162
292
179
184
173
145
192
210
208
167
195
357
200
185
274
150
186
247
135
178
134
136
147
128
198
181
150
196
130
171
168
163
272
311
200
177
245
294
207
226
109
201
165
157
246
179
196
230
241
231
151
221
244
166
178
152
173
230
179
230
308
190
212
207
153
237
197
192
208
176
215
147
200
163
179
261
281
156
162
246
136
247
159
205
159
220
188
167
250
165
195
306
174
161
178
216
176
184
183
156
239
230
203
158
176
238
136
152
291
210
174
310
171
152
176
222
282
254
181
204
177
167
144
151
323
192
155
319
170
153
180
215
228
154
213
189
148
255
139
157
187
133
170
258
186
210
151
225
162
217
207
195
177
141
197
165
138
146
167
151
365
163
160
212
186
194
219
155
137
225
173
214
149
188
232
151
193
140
197
161
163
140
304
152
150
138
214
203
321
197
204
203
133
262
189
193
134
245
179
161
251
172
273
305
177
166
227
322
176
156
144
186
156
160
223
145
213
192
188
231
203
230
244
179
192
225
167
155
161
234
178
163
312
156
170
236
216
231
157
205
198
274
211
246
209
169
194
161
261
153
190
246
159
176
171
177
294
230
271
173
184
185
184
238
195
206
129
178
225
135
167
278
332
251
221
155
229
147
169
180
187
246
242
176
125
254
160
279
273
178
170
242
114
221
185
238
190
190
212
180
300
172
179
293
243
166
228
224
148
231
167
199
151
228
186
151
193
194
151
253
201
215
186
176
253
177
192
199
243
244
199
322
224
161
158
187
173
223
236
132
147
159
153
202
200
181
133
239
185
146
183
212
151
174
272
210
188
161
184
182
166
155
331
218
179
206
163
114
172
211
338
156
276
270
249
191
168
219
301
223
244
196
158
236
173
202
199
223
213
400
158
248
314
324
181
139
249
145
274
231
171
255
172
301
167
183
176
170
163
195
249
211
220
205
186
190
264
199
323
235
136
224
198
329
162
202
143
182
182
289
170
247
176
192
170
153
253
153
162
169
267
212
167
149
173
169
170
190
167
159
228
175
236
170
250
180
275
260
250
267
278
176
198
161
243
166
194
225
285
214
149
178
199
184
340
180
267
156
224
160
249
248
225
195
166
173
241
164
197
258
220
221
220
123
147
232
240
257
213
173
155
150
179
259
143
177
202
181
207
134
162
223
134
255
124
195
163
263
163
188
146
212
161
186
163
201
174
165
154
199
209
229
269
206
219
199
202
166
321
196
218
280
174
201
170
131
176
131
153
234
174
166
188
210
178
262
149
244
225
189
203
186
207
248
248
158
222
254
170
188
172
230
190
250
153
148
168
247
157
125
180
216
211
198
191
240
157
234
151
253
149
151
177
292
267
169
152
197
193
207
138
163
174
166
235
190
201
161
180
256
167
187
197
261
343
174
214
175
198
215
370
194
160
250
213
167
177
201
230
124
309
173
262
215
228
165
164
166
319
177
158
203
139
200
241
148
262
161
197
195
174
156
201
210
147
172
232
206
223
182
191
170
156
160
176
404
253
169
111
191
173
245
154
194
228
244
215
200
302
157
134
148
267
221
224
155
285
335
224
159
201
381
174
351
203
149
240
307
210
144
126
239
146
157
172
153
237
169
160
175
336
156
153
176
157
119
232
194
132
162
197
253
188
191
216
162
261
164
210
283
140
231
242
158
143
170
202
238
186
260
283
136
221
138
181
210
178
196
204
157
199
157
207
231
183
200
181
178
169
172
142
187
145
174
246
315
167
228
191
177
246
227
266
215
141
119
216
263
178
200
307
196
174
251
249
132
202
157
155
215
179
189
161
124
165
192
149
177
220
171
175
162
218
159
195
248
235
227
170
153
216
140
175
257
125
155
149
244
226
176
250
271
209
186
196
202
124
216
221
218
189
125
261
135
244
203
209
176
147
232
162
203
191
162
172
121
202
221
138
168
165
288
153
159
161
182
246
206
177
205
281
214
176
267
240
174
236
228
229
183
270
188
223
147
137
201
160
215
174
197
193
125
163
337
160
161
280
194
156
194
153
136
161
181
280
184
162
149
172
197
148
160
158
149
204
170
227
173
174
215
150
154
131
201
170
177
298
173
176
211
165
191
218
166
186
141
233
168
239
157
203
269
197
161
174
199
205
149
204
163
213
141
148
209
205
204
266
171
131
243
206
153
187
195
156
177
197
209
249
217
171
200
210
223
126
162
158
192
195
155
243
172
217
285
207
190
176
225
193
287
185
196
156
253
202
181
266
189
236
187
228
191
250
211
143
219
221
210
290
167
137
185
325
194
282
224
264
179
223
121
202
211
145
149
158
183
157
221
203
254
187
209
151
204
209
174
246
165
191
217
162
146
235
134
188
239
179
195
182
221
176
131
267
151
217
212
219
238
156
170
231
186
266
165
266
174
271
282
229
201
169
233
162
197
142
180
186
205
175
196
131
225
182
158
153
183
160
196
252
200
218
245
188
172
224
172
164
312
187
208
168
217
345
153
287
181
151
203
321
255
158
130
187
207
150
248
198
202
179
235
318
201
234
179
191
173
177
146
152
207
270
198
217
236
189
175
256
134
151
261
192
137
178
382
186
138
158
154
245
166
185
234
284
185
165
247
155
167
198
238
182
157
211
242
129
219
242
172
219
191
222
237
164
149
186
135
194
206
260
234
122
225
161
157
287
179
315
173
266
223
148
208
201
199
145
300
188
230
225
167
208
194
146
162
158
203
170
179
184
252
155
206
146
208
288
193
233
180
175
167
171
266
268
185
180
232
198
168
180
154
208
164
157
196
174
169
163
193
210
183
192
141
176
211
178
166
139
230
133
200
341
173
277
222
171
204
209
241
199
238
140
219
153
222
182
251
219
150
145
164
167
240
133
192
162
227
204
158
211
220
281
179
132
270
158
163
161
142
184
204
244
153
174
218
239
161
162
214
176
193
176
219
185
206
130
208
248
298
178
201
157
181
283
245
208
167
133
173
170
259
187
119
269
204
150
189
215
195
159
259
153
170
162
166
197
170
229
220
233
244
194
265
208
187
159
182
227
232
176
234
187
228
151
170
145
184
145
250
234
196
169
186
177
180
229
190
407
182
141
140
172
233
163
195
207
208
142
219
213
209
301
222
189
197
203
148
287
215
201
246
154
145
195
165
344
167
300
154
241
287
139
211
398
288
145
176
197
190
183
181
204
159
165
238
278
154
244
183
193
188
183
185
204
203
160
296
256
258
220
247
189
245
180
212
242
165
174
301
154
127
223
179
204
136
332
177
146
264
192
247
209
126
214
217
167
226
199
134
164
157
188
219
192
190
257
178
157
200
187
147
201
161
309
189
167
248
155
176
178
186
195
208
234
222
129
245
211
202
158
151
218
224
208
155
183
255
268
137
217
197
218
285
177
224
212
426
218
192
255
198
151
269
200
127
183
190
267
150
238
155
182
268
244
183
188
179
271
188
201
164
167
226
222
195
132
166
179
166
156
198
262
160
236
199
196
160
181
227
358
272
181
262
209
233
176
314
160
260
241
286
274
162
270
181
185
267
199
172
156
223
210
210
178
241
208
139
226
219
218
195
180
160
198
273
216
165
283
206
254
122
210
293
192
168
250
183
147
191
219
172
272
287
226
200
272
220
158
206
207
197
185
245
131
167
192
175
195
158
229
166
223
285
252
163
211
129
231
154
191
184
281
178
250
154
191
168
187
213
203
137
170
282
199
203
211
152
217
154
157
279
201
172
290
156
157
150
181
147
188
195
158
194
166
166
220
224
213
228
207
203
156
160
156
178
382
205
298
179
341
316
385
243
247
146
228
185
164
151
255
150
145
254
322
322
187
180
220
267
177
163
137
225
157
136
175
211
213
180
193
152
200
150
203
176
210
152
275
128
398
195
180
154
154
202
204
151
236
332
193
160
154
175
144
233
274
185
176
205
251
230
174
191
238
157
225
232
142
328
179
219
202
211
203
231
210
225
157
374
198
291
260
212
252
217
165
265
204
196
266
219
167
172
226
294
218
188
265
227
324
233
177
166
314
249
170
145
189
162
295
131
181
240
237
235
191
304
180
160
260
211
147
210
155
183
237
194
217
194
175
272
197
150
212
160
280
173
249
200
177
239
176
318
161
174
212
296
296
198
223
245
129
163
158
365
192
220
233
200
202
208
181
221
129
199
142
230
175
153
213
181
237
194
227
195
232
131
156
214
154
234
184
193
168
194
167
191
138
181
180
183
152
206
155
238
133
177
132
172
304
156
132
184
334
263
239
168
227
224
140
150
163
262
287
169
189
183
181
172
149
135
154
292
226
220
228
230
265
173
233
133
226
319
191
165
215
200
271
173
200
283
210
278
160
205
203
237
245
143
226
235
175
217
198
234
180
163
303
158
181
249
198
245
230
191
184
360
248
227
166
140
162
149
202
152
219
184
237
175
195
192
130
171
246
178
206
241
194
431
159
289
119
187
268
282
200
190
177
270
199
112
249
219
200
153
376
236
187
158
192
204
199
160
185
184
143
181
237
191
156
131
215
206
275
146
196
175
226
234
181
140
202
222
227
195
191
198
217
220
210
203
211
195
141
221
217
138
233
186
184
155
206
243
192
178
187
199
149
178
239
502
180
208
134
184
204
248
158
215
184
168
166
164
164
152
232
219
225
200
152
254
186
237
172
164
244
240
158
168
