7
2
79
14
65
62
114
53
10
8
6
52
17
3
16
63
5
5
7
10
12
47
6
38
84
16
2
18
15
15
28
8
10
82
11
33
9
79
11
6
41
27
12
6
54
25
29
34
14
31
8
20
96
36
28
43
38
4
2
54
3
3
16
5
19
1
53
16
1
16
20
23
14
20
6
2
21
1
1
66
47
50
7
13
6
9
13
123
11
28
42
15
15
11
111
47
10
27
4
86
84
13
10
15
44
4
64
2
7
7
15
20
37
30
8
3
5
54
5
9
28
2
27
16
158
12
3
6
13
23
7
77
20
14
13
16
7
50
2
47
13
82
7
3
150
38
7
8
5
28
23
46
9
46
3
6
28
3
33
9
18
12
2
25
20
12
11
15
7
37
21
10
35
53
30
47
10
25
52
45
41
23
8
1
49
43
12
26
42
23
51
59
18
76
9
38
18
47
50
110
49
6
19
171
30
66
6
7
19
10
37
56
99
12
2
20
67
39
1
26
22
9
7
56
29
13
27
42
3
63
129
13
2
12
4
74
14
39
82
8
19
53
12
56
6
89
1
20
39
106
15
8
36
25
49
75
23
24
10
48
103
12
5
58
61
18
16
17
13
5
56
4
45
54
2
4
43
43
16
55
5
3
42
40
75
24
3
20
28
24
28
45
35
72
22
77
19
3
46
19
29
8
63
50
37
21
1
3
1
26
48
53
3
62
29
32
62
32
13
17
10
4
16
21
28
17
28
11
13
34
21
13
10
42
17
12
14
38
35
1
25
45
27
28
21
59
54
23
44
23
46
23
13
8
18
33
5
20
44
1
54
38
43
14
45
62
53
27
4
5
13
35
71
45
52
38
2
27
48
14
5
27
14
7
43
11
30
2
52
56
2
88
1
34
6
24
2
94
11
22
14
6
2
51
4
1
17
7
32
9
70
33
9
19
18
1
27
3
33
17
11
12
21
7
71
17
7
97
9
63
7
7
11
18
20
16
34
5
24
5
36
23
47
32
60
47
3
15
51
8
17
55
27
6
37
15
40
31
42
24
6
7
23
33
13
15
12
34
25
57
33
27
58
36
36
22
62
19
59
2
11
29
3
30
7
11
79
17
13
8
42
62
38
32
14
6
18
15
7
10
9
31
7
7
88
16
54
19
9
38
4
12
99
35
16
14
8
19
22
25
12
24
10
66
37
2
2
2
18
4
44
15
4
26
21
1
55
27
37
12
17
23
22
13
14
44
18
4
8
45
21
40
24
44
50
10
12
46
20
18
10
46
2
124
35
26
24
19
16
14
13
21
22
29
23
3
9
90
34
18
2
5
31
53
45
10
17
53
7
24
2
17
44
4
58
14
93
12
3
11
1
48
40
16
54
13
3
28
19
72
47
22
8
8
3
11
47
29
103
36
6
7
20
14
7
138
17
105
10
24
77
14
75
63
14
103
34
6
14
31
32
53
7
10
21
16
85
11
10
6
25
19
6
17
18
35
69
10
16
11
60
27
47
66
10
133
5
30
11
32
28
114
60
7
4
55
29
26
7
56
81
38
23
13
65
55
76
22
57
12
13
22
1
14
15
19
6
56
1
9
50
38
102
58
30
13
25
78
101
64
58
74
23
33
20
26
11
39
2
16
1
31
14
3
30
31
3
61
4
25
115
29
13
32
13
12
16
2
36
9
22
11
13
40
15
26
53
21
23
4
41
20
25
5
31
13
3
30
7
101
41
21
14
9
11
77
24
62
67
3
24
51
15
11
7
8
14
21
3
10
18
36
7
21
2
17
68
41
68
85
29
12
3
7
16
4
24
65
17
3
1
34
32
6
18
35
13
27
39
66
79
8
9
55
37
25
3
37
81
2
8
4
18
60
73
3
22
22
19
2
21
32
39
4
49
13
39
8
8
2
43
18
11
74
7
8
35
14
10
3
20
94
15
23
53
6
11
7
27
14
30
55
21
45
23
102
26
8
20
45
41
57
3
18
3
120
22
2
43
8
161
18
37
18
85
34
27
39
183
27
12
14
37
55
74
4
8
26
16
6
21
12
6
93
18
10
46
8
4
42
7
1
1
32
38
34
59
55
13
1
2
11
4
103
57
5
18
15
6
10
22
9
24
79
5
24
7
6
24
25
33
20
2
87
7
19
167
7
39
20
33
17
29
1
2
70
6
7
42
34
4
79
11
1
10
7
13
77
6
73
35
9
21
34
90
11
24
4
6
18
60
77
33
11
10
35
34
16
12
9
30
59
14
57
13
17
10
61
6
18
