56
20
5
37
1
3
38
14
57
1
4
3
7
11
36
10
13
11
8
5
53
4
2
3
12
3
4
20
10
2
12
8
11
22
4
19
2
9
3
23
10
8
32
9
12
7
9
6
10
5
5
12
7
16
33
20
26
3
17
2
48
5
13
12
12
33
1
1
12
1
1
12
26
4
21
3
8
7
29
8
8
22
8
8
8
37
16
25
4
5
17
8
3
9
10
1
6
3
9
5
3
8
21
5
23
14
51
37
11
2
37
9
10
8
8
1
1
7
3
12
16
40
8
51
2
2
8
16
3
21
12
1
2
63
92
6
3
29
6
23
4
14
3
11
13
19
3
11
2
1
12
3
38
11
25
1
7
9
19
8
26
8
12
4
7
6
15
16
11
51
31
6
4
23
20
3
7
3
1
14
10
17
10
6
8
10
2
17
17
15
5
44
10
4
19
14
26
28
16
53
1
13
2
50
2
1
8
8
11
2
9
63
6
4
3
8
43
1
38
63
3
18
35
5
3
3
34
24
5
24
20
40
10
24
12
11
22
15
14
2
5
21
3
2
10
21
17
7
3
19
12
4
38
5
1
6
16
7
22
14
15
7
10
19
17
3
18
33
3
10
18
5
11
7
2
7
37
7
2
9
8
6
2
3
13
9
5
33
9
9
20
1
16
19
32
11
19
1
17
7
21
13
5
11
7
2
10
23
19
28
20
11
6
14
25
26
43
36
22
15
16
13
1
33
19
12
3
101
3
15
36
32
1
16
11
34
6
3
15
8
21
31
13
17
21
3
2
65
33
6
1
24
29
7
12
17
2
5
40
4
8
7
9
24
2
11
9
3
44
2
10
10
2
9
16
11
33
12
37
12
17
20
18
8
13
12
19
7
2
2
1
10
1
2
6
10
8
14
8
27
19
19
39
16
28
5
13
22
6
14
5
37
2
37
27
19
1
2
32
22
8
47
5
16
1
2
8
7
4
86
2
30
16
10
4
16
13
13
15
15
1
9
44
1
3
1
8
2
2
6
14
8
27
11
6
25
40
21
16
4
18
20
25
1
8
8
10
20
17
3
18
41
25
1
42
3
10
9
6
17
10
41
3
9
42
15
1
9
4
23
6
29
3
4
4
6
33
10
2
13
22
9
26
14
4
43
3
2
36
1
2
2
9
9
12
35
5
11
23
77
9
69
1
1
21
17
7
16
2
3
8
5
15
7
3
13
3
20
1
3
1
38
23
12
14
22
3
24
2
5
37
17
19
33
4
9
50
2
13
6
14
9
16
47
27
105
5
3
2
55
5
21
5
9
50
5
63
8
13
19
8
3
9
20
1
6
7
2
32
1
10
11
12
9
33
2
1
33
14
9
3
22
5
19
4
1
17
20
12
4
54
5
5
35
6
6
38
7
8
37
9
4
26
8
10
43
16
10
12
5
50
16
18
29
15
69
4
13
5
7
30
7
29
8
25
3
1
5
15
1
36
12
11
17
1
14
4
4
3
4
4
7
7
4
37
3
3
11
12
16
21
4
1
41
26
27
4
39
10
4
2
12
7
16
9
35
3
13
52
9
19
12
42
22
7
7
3
6
15
4
10
5
5
18
1
20
60
2
5
24
26
12
4
9
12
12
15
30
2
7
2
11
25
19
4
2
7
24
27
82
12
19
21
38
9
26
19
27
1
15
35
35
17
20
13
8
8
5
1
32
5
30
7
25
55
9
8
6
12
3
31
15
2
37
24
13
13
10
13
48
6
6
17
11
27
21
42
4
26
6
8
14
11
6
14
11
1
31
87
11
26
3
9
10
4
23
18
6
3
3
64
6
44
7
14
1
30
35
27
21
26
24
43
1
13
9
10
6
4
33
28
15
9
1
4
17
15
19
14
3
6
22
6
1
6
9
10
1
9
7
4
15
54
1
9
1
40
2
44
34
37
16
16
10
21
6
33
17
32
19
22
12
50
19
28
23
17
33
48
43
2
13
37
14
8
75
26
90
2
39
3
12
40
27
12
12
19
15
5
5
27
18
45
31
17
1
12
6
13
11
8
2
29
20
1
9
17
5
5
8
3
1
11
19
52
10
16
22
22
3
2
40
1
2
1
4
20
7
18
11
4
6
22
21
7
5
15
15
29
4
12
11
12
2
17
42
48
17
2
2
1
22
1
11
5
12
12
12
5
17
9
46
5
1
6
14
16
10
11
18
8
3
9
5
3
9
13
3
16
15
2
14
48
9
12
22
29
20
36
15
54
2
4
11
1
2
23
4
5
14
