183
195
186
199
177
188
205
193
218
212
192
201
183
198
210
207
199
203
201
203
205
206
216
205
192
199
202
196
198
204
212
194
205
199
211
202
219
191
200
200
200
184
185
192
247
242
238
224
218
244
175
187
192
197
191
176
188
216
195
208
211
182
215
206
210
209
208
228
189
195
199
181
196
199
197
212
212
216
187
239
212
184
197
198
220
208
207
203
194
202
198
186
204
234
178
193
198
222
192
267
200
198
201
200
199
188
201
206
195
202
225
183
197
226
229
189
196
215
195
204
205
201
211
189
188
210
210
190
193
199
219
203
231
221
184
211
186
222
207
205
194
264
226
195
196
216
216
224
190
224
227
199
194
197
193
205
173
187
193
203
190
187
208
213
213
197
199
190
192
200
195
205
211
201
223
202
191
192
207
231
179
222
231
197
202
204
208
218
188
204
237
196
271
213
197
194
192
237
204
200
179
195
185
185
210
200
196
244
255
210
213
223
185
236
195
191
199
196
214
190
210
199
191
213
198
215
201
216
205
197
174
183
195
233
195
228
204
215
190
187
245
200
223
225
227
224
191
192
232
222
233
186
214
223
181
200
178
209
198
187
194
196
204
190
215
192
204
184
226
185
196
223
199
203
208
204
210
199
208
215
216
226
185
213
202
187
186
233
227
214
230
190
190
210
198
200
201
218
203
199
181
206
216
204
199
198
208
224
190
239
217
191
181
181
235
223
196
196
221
196
195
199
215
217
220
216
191
196
233
212
233
206
197
170
201
195
208
191
213
188
246
200
210
225
190
217
248
204
208
193
189
191
200
218
216
195
222
210
192
202
197
205
215
189
207
183
193
228
204
189
193
206
193
202
191
198
183
211
184
193
212
200
186
190
207
192
188
220
187
182
225
227
189
267
199
221
219
195
190
191
208
183
200
221
193
184
222
190
199
206
210
202
250
193
204
214
212
209
202
194
185
207
197
186
218
182
197
189
187
251
200
195
210
199
215
210
199
199
216
202
193
230
228
189
192
217
201
216
210
194
208
189
215
224
196
178
232
192
181
213
197
193
204
232
208
192
189
209
208
224
215
182
195
222
227
213
197
212
196
231
210
212
188
199
192
220
219
188
237
196
216
186
193
192
200
205
220
188
185
208
199
188
203
193
190
227
191
211
233
183
205
229
191
207
195
202
197
223
190
180
198
184
203
197
176
184
223
213
185
179
209
194
249
205
203
188
213
200
217
218
189
208
208
212
195
182
202
188
216
204
184
227
217
196
212
216
193
208
198
215
195
222
221
209
208
219
250
192
183
207
168
204
206
203
197
200
215
201
194
212
185
210
201
214
190
209
208
203
213
196
196
202
219
196
197
231
197
222
210
177
192
233
196
224
194
221
225
203
221
182
209
200
240
211
226
173
216
195
203
223
243
201
197
199
204
190
207
198
216
193
195
188
200
202
214
198
187
206
227
183
214
188
207
222
178
198
244
190
210
227
187
199
225
195
201
202
199
194
190
200
200
178
213
218
200
207
202
222
201
177
189
205
250
205
211
241
189
187
208
193
183
198
182
197
230
216
194
190
172
233
196
172
198
187
200
189
192
191
200
258
180
195
188
197
181
222
182
194
212
217
192
197
186
217
190
201
197
199
225
195
201
190
216
186
184
203
192
193
192
186
217
215
204
208
197
202
205
204
211
208
190
218
232
200
189
202
215
195
186
222
195
226
220
170
183
222
188
187
228
190
190
216
201
211
194
190
237
190
211
190
191
192
187
199
220
236
199
205
208
197
192
181
213
233
229
186
203
181
215
190
218
186
196
185
215
211
183
188
185
225
208
198
201
201
194
185
200
202
191
210
194
222
210
186
194
200
224
202
238
211
194
203
198
222
189
213
189
187
279
193
192
205
191
212
194
203
205
202
199
206
208
186
234
205
214
206
205
236
209
240
195
202
189
211
199
180
261
228
238
209
206
192
201
221
195
198
187
200
221
201
192
206
202
219
204
200
227
222
176
296
191
193
191
217
187
191
213
181
198
208
206
207
223
203
261
218
190
205
191
186
214
187
198
226
206
200
198
217
216
219
195
206
211
181
205
199
195
202
206
211
190
184
180
206
208
211
187
199
234
200
198
222
195
202
212
213
212
196
198
211
203
213
198
194
187
190
205
190
204
201
178
186
205
227
198
193
190
239
212
264
193
240
191
232
196
207
191
199
192
202
217
217
212
197
190
238
184
195
191
206
193
189
240
187
212
208
207
208
206
217
223
213
185
192
217
191
237
200
184
189
